1.555254606858149334e-02
1.092848686109046813e-01
2.041254113030195882e-01
2.990123612521065621e-01
3.957334079766073875e-01
4.901664412221707345e-01
5.842362120572641704e-01
6.801387216481912246e-01
7.768848851044117820e-01
8.569819034382777367e-01
9.010025362789549908e-01
9.345898454648904341e-01
9.631113119010977774e-01
9.845664655892106820e-01
1.002377755722004826e+00
1.017054218339283445e+00
1.028839554029364889e+00
1.040258090598974450e+00
1.049861232587598892e+00
1.058482964930644643e+00
1.068119042070377445e+00
1.077938110157554474e+00
1.085572403482134796e+00
1.096346802320101510e+00
1.104992128759513248e+00
1.114447509308976958e+00
1.124187844120526414e+00
1.135368029277618707e+00
1.147769046260147086e+00
1.162450889692028033e+00
1.170672340315575877e+00
1.187768818233614798e+00
1.207847019992668969e+00
1.216221340596206568e+00
1.235546121323323865e+00
1.252964623045032644e+00
1.285548307992594008e+00
1.306455051810337942e+00
1.323045735481701346e+00
1.326960222365900499e+00
1.362921448199490237e+00
1.382879368707933931e+00
