-2.033488750457763672e-01
-1.248591020703315735e-01
-4.100955277681350708e-02
4.785405844449996948e-02
1.404765844345092773e-01
2.344703674316406250e-01
3.262743949890136719e-01
4.117457866668701172e-01
4.869195222854614258e-01
5.495660305023193359e-01
5.998054742813110352e-01
6.396198868751525879e-01
6.719372272491455078e-01
6.992654800415039062e-01
7.233077287673950195e-01
7.450777888298034668e-01
7.650958299636840820e-01
7.837832570075988770e-01
8.012949228286743164e-01
8.180086016654968262e-01
8.341869115829467773e-01
8.500816226005554199e-01
8.658047914505004883e-01
8.819370865821838379e-01
8.982180356979370117e-01
9.151494503021240234e-01
9.330313205718994141e-01
9.516359567642211914e-01
9.718712568283081055e-01
9.937502145767211914e-01
1.015513062477111816e+00
1.040203690528869629e+00
1.067224025726318359e+00
1.093286633491516113e+00
1.122618794441223145e+00
1.153699636459350586e+00
1.190227150917053223e+00
1.225229263305664062e+00
1.259732127189636230e+00
1.289976596832275391e+00
1.335115432739257812e+00
1.341196894645690918e+00
