1.707133650779724121e-02
1.008308827877044678e-01
1.901234090328216553e-01
2.837454080581665039e-01
3.797335624694824219e-01
4.754368960857391357e-01
5.677098035812377930e-01
6.534619331359863281e-01
7.299312353134155273e-01
7.954691648483276367e-01
8.496491909027099609e-01
8.930079936981201172e-01
9.269800186157226562e-01
9.532282352447509766e-01
9.734472036361694336e-01
9.891912937164306641e-01
1.001707673072814941e+00
1.012027859687805176e+00
1.020821452140808105e+00
1.028690814971923828e+00
1.036029577255249023e+00
1.043126463890075684e+00
1.050144076347351074e+00
1.057410001754760742e+00
1.064849615097045898e+00
1.072719931602478027e+00
1.081181049346923828e+00
1.090143561363220215e+00
1.100065350532531738e+00
1.110984802246093750e+00
1.122032284736633301e+00
1.134782075881958008e+00
1.148988604545593262e+00
1.162938237190246582e+00
1.178925752639770508e+00
1.196202754974365234e+00
1.216956734657287598e+00
1.237312793731689453e+00
1.257841348648071289e+00
1.276225447654724121e+00
1.304364681243896484e+00
1.308220624923706055e+00
