1.200000000000000000e+01 1.500000000000000000e+00 1.200000000000000000e+01 6.099999999999999645e+00 1.000000000000000000e+00 2.500000000000000000e+01 0.000000000000000000e+00 4.000000000000000000e+01 9.884559831273787012e-03 5.518221460306893533e-03 2.436033979155812212e-01 2.897960005408324946e+02
1.200000000000000000e+01 1.500000000000000000e+00 1.200000000000000000e+01 6.099999999999999645e+00 5.000000000000000000e+00 2.500000000000000000e+01 0.000000000000000000e+00 4.000000000000000000e+01 5.276149403198315824e-03 7.861942129299137605e-04 4.547324900306184969e-01 2.281544129030217221e+02
1.200000000000000000e+01 1.500000000000000000e+00 1.200000000000000000e+01 6.099999999999999645e+00 1.000000000000000000e+01 2.500000000000000000e+01 0.000000000000000000e+00 4.000000000000000000e+01 2.209141431630534669e-05 6.434165422675164336e-09 1.075037536620569778e+00 1.365006901625682190e+02
1.200000000000000000e+01 1.500000000000000000e+00 1.200000000000000000e+01 6.099999999999999645e+00 1.000000000000000000e+00 2.500000000000000000e+01 1.000000000000000056e-01 4.000000000000000000e+01 1.236731555351333611e-02 7.465873390129385001e-03 2.483841157796806975e-01 2.698489343086481540e+02
1.200000000000000000e+01 1.500000000000000000e+00 1.200000000000000000e+01 6.099999999999999645e+00 5.000000000000000000e+00 2.500000000000000000e+01 1.000000000000000056e-01 4.000000000000000000e+01 1.069752720812067182e-02 3.097656767769185748e-03 4.354867163795976825e-01 2.458074431089491725e+02
1.200000000000000000e+01 1.500000000000000000e+00 1.200000000000000000e+01 6.099999999999999645e+00 1.000000000000000000e+01 2.500000000000000000e+01 1.000000000000000056e-01 4.000000000000000000e+01 8.103522869233881210e-04 6.895082510727235103e-06 1.075344975522277036e+00 1.401246058169018625e+02
1.200000000000000000e+01 1.500000000000000000e+00 1.200000000000000000e+01 6.099999999999999645e+00 1.000000000000000000e+00 3.500000000000000000e+01 1.000000000000000056e-01 4.000000000000000000e+01 1.426243446549246841e-02 9.476570220684266133e-03 2.373346044051478920e-01 2.218412365470883856e+02
1.200000000000000000e+01 1.500000000000000000e+00 1.200000000000000000e+01 6.099999999999999645e+00 5.000000000000000000e+00 3.500000000000000000e+01 1.000000000000000056e-01 4.000000000000000000e+01 1.086322757071345180e-02 2.878755593427761994e-03 4.426671858338875332e-01 1.912901618914254129e+02
1.200000000000000000e+01 1.500000000000000000e+00 1.200000000000000000e+01 6.099999999999999645e+00 1.000000000000000000e+01 3.500000000000000000e+01 1.000000000000000056e-01 4.000000000000000000e+01 2.860635714971193622e-03 8.680724900322900339e-05 1.033994245532172895e+00 1.349412519630882343e+02
1.200000000000000000e+01 1.500000000000000000e+00 1.200000000000000000e+01 6.099999999999999645e+00 1.000000000000000000e+00 4.000000000000000000e+01 1.000000000000000056e-01 4.000000000000000000e+01 1.179715531497937953e-02 7.753555407952861245e-03 2.278011381638304633e-01 2.276185603617356037e+02
1.200000000000000000e+01 1.500000000000000000e+00 1.200000000000000000e+01 6.099999999999999645e+00 5.000000000000000000e+00 4.000000000000000000e+01 1.000000000000000056e-01 4.000000000000000000e+01 7.740611624833526605e-03 1.883718050762928087e-03 4.216229935138577911e-01 2.037197586461373362e+02
1.200000000000000000e+01 1.500000000000000000e+00 1.200000000000000000e+01 6.099999999999999645e+00 1.000000000000000000e+01 4.000000000000000000e+01 1.000000000000000056e-01 4.000000000000000000e+01 2.149787314764672885e-05 6.792435280900122052e-09 9.604408914305061495e-01 1.389862004564222673e+02
1.200000000000000000e+01 1.500000000000000000e+00 1.200000000000000000e+01 6.099999999999999645e+00 1.000000000000000000e+00 2.500000000000000000e+01 1.000000000000000000e+00 4.000000000000000000e+01 1.992679992693391355e-02 1.482597476707447903e-02 2.330171925816926781e-01 2.789802182706956728e+02
1.200000000000000000e+01 1.500000000000000000e+00 1.200000000000000000e+01 6.099999999999999645e+00 1.000000000000000000e+00 3.500000000000000000e+01 1.000000000000000000e+00 4.000000000000000000e+01 1.505881028249511644e-02 1.401596634381130357e-02 2.096544749872748803e-01 2.200155884660523498e+02
1.200000000000000000e+01 1.500000000000000000e+00 1.200000000000000000e+01 6.099999999999999645e+00 1.000000000000000000e+00 4.000000000000000000e+01 1.000000000000000000e+00 4.000000000000000000e+01 2.312066452781236237e-02 1.979648999311667268e-02 2.140089566266056842e-01 2.196143469404774464e+02
1.200000000000000000e+01 1.500000000000000000e+00 1.200000000000000000e+01 6.099999999999999645e+00 5.000000000000000000e+00 4.000000000000000000e+01 1.000000000000000000e+00 4.000000000000000000e+01 6.285440781766515883e-03 1.634655702020593182e-03 4.074811426428270877e-01 1.807369903463498133e+02
1.200000000000000000e+01 1.500000000000000000e+00 1.200000000000000000e+01 6.099999999999999645e+00 1.000000000000000000e+01 4.000000000000000000e+01 1.000000000000000000e+00 4.000000000000000000e+01 1.709390723969583803e-05 6.197133917140718040e-09 9.494522929425730506e-01 1.267410676567124312e+02
1.200000000000000000e+01 1.500000000000000000e+00 1.200000000000000000e+01 6.099999999999999645e+00 1.000000000000000000e+00 2.500000000000000000e+01 2.000000000000000000e+00 4.000000000000000000e+01 2.626108464820742228e-02 2.046940808818376034e-02 2.305428913248409317e-01 2.706667893119163182e+02
1.200000000000000000e+01 1.500000000000000000e+00 1.200000000000000000e+01 6.099999999999999645e+00 5.000000000000000000e+00 2.500000000000000000e+01 2.000000000000000000e+00 4.000000000000000000e+01 2.114669416940273550e-02 7.337133501382098189e-03 4.353577593496928411e-01 2.225977432120387789e+02
1.200000000000000000e+01 1.500000000000000000e+00 1.200000000000000000e+01 6.099999999999999645e+00 1.000000000000000000e+01 2.500000000000000000e+01 2.000000000000000000e+00 4.000000000000000000e+01 1.210914040500221667e-02 1.138331186461893907e-03 1.009172670394240967e+00 1.393447027139183376e+02
1.200000000000000000e+01 1.500000000000000000e+00 1.200000000000000000e+01 6.099999999999999645e+00 1.000000000000000000e+00 3.500000000000000000e+01 2.000000000000000000e+00 4.000000000000000000e+01 1.598841832357500437e-02 1.180321172229192861e-02 2.178321066812517748e-01 2.226288598938609198e+02
1.200000000000000000e+01 1.500000000000000000e+00 1.200000000000000000e+01 6.099999999999999645e+00 5.000000000000000000e+00 3.500000000000000000e+01 2.000000000000000000e+00 4.000000000000000000e+01 1.029821431443145308e-02 3.065155148999521018e-03 4.262079461661281710e-01 1.795358832535419822e+02
1.200000000000000000e+01 1.500000000000000000e+00 1.200000000000000000e+01 6.099999999999999645e+00 1.000000000000000000e+01 3.500000000000000000e+01 2.000000000000000000e+00 4.000000000000000000e+01 2.063303254162818234e-05 6.367761873349309099e-09 9.854702876797006850e-01 1.300426430466608281e+02
1.200000000000000000e+01 1.500000000000000000e+00 1.200000000000000000e+01 6.099999999999999645e+00 1.000000000000000000e+00 4.000000000000000000e+01 2.000000000000000000e+00 4.000000000000000000e+01 4.761541312938710746e-02 4.339421125833919923e-02 2.163383126382186494e-01 2.437405279231727206e+02
1.200000000000000000e+01 1.500000000000000000e+00 1.200000000000000000e+01 6.099999999999999645e+00 5.000000000000000000e+00 4.000000000000000000e+01 2.000000000000000000e+00 4.000000000000000000e+01 6.585071561239663751e-03 1.435058352435625295e-03 4.145064140741382408e-01 1.765704905880437536e+02
1.200000000000000000e+01 1.500000000000000000e+00 1.200000000000000000e+01 6.099999999999999645e+00 1.000000000000000000e+01 4.000000000000000000e+01 2.000000000000000000e+00 4.000000000000000000e+01 3.945379596781428688e-05 3.222036104588710259e-08 9.545311794723152499e-01 1.258036314505054918e+02
1.200000000000000000e+01 1.500000000000000000e+00 1.200000000000000000e+01 6.099999999999999645e+00 1.000000000000000000e+00 2.500000000000000000e+01 3.000000000000000000e+00 4.000000000000000000e+01 3.607408493771968594e-02 3.320344706552513792e-02 2.386372082819866736e-01 2.609553111336626330e+02
1.200000000000000000e+01 1.500000000000000000e+00 1.200000000000000000e+01 6.099999999999999645e+00 1.000000000000000000e+00 3.500000000000000000e+01 3.000000000000000000e+00 4.000000000000000000e+01 4.627533280682483152e-02 4.197578668059831486e-02 2.155928371344929817e-01 2.360302541714244740e+02
1.200000000000000000e+01 1.500000000000000000e+00 1.200000000000000000e+01 6.099999999999999645e+00 1.000000000000000000e+00 4.000000000000000000e+01 3.000000000000000000e+00 4.000000000000000000e+01 4.389297199743724676e-02 3.417388085056738412e-02 2.188157817142074579e-01 2.349688039693396888e+02
1.200000000000000000e+01 1.500000000000000000e+00 1.200000000000000000e+01 6.099999999999999645e+00 5.000000000000000000e+00 4.000000000000000000e+01 3.000000000000000000e+00 4.000000000000000000e+01 2.412949393864338710e-02 8.977689841274338889e-03 4.251245787787852892e-01 1.708791414937012121e+02
1.200000000000000000e+01 1.500000000000000000e+00 1.200000000000000000e+01 6.099999999999999645e+00 1.000000000000000000e+01 4.000000000000000000e+01 3.000000000000000000e+00 4.000000000000000000e+01 2.323718475771840986e-05 1.007601624358755998e-08 9.859273394225542830e-01 1.190712344131664366e+02
1.200000000000000000e+01 1.500000000000000000e+00 1.200000000000000000e+01 6.099999999999999645e+00 1.000000000000000000e+00 2.500000000000000000e+01 4.000000000000000000e+00 4.000000000000000000e+01 3.334145312467362565e-02 2.973879362756814970e-02 2.267280508392338079e-01 2.689807192407577645e+02
1.200000000000000000e+01 1.500000000000000000e+00 1.200000000000000000e+01 6.099999999999999645e+00 5.000000000000000000e+00 2.500000000000000000e+01 4.000000000000000000e+00 4.000000000000000000e+01 2.856382578472316247e-02 1.288778708849958043e-02 4.389048117380949243e-01 2.010571628122786763e+02
1.200000000000000000e+01 1.500000000000000000e+00 1.200000000000000000e+01 6.099999999999999645e+00 1.000000000000000000e+01 2.500000000000000000e+01 4.000000000000000000e+00 4.000000000000000000e+01 1.639059465796122161e-02 1.888066629204931957e-03 9.910681927709442673e-01 1.386984783695838530e+02
1.200000000000000000e+01 1.500000000000000000e+00 1.200000000000000000e+01 6.099999999999999645e+00 1.000000000000000000e+00 3.500000000000000000e+01 4.000000000000000000e+00 4.000000000000000000e+01 4.329057373168310185e-02 3.656430826774403897e-02 2.236191745359245864e-01 2.347814965800712912e+02
1.200000000000000000e+01 1.500000000000000000e+00 1.200000000000000000e+01 6.099999999999999645e+00 5.000000000000000000e+00 3.500000000000000000e+01 4.000000000000000000e+00 4.000000000000000000e+01 1.199337420733792570e-02 3.520492768548821871e-03 4.327940244040176521e-01 1.744087351503819434e+02
1.200000000000000000e+01 1.500000000000000000e+00 1.200000000000000000e+01 6.099999999999999645e+00 1.000000000000000000e+01 3.500000000000000000e+01 4.000000000000000000e+00 4.000000000000000000e+01 2.200864286624248933e-03 6.496360209351514925e-05 9.818919684251830038e-01 1.254916893924652896e+02
1.200000000000000000e+01 1.500000000000000000e+00 1.200000000000000000e+01 6.099999999999999645e+00 1.000000000000000000e+00 4.000000000000000000e+01 4.000000000000000000e+00 4.000000000000000000e+01 3.760792122164957618e-09 1.322833318976446435e+03 1.535239271672445838e-01 5.645791387941902212e+04
1.200000000000000000e+01 1.500000000000000000e+00 1.200000000000000000e+01 6.099999999999999645e+00 5.000000000000000000e+00 4.000000000000000000e+01 4.000000000000000000e+00 4.000000000000000000e+01 4.434941677076031930e-02 1.817655326071410116e-02 4.260932778611923322e-01 1.724174046002004275e+02
1.200000000000000000e+01 1.500000000000000000e+00 1.200000000000000000e+01 6.099999999999999645e+00 1.000000000000000000e+01 4.000000000000000000e+01 4.000000000000000000e+00 4.000000000000000000e+01 2.868061290794976514e-05 1.584957187716895533e-08 9.611015313228130630e-01 1.212030492644097563e+02
1.200000000000000000e+01 1.500000000000000000e+00 1.200000000000000000e+01 6.099999999999999645e+00 1.000000000000000000e+00 2.500000000000000000e+01 5.000000000000000000e+00 4.000000000000000000e+01 3.379775620226177502e-02 2.963004693581705595e-02 2.251606181362439396e-01 2.632079870646050495e+02
1.200000000000000000e+01 1.500000000000000000e+00 1.200000000000000000e+01 6.099999999999999645e+00 1.000000000000000000e+00 3.500000000000000000e+01 5.000000000000000000e+00 4.000000000000000000e+01 8.589983424497438236e-02 7.767102862844010858e-02 2.168532907882244065e-01 2.528340350157013461e+02
1.200000000000000000e+01 1.500000000000000000e+00 1.200000000000000000e+01 6.099999999999999645e+00 1.000000000000000000e+00 4.000000000000000000e+01 5.000000000000000000e+00 4.000000000000000000e+01 3.333500870025307705e-02 3.195313926135900928e-02 2.109974725176206878e-01 2.274227591389244765e+02
1.200000000000000000e+01 1.500000000000000000e+00 1.200000000000000000e+01 6.099999999999999645e+00 5.000000000000000000e+00 4.000000000000000000e+01 5.000000000000000000e+00 4.000000000000000000e+01 2.892630912434013268e-02 1.549844993508542323e-02 4.086957201486036140e-01 1.692100436645926038e+02
1.200000000000000000e+01 1.500000000000000000e+00 1.200000000000000000e+01 6.099999999999999645e+00 1.000000000000000000e+01 4.000000000000000000e+01 5.000000000000000000e+00 4.000000000000000000e+01 1.868645756375464373e-05 6.380227457469800356e-09 9.893730853834815653e-01 1.165491339090222596e+02
1.200000000000000000e+01 1.500000000000000000e+00 1.200000000000000000e+01 6.099999999999999645e+00 1.000000000000000000e+00 2.500000000000000000e+01 6.000000000000000000e+00 4.000000000000000000e+01 3.712391903212641786e-02 3.229559656017166880e-02 2.357662669469315353e-01 2.547158450629254105e+02
1.200000000000000000e+01 1.500000000000000000e+00 1.200000000000000000e+01 6.099999999999999645e+00 5.000000000000000000e+00 2.500000000000000000e+01 6.000000000000000000e+00 4.000000000000000000e+01 3.045082447674896109e-02 1.268292785393199118e-02 4.558941125425884922e-01 1.898091439952520716e+02
1.200000000000000000e+01 1.500000000000000000e+00 1.200000000000000000e+01 6.099999999999999645e+00 1.000000000000000000e+01 2.500000000000000000e+01 6.000000000000000000e+00 4.000000000000000000e+01 1.768094123179175803e-02 1.963395629027031575e-03 1.032537335877585116e+00 1.352170773331061184e+02
1.200000000000000000e+01 1.500000000000000000e+00 1.200000000000000000e+01 6.099999999999999645e+00 1.000000000000000000e+00 3.500000000000000000e+01 6.000000000000000000e+00 4.000000000000000000e+01 6.691795012295131961e-02 5.039992101434442873e-02 2.285833008535979594e-01 2.444490044502138630e+02
1.200000000000000000e+01 1.500000000000000000e+00 1.200000000000000000e+01 6.099999999999999645e+00 5.000000000000000000e+00 3.500000000000000000e+01 6.000000000000000000e+00 4.000000000000000000e+01 1.240528890852155008e-02 3.630079571575350883e-03 4.540773846289655191e-01 1.643348405474083052e+02
1.200000000000000000e+01 1.500000000000000000e+00 1.200000000000000000e+01 6.099999999999999645e+00 1.000000000000000000e+01 3.500000000000000000e+01 6.000000000000000000e+00 4.000000000000000000e+01 2.745310812523493738e-03 9.138093357630161506e-05 1.034049518875253426e+00 1.193884652677872964e+02
1.200000000000000000e+01 1.500000000000000000e+00 1.200000000000000000e+01 6.099999999999999645e+00 1.000000000000000000e+00 4.000000000000000000e+01 6.000000000000000000e+00 4.000000000000000000e+01 2.868997786009686024e-07 6.585986200846605243e-09 2.088231205671816082e-01 2.092564269818736022e+02
1.200000000000000000e+01 1.500000000000000000e+00 1.200000000000000000e+01 6.099999999999999645e+00 5.000000000000000000e+00 4.000000000000000000e+01 6.000000000000000000e+00 4.000000000000000000e+01 7.782547101150205648e-02 3.753177039633914802e-02 4.473798071751248218e-01 1.644597614899955147e+02
1.200000000000000000e+01 1.500000000000000000e+00 1.200000000000000000e+01 6.099999999999999645e+00 1.000000000000000000e+01 4.000000000000000000e+01 6.000000000000000000e+00 4.000000000000000000e+01 5.897637670151167910e-03 4.902553144923160744e-04 1.001374899624596804e+00 1.169579407149075081e+02
1.200000000000000000e+01 1.500000000000000000e+00 1.200000000000000000e+01 6.099999999999999645e+00 1.000000000000000000e+00 2.500000000000000000e+01 7.000000000000000000e+00 4.000000000000000000e+01 4.299040780686658181e-02 4.237671033688261701e-02 2.422811518221327509e-01 2.453285206252080570e+02
1.200000000000000000e+01 1.500000000000000000e+00 1.200000000000000000e+01 6.099999999999999645e+00 1.000000000000000000e+00 3.500000000000000000e+01 7.000000000000000000e+00 4.000000000000000000e+01 8.399266031715391101e-02 6.586218637074736648e-02 2.389194434378730247e-01 2.436041573595772718e+02
1.200000000000000000e+01 1.500000000000000000e+00 1.200000000000000000e+01 6.099999999999999645e+00 5.000000000000000000e+00 4.000000000000000000e+01 7.000000000000000000e+00 4.000000000000000000e+01 6.216418551007163451e-02 2.541569094743323376e-02 4.607012239251682684e-01 1.604135500229693889e+02
1.200000000000000000e+01 1.500000000000000000e+00 1.200000000000000000e+01 6.099999999999999645e+00 1.000000000000000000e+01 4.000000000000000000e+01 7.000000000000000000e+00 4.000000000000000000e+01 9.440005255607619716e-04 9.276967641413946808e-06 1.018701306563855047e+00 1.154273850708397902e+02
1.200000000000000000e+01 1.500000000000000000e+00 1.200000000000000000e+01 6.099999999999999645e+00 1.000000000000000000e+00 2.500000000000000000e+01 8.000000000000000000e+00 4.000000000000000000e+01 3.778277776955785150e-02 3.578434238089878150e-02 2.402468525362159157e-01 2.453716639673637019e+02
1.200000000000000000e+01 1.500000000000000000e+00 1.200000000000000000e+01 6.099999999999999645e+00 5.000000000000000000e+00 2.500000000000000000e+01 8.000000000000000000e+00 4.000000000000000000e+01 3.485936402430889203e-02 1.608240666313465184e-02 4.890750424185486001e-01 1.825843447725749229e+02
1.200000000000000000e+01 1.500000000000000000e+00 1.200000000000000000e+01 6.099999999999999645e+00 1.000000000000000000e+01 2.500000000000000000e+01 8.000000000000000000e+00 4.000000000000000000e+01 1.912093094257549808e-02 2.198465942080174429e-03 1.073795220468485079e+00 1.284723278205102019e+02
1.200000000000000000e+01 1.500000000000000000e+00 1.200000000000000000e+01 6.099999999999999645e+00 1.000000000000000000e+00 3.500000000000000000e+01 8.000000000000000000e+00 4.000000000000000000e+01 9.623321259588624166e-02 8.168230512943863708e-02 2.317896356899930288e-01 2.445859698824901329e+02
1.200000000000000000e+01 1.500000000000000000e+00 1.200000000000000000e+01 6.099999999999999645e+00 5.000000000000000000e+00 3.500000000000000000e+01 8.000000000000000000e+00 4.000000000000000000e+01 2.189868079065226958e-02 8.198284124002253037e-03 4.546329276419914245e-01 1.622523907366068840e+02
1.200000000000000000e+01 1.500000000000000000e+00 1.200000000000000000e+01 6.099999999999999645e+00 1.000000000000000000e+01 3.500000000000000000e+01 8.000000000000000000e+00 4.000000000000000000e+01 7.846523940913119333e-04 7.641461652774239610e-06 1.060423967078804486e+00 1.145018369194633721e+02
1.200000000000000000e+01 1.500000000000000000e+00 1.200000000000000000e+01 6.099999999999999645e+00 5.000000000000000000e+00 4.000000000000000000e+01 8.000000000000000000e+00 4.000000000000000000e+01 1.371099637380135405e-02 5.341895877713387364e-03 4.982689084648307398e-01 1.494503972272773353e+02
1.200000000000000000e+01 1.500000000000000000e+00 1.200000000000000000e+01 6.099999999999999645e+00 1.000000000000000000e+01 4.000000000000000000e+01 8.000000000000000000e+00 4.000000000000000000e+01 1.237364451525779785e-03 2.102609706144953350e-05 1.021928995434617793e+00 1.137023278978449667e+02
1.200000000000000000e+01 1.500000000000000000e+00 1.200000000000000000e+01 6.099999999999999645e+00 1.000000000000000000e+00 2.500000000000000000e+01 9.000000000000000000e+00 4.000000000000000000e+01 4.187198348795151404e-02 3.557156527791316414e-02 2.462170416703575448e-01 2.476163302133128639e+02
1.200000000000000000e+01 1.500000000000000000e+00 1.200000000000000000e+01 6.099999999999999645e+00 1.000000000000000000e+00 3.500000000000000000e+01 9.000000000000000000e+00 4.000000000000000000e+01 7.613317286225984581e-02 6.492341433958959129e-02 2.420231459328304191e-01 2.442553267411028060e+02
1.200000000000000000e+01 1.500000000000000000e+00 1.200000000000000000e+01 6.099999999999999645e+00 5.000000000000000000e+00 4.000000000000000000e+01 9.000000000000000000e+00 4.000000000000000000e+01 2.824959432029539030e-02 1.160525454743566165e-02 4.737916583351530764e-01 1.572443912032459252e+02
1.200000000000000000e+01 1.500000000000000000e+00 1.200000000000000000e+01 6.099999999999999645e+00 1.000000000000000000e+01 4.000000000000000000e+01 9.000000000000000000e+00 4.000000000000000000e+01 1.828267444585751633e-04 4.196771412612321228e-07 1.068963222455588058e+00 1.143346346453487428e+02
1.200000000000000000e+01 1.500000000000000000e+00 1.200000000000000000e+01 6.099999999999999645e+00 1.000000000000000000e+00 2.500000000000000000e+01 1.000000000000000000e+01 4.000000000000000000e+01 4.801165646391791775e-02 4.574647472382942226e-02 2.590706114684573347e-01 2.173169915378938981e+02
1.200000000000000000e+01 1.500000000000000000e+00 1.200000000000000000e+01 6.099999999999999645e+00 5.000000000000000000e+00 2.500000000000000000e+01 1.000000000000000000e+01 4.000000000000000000e+01 3.785542224078719542e-02 1.808955276694135250e-02 4.993243138717778362e-01 1.704411822427892673e+02
1.200000000000000000e+01 1.500000000000000000e+00 1.200000000000000000e+01 6.099999999999999645e+00 1.000000000000000000e+01 2.500000000000000000e+01 1.000000000000000000e+01 4.000000000000000000e+01 2.195319644508386681e-02 2.785986994927380778e-03 1.091692859023783768e+00 1.271926918844851002e+02
1.200000000000000000e+01 1.500000000000000000e+00 1.200000000000000000e+01 6.099999999999999645e+00 5.000000000000000000e+00 3.500000000000000000e+01 1.000000000000000000e+01 4.000000000000000000e+01 1.677409617632141803e-02 5.103985107038466751e-03 4.895406752732505695e-01 1.544581706681586297e+02
1.200000000000000000e+01 1.500000000000000000e+00 1.200000000000000000e+01 6.099999999999999645e+00 1.000000000000000000e+01 3.500000000000000000e+01 1.000000000000000000e+01 4.000000000000000000e+01 1.377951180130398967e-04 1.941970484420352250e-07 1.208563730936594638e+00 1.085058758068755225e+02
1.200000000000000000e+01 1.500000000000000000e+00 1.200000000000000000e+01 6.099999999999999645e+00 5.000000000000000000e+00 4.000000000000000000e+01 1.000000000000000000e+01 4.000000000000000000e+01 4.210286778464866764e-02 1.424184361085512052e-02 5.278088456358466241e-01 1.470798381052073864e+02
1.200000000000000000e+01 1.500000000000000000e+00 1.200000000000000000e+01 6.099999999999999645e+00 1.000000000000000000e+01 4.000000000000000000e+01 1.000000000000000000e+01 4.000000000000000000e+01 1.743578216464092279e-03 4.478024537979408137e-05 1.038217036673244387e+00 1.152248995934828599e+02
1.200000000000000000e+01 1.500000000000000000e+00 1.200000000000000000e+01 6.099999999999999645e+00 1.000000000000000000e+00 2.500000000000000000e+01 1.100000000000000000e+01 4.000000000000000000e+01 4.319186693902055119e-02 4.556520360859606100e-02 2.349232407421854296e-01 2.397152635432521777e+02
1.200000000000000000e+01 1.500000000000000000e+00 1.200000000000000000e+01 6.099999999999999645e+00 5.000000000000000000e+00 4.000000000000000000e+01 1.100000000000000000e+01 4.000000000000000000e+01 2.005727591473882576e-02 6.263483483264664642e-03 5.056305020811983075e-01 1.546213516582686509e+02
1.200000000000000000e+01 1.500000000000000000e+00 1.200000000000000000e+01 6.099999999999999645e+00 1.000000000000000000e+01 4.000000000000000000e+01 1.100000000000000000e+01 4.000000000000000000e+01 1.056780329089956894e-03 1.292977007527618127e-05 1.019107567458219954e+00 1.127000582776722126e+02
1.200000000000000000e+01 1.500000000000000000e+00 1.200000000000000000e+01 6.099999999999999645e+00 1.000000000000000000e+00 2.500000000000000000e+01 1.200000000000000000e+01 4.000000000000000000e+01 4.638571659649004530e-02 4.827352084600189386e-02 2.376706851167917078e-01 2.574297346482534294e+02
1.200000000000000000e+01 1.500000000000000000e+00 1.200000000000000000e+01 6.099999999999999645e+00 5.000000000000000000e+00 2.500000000000000000e+01 1.200000000000000000e+01 4.000000000000000000e+01 3.597073168054243375e-02 1.736356398878990959e-02 4.892062812915017322e-01 1.767613427943466320e+02
1.200000000000000000e+01 1.500000000000000000e+00 1.200000000000000000e+01 6.099999999999999645e+00 1.000000000000000000e+01 2.500000000000000000e+01 1.200000000000000000e+01 4.000000000000000000e+01 2.051420523362113002e-02 2.722688974184483968e-03 1.052402375000123236e+00 1.296737176125567714e+02
1.200000000000000000e+01 1.500000000000000000e+00 1.200000000000000000e+01 6.099999999999999645e+00 5.000000000000000000e+00 3.500000000000000000e+01 1.200000000000000000e+01 4.000000000000000000e+01 4.236690621172245486e-02 2.005602600595368656e-02 4.606211676523428999e-01 1.570734197104576708e+02
1.200000000000000000e+01 1.500000000000000000e+00 1.200000000000000000e+01 6.099999999999999645e+00 1.000000000000000000e+01 3.500000000000000000e+01 1.200000000000000000e+01 4.000000000000000000e+01 8.889413839836102227e-03 1.012677244817572486e-03 9.840030163218880244e-01 1.184472100974738282e+02
1.200000000000000000e+01 1.500000000000000000e+00 1.200000000000000000e+01 6.099999999999999645e+00 5.000000000000000000e+00 4.000000000000000000e+01 1.200000000000000000e+01 4.000000000000000000e+01 4.517616364818510810e-02 1.900158050977451829e-02 4.833003274392818627e-01 1.501891849630679019e+02
1.200000000000000000e+01 1.500000000000000000e+00 1.200000000000000000e+01 6.099999999999999645e+00 1.000000000000000000e+01 4.000000000000000000e+01 1.200000000000000000e+01 4.000000000000000000e+01 2.522675213313618769e-03 6.875126612593263076e-05 1.049650855228261070e+00 1.094564425547935969e+02
1.200000000000000000e+01 1.500000000000000000e+00 1.200000000000000000e+01 6.099999999999999645e+00 1.000000000000000000e+01 4.000000000000000000e+01 1.300000000000000000e+01 4.000000000000000000e+01 2.319891943902030462e-03 6.131009760790284702e-05 1.047869184832753264e+00 1.135348937355099110e+02
1.200000000000000000e+01 1.500000000000000000e+00 1.200000000000000000e+01 6.099999999999999645e+00 5.000000000000000000e+00 2.500000000000000000e+01 1.400000000000000000e+01 4.000000000000000000e+01 3.313013540466580586e-02 1.617912438190249880e-02 4.772418298369470180e-01 1.681315059586308109e+02
1.200000000000000000e+01 1.500000000000000000e+00 1.200000000000000000e+01 6.099999999999999645e+00 1.000000000000000000e+01 2.500000000000000000e+01 1.400000000000000000e+01 4.000000000000000000e+01 1.818247878125678341e-02 1.700714986030193998e-03 1.065299394633539176e+00 1.280551955285469319e+02
1.200000000000000000e+01 1.500000000000000000e+00 1.200000000000000000e+01 6.099999999999999645e+00 5.000000000000000000e+00 3.500000000000000000e+01 1.400000000000000000e+01 4.000000000000000000e+01 1.713529504554056615e-02 4.782488844912613501e-03 4.976397535297441554e-01 1.527123428080693373e+02
1.200000000000000000e+01 1.500000000000000000e+00 1.200000000000000000e+01 6.099999999999999645e+00 1.000000000000000000e+01 3.500000000000000000e+01 1.400000000000000000e+01 4.000000000000000000e+01 3.436163726799890128e-05 1.338598920597178221e-08 1.163281827579957683e+00 1.066692741562739144e+02
1.200000000000000000e+01 1.500000000000000000e+00 1.200000000000000000e+01 6.099999999999999645e+00 1.000000000000000000e+01 4.000000000000000000e+01 1.400000000000000000e+01 4.000000000000000000e+01 1.548312781328542442e-02 1.050003517126807395e-03 1.175842661008156931e+00 1.016829954177443796e+02
1.200000000000000000e+01 1.500000000000000000e+00 1.200000000000000000e+01 6.099999999999999645e+00 1.000000000000000000e+01 4.000000000000000000e+01 1.500000000000000000e+01 4.000000000000000000e+01 3.244052132090224916e-03 1.767293326988550461e-04 9.153972192684921572e-01 1.131545030357196282e+02
1.200000000000000000e+01 1.500000000000000000e+00 1.200000000000000000e+01 6.099999999999999645e+00 5.000000000000000000e+00 2.500000000000000000e+01 1.600000000000000000e+01 4.000000000000000000e+01 3.433806011652640322e-02 1.665976474650832095e-02 4.755999695640599767e-01 1.755262118136787990e+02
1.200000000000000000e+01 1.500000000000000000e+00 1.200000000000000000e+01 6.099999999999999645e+00 1.000000000000000000e+01 2.500000000000000000e+01 1.600000000000000000e+01 4.000000000000000000e+01 2.516068518305614177e-02 3.576949371425719448e-03 1.119292057987181899e+00 1.238847083335802211e+02
1.200000000000000000e+01 1.500000000000000000e+00 1.200000000000000000e+01 6.099999999999999645e+00 5.000000000000000000e+00 3.500000000000000000e+01 1.600000000000000000e+01 4.000000000000000000e+01 5.111503966023400736e-02 3.071101951000732022e-02 4.897157150757586730e-01 1.506566878754327092e+02
1.200000000000000000e+01 1.500000000000000000e+00 1.200000000000000000e+01 6.099999999999999645e+00 1.000000000000000000e+01 3.500000000000000000e+01 1.600000000000000000e+01 4.000000000000000000e+01 3.934921688117709593e-03 1.418283484280191686e-04 1.098405799572533370e+00 1.135384689309943553e+02
1.200000000000000000e+01 1.500000000000000000e+00 1.200000000000000000e+01 6.099999999999999645e+00 1.000000000000000000e+01 4.000000000000000000e+01 1.600000000000000000e+01 4.000000000000000000e+01 7.336205488238434214e-03 4.504880459434978945e-04 1.152272803036133331e+00 1.051267550036729830e+02
1.200000000000000000e+01 1.500000000000000000e+00 1.200000000000000000e+01 6.099999999999999645e+00 1.000000000000000000e+01 4.000000000000000000e+01 1.700000000000000000e+01 4.000000000000000000e+01 1.087788985125826002e-02 7.155581875375460754e-04 1.170070620125476468e+00 1.014655917881148071e+02
1.200000000000000000e+01 1.500000000000000000e+00 1.200000000000000000e+01 6.099999999999999645e+00 5.000000000000000000e+00 2.500000000000000000e+01 1.800000000000000000e+01 4.000000000000000000e+01 3.062720052824530192e-02 1.280787367422409062e-02 4.955757404310001668e-01 1.658167723163060145e+02
1.200000000000000000e+01 1.500000000000000000e+00 1.200000000000000000e+01 6.099999999999999645e+00 1.000000000000000000e+01 2.500000000000000000e+01 1.800000000000000000e+01 4.000000000000000000e+01 2.465968245023542060e-02 3.437461126114094156e-03 1.110893820914995445e+00 1.233560750088448259e+02
1.200000000000000000e+01 1.500000000000000000e+00 1.200000000000000000e+01 6.099999999999999645e+00 5.000000000000000000e+00 3.500000000000000000e+01 1.800000000000000000e+01 4.000000000000000000e+01 5.413970557816605300e-02 2.159859779549533343e-02 5.368724190566922516e-01 1.391887644128185002e+02
1.200000000000000000e+01 1.500000000000000000e+00 1.200000000000000000e+01 6.099999999999999645e+00 1.000000000000000000e+01 3.500000000000000000e+01 1.800000000000000000e+01 4.000000000000000000e+01 7.172761659508974930e-03 4.710170962471948997e-04 1.160950065024434874e+00 1.057195577554831516e+02
1.200000000000000000e+01 1.500000000000000000e+00 1.200000000000000000e+01 6.099999999999999645e+00 1.000000000000000000e+01 4.000000000000000000e+01 1.800000000000000000e+01 4.000000000000000000e+01 1.342560237545709079e-02 1.166734301292216003e-03 1.175581895630519735e+00 1.030091895201049255e+02
1.200000000000000000e+01 1.500000000000000000e+00 1.200000000000000000e+01 6.099999999999999645e+00 5.000000000000000000e+00 2.500000000000000000e+01 2.000000000000000000e+01 4.000000000000000000e+01 4.015091738244280783e-02 1.756735281336796461e-02 5.051769706060269538e-01 1.659635138657086202e+02
1.200000000000000000e+01 1.500000000000000000e+00 1.200000000000000000e+01 6.099999999999999645e+00 1.000000000000000000e+01 2.500000000000000000e+01 2.000000000000000000e+01 4.000000000000000000e+01 2.245150721775734937e-02 2.606316574805589426e-03 1.150580284680717824e+00 1.213045539180524770e+02
1.200000000000000000e+01 1.500000000000000000e+00 1.200000000000000000e+01 6.099999999999999645e+00 1.000000000000000000e+01 3.500000000000000000e+01 2.000000000000000000e+01 4.000000000000000000e+01 2.976442160820269578e-03 6.954130895864274464e-05 1.287777744892071308e+00 1.004602351297228608e+02
1.200000000000000000e+01 1.500000000000000000e+00 1.200000000000000000e+01 6.099999999999999645e+00 5.000000000000000000e+00 2.500000000000000000e+01 2.200000000000000000e+01 4.000000000000000000e+01 4.326990391030505201e-02 1.738054631077412537e-02 5.232820970452809473e-01 1.529586394143256030e+02
1.200000000000000000e+01 1.500000000000000000e+00 1.200000000000000000e+01 6.099999999999999645e+00 1.000000000000000000e+01 2.500000000000000000e+01 2.200000000000000000e+01 4.000000000000000000e+01 2.985754035369003745e-02 4.113479827621224771e-03 1.142242910751390950e+00 1.164680898303019347e+02
1.200000000000000000e+01 1.500000000000000000e+00 1.200000000000000000e+01 6.099999999999999645e+00 1.000000000000000000e+01 3.500000000000000000e+01 2.200000000000000000e+01 4.000000000000000000e+01 2.305438253637115409e-02 1.889514366785416399e-03 1.287173367199309082e+00 9.486555954076713704e+01
1.200000000000000000e+01 1.500000000000000000e+00 1.200000000000000000e+01 6.099999999999999645e+00 5.000000000000000000e+00 2.500000000000000000e+01 2.400000000000000000e+01 4.000000000000000000e+01 3.666128432743587240e-02 1.437237822303738533e-02 5.014073678590527106e-01 1.592622323539958984e+02
1.200000000000000000e+01 1.500000000000000000e+00 1.200000000000000000e+01 6.099999999999999645e+00 1.000000000000000000e+01 2.500000000000000000e+01 2.400000000000000000e+01 4.000000000000000000e+01 2.182168226145386747e-02 2.680335431451963402e-03 1.018359798113336989e+00 1.169721073810133731e+02
