1.500000000000000000e+01 3.500000000000000000e+00 1.200000000000000000e+01 9.460000000000000853e+00 1.000000000000000000e+00 2.500000000000000000e+01 0.000000000000000000e+00 4.000000000000000000e+01 1.367282343019458057e-01 1.763752037724648503e-01 1.073835830707260408e-01 1.357040145967583230e+05
1.500000000000000000e+01 3.500000000000000000e+00 1.200000000000000000e+01 9.460000000000000853e+00 1.000000000000000000e+01 2.500000000000000000e+01 0.000000000000000000e+00 4.000000000000000000e+01 1.184572562256496209e-01 1.665352640773365422e-02 1.079885971625145435e+00 1.096096002135173251e+02
1.500000000000000000e+01 3.500000000000000000e+00 1.200000000000000000e+01 9.460000000000000853e+00 1.000000000000000000e+00 2.500000000000000000e+01 1.000000000000000056e-01 4.000000000000000000e+01 1.454635580805716533e-01 1.797736918412971008e-01 1.088904045800434955e-01 4.936653043504621601e+05
1.500000000000000000e+01 3.500000000000000000e+00 1.200000000000000000e+01 9.460000000000000853e+00 1.000000000000000000e+01 2.500000000000000000e+01 1.000000000000000056e-01 4.000000000000000000e+01 1.359396423740448778e-01 1.828014829009494413e-02 1.144617758834903132e+00 1.044675385402359922e+02
1.500000000000000000e+01 3.500000000000000000e+00 1.200000000000000000e+01 9.460000000000000853e+00 1.000000000000000000e+00 3.500000000000000000e+01 1.000000000000000056e-01 4.000000000000000000e+01 1.751623963501685033e-01 2.263620774123040746e-01 9.662833309251714353e-02 5.547069618049776182e+05
1.500000000000000000e+01 3.500000000000000000e+00 1.200000000000000000e+01 9.460000000000000853e+00 1.000000000000000000e+01 3.500000000000000000e+01 1.000000000000000056e-01 4.000000000000000000e+01 2.048495027160239790e-01 4.362413502586748315e-02 1.018864250725899145e+00 9.968390481299616113e+01
1.500000000000000000e+01 3.500000000000000000e+00 1.200000000000000000e+01 9.460000000000000853e+00 1.000000000000000000e+00 4.000000000000000000e+01 1.000000000000000056e-01 4.000000000000000000e+01 1.343187081945198535e-01 1.919493198233237496e-01 9.098613269814599669e-02 3.281744096992584527e+05
1.500000000000000000e+01 3.500000000000000000e+00 1.200000000000000000e+01 9.460000000000000853e+00 5.000000000000000000e+00 4.000000000000000000e+01 1.000000000000000056e-01 4.000000000000000000e+01 1.877518166056380000e-01 8.897197224767783297e-02 4.503189958193092313e-01 1.739735801357135472e+02
1.500000000000000000e+01 3.500000000000000000e+00 1.200000000000000000e+01 9.460000000000000853e+00 1.000000000000000000e+01 4.000000000000000000e+01 1.000000000000000056e-01 4.000000000000000000e+01 1.933459204942633569e-01 4.737868228109975988e-02 9.301114818965756648e-01 1.070291106136576502e+02
1.500000000000000000e+01 3.500000000000000000e+00 1.200000000000000000e+01 9.460000000000000853e+00 1.000000000000000000e+00 2.500000000000000000e+01 1.000000000000000000e+00 4.000000000000000000e+01 2.940296332244267674e-01 4.086002781685595941e-01 9.952709887779356834e-02 4.953221697070373921e+05
1.500000000000000000e+01 3.500000000000000000e+00 1.200000000000000000e+01 9.460000000000000853e+00 1.000000000000000000e+00 3.500000000000000000e+01 1.000000000000000000e+00 4.000000000000000000e+01 3.242988541138227543e-01 6.119305965906827183e-01 8.812400292202399177e-02 1.246279123509350757e+05
1.500000000000000000e+01 3.500000000000000000e+00 1.200000000000000000e+01 9.460000000000000853e+00 1.000000000000000000e+00 4.000000000000000000e+01 1.000000000000000000e+00 4.000000000000000000e+01 2.739830909217431110e-01 5.267338498867686347e-01 8.834152058922124795e-02 1.235743255844513478e+05
1.500000000000000000e+01 3.500000000000000000e+00 1.200000000000000000e+01 9.460000000000000853e+00 5.000000000000000000e+00 4.000000000000000000e+01 1.000000000000000000e+00 4.000000000000000000e+01 1.464911756163775891e-01 6.833484599857531094e-02 4.621952170413465844e-01 1.582038909919569107e+02
1.500000000000000000e+01 3.500000000000000000e+00 1.200000000000000000e+01 9.460000000000000853e+00 1.000000000000000000e+01 4.000000000000000000e+01 1.000000000000000000e+00 4.000000000000000000e+01 1.354929331785108548e-01 3.528137890051530334e-02 9.590345421618097221e-01 1.019801295730316326e+02
1.500000000000000000e+01 3.500000000000000000e+00 1.200000000000000000e+01 9.460000000000000853e+00 1.000000000000000000e+00 2.500000000000000000e+01 2.000000000000000000e+00 4.000000000000000000e+01 5.075784478595288807e-01 7.373946296725459870e-01 1.102504713896258065e-01 1.399166570926051354e+05
1.500000000000000000e+01 3.500000000000000000e+00 1.200000000000000000e+01 9.460000000000000853e+00 1.000000000000000000e+01 2.500000000000000000e+01 2.000000000000000000e+00 4.000000000000000000e+01 2.835596590985369758e-01 4.945782098076390021e-02 1.174860640836659309e+00 8.733366138154768521e+01
1.500000000000000000e+01 3.500000000000000000e+00 1.200000000000000000e+01 9.460000000000000853e+00 1.000000000000000000e+00 3.500000000000000000e+01 2.000000000000000000e+00 4.000000000000000000e+01 3.222840146985221921e-01 5.371729439277330709e-01 9.120770472104396120e-02 9.148251951903814916e+04
1.500000000000000000e+01 3.500000000000000000e+00 1.200000000000000000e+01 9.460000000000000853e+00 1.000000000000000000e+01 3.500000000000000000e+01 2.000000000000000000e+00 4.000000000000000000e+01 1.586181938531316948e-01 3.521132339253396637e-02 1.040312049518553827e+00 9.176907628894574032e+01
1.500000000000000000e+01 3.500000000000000000e+00 1.200000000000000000e+01 9.460000000000000853e+00 1.000000000000000000e+00 4.000000000000000000e+01 2.000000000000000000e+00 4.000000000000000000e+01 2.671316853438860939e-01 3.697689492728724048e-01 9.392238543586356458e-02 9.877280405185582640e+04
1.500000000000000000e+01 3.500000000000000000e+00 1.200000000000000000e+01 9.460000000000000853e+00 5.000000000000000000e+00 4.000000000000000000e+01 2.000000000000000000e+00 4.000000000000000000e+01 1.363429938824320953e-01 6.637026412944657672e-02 4.929102705591180689e-01 1.452022951356246665e+02
1.500000000000000000e+01 3.500000000000000000e+00 1.200000000000000000e+01 9.460000000000000853e+00 1.000000000000000000e+01 4.000000000000000000e+01 2.000000000000000000e+00 4.000000000000000000e+01 9.224716009771061209e-02 2.287321850669377099e-02 8.644701788440091184e-01 1.013430327929688133e+02
1.500000000000000000e+01 3.500000000000000000e+00 1.200000000000000000e+01 9.460000000000000853e+00 1.000000000000000000e+00 2.500000000000000000e+01 3.000000000000000000e+00 4.000000000000000000e+01 5.073582399912197616e-01 7.758278096390114342e-01 1.091229944726185147e-01 9.844998972071906610e+04
1.500000000000000000e+01 3.500000000000000000e+00 1.200000000000000000e+01 9.460000000000000853e+00 1.000000000000000000e+00 3.500000000000000000e+01 3.000000000000000000e+00 4.000000000000000000e+01 3.776669012139379777e-01 5.512986071195078441e-01 9.740608016067144048e-02 8.208748108063022664e+04
1.500000000000000000e+01 3.500000000000000000e+00 1.200000000000000000e+01 9.460000000000000853e+00 1.000000000000000000e+00 4.000000000000000000e+01 3.000000000000000000e+00 4.000000000000000000e+01 3.293229146578438016e-01 4.227133033490992897e-01 1.007794007363130157e-01 1.253666731596846366e+05
1.500000000000000000e+01 3.500000000000000000e+00 1.200000000000000000e+01 9.460000000000000853e+00 5.000000000000000000e+00 4.000000000000000000e+01 3.000000000000000000e+00 4.000000000000000000e+01 1.302758712204385994e-01 7.106849396560188659e-02 5.057210985912802270e-01 1.377377696784778323e+02
1.500000000000000000e+01 3.500000000000000000e+00 1.200000000000000000e+01 9.460000000000000853e+00 1.000000000000000000e+01 4.000000000000000000e+01 3.000000000000000000e+00 4.000000000000000000e+01 1.057049822142652751e-01 2.714023728649328504e-02 9.587899740073425603e-01 9.837040964258379461e+01
1.500000000000000000e+01 3.500000000000000000e+00 1.200000000000000000e+01 9.460000000000000853e+00 1.000000000000000000e+00 2.500000000000000000e+01 4.000000000000000000e+00 4.000000000000000000e+01 5.125524210998773089e-01 8.292806561574763702e-01 1.080095359215675205e-01 1.411196614709435671e+05
1.500000000000000000e+01 3.500000000000000000e+00 1.200000000000000000e+01 9.460000000000000853e+00 1.000000000000000000e+01 2.500000000000000000e+01 4.000000000000000000e+00 4.000000000000000000e+01 3.292380162772252650e-01 5.895876613457784465e-02 1.117481859655325094e+00 7.971369016866317736e+01
1.500000000000000000e+01 3.500000000000000000e+00 1.200000000000000000e+01 9.460000000000000853e+00 1.000000000000000000e+00 3.500000000000000000e+01 4.000000000000000000e+00 4.000000000000000000e+01 2.720782783090149870e-01 4.114734922287746066e-01 9.179745622545705530e-02 1.767902387723689899e+05
1.500000000000000000e+01 3.500000000000000000e+00 1.200000000000000000e+01 9.460000000000000853e+00 1.000000000000000000e+01 3.500000000000000000e+01 4.000000000000000000e+00 4.000000000000000000e+01 1.274651593057898324e-01 2.739810646581664066e-02 9.538034046509507036e-01 9.513849399172390520e+01
1.500000000000000000e+01 3.500000000000000000e+00 1.200000000000000000e+01 9.460000000000000853e+00 1.000000000000000000e+00 4.000000000000000000e+01 4.000000000000000000e+00 4.000000000000000000e+01 2.836553004552584412e-01 4.183916344114084751e-01 9.796092303195011453e-02 1.087852830319342320e+05
1.500000000000000000e+01 3.500000000000000000e+00 1.200000000000000000e+01 9.460000000000000853e+00 5.000000000000000000e+00 4.000000000000000000e+01 4.000000000000000000e+00 4.000000000000000000e+01 1.339070689711125972e-01 7.136969267434034592e-02 4.923768073609635088e-01 1.372451658715889096e+02
1.500000000000000000e+01 3.500000000000000000e+00 1.200000000000000000e+01 9.460000000000000853e+00 1.000000000000000000e+01 4.000000000000000000e+01 4.000000000000000000e+00 4.000000000000000000e+01 1.034415512035409268e-01 2.629600668168197153e-02 9.001132988315835304e-01 1.014082201169694599e+02
1.500000000000000000e+01 3.500000000000000000e+00 1.200000000000000000e+01 9.460000000000000853e+00 1.000000000000000000e+00 2.500000000000000000e+01 5.000000000000000000e+00 4.000000000000000000e+01 3.308096006530412136e-01 5.150760900001158937e-01 1.014080311986325506e-01 1.313567419211013184e+05
1.500000000000000000e+01 3.500000000000000000e+00 1.200000000000000000e+01 9.460000000000000853e+00 1.000000000000000000e+00 3.500000000000000000e+01 5.000000000000000000e+00 4.000000000000000000e+01 3.071124687553710153e-01 3.774020886485927040e-01 9.435856170401527021e-02 8.991490023900687811e+04
1.500000000000000000e+01 3.500000000000000000e+00 1.200000000000000000e+01 9.460000000000000853e+00 1.000000000000000000e+00 4.000000000000000000e+01 5.000000000000000000e+00 4.000000000000000000e+01 2.505367920629257839e-01 2.976524787414249751e-01 9.622463545891719872e-02 1.047234049676623545e+05
1.500000000000000000e+01 3.500000000000000000e+00 1.200000000000000000e+01 9.460000000000000853e+00 5.000000000000000000e+00 4.000000000000000000e+01 5.000000000000000000e+00 4.000000000000000000e+01 1.423185556546633368e-01 7.091782424513581873e-02 4.690276130738022520e-01 1.414658643500577568e+02
1.500000000000000000e+01 3.500000000000000000e+00 1.200000000000000000e+01 9.460000000000000853e+00 1.000000000000000000e+01 4.000000000000000000e+01 5.000000000000000000e+00 4.000000000000000000e+01 8.933098159690411322e-02 2.134117153103698428e-02 8.750733013204682331e-01 1.018019760545056158e+02
1.500000000000000000e+01 3.500000000000000000e+00 1.200000000000000000e+01 9.460000000000000853e+00 1.000000000000000000e+00 2.500000000000000000e+01 6.000000000000000000e+00 4.000000000000000000e+01 5.926687949988858062e-01 7.919388045245929764e-01 1.193565700270549784e-01 9.745981724647997180e+04
1.500000000000000000e+01 3.500000000000000000e+00 1.200000000000000000e+01 9.460000000000000853e+00 1.000000000000000000e+01 2.500000000000000000e+01 6.000000000000000000e+00 4.000000000000000000e+01 3.494014746385374348e-01 5.257490722212954104e-02 1.134413283492105018e+00 7.395468244672223079e+01
1.500000000000000000e+01 3.500000000000000000e+00 1.200000000000000000e+01 9.460000000000000853e+00 1.000000000000000000e+00 3.500000000000000000e+01 6.000000000000000000e+00 4.000000000000000000e+01 3.157910295763071140e-01 3.673913382860309884e-01 1.014484988506413471e-01 7.483252436679264065e+04
1.500000000000000000e+01 3.500000000000000000e+00 1.200000000000000000e+01 9.460000000000000853e+00 1.000000000000000000e+01 3.500000000000000000e+01 6.000000000000000000e+00 4.000000000000000000e+01 1.161934373129611675e-01 2.235422637740080987e-02 9.494856511366318585e-01 9.585126113440388451e+01
1.500000000000000000e+01 3.500000000000000000e+00 1.200000000000000000e+01 9.460000000000000853e+00 1.000000000000000000e+00 4.000000000000000000e+01 6.000000000000000000e+00 4.000000000000000000e+01 3.086944676522320741e-01 2.835838671956110169e-01 1.084855809297928381e-01 1.264714348535967438e+05
1.500000000000000000e+01 3.500000000000000000e+00 1.200000000000000000e+01 9.460000000000000853e+00 5.000000000000000000e+00 4.000000000000000000e+01 6.000000000000000000e+00 4.000000000000000000e+01 1.496417385031392211e-01 6.476815905967736597e-02 4.806673065913004139e-01 1.382347378201701815e+02
1.500000000000000000e+01 3.500000000000000000e+00 1.200000000000000000e+01 9.460000000000000853e+00 1.000000000000000000e+01 4.000000000000000000e+01 6.000000000000000000e+00 4.000000000000000000e+01 1.129271423795705775e-01 2.603972098393092516e-02 9.788286389698630519e-01 9.885683358899483153e+01
1.500000000000000000e+01 3.500000000000000000e+00 1.200000000000000000e+01 9.460000000000000853e+00 1.000000000000000000e+00 2.500000000000000000e+01 7.000000000000000000e+00 4.000000000000000000e+01 6.406292598041674058e-01 7.310770463927434015e-01 1.314353777777856058e-01 1.346156130564895866e+05
1.500000000000000000e+01 3.500000000000000000e+00 1.200000000000000000e+01 9.460000000000000853e+00 1.000000000000000000e+00 3.500000000000000000e+01 7.000000000000000000e+00 4.000000000000000000e+01 3.364264796678995140e-01 4.575633280447708451e-01 1.114997380479053196e-01 1.118324512726838875e+05
1.500000000000000000e+01 3.500000000000000000e+00 1.200000000000000000e+01 9.460000000000000853e+00 5.000000000000000000e+00 4.000000000000000000e+01 7.000000000000000000e+00 4.000000000000000000e+01 1.547775758478544539e-01 6.694816259940550296e-02 4.867917688508505147e-01 1.342508211246778842e+02
1.500000000000000000e+01 3.500000000000000000e+00 1.200000000000000000e+01 9.460000000000000853e+00 1.000000000000000000e+01 4.000000000000000000e+01 7.000000000000000000e+00 4.000000000000000000e+01 1.226390660823901690e-01 3.014986469898017774e-02 8.849824866281305047e-01 9.703440313075310542e+01
1.500000000000000000e+01 3.500000000000000000e+00 1.200000000000000000e+01 9.460000000000000853e+00 1.000000000000000000e+00 2.500000000000000000e+01 8.000000000000000000e+00 4.000000000000000000e+01 7.641334698304595996e-01 8.149443298806233749e-01 1.355099845116027879e-01 5.272628822944172953e+02
1.500000000000000000e+01 3.500000000000000000e+00 1.200000000000000000e+01 9.460000000000000853e+00 1.000000000000000000e+01 2.500000000000000000e+01 8.000000000000000000e+00 4.000000000000000000e+01 3.631780839211569134e-01 5.009923669972793370e-02 1.132448071738384465e+00 6.911497069574591023e+01
1.500000000000000000e+01 3.500000000000000000e+00 1.200000000000000000e+01 9.460000000000000853e+00 1.000000000000000000e+00 3.500000000000000000e+01 8.000000000000000000e+00 4.000000000000000000e+01 3.200513639749282824e-01 4.668340403682016415e-01 1.125743495174117564e-01 7.379432552147524257e+04
1.500000000000000000e+01 3.500000000000000000e+00 1.200000000000000000e+01 9.460000000000000853e+00 1.000000000000000000e+01 3.500000000000000000e+01 8.000000000000000000e+00 4.000000000000000000e+01 1.173934496700788088e-01 2.390010454686075647e-02 9.364997903852108063e-01 9.420238297918743342e+01
1.500000000000000000e+01 3.500000000000000000e+00 1.200000000000000000e+01 9.460000000000000853e+00 5.000000000000000000e+00 4.000000000000000000e+01 8.000000000000000000e+00 4.000000000000000000e+01 1.553773459532656886e-01 6.517877497088120364e-02 4.863101212091394676e-01 1.319470394068762005e+02
1.500000000000000000e+01 3.500000000000000000e+00 1.200000000000000000e+01 9.460000000000000853e+00 1.000000000000000000e+01 4.000000000000000000e+01 8.000000000000000000e+00 4.000000000000000000e+01 8.044051691795828241e-02 1.611876485763330535e-02 8.581697459722804622e-01 9.962971720534679321e+01
1.500000000000000000e+01 3.500000000000000000e+00 1.200000000000000000e+01 9.460000000000000853e+00 1.000000000000000000e+00 2.500000000000000000e+01 9.000000000000000000e+00 4.000000000000000000e+01 7.305304544958379775e-01 7.991260520370324638e-01 1.379260723593923321e-01 4.176529851606507577e+02
1.500000000000000000e+01 3.500000000000000000e+00 1.200000000000000000e+01 9.460000000000000853e+00 1.000000000000000000e+00 3.500000000000000000e+01 9.000000000000000000e+00 4.000000000000000000e+01 3.835518793992021003e-01 4.359066686651364986e-01 1.165046521945441588e-01 1.214896028958140523e+05
1.500000000000000000e+01 3.500000000000000000e+00 1.200000000000000000e+01 9.460000000000000853e+00 5.000000000000000000e+00 4.000000000000000000e+01 9.000000000000000000e+00 4.000000000000000000e+01 1.485026188553202342e-01 6.137431031933382464e-02 4.761147639942913679e-01 1.328814753702691007e+02
1.500000000000000000e+01 3.500000000000000000e+00 1.200000000000000000e+01 9.460000000000000853e+00 1.000000000000000000e+01 4.000000000000000000e+01 9.000000000000000000e+00 4.000000000000000000e+01 9.442270565709454111e-02 1.990297375293148541e-02 8.983259315391094457e-01 9.591679210914037412e+01
1.500000000000000000e+01 3.500000000000000000e+00 1.200000000000000000e+01 9.460000000000000853e+00 1.000000000000000000e+00 2.500000000000000000e+01 1.000000000000000000e+01 4.000000000000000000e+01 6.392690403641612118e-01 6.836598131265723133e-01 1.209194965837017549e-01 1.328670438435446704e+05
1.500000000000000000e+01 3.500000000000000000e+00 1.200000000000000000e+01 9.460000000000000853e+00 1.000000000000000000e+01 2.500000000000000000e+01 1.000000000000000000e+01 4.000000000000000000e+01 3.723013888150605855e-01 4.492526471411251165e-02 1.119108842585966324e+00 6.754206104446778625e+01
1.500000000000000000e+01 3.500000000000000000e+00 1.200000000000000000e+01 9.460000000000000853e+00 1.000000000000000000e+01 3.500000000000000000e+01 1.000000000000000000e+01 4.000000000000000000e+01 1.192606060649550326e-01 2.712079831530167517e-02 9.197445101570077552e-01 9.406774601930318624e+01
1.500000000000000000e+01 3.500000000000000000e+00 1.200000000000000000e+01 9.460000000000000853e+00 5.000000000000000000e+00 4.000000000000000000e+01 1.000000000000000000e+01 4.000000000000000000e+01 1.617355640626960689e-01 7.455431051377470197e-02 4.647513562323821734e-01 1.331260801789735524e+02
1.500000000000000000e+01 3.500000000000000000e+00 1.200000000000000000e+01 9.460000000000000853e+00 1.000000000000000000e+01 4.000000000000000000e+01 1.000000000000000000e+01 4.000000000000000000e+01 8.404456793989023566e-02 1.899169899920227778e-02 7.919518930194748840e-01 1.005953562815433884e+02
1.500000000000000000e+01 3.500000000000000000e+00 1.200000000000000000e+01 9.460000000000000853e+00 1.000000000000000000e+00 2.500000000000000000e+01 1.100000000000000000e+01 4.000000000000000000e+01 7.700110974368115091e-01 6.434204665877358842e-01 1.294087413929334296e-01 1.232786890420092241e+05
1.500000000000000000e+01 3.500000000000000000e+00 1.200000000000000000e+01 9.460000000000000853e+00 5.000000000000000000e+00 4.000000000000000000e+01 1.100000000000000000e+01 4.000000000000000000e+01 1.885346113703865178e-01 7.108354822685747365e-02 4.679434160237351814e-01 1.312953951608076011e+02
1.500000000000000000e+01 3.500000000000000000e+00 1.200000000000000000e+01 9.460000000000000853e+00 1.000000000000000000e+01 4.000000000000000000e+01 1.100000000000000000e+01 4.000000000000000000e+01 9.647420263679729047e-02 2.440944538117872931e-02 7.697485994658651576e-01 1.011905023801783727e+02
1.500000000000000000e+01 3.500000000000000000e+00 1.200000000000000000e+01 9.460000000000000853e+00 1.000000000000000000e+00 2.500000000000000000e+01 1.200000000000000000e+01 4.000000000000000000e+01 8.397381930769325376e-01 6.618062067309300467e-01 1.220153034455630225e-01 3.147104226803070333e+02
1.500000000000000000e+01 3.500000000000000000e+00 1.200000000000000000e+01 9.460000000000000853e+00 1.000000000000000000e+01 2.500000000000000000e+01 1.200000000000000000e+01 4.000000000000000000e+01 4.016432589156271327e-01 4.664839096849449085e-02 1.015750091063555072e+00 6.663231596390201616e+01
1.500000000000000000e+01 3.500000000000000000e+00 1.200000000000000000e+01 9.460000000000000853e+00 1.000000000000000000e+01 3.500000000000000000e+01 1.200000000000000000e+01 4.000000000000000000e+01 1.313185765731539334e-01 3.342376630227250622e-02 8.388798595256743429e-01 9.588759661528604283e+01
1.500000000000000000e+01 3.500000000000000000e+00 1.200000000000000000e+01 9.460000000000000853e+00 5.000000000000000000e+00 4.000000000000000000e+01 1.200000000000000000e+01 4.000000000000000000e+01 2.407385739162795080e-01 1.052652417393322715e-01 4.487963425890867941e-01 1.352093338376501777e+02
1.500000000000000000e+01 3.500000000000000000e+00 1.200000000000000000e+01 9.460000000000000853e+00 1.000000000000000000e+01 4.000000000000000000e+01 1.200000000000000000e+01 4.000000000000000000e+01 1.232397735289461060e-01 2.829699387445172576e-02 7.896179470418409618e-01 9.862802812149902820e+01
1.500000000000000000e+01 3.500000000000000000e+00 1.200000000000000000e+01 9.460000000000000853e+00 1.000000000000000000e+01 4.000000000000000000e+01 1.300000000000000000e+01 4.000000000000000000e+01 9.699195897560808355e-02 2.235257361692322142e-02 8.158357636784525635e-01 1.002360239848648575e+02
1.500000000000000000e+01 3.500000000000000000e+00 1.200000000000000000e+01 9.460000000000000853e+00 1.000000000000000000e+01 2.500000000000000000e+01 1.400000000000000000e+01 4.000000000000000000e+01 3.804997055771686121e-01 5.015467396216766183e-02 8.543333633719994991e-01 6.872054034176437654e+01
1.500000000000000000e+01 3.500000000000000000e+00 1.200000000000000000e+01 9.460000000000000853e+00 1.000000000000000000e+01 3.500000000000000000e+01 1.400000000000000000e+01 4.000000000000000000e+01 9.314319615985167111e-02 2.057561242205130370e-02 8.387535509651810051e-01 9.643468766919394852e+01
1.500000000000000000e+01 3.500000000000000000e+00 1.200000000000000000e+01 9.460000000000000853e+00 1.000000000000000000e+01 4.000000000000000000e+01 1.400000000000000000e+01 4.000000000000000000e+01 9.430966006092944554e-02 1.827038538663350309e-02 7.990147580607013245e-01 9.658817889178708072e+01
1.500000000000000000e+01 3.500000000000000000e+00 1.200000000000000000e+01 9.460000000000000853e+00 1.000000000000000000e+01 4.000000000000000000e+01 1.500000000000000000e+01 4.000000000000000000e+01 1.353496306445480801e-01 3.084730942614832827e-02 8.531350813188353088e-01 8.959559042794015227e+01
1.500000000000000000e+01 3.500000000000000000e+00 1.200000000000000000e+01 9.460000000000000853e+00 1.000000000000000000e+01 2.500000000000000000e+01 1.600000000000000000e+01 4.000000000000000000e+01 4.046866920059188910e-01 4.360466975953847246e-02 9.417644830444943382e-01 6.340186639397960278e+01
1.500000000000000000e+01 3.500000000000000000e+00 1.200000000000000000e+01 9.460000000000000853e+00 1.000000000000000000e+01 3.500000000000000000e+01 1.600000000000000000e+01 4.000000000000000000e+01 1.346448560308848297e-01 4.178439253086962957e-02 7.968008553618238787e-01 9.551580105148218536e+01
1.500000000000000000e+01 3.500000000000000000e+00 1.200000000000000000e+01 9.460000000000000853e+00 1.000000000000000000e+01 4.000000000000000000e+01 1.600000000000000000e+01 4.000000000000000000e+01 1.376616448533509729e-01 2.993279154308292611e-02 7.821958670113439149e-01 9.556924089670184230e+01
1.500000000000000000e+01 3.500000000000000000e+00 1.200000000000000000e+01 9.460000000000000853e+00 1.000000000000000000e+01 4.000000000000000000e+01 1.700000000000000000e+01 4.000000000000000000e+01 1.599331765729943289e-01 3.242623193410820726e-02 8.556847945566951052e-01 8.908767780890862298e+01
1.500000000000000000e+01 3.500000000000000000e+00 1.200000000000000000e+01 9.460000000000000853e+00 1.000000000000000000e+01 2.500000000000000000e+01 1.800000000000000000e+01 4.000000000000000000e+01 4.172773626819961112e-01 3.823613360097466440e-02 9.275275007603880351e-01 6.268506285196029637e+01
1.500000000000000000e+01 3.500000000000000000e+00 1.200000000000000000e+01 9.460000000000000853e+00 1.000000000000000000e+01 3.500000000000000000e+01 1.800000000000000000e+01 4.000000000000000000e+01 1.170195911189459981e-01 3.103567230541481869e-02 8.106909408072603407e-01 9.307223935763204281e+01
1.500000000000000000e+01 3.500000000000000000e+00 1.200000000000000000e+01 9.460000000000000853e+00 1.000000000000000000e+01 4.000000000000000000e+01 1.800000000000000000e+01 4.000000000000000000e+01 1.245720023279599520e-01 2.615257260365710934e-02 7.817830250199312436e-01 9.370482883592518419e+01
1.500000000000000000e+01 3.500000000000000000e+00 1.200000000000000000e+01 9.460000000000000853e+00 1.000000000000000000e+01 2.500000000000000000e+01 2.000000000000000000e+01 4.000000000000000000e+01 4.524210273775819413e-01 3.548480893348449072e-02 9.067697791764691706e-01 5.947341164663501445e+01
1.500000000000000000e+01 3.500000000000000000e+00 1.200000000000000000e+01 9.460000000000000853e+00 1.000000000000000000e+01 3.500000000000000000e+01 2.000000000000000000e+01 4.000000000000000000e+01 1.338479942467516448e-01 2.961706173842415524e-02 8.842737501360733443e-01 8.380300211255449483e+01
1.500000000000000000e+01 3.500000000000000000e+00 1.200000000000000000e+01 9.460000000000000853e+00 1.000000000000000000e+01 2.500000000000000000e+01 2.200000000000000000e+01 4.000000000000000000e+01 4.784941738970647229e-01 3.650649709846987001e-02 8.923394050581512360e-01 6.056400674182430066e+01
1.500000000000000000e+01 3.500000000000000000e+00 1.200000000000000000e+01 9.460000000000000853e+00 1.000000000000000000e+01 3.500000000000000000e+01 2.200000000000000000e+01 4.000000000000000000e+01 1.069965792137665961e-01 3.071885767399917810e-02 8.054120580395489615e-01 9.125254468512537187e+01
1.500000000000000000e+01 3.500000000000000000e+00 1.200000000000000000e+01 9.460000000000000853e+00 1.000000000000000000e+01 2.500000000000000000e+01 2.400000000000000000e+01 4.000000000000000000e+01 4.589764853573286008e-01 4.510489513566096065e-02 7.640729126246997849e-01 6.202769320418882160e+01
