1.100000000000000000e+01 3.500000000000000000e+00 1.200000000000000000e+01 4.450000000000000178e+00 1.000000000000000000e+00 2.500000000000000000e+01 0.000000000000000000e+00 4.000000000000000000e+01 3.326485034010007169e-02 7.256196886976540306e-02 9.975205425762523337e-02 1.435911849851932202e+05
1.100000000000000000e+01 3.500000000000000000e+00 1.200000000000000000e+01 4.450000000000000178e+00 5.000000000000000000e+00 2.500000000000000000e+01 0.000000000000000000e+00 4.000000000000000000e+01 3.513827087774057389e-02 4.180421845788750979e-02 1.844789279359634604e-01 2.736169312378747854e+05
1.100000000000000000e+01 3.500000000000000000e+00 1.200000000000000000e+01 4.450000000000000178e+00 1.000000000000000000e+01 2.500000000000000000e+01 0.000000000000000000e+00 4.000000000000000000e+01 3.562427704352821856e-02 1.783079971923617890e-02 3.834073619206561090e-01 4.541371716314006335e+02
1.100000000000000000e+01 3.500000000000000000e+00 1.200000000000000000e+01 4.450000000000000178e+00 1.000000000000000000e+00 2.500000000000000000e+01 1.000000000000000056e-01 4.000000000000000000e+01 4.041451630253445337e-02 1.018989249635033900e-01 9.831436898580452055e-02 2.512992364484231221e+05
1.100000000000000000e+01 3.500000000000000000e+00 1.200000000000000000e+01 4.450000000000000178e+00 5.000000000000000000e+00 2.500000000000000000e+01 1.000000000000000056e-01 4.000000000000000000e+01 4.301598900028569261e-02 5.910491110067450649e-02 1.795786936146576973e-01 2.508166499033629370e+05
1.100000000000000000e+01 3.500000000000000000e+00 1.200000000000000000e+01 4.450000000000000178e+00 1.000000000000000000e+01 2.500000000000000000e+01 1.000000000000000056e-01 4.000000000000000000e+01 4.678057012674519122e-02 2.721950940187767287e-02 3.748891621808337904e-01 5.834752931871051942e+02
1.100000000000000000e+01 3.500000000000000000e+00 1.200000000000000000e+01 4.450000000000000178e+00 1.000000000000000000e+00 3.500000000000000000e+01 1.000000000000000056e-01 4.000000000000000000e+01 2.952841393638294676e-02 7.339123830498928136e-02 8.971997805524437042e-02 1.036919608721264172e+06
1.100000000000000000e+01 3.500000000000000000e+00 1.200000000000000000e+01 4.450000000000000178e+00 5.000000000000000000e+00 3.500000000000000000e+01 1.000000000000000056e-01 4.000000000000000000e+01 4.085797208578134665e-02 6.326432050191699297e-02 1.739850028282592109e-01 1.133431710333035095e+06
1.100000000000000000e+01 3.500000000000000000e+00 1.200000000000000000e+01 4.450000000000000178e+00 1.000000000000000000e+01 3.500000000000000000e+01 1.000000000000000056e-01 4.000000000000000000e+01 4.622603976010908333e-02 3.484226673957158127e-02 3.593354890819044911e-01 2.781781445947097495e+02
1.100000000000000000e+01 3.500000000000000000e+00 1.200000000000000000e+01 4.450000000000000178e+00 1.000000000000000000e+00 4.000000000000000000e+01 1.000000000000000056e-01 4.000000000000000000e+01 2.385645548819148587e-02 6.531364694457253428e-02 8.939434279913896497e-02 9.936388792960979044e+05
1.100000000000000000e+01 3.500000000000000000e+00 1.200000000000000000e+01 4.450000000000000178e+00 5.000000000000000000e+00 4.000000000000000000e+01 1.000000000000000056e-01 4.000000000000000000e+01 3.205778321931807007e-02 5.759403013235786517e-02 1.605064549000282947e-01 4.288470996940152254e+05
1.100000000000000000e+01 3.500000000000000000e+00 1.200000000000000000e+01 4.450000000000000178e+00 1.000000000000000000e+01 4.000000000000000000e+01 1.000000000000000056e-01 4.000000000000000000e+01 3.089018030438817064e-02 3.023121333135647681e-02 3.038349954492011173e-01 3.544414499956372424e+02
1.100000000000000000e+01 3.500000000000000000e+00 1.200000000000000000e+01 4.450000000000000178e+00 1.000000000000000000e+00 2.500000000000000000e+01 1.000000000000000000e+00 4.000000000000000000e+01 7.889236999305127007e-02 2.338774946441954938e-01 1.118814403198624685e-01 2.764837019254492479e+05
1.100000000000000000e+01 3.500000000000000000e+00 1.200000000000000000e+01 4.450000000000000178e+00 1.000000000000000000e+00 3.500000000000000000e+01 1.000000000000000000e+00 4.000000000000000000e+01 2.904214765743362570e-02 8.273660517864223074e-02 1.133278438097368723e-01 4.466066228557078866e+05
1.100000000000000000e+01 3.500000000000000000e+00 1.200000000000000000e+01 4.450000000000000178e+00 1.000000000000000000e+00 4.000000000000000000e+01 1.000000000000000000e+00 4.000000000000000000e+01 1.425846692366450341e-02 3.520946129503466082e-02 1.265360421082725728e-01 1.409125940224414458e+06
1.100000000000000000e+01 3.500000000000000000e+00 1.200000000000000000e+01 4.450000000000000178e+00 5.000000000000000000e+00 4.000000000000000000e+01 1.000000000000000000e+00 4.000000000000000000e+01 2.133451695963306527e-02 3.253134617493258496e-02 2.363730392342000830e-01 7.306758291791544480e+02
1.100000000000000000e+01 3.500000000000000000e+00 1.200000000000000000e+01 4.450000000000000178e+00 1.000000000000000000e+01 4.000000000000000000e+01 1.000000000000000000e+00 4.000000000000000000e+01 2.486575951156821951e-02 2.515858721760011463e-02 4.365751330873487435e-01 2.187489837655637075e+02
1.100000000000000000e+01 3.500000000000000000e+00 1.200000000000000000e+01 4.450000000000000178e+00 1.000000000000000000e+00 2.500000000000000000e+01 2.000000000000000000e+00 4.000000000000000000e+01 8.900791486969672484e-02 2.652125750789855463e-01 1.143359488991129019e-01 1.889480281629971869e+05
1.100000000000000000e+01 3.500000000000000000e+00 1.200000000000000000e+01 4.450000000000000178e+00 5.000000000000000000e+00 2.500000000000000000e+01 2.000000000000000000e+00 4.000000000000000000e+01 7.154562871829850401e-02 1.271221432012910046e-01 1.593398389680367733e-01 4.605923011804207927e+05
1.100000000000000000e+01 3.500000000000000000e+00 1.200000000000000000e+01 4.450000000000000178e+00 1.000000000000000000e+01 2.500000000000000000e+01 2.000000000000000000e+00 4.000000000000000000e+01 6.232233457147895450e-02 8.474008187394321823e-02 1.812790586409612215e-01 2.948805050148065784e+05
1.100000000000000000e+01 3.500000000000000000e+00 1.200000000000000000e+01 4.450000000000000178e+00 1.000000000000000000e+00 3.500000000000000000e+01 2.000000000000000000e+00 4.000000000000000000e+01 2.935827621602360438e-02 6.324460459295311310e-02 1.327174402483541626e-01 9.400270483071169292e+04
1.100000000000000000e+01 3.500000000000000000e+00 1.200000000000000000e+01 4.450000000000000178e+00 5.000000000000000000e+00 3.500000000000000000e+01 2.000000000000000000e+00 4.000000000000000000e+01 2.600396258698012275e-02 3.240017051291155248e-02 2.406377873971788650e-01 3.531278550005322927e+02
1.100000000000000000e+01 3.500000000000000000e+00 1.200000000000000000e+01 4.450000000000000178e+00 1.000000000000000000e+01 3.500000000000000000e+01 2.000000000000000000e+00 4.000000000000000000e+01 3.431055971694463302e-02 3.266583295434966061e-02 4.342433120286069426e-01 1.947725685344122724e+02
1.100000000000000000e+01 3.500000000000000000e+00 1.200000000000000000e+01 4.450000000000000178e+00 1.000000000000000000e+00 4.000000000000000000e+01 2.000000000000000000e+00 4.000000000000000000e+01 1.719416374653937041e-02 3.855464807030783980e-02 1.541887368164838457e-01 2.154144770963736519e+05
1.100000000000000000e+01 3.500000000000000000e+00 1.200000000000000000e+01 4.450000000000000178e+00 5.000000000000000000e+00 4.000000000000000000e+01 2.000000000000000000e+00 4.000000000000000000e+01 2.009687211036670362e-02 3.429840321414490134e-02 2.605826824003414366e-01 4.515395545295097577e+02
1.100000000000000000e+01 3.500000000000000000e+00 1.200000000000000000e+01 4.450000000000000178e+00 1.000000000000000000e+01 4.000000000000000000e+01 2.000000000000000000e+00 4.000000000000000000e+01 2.466192697607927364e-02 2.652848175951616483e-02 4.633009878520283342e-01 1.995989114051666320e+02
1.100000000000000000e+01 3.500000000000000000e+00 1.200000000000000000e+01 4.450000000000000178e+00 1.000000000000000000e+00 2.500000000000000000e+01 3.000000000000000000e+00 4.000000000000000000e+01 6.308051195462871519e-02 1.549384572985261777e-01 1.063794254461761929e-01 7.894216925510679139e+05
1.100000000000000000e+01 3.500000000000000000e+00 1.200000000000000000e+01 4.450000000000000178e+00 1.000000000000000000e+00 3.500000000000000000e+01 3.000000000000000000e+00 4.000000000000000000e+01 2.892705564047703959e-02 7.440232886618058927e-02 1.447461251090833012e-01 1.961827239186549605e+03
1.100000000000000000e+01 3.500000000000000000e+00 1.200000000000000000e+01 4.450000000000000178e+00 1.000000000000000000e+00 4.000000000000000000e+01 3.000000000000000000e+00 4.000000000000000000e+01 1.676099783126150378e-02 4.664754371559398649e-02 1.746478411928258645e-01 1.771668757714871617e+03
1.100000000000000000e+01 3.500000000000000000e+00 1.200000000000000000e+01 4.450000000000000178e+00 5.000000000000000000e+00 4.000000000000000000e+01 3.000000000000000000e+00 4.000000000000000000e+01 1.884014071656725520e-02 3.475678966808359860e-02 2.915045755120463378e-01 3.051680769613883513e+02
1.100000000000000000e+01 3.500000000000000000e+00 1.200000000000000000e+01 4.450000000000000178e+00 1.000000000000000000e+01 4.000000000000000000e+01 3.000000000000000000e+00 4.000000000000000000e+01 2.175439588729055629e-02 2.386317880808630498e-02 4.800962056477637296e-01 1.898139283111891871e+02
1.100000000000000000e+01 3.500000000000000000e+00 1.200000000000000000e+01 4.450000000000000178e+00 1.000000000000000000e+00 2.500000000000000000e+01 4.000000000000000000e+00 4.000000000000000000e+01 5.666495506574609209e-02 1.383799014555000539e-01 9.884433380024922056e-02 1.856484927211326431e+05
1.100000000000000000e+01 3.500000000000000000e+00 1.200000000000000000e+01 4.450000000000000178e+00 5.000000000000000000e+00 2.500000000000000000e+01 4.000000000000000000e+00 4.000000000000000000e+01 7.359835979664408612e-02 1.902412966839557296e-01 1.254584033984235680e-01 6.208839346950664185e+05
1.100000000000000000e+01 3.500000000000000000e+00 1.200000000000000000e+01 4.450000000000000178e+00 1.000000000000000000e+01 2.500000000000000000e+01 4.000000000000000000e+00 4.000000000000000000e+01 6.641947392550240359e-02 1.313009880603071000e-01 1.336549030105563529e-01 1.480862399548236572e+05
1.100000000000000000e+01 3.500000000000000000e+00 1.200000000000000000e+01 4.450000000000000178e+00 1.000000000000000000e+00 3.500000000000000000e+01 4.000000000000000000e+00 4.000000000000000000e+01 2.704454540605527590e-02 6.534609828547455201e-02 1.429001837182143075e-01 2.285392540881985042e+03
1.100000000000000000e+01 3.500000000000000000e+00 1.200000000000000000e+01 4.450000000000000178e+00 5.000000000000000000e+00 3.500000000000000000e+01 4.000000000000000000e+00 4.000000000000000000e+01 2.588808175759305108e-02 3.718640771653158872e-02 2.339463687005354231e-01 4.193947221478955498e+02
1.100000000000000000e+01 3.500000000000000000e+00 1.200000000000000000e+01 4.450000000000000178e+00 1.000000000000000000e+01 3.500000000000000000e+01 4.000000000000000000e+00 4.000000000000000000e+01 2.889437332110356138e-02 2.899024659796500814e-02 4.034596530286422289e-01 2.036609592628932432e+02
1.100000000000000000e+01 3.500000000000000000e+00 1.200000000000000000e+01 4.450000000000000178e+00 1.000000000000000000e+00 4.000000000000000000e+01 4.000000000000000000e+00 4.000000000000000000e+01 9.962432821069899802e-03 2.342187767486958450e-02 1.531602722838004138e-01 2.554041952082516218e+03
1.100000000000000000e+01 3.500000000000000000e+00 1.200000000000000000e+01 4.450000000000000178e+00 5.000000000000000000e+00 4.000000000000000000e+01 4.000000000000000000e+00 4.000000000000000000e+01 1.386224955844239659e-02 2.400651657011798612e-02 2.669843146535287870e-01 3.569706527846608424e+02
1.100000000000000000e+01 3.500000000000000000e+00 1.200000000000000000e+01 4.450000000000000178e+00 1.000000000000000000e+01 4.000000000000000000e+01 4.000000000000000000e+00 4.000000000000000000e+01 1.417947884008263770e-02 1.468227152191858842e-02 4.495201889260573846e-01 1.997820358321923209e+02
1.100000000000000000e+01 3.500000000000000000e+00 1.200000000000000000e+01 4.450000000000000178e+00 1.000000000000000000e+00 2.500000000000000000e+01 5.000000000000000000e+00 4.000000000000000000e+01 5.938721663310952970e-02 1.526294579800331341e-01 9.627024310677732843e-02 2.531957691016235331e+05
1.100000000000000000e+01 3.500000000000000000e+00 1.200000000000000000e+01 4.450000000000000178e+00 1.000000000000000000e+00 3.500000000000000000e+01 5.000000000000000000e+00 4.000000000000000000e+01 2.144843537374185871e-02 4.158203127333215399e-02 1.450771465590280085e-01 3.799068662273906521e+05
1.100000000000000000e+01 3.500000000000000000e+00 1.200000000000000000e+01 4.450000000000000178e+00 1.000000000000000000e+00 4.000000000000000000e+01 5.000000000000000000e+00 4.000000000000000000e+01 5.092043723537775790e-03 1.055353206891029849e-02 1.572808512899991351e-01 8.526116959305072669e+02
1.100000000000000000e+01 3.500000000000000000e+00 1.200000000000000000e+01 4.450000000000000178e+00 5.000000000000000000e+00 4.000000000000000000e+01 5.000000000000000000e+00 4.000000000000000000e+01 6.459112479310080701e-03 6.636982912512356947e-03 2.737121154582915494e-01 3.758912560825775699e+02
1.100000000000000000e+01 3.500000000000000000e+00 1.200000000000000000e+01 4.450000000000000178e+00 1.000000000000000000e+01 4.000000000000000000e+01 5.000000000000000000e+00 4.000000000000000000e+01 8.466524760610161238e-03 4.980622090710040695e-03 4.378741629046553063e-01 2.073516890095202996e+02
1.100000000000000000e+01 3.500000000000000000e+00 1.200000000000000000e+01 4.450000000000000178e+00 1.000000000000000000e+00 2.500000000000000000e+01 6.000000000000000000e+00 4.000000000000000000e+01 6.879822881370678544e-02 1.567069191195715749e-01 1.026822259223483663e-01 1.451680969094093889e+05
1.100000000000000000e+01 3.500000000000000000e+00 1.200000000000000000e+01 4.450000000000000178e+00 5.000000000000000000e+00 2.500000000000000000e+01 6.000000000000000000e+00 4.000000000000000000e+01 5.988060978669418333e-02 1.147967464698267381e-01 1.173407454186447402e-01 4.360005105141688837e+05
1.100000000000000000e+01 3.500000000000000000e+00 1.200000000000000000e+01 4.450000000000000178e+00 1.000000000000000000e+01 2.500000000000000000e+01 6.000000000000000000e+00 4.000000000000000000e+01 5.871566781707460159e-02 1.011019852302887934e-01 1.340195192571352611e-01 1.365022962236435851e+05
1.100000000000000000e+01 3.500000000000000000e+00 1.200000000000000000e+01 4.450000000000000178e+00 1.000000000000000000e+00 3.500000000000000000e+01 6.000000000000000000e+00 4.000000000000000000e+01 1.810676773599095846e-02 3.232304749676684352e-02 1.553941452447720750e-01 6.633698627808912534e+02
1.100000000000000000e+01 3.500000000000000000e+00 1.200000000000000000e+01 4.450000000000000178e+00 5.000000000000000000e+00 3.500000000000000000e+01 6.000000000000000000e+00 4.000000000000000000e+01 2.581316835020630585e-02 4.952292094890031748e-02 2.465665926219191284e-01 3.069599782606615008e+02
1.100000000000000000e+01 3.500000000000000000e+00 1.200000000000000000e+01 4.450000000000000178e+00 1.000000000000000000e+01 3.500000000000000000e+01 6.000000000000000000e+00 4.000000000000000000e+01 2.676961256448384674e-02 3.146768598701554787e-02 4.131987176009355167e-01 1.953128094064335016e+02
1.100000000000000000e+01 3.500000000000000000e+00 1.200000000000000000e+01 4.450000000000000178e+00 1.000000000000000000e+00 4.000000000000000000e+01 6.000000000000000000e+00 4.000000000000000000e+01 8.788711898309875536e-03 2.287919774425306585e-02 1.703763418336747548e-01 4.983906409023677497e+02
1.100000000000000000e+01 3.500000000000000000e+00 1.200000000000000000e+01 4.450000000000000178e+00 5.000000000000000000e+00 4.000000000000000000e+01 6.000000000000000000e+00 4.000000000000000000e+01 5.198584192053434805e-03 5.326875960035337698e-03 2.906424019059024588e-01 2.959973969110633902e+02
1.100000000000000000e+01 3.500000000000000000e+00 1.200000000000000000e+01 4.450000000000000178e+00 1.000000000000000000e+01 4.000000000000000000e+01 6.000000000000000000e+00 4.000000000000000000e+01 9.965200082612923893e-03 8.252505931750642176e-03 4.815480326741099493e-01 1.838892273830480519e+02
1.100000000000000000e+01 3.500000000000000000e+00 1.200000000000000000e+01 4.450000000000000178e+00 1.000000000000000000e+00 2.500000000000000000e+01 7.000000000000000000e+00 4.000000000000000000e+01 6.737529609967785049e-02 1.385869312393308572e-01 1.049104845111913237e-01 3.362255786710233078e+05
1.100000000000000000e+01 3.500000000000000000e+00 1.200000000000000000e+01 4.450000000000000178e+00 1.000000000000000000e+00 3.500000000000000000e+01 7.000000000000000000e+00 4.000000000000000000e+01 2.068348990309654134e-02 4.192511410631860613e-02 1.584297238174974809e-01 5.956945217762958009e+02
1.100000000000000000e+01 3.500000000000000000e+00 1.200000000000000000e+01 4.450000000000000178e+00 5.000000000000000000e+00 4.000000000000000000e+01 7.000000000000000000e+00 4.000000000000000000e+01 8.289641650806478523e-03 1.014459682686563724e-02 2.943382375343280843e-01 2.815072577216299123e+02
1.100000000000000000e+01 3.500000000000000000e+00 1.200000000000000000e+01 4.450000000000000178e+00 1.000000000000000000e+01 4.000000000000000000e+01 7.000000000000000000e+00 4.000000000000000000e+01 1.069793975842014966e-02 7.459029659662830269e-03 4.898149322048034882e-01 1.764109132525367443e+02
1.100000000000000000e+01 3.500000000000000000e+00 1.200000000000000000e+01 4.450000000000000178e+00 1.000000000000000000e+00 2.500000000000000000e+01 8.000000000000000000e+00 4.000000000000000000e+01 6.964209311617985954e-02 1.846490419197699406e-01 1.058133142311348529e-01 7.332087256754203700e+05
1.100000000000000000e+01 3.500000000000000000e+00 1.200000000000000000e+01 4.450000000000000178e+00 5.000000000000000000e+00 2.500000000000000000e+01 8.000000000000000000e+00 4.000000000000000000e+01 6.788585032375094030e-02 1.728549855981542649e-01 1.049946435310747106e-01 1.992914145511063689e+05
1.100000000000000000e+01 3.500000000000000000e+00 1.200000000000000000e+01 4.450000000000000178e+00 1.000000000000000000e+01 2.500000000000000000e+01 8.000000000000000000e+00 4.000000000000000000e+01 5.096755765970972796e-02 9.171765661224950961e-02 1.371883395117608762e-01 5.300209695346449053e+02
1.100000000000000000e+01 3.500000000000000000e+00 1.200000000000000000e+01 4.450000000000000178e+00 1.000000000000000000e+00 3.500000000000000000e+01 8.000000000000000000e+00 4.000000000000000000e+01 2.577337445568073093e-02 8.756053402517705031e-02 1.586144977631540331e-01 4.970451629110453950e+02
1.100000000000000000e+01 3.500000000000000000e+00 1.200000000000000000e+01 4.450000000000000178e+00 5.000000000000000000e+00 3.500000000000000000e+01 8.000000000000000000e+00 4.000000000000000000e+01 2.718867511533074044e-02 5.325502682281668676e-02 2.600414838368709791e-01 2.615692606215338856e+02
1.100000000000000000e+01 3.500000000000000000e+00 1.200000000000000000e+01 4.450000000000000178e+00 1.000000000000000000e+01 3.500000000000000000e+01 8.000000000000000000e+00 4.000000000000000000e+01 2.179089766004604911e-02 2.017261212605925280e-02 4.243129695991859629e-01 1.859019929219857374e+02
1.100000000000000000e+01 3.500000000000000000e+00 1.200000000000000000e+01 4.450000000000000178e+00 5.000000000000000000e+00 4.000000000000000000e+01 8.000000000000000000e+00 4.000000000000000000e+01 1.866005298937212231e-03 9.230623264409043571e-04 2.941316602133897118e-01 2.791740963255407451e+02
1.100000000000000000e+01 3.500000000000000000e+00 1.200000000000000000e+01 4.450000000000000178e+00 1.000000000000000000e+01 4.000000000000000000e+01 8.000000000000000000e+00 4.000000000000000000e+01 1.482729788125913828e-02 1.440034196036421577e-02 4.802624476949328147e-01 1.736288678658443132e+02
1.100000000000000000e+01 3.500000000000000000e+00 1.200000000000000000e+01 4.450000000000000178e+00 1.000000000000000000e+00 2.500000000000000000e+01 9.000000000000000000e+00 4.000000000000000000e+01 6.682688823918447873e-02 1.595557290700471142e-01 1.076263414520361866e-01 3.644968299278629711e+05
1.100000000000000000e+01 3.500000000000000000e+00 1.200000000000000000e+01 4.450000000000000178e+00 1.000000000000000000e+00 3.500000000000000000e+01 9.000000000000000000e+00 4.000000000000000000e+01 2.530473886746320566e-02 5.024988928767259999e-02 1.773940616193669939e-01 4.640144288397216883e+02
1.100000000000000000e+01 3.500000000000000000e+00 1.200000000000000000e+01 4.450000000000000178e+00 5.000000000000000000e+00 4.000000000000000000e+01 9.000000000000000000e+00 4.000000000000000000e+01 9.436086155231615535e-03 1.238171208796146061e-02 3.257171482723268952e-01 2.357287867332860287e+02
1.100000000000000000e+01 3.500000000000000000e+00 1.200000000000000000e+01 4.450000000000000178e+00 1.000000000000000000e+01 4.000000000000000000e+01 9.000000000000000000e+00 4.000000000000000000e+01 7.624662082698074883e-03 3.562752652918055318e-03 4.953682826359348534e-01 1.653109695858599366e+02
1.100000000000000000e+01 3.500000000000000000e+00 1.200000000000000000e+01 4.450000000000000178e+00 1.000000000000000000e+00 2.500000000000000000e+01 1.000000000000000000e+01 4.000000000000000000e+01 6.187017835920216591e-02 1.424529405676644433e-01 1.025593694054058175e-01 1.102462282524299662e+05
1.100000000000000000e+01 3.500000000000000000e+00 1.200000000000000000e+01 4.450000000000000178e+00 5.000000000000000000e+00 2.500000000000000000e+01 1.000000000000000000e+01 4.000000000000000000e+01 6.739934569871319781e-02 1.910331129844642373e-01 1.096632584254801923e-01 4.084071667447237996e+05
1.100000000000000000e+01 3.500000000000000000e+00 1.200000000000000000e+01 4.450000000000000178e+00 1.000000000000000000e+01 2.500000000000000000e+01 1.000000000000000000e+01 4.000000000000000000e+01 5.386059814427079928e-02 9.418563395584755860e-02 1.409000400265595643e-01 9.743463831091501106e+02
1.100000000000000000e+01 3.500000000000000000e+00 1.200000000000000000e+01 4.450000000000000178e+00 5.000000000000000000e+00 3.500000000000000000e+01 1.000000000000000000e+01 4.000000000000000000e+01 1.596691175582121147e-02 2.334641428221617687e-02 2.544988766734955776e-01 2.977308126617720063e+02
1.100000000000000000e+01 3.500000000000000000e+00 1.200000000000000000e+01 4.450000000000000178e+00 1.000000000000000000e+01 3.500000000000000000e+01 1.000000000000000000e+01 4.000000000000000000e+01 2.619807561073095314e-02 2.898622890159341381e-02 4.338558421157531764e-01 1.799154868709141510e+02
1.100000000000000000e+01 3.500000000000000000e+00 1.200000000000000000e+01 4.450000000000000178e+00 5.000000000000000000e+00 4.000000000000000000e+01 1.000000000000000000e+01 4.000000000000000000e+01 3.732540254578475825e-03 4.562909383892144177e-03 3.244087204442444583e-01 2.787008852155800582e+02
1.100000000000000000e+01 3.500000000000000000e+00 1.200000000000000000e+01 4.450000000000000178e+00 1.000000000000000000e+01 4.000000000000000000e+01 1.000000000000000000e+01 4.000000000000000000e+01 1.079691683439776284e-02 1.024104670154768471e-02 5.428664033930397093e-01 1.741722051695380742e+02
1.100000000000000000e+01 3.500000000000000000e+00 1.200000000000000000e+01 4.450000000000000178e+00 1.000000000000000000e+00 2.500000000000000000e+01 1.100000000000000000e+01 4.000000000000000000e+01 6.548971081242016545e-02 1.784781678472617816e-01 9.498834276430220824e-02 1.195502743968276918e+05
1.100000000000000000e+01 3.500000000000000000e+00 1.200000000000000000e+01 4.450000000000000178e+00 5.000000000000000000e+00 4.000000000000000000e+01 1.100000000000000000e+01 4.000000000000000000e+01 1.262884648327577963e-03 7.863461190244414034e-02 3.369698034792803498e-01 4.841298980337708713e+02
1.100000000000000000e+01 3.500000000000000000e+00 1.200000000000000000e+01 4.450000000000000178e+00 1.000000000000000000e+01 4.000000000000000000e+01 1.100000000000000000e+01 4.000000000000000000e+01 5.378623051656594711e-03 3.602878277042753652e-03 5.380621968043556302e-01 1.732136667639161658e+02
1.100000000000000000e+01 3.500000000000000000e+00 1.200000000000000000e+01 4.450000000000000178e+00 1.000000000000000000e+00 2.500000000000000000e+01 1.200000000000000000e+01 4.000000000000000000e+01 5.819334422087529823e-02 1.694480146190160408e-01 8.938124607747299777e-02 1.936466058861247438e+05
1.100000000000000000e+01 3.500000000000000000e+00 1.200000000000000000e+01 4.450000000000000178e+00 5.000000000000000000e+00 2.500000000000000000e+01 1.200000000000000000e+01 4.000000000000000000e+01 5.191212946350232116e-02 1.273592987832956602e-01 9.478578421958598621e-02 3.594570570828115451e+05
1.100000000000000000e+01 3.500000000000000000e+00 1.200000000000000000e+01 4.450000000000000178e+00 1.000000000000000000e+01 2.500000000000000000e+01 1.200000000000000000e+01 4.000000000000000000e+01 5.878591100702434957e-02 1.438044260878084124e-01 1.354329398649213312e-01 6.507307085530393351e+02
1.100000000000000000e+01 3.500000000000000000e+00 1.200000000000000000e+01 4.450000000000000178e+00 5.000000000000000000e+00 3.500000000000000000e+01 1.200000000000000000e+01 4.000000000000000000e+01 9.446711438479526990e-03 1.503266417570303659e-02 2.366435252091587671e-01 3.009497405945461992e+02
1.100000000000000000e+01 3.500000000000000000e+00 1.200000000000000000e+01 4.450000000000000178e+00 1.000000000000000000e+01 3.500000000000000000e+01 1.200000000000000000e+01 4.000000000000000000e+01 1.156096634139736068e-02 9.873985380425942537e-03 4.107398451885446167e-01 1.922307341607207150e+02
1.100000000000000000e+01 3.500000000000000000e+00 1.200000000000000000e+01 4.450000000000000178e+00 5.000000000000000000e+00 4.000000000000000000e+01 1.200000000000000000e+01 4.000000000000000000e+01 1.548715664601019171e-07 2.123041786816770582e-08 3.670975394314399121e-01 3.092110770527754084e+02
1.100000000000000000e+01 3.500000000000000000e+00 1.200000000000000000e+01 4.450000000000000178e+00 1.000000000000000000e+01 4.000000000000000000e+01 1.200000000000000000e+01 4.000000000000000000e+01 4.510023989601208427e-06 9.181030824478852992e-09 9.832881057122753177e-01 1.256108078111477084e+02
1.100000000000000000e+01 3.500000000000000000e+00 1.200000000000000000e+01 4.450000000000000178e+00 1.000000000000000000e+01 4.000000000000000000e+01 1.300000000000000000e+01 4.000000000000000000e+01 1.219895683357563598e-06 5.768199473621393736e-09 6.038168201957428982e-01 2.085507142967561833e+02
1.100000000000000000e+01 3.500000000000000000e+00 1.200000000000000000e+01 4.450000000000000178e+00 5.000000000000000000e+00 2.500000000000000000e+01 1.400000000000000000e+01 4.000000000000000000e+01 6.154806759616660017e-02 1.805192298125608552e-01 1.017910739967739786e-01 1.200170006189824053e+05
1.100000000000000000e+01 3.500000000000000000e+00 1.200000000000000000e+01 4.450000000000000178e+00 1.000000000000000000e+01 2.500000000000000000e+01 1.400000000000000000e+01 4.000000000000000000e+01 5.248798254074782399e-02 7.419151828206249633e-02 1.580602675476199814e-01 5.079340928872665586e+02
1.100000000000000000e+01 3.500000000000000000e+00 1.200000000000000000e+01 4.450000000000000178e+00 5.000000000000000000e+00 3.500000000000000000e+01 1.400000000000000000e+01 4.000000000000000000e+01 9.738414716630838797e-03 8.162833083223075548e-03 2.914980173186002554e-01 2.381922527208730287e+02
1.100000000000000000e+01 3.500000000000000000e+00 1.200000000000000000e+01 4.450000000000000178e+00 1.000000000000000000e+01 3.500000000000000000e+01 1.400000000000000000e+01 4.000000000000000000e+01 1.477052828898184345e-02 1.158896834883660354e-02 4.505599795592052925e-01 1.766474707270986926e+02
1.100000000000000000e+01 3.500000000000000000e+00 1.200000000000000000e+01 4.450000000000000178e+00 1.000000000000000000e+01 4.000000000000000000e+01 1.400000000000000000e+01 4.000000000000000000e+01 2.281883430876874286e-06 4.513996065824699144e-09 6.674952731467878042e-01 1.552175494187474669e+02
1.100000000000000000e+01 3.500000000000000000e+00 1.200000000000000000e+01 4.450000000000000178e+00 1.000000000000000000e+01 4.000000000000000000e+01 1.500000000000000000e+01 4.000000000000000000e+01 8.769805672326214108e-05 1.131629205919360004e-05 6.977189766005317262e-01 1.736140409804546039e+02
1.100000000000000000e+01 3.500000000000000000e+00 1.200000000000000000e+01 4.450000000000000178e+00 5.000000000000000000e+00 2.500000000000000000e+01 1.600000000000000000e+01 4.000000000000000000e+01 5.545784983760992937e-02 1.616993274958269389e-01 1.027402095164470508e-01 1.846678456360117998e+05
1.100000000000000000e+01 3.500000000000000000e+00 1.200000000000000000e+01 4.450000000000000178e+00 1.000000000000000000e+01 2.500000000000000000e+01 1.600000000000000000e+01 4.000000000000000000e+01 4.755860650531062994e-02 7.088430228285003132e-02 1.556838645495595419e-01 4.412127583025207400e+02
1.100000000000000000e+01 3.500000000000000000e+00 1.200000000000000000e+01 4.450000000000000178e+00 5.000000000000000000e+00 3.500000000000000000e+01 1.600000000000000000e+01 4.000000000000000000e+01 1.764738955144751209e-02 2.738786819154914731e-02 2.630410337798494425e-01 3.038206031560480369e+02
1.100000000000000000e+01 3.500000000000000000e+00 1.200000000000000000e+01 4.450000000000000178e+00 1.000000000000000000e+01 3.500000000000000000e+01 1.600000000000000000e+01 4.000000000000000000e+01 1.078188028641813290e-02 6.007870819012550712e-03 4.357906257057458932e-01 1.922171130956037359e+02
1.100000000000000000e+01 3.500000000000000000e+00 1.200000000000000000e+01 4.450000000000000178e+00 1.000000000000000000e+01 4.000000000000000000e+01 1.600000000000000000e+01 4.000000000000000000e+01 5.657284920523864002e-07 6.249614825648563965e-09 6.682412168094475913e-01 1.673094727051101245e+02
1.100000000000000000e+01 3.500000000000000000e+00 1.200000000000000000e+01 4.450000000000000178e+00 1.000000000000000000e+01 4.000000000000000000e+01 1.700000000000000000e+01 4.000000000000000000e+01 2.192946140011642342e-06 5.374579670203161186e-09 6.776836367876649669e-01 1.421648649414169938e+02
1.100000000000000000e+01 3.500000000000000000e+00 1.200000000000000000e+01 4.450000000000000178e+00 5.000000000000000000e+00 2.500000000000000000e+01 1.800000000000000000e+01 4.000000000000000000e+01 4.941107708967051870e-02 1.131042281144059025e-01 9.490740423803094294e-02 1.479364114330178418e+05
1.100000000000000000e+01 3.500000000000000000e+00 1.200000000000000000e+01 4.450000000000000178e+00 1.000000000000000000e+01 2.500000000000000000e+01 1.800000000000000000e+01 4.000000000000000000e+01 5.378745995461442497e-02 1.045719221731851167e-01 1.557142006614611329e-01 3.374001487754805453e+02
1.100000000000000000e+01 3.500000000000000000e+00 1.200000000000000000e+01 4.450000000000000178e+00 5.000000000000000000e+00 3.500000000000000000e+01 1.800000000000000000e+01 4.000000000000000000e+01 7.976100128128660316e-03 8.256084325577228711e-03 2.687902183916803245e-01 2.853973181954665392e+02
1.100000000000000000e+01 3.500000000000000000e+00 1.200000000000000000e+01 4.450000000000000178e+00 1.000000000000000000e+01 3.500000000000000000e+01 1.800000000000000000e+01 4.000000000000000000e+01 1.608500426494474667e-02 1.404482172873433576e-02 4.488824765137304218e-01 1.833902080197355531e+02
1.100000000000000000e+01 3.500000000000000000e+00 1.200000000000000000e+01 4.450000000000000178e+00 1.000000000000000000e+01 4.000000000000000000e+01 1.800000000000000000e+01 4.000000000000000000e+01 4.058953173569079809e-09 3.390003383869863285e+01 7.552957412681334803e-01 1.768541677536947248e+02
1.100000000000000000e+01 3.500000000000000000e+00 1.200000000000000000e+01 4.450000000000000178e+00 5.000000000000000000e+00 2.500000000000000000e+01 2.000000000000000000e+01 4.000000000000000000e+01 5.386084288616754812e-02 1.402183496002527008e-01 1.024834741667972615e-01 2.057639203497370181e+05
1.100000000000000000e+01 3.500000000000000000e+00 1.200000000000000000e+01 4.450000000000000178e+00 1.000000000000000000e+01 2.500000000000000000e+01 2.000000000000000000e+01 4.000000000000000000e+01 4.810742580978866201e-02 7.754283130882955177e-02 1.581927446647386493e-01 3.477073941302771232e+02
1.100000000000000000e+01 3.500000000000000000e+00 1.200000000000000000e+01 4.450000000000000178e+00 1.000000000000000000e+01 3.500000000000000000e+01 2.000000000000000000e+01 4.000000000000000000e+01 1.153670875528534090e-02 6.722684450485738594e-03 4.719224628174404357e-01 1.701801411918643510e+02
1.100000000000000000e+01 3.500000000000000000e+00 1.200000000000000000e+01 4.450000000000000178e+00 1.000000000000000000e+01 3.500000000000000000e+01 2.200000000000000000e+01 4.000000000000000000e+01 2.312185357262830365e-02 1.751692630560475195e-02 4.134672873004492932e-01 1.600546262910580708e+02
1.100000000000000000e+01 3.500000000000000000e+00 1.200000000000000000e+01 4.450000000000000178e+00 5.000000000000000000e+00 2.500000000000000000e+01 2.400000000000000000e+01 4.000000000000000000e+01 6.150230469640538544e-02 1.911204085611462045e-01 1.028476659854870995e-01 2.161556175075983338e+05
1.100000000000000000e+01 3.500000000000000000e+00 1.200000000000000000e+01 4.450000000000000178e+00 1.000000000000000000e+01 2.500000000000000000e+01 2.400000000000000000e+01 4.000000000000000000e+01 5.337158908361239185e-02 7.090242577550931458e-02 1.783920395584040752e-01 3.159654262275368524e+02
