1.000000000000000000e+01 2.500000000000000000e+00 1.200000000000000000e+01 4.709999999999999964e+00 1.000000000000000000e+00 2.500000000000000000e+01 0.000000000000000000e+00 4.000000000000000000e+01 2.622842389368562621e-02 6.956365241952866540e-02 8.325086813600117430e-02 1.364421871337316115e+05
1.000000000000000000e+01 2.500000000000000000e+00 1.200000000000000000e+01 4.709999999999999964e+00 5.000000000000000000e+00 2.500000000000000000e+01 0.000000000000000000e+00 4.000000000000000000e+01 2.468884251652903039e-02 1.104785138022412738e-02 3.702003961612303495e-01 3.702592178499937745e+02
1.000000000000000000e+01 2.500000000000000000e+00 1.200000000000000000e+01 4.709999999999999964e+00 1.000000000000000000e+00 2.500000000000000000e+01 1.000000000000000056e-01 4.000000000000000000e+01 3.030690406147562577e-02 8.613589201293470055e-02 7.837156231424984021e-02 2.800033313202123973e+05
1.000000000000000000e+01 2.500000000000000000e+00 1.200000000000000000e+01 4.709999999999999964e+00 5.000000000000000000e+00 2.500000000000000000e+01 1.000000000000000056e-01 4.000000000000000000e+01 3.918923832063292423e-02 2.159419010368046621e-02 3.556025845917846762e-01 4.222975521910731800e+02
1.000000000000000000e+01 2.500000000000000000e+00 1.200000000000000000e+01 4.709999999999999964e+00 1.000000000000000000e+00 3.500000000000000000e+01 1.000000000000000056e-01 4.000000000000000000e+01 3.444141633232478128e-02 9.946914259463124353e-02 7.541388930288653314e-02 3.661387939576269127e+05
1.000000000000000000e+01 2.500000000000000000e+00 1.200000000000000000e+01 4.709999999999999964e+00 5.000000000000000000e+00 3.500000000000000000e+01 1.000000000000000056e-01 4.000000000000000000e+01 4.687852165899530910e-02 3.469489354007926352e-02 3.262840620860313900e-01 3.269609893871329973e+02
1.000000000000000000e+01 2.500000000000000000e+00 1.200000000000000000e+01 4.709999999999999964e+00 1.000000000000000000e+01 3.500000000000000000e+01 1.000000000000000056e-01 4.000000000000000000e+01 3.488024531983557885e-02 6.432506942758209334e-03 1.002331991151375057e+00 1.374696418125728030e+02
1.000000000000000000e+01 2.500000000000000000e+00 1.200000000000000000e+01 4.709999999999999964e+00 1.000000000000000000e+00 4.000000000000000000e+01 1.000000000000000056e-01 4.000000000000000000e+01 2.950293311263063600e-02 1.065761004050032046e-01 7.383922044013735420e-02 2.171643839065234060e+05
1.000000000000000000e+01 2.500000000000000000e+00 1.200000000000000000e+01 4.709999999999999964e+00 5.000000000000000000e+00 4.000000000000000000e+01 1.000000000000000056e-01 4.000000000000000000e+01 2.755358860178813707e-02 2.354037227448735337e-02 3.038855810887153841e-01 3.715494846907552073e+02
1.000000000000000000e+01 2.500000000000000000e+00 1.200000000000000000e+01 4.709999999999999964e+00 1.000000000000000000e+01 4.000000000000000000e+01 1.000000000000000056e-01 4.000000000000000000e+01 1.693089359060850896e-02 3.069840670018475492e-03 9.269157942350847446e-01 1.431914296991355684e+02
1.000000000000000000e+01 2.500000000000000000e+00 1.200000000000000000e+01 4.709999999999999964e+00 1.000000000000000000e+00 2.500000000000000000e+01 1.000000000000000000e+00 4.000000000000000000e+01 4.912744482248121436e-02 1.351863334141949480e-01 7.909541044552473310e-02 2.636607235122665297e+05
1.000000000000000000e+01 2.500000000000000000e+00 1.200000000000000000e+01 4.709999999999999964e+00 1.000000000000000000e+00 3.500000000000000000e+01 1.000000000000000000e+00 4.000000000000000000e+01 4.390140155773947228e-02 2.119284647960044676e-01 7.073987334788825465e-02 4.025991581786087481e+05
1.000000000000000000e+01 2.500000000000000000e+00 1.200000000000000000e+01 4.709999999999999964e+00 1.000000000000000000e+00 4.000000000000000000e+01 1.000000000000000000e+00 4.000000000000000000e+01 5.793370760479232828e-02 2.313215988989341110e-01 6.551966270104198076e-02 1.874243238365573925e+05
1.000000000000000000e+01 2.500000000000000000e+00 1.200000000000000000e+01 4.709999999999999964e+00 5.000000000000000000e+00 4.000000000000000000e+01 1.000000000000000000e+00 4.000000000000000000e+01 2.255376678645282240e-02 1.685075442549610614e-02 2.852663865824725531e-01 5.418877008158598301e+02
1.000000000000000000e+01 2.500000000000000000e+00 1.200000000000000000e+01 4.709999999999999964e+00 1.000000000000000000e+01 4.000000000000000000e+01 1.000000000000000000e+00 4.000000000000000000e+01 3.321733079132416222e-03 2.375874061109062296e-04 9.166333695706060380e-01 1.334094658026106401e+02
1.000000000000000000e+01 2.500000000000000000e+00 1.200000000000000000e+01 4.709999999999999964e+00 1.000000000000000000e+00 2.500000000000000000e+01 2.000000000000000000e+00 4.000000000000000000e+01 7.243243106244046103e-02 2.560968834396577520e-01 7.737096034237214703e-02 1.433085214801749971e+05
1.000000000000000000e+01 2.500000000000000000e+00 1.200000000000000000e+01 4.709999999999999964e+00 5.000000000000000000e+00 2.500000000000000000e+01 2.000000000000000000e+00 4.000000000000000000e+01 5.810960438521717286e-02 5.160352524625744230e-02 3.386358345487834320e-01 3.496712807519519401e+02
1.000000000000000000e+01 2.500000000000000000e+00 1.200000000000000000e+01 4.709999999999999964e+00 1.000000000000000000e+00 3.500000000000000000e+01 2.000000000000000000e+00 4.000000000000000000e+01 5.732930493606924749e-02 2.235426075620079445e-01 6.915796972478836790e-02 2.708975250113984221e+05
1.000000000000000000e+01 2.500000000000000000e+00 1.200000000000000000e+01 4.709999999999999964e+00 5.000000000000000000e+00 3.500000000000000000e+01 2.000000000000000000e+00 4.000000000000000000e+01 2.628180591472295546e-02 2.194072190546481060e-02 3.175428941245039272e-01 3.345642264705974753e+02
1.000000000000000000e+01 2.500000000000000000e+00 1.200000000000000000e+01 4.709999999999999964e+00 1.000000000000000000e+01 3.500000000000000000e+01 2.000000000000000000e+00 4.000000000000000000e+01 1.309903358293840192e-02 2.465803377979636224e-03 9.619946527792108126e-01 1.322912460042168448e+02
1.000000000000000000e+01 2.500000000000000000e+00 1.200000000000000000e+01 4.709999999999999964e+00 1.000000000000000000e+00 4.000000000000000000e+01 2.000000000000000000e+00 4.000000000000000000e+01 7.489233371371128989e-02 2.988097888201155516e-01 6.896128408960260081e-02 1.500358232005385216e+05
1.000000000000000000e+01 2.500000000000000000e+00 1.200000000000000000e+01 4.709999999999999964e+00 5.000000000000000000e+00 4.000000000000000000e+01 2.000000000000000000e+00 4.000000000000000000e+01 3.522227009586353930e-02 2.421293086302345188e-02 3.046053457978283863e-01 3.361740812487110475e+02
1.000000000000000000e+01 2.500000000000000000e+00 1.200000000000000000e+01 4.709999999999999964e+00 1.000000000000000000e+01 4.000000000000000000e+01 2.000000000000000000e+00 4.000000000000000000e+01 8.372996266819754396e-03 9.036065796426129282e-04 9.417911067901438837e-01 1.209535772733291026e+02
1.000000000000000000e+01 2.500000000000000000e+00 1.200000000000000000e+01 4.709999999999999964e+00 1.000000000000000000e+00 2.500000000000000000e+01 3.000000000000000000e+00 4.000000000000000000e+01 8.055891529665126782e-02 3.440124591526418918e-01 7.841001544841416648e-02 3.184030488103883108e+05
1.000000000000000000e+01 2.500000000000000000e+00 1.200000000000000000e+01 4.709999999999999964e+00 1.000000000000000000e+00 3.500000000000000000e+01 3.000000000000000000e+00 4.000000000000000000e+01 6.732575018846698178e-02 3.296550205954211776e-01 6.638595356544219062e-02 1.879445387054377352e+05
1.000000000000000000e+01 2.500000000000000000e+00 1.200000000000000000e+01 4.709999999999999964e+00 1.000000000000000000e+00 4.000000000000000000e+01 3.000000000000000000e+00 4.000000000000000000e+01 6.911058240344214454e-04 2.423052769026237119e-01 5.856832759610088035e-02 2.884375479767889483e+05
1.000000000000000000e+01 2.500000000000000000e+00 1.200000000000000000e+01 4.709999999999999964e+00 5.000000000000000000e+00 4.000000000000000000e+01 3.000000000000000000e+00 4.000000000000000000e+01 3.460062197562385755e-02 2.845222596688379291e-02 3.265691453542111100e-01 2.620199234652230871e+02
1.000000000000000000e+01 2.500000000000000000e+00 1.200000000000000000e+01 4.709999999999999964e+00 1.000000000000000000e+01 4.000000000000000000e+01 3.000000000000000000e+00 4.000000000000000000e+01 1.644021713391818906e-02 1.991236258702233641e-03 9.644613059528228671e-01 1.116352439606116036e+02
1.000000000000000000e+01 2.500000000000000000e+00 1.200000000000000000e+01 4.709999999999999964e+00 1.000000000000000000e+00 2.500000000000000000e+01 4.000000000000000000e+00 4.000000000000000000e+01 7.696113959689587780e-02 3.176164852984653120e-01 7.411064681682100197e-02 1.483903576923731889e+05
1.000000000000000000e+01 2.500000000000000000e+00 1.200000000000000000e+01 4.709999999999999964e+00 5.000000000000000000e+00 2.500000000000000000e+01 4.000000000000000000e+00 4.000000000000000000e+01 5.565569901275613240e-02 4.427416482067947356e-02 3.250786665029830602e-01 3.668688633074237941e+02
1.000000000000000000e+01 2.500000000000000000e+00 1.200000000000000000e+01 4.709999999999999964e+00 1.000000000000000000e+00 3.500000000000000000e+01 4.000000000000000000e+00 4.000000000000000000e+01 8.764194049259321773e-02 3.189454915845468808e-01 6.917872821520028304e-02 1.301451593625332607e+05
1.000000000000000000e+01 2.500000000000000000e+00 1.200000000000000000e+01 4.709999999999999964e+00 5.000000000000000000e+00 3.500000000000000000e+01 4.000000000000000000e+00 4.000000000000000000e+01 4.671348347723069949e-02 5.802570966490661064e-02 3.213920259734624474e-01 2.532407919979104918e+02
1.000000000000000000e+01 2.500000000000000000e+00 1.200000000000000000e+01 4.709999999999999964e+00 1.000000000000000000e+01 3.500000000000000000e+01 4.000000000000000000e+00 4.000000000000000000e+01 1.300484835450044230e-02 2.375498230265504773e-03 9.879685984921430242e-01 1.251670598095343223e+02
1.000000000000000000e+01 2.500000000000000000e+00 1.200000000000000000e+01 4.709999999999999964e+00 1.000000000000000000e+00 4.000000000000000000e+01 4.000000000000000000e+00 4.000000000000000000e+01 1.034372587582765846e-11 1.092978599135502105e+00 3.156465936748558548e-02 4.983918553764784156e+04
1.000000000000000000e+01 2.500000000000000000e+00 1.200000000000000000e+01 4.709999999999999964e+00 5.000000000000000000e+00 4.000000000000000000e+01 4.000000000000000000e+00 4.000000000000000000e+01 2.588390249727567927e-02 3.506024968501075811e-02 3.335019368218345437e-01 2.813312669674280073e+02
1.000000000000000000e+01 2.500000000000000000e+00 1.200000000000000000e+01 4.709999999999999964e+00 1.000000000000000000e+01 4.000000000000000000e+01 4.000000000000000000e+00 4.000000000000000000e+01 3.270927680243751468e-02 8.477574492417039309e-03 1.014095465602985247e+00 1.062685492871154906e+02
1.000000000000000000e+01 2.500000000000000000e+00 1.200000000000000000e+01 4.709999999999999964e+00 1.000000000000000000e+00 2.500000000000000000e+01 5.000000000000000000e+00 4.000000000000000000e+01 8.470016577098959942e-02 3.828847095679990264e-01 6.920697363007989600e-02 1.495031009722927702e+05
1.000000000000000000e+01 2.500000000000000000e+00 1.200000000000000000e+01 4.709999999999999964e+00 1.000000000000000000e+00 3.500000000000000000e+01 5.000000000000000000e+00 4.000000000000000000e+01 7.201916238693750749e-02 3.219389940129189220e-01 6.517400269640462318e-02 1.494742586211156449e+05
1.000000000000000000e+01 2.500000000000000000e+00 1.200000000000000000e+01 4.709999999999999964e+00 1.000000000000000000e+00 4.000000000000000000e+01 5.000000000000000000e+00 4.000000000000000000e+01 8.307510235283643851e-11 3.003905049462505872e+02 3.591061739418410607e-03 2.350754884836823112e+04
1.000000000000000000e+01 2.500000000000000000e+00 1.200000000000000000e+01 4.709999999999999964e+00 5.000000000000000000e+00 4.000000000000000000e+01 5.000000000000000000e+00 4.000000000000000000e+01 1.944561558335600182e-02 1.437722533512131307e-02 3.269227728297661173e-01 2.299091155851861572e+02
1.000000000000000000e+01 2.500000000000000000e+00 1.200000000000000000e+01 4.709999999999999964e+00 1.000000000000000000e+01 4.000000000000000000e+01 5.000000000000000000e+00 4.000000000000000000e+01 1.713888255013595874e-02 1.752157035928902928e-03 1.023485940086256152e+00 1.031073498620157238e+02
1.000000000000000000e+01 2.500000000000000000e+00 1.200000000000000000e+01 4.709999999999999964e+00 1.000000000000000000e+00 2.500000000000000000e+01 6.000000000000000000e+00 4.000000000000000000e+01 7.014436757207986872e-02 2.476866718784715982e-01 7.693374390699649068e-02 2.354654684466455365e+05
1.000000000000000000e+01 2.500000000000000000e+00 1.200000000000000000e+01 4.709999999999999964e+00 5.000000000000000000e+00 2.500000000000000000e+01 6.000000000000000000e+00 4.000000000000000000e+01 4.714154273514936655e-02 3.085662633424091084e-02 3.345745913399805760e-01 3.393529797080848311e+02
1.000000000000000000e+01 2.500000000000000000e+00 1.200000000000000000e+01 4.709999999999999964e+00 1.000000000000000000e+00 3.500000000000000000e+01 6.000000000000000000e+00 4.000000000000000000e+01 6.537960922271879305e-02 1.677402967892773766e-01 7.203726120759763873e-02 1.264878898501691438e+05
1.000000000000000000e+01 2.500000000000000000e+00 1.200000000000000000e+01 4.709999999999999964e+00 5.000000000000000000e+00 3.500000000000000000e+01 6.000000000000000000e+00 4.000000000000000000e+01 4.779923322627865900e-02 3.263270538180118585e-02 3.429451703752453007e-01 2.433929306337127230e+02
1.000000000000000000e+01 2.500000000000000000e+00 1.200000000000000000e+01 4.709999999999999964e+00 1.000000000000000000e+01 3.500000000000000000e+01 6.000000000000000000e+00 4.000000000000000000e+01 1.245363833766077732e-02 1.519885431624734551e-03 1.040650642044221641e+00 1.159188422432028460e+02
1.000000000000000000e+01 2.500000000000000000e+00 1.200000000000000000e+01 4.709999999999999964e+00 1.000000000000000000e+00 4.000000000000000000e+01 6.000000000000000000e+00 4.000000000000000000e+01 2.237775959934573677e-05 3.253132988021320105e+07 6.850334679352801381e-02 1.567274399797604246e+03
1.000000000000000000e+01 2.500000000000000000e+00 1.200000000000000000e+01 4.709999999999999964e+00 5.000000000000000000e+00 4.000000000000000000e+01 6.000000000000000000e+00 4.000000000000000000e+01 1.524978757938555418e-06 4.809850739917465035e-09 3.629513509910817781e-01 2.875521382289688859e+02
1.000000000000000000e+01 2.500000000000000000e+00 1.200000000000000000e+01 4.709999999999999964e+00 1.000000000000000000e+01 4.000000000000000000e+01 6.000000000000000000e+00 4.000000000000000000e+01 2.223565262387827701e-02 2.898660744436787340e-03 1.066827038294090979e+00 1.004682004623097242e+02
1.000000000000000000e+01 2.500000000000000000e+00 1.200000000000000000e+01 4.709999999999999964e+00 1.000000000000000000e+00 2.500000000000000000e+01 7.000000000000000000e+00 4.000000000000000000e+01 7.794053092778074898e-02 2.274197303151532790e-01 8.206058481619482592e-02 1.463630046694019693e+05
1.000000000000000000e+01 2.500000000000000000e+00 1.200000000000000000e+01 4.709999999999999964e+00 1.000000000000000000e+00 3.500000000000000000e+01 7.000000000000000000e+00 4.000000000000000000e+01 1.149206793462083098e-01 3.936486897249433792e-01 7.423607611791784022e-02 2.039788362681336876e+05
1.000000000000000000e+01 2.500000000000000000e+00 1.200000000000000000e+01 4.709999999999999964e+00 5.000000000000000000e+00 4.000000000000000000e+01 7.000000000000000000e+00 4.000000000000000000e+01 4.302279306363177014e-03 1.231682348471929700e-03 3.776582765794175844e-01 2.406316308268527848e+02
1.000000000000000000e+01 2.500000000000000000e+00 1.200000000000000000e+01 4.709999999999999964e+00 1.000000000000000000e+01 4.000000000000000000e+01 7.000000000000000000e+00 4.000000000000000000e+01 2.193960094745328604e-02 2.271260046114553788e-03 1.125210098875828679e+00 9.635239863671135652e+01
1.000000000000000000e+01 2.500000000000000000e+00 1.200000000000000000e+01 4.709999999999999964e+00 1.000000000000000000e+00 2.500000000000000000e+01 8.000000000000000000e+00 4.000000000000000000e+01 7.532196933360424396e-02 2.759563024344193760e-01 8.055376437522261679e-02 5.444601545653013745e+05
1.000000000000000000e+01 2.500000000000000000e+00 1.200000000000000000e+01 4.709999999999999964e+00 5.000000000000000000e+00 2.500000000000000000e+01 8.000000000000000000e+00 4.000000000000000000e+01 5.006768428423624684e-02 3.371128865491779258e-02 3.632798828386908374e-01 2.827863591471275413e+02
1.000000000000000000e+01 2.500000000000000000e+00 1.200000000000000000e+01 4.709999999999999964e+00 1.000000000000000000e+00 3.500000000000000000e+01 8.000000000000000000e+00 4.000000000000000000e+01 2.721354851328730007e-01 1.807745011512860156e-01 3.119506553004156773e-10 1.037056383620904754e+01
1.000000000000000000e+01 2.500000000000000000e+00 1.200000000000000000e+01 4.709999999999999964e+00 5.000000000000000000e+00 3.500000000000000000e+01 8.000000000000000000e+00 4.000000000000000000e+01 5.795402561340234904e-02 4.090627702322646719e-02 3.619204147749910394e-01 2.119493379067656633e+02
1.000000000000000000e+01 2.500000000000000000e+00 1.200000000000000000e+01 4.709999999999999964e+00 1.000000000000000000e+01 3.500000000000000000e+01 8.000000000000000000e+00 4.000000000000000000e+01 1.539540044064247049e-02 1.582569172142722635e-03 1.035995531659271274e+00 1.106532813884108606e+02
1.000000000000000000e+01 2.500000000000000000e+00 1.200000000000000000e+01 4.709999999999999964e+00 5.000000000000000000e+00 4.000000000000000000e+01 8.000000000000000000e+00 4.000000000000000000e+01 1.010283690184854422e-03 1.622300017915190296e-03 3.896322386196066079e-01 3.053295873446783162e+02
1.000000000000000000e+01 2.500000000000000000e+00 1.200000000000000000e+01 4.709999999999999964e+00 1.000000000000000000e+01 4.000000000000000000e+01 8.000000000000000000e+00 4.000000000000000000e+01 3.533824476660063496e-03 1.100779178633048971e-03 1.149133558062953364e+00 1.219238263363743471e+02
1.000000000000000000e+01 2.500000000000000000e+00 1.200000000000000000e+01 4.709999999999999964e+00 1.000000000000000000e+00 2.500000000000000000e+01 9.000000000000000000e+00 4.000000000000000000e+01 7.853527974889451535e-02 3.163344202055340393e-01 8.246144875454791690e-02 4.708072484134648112e+05
1.000000000000000000e+01 2.500000000000000000e+00 1.200000000000000000e+01 4.709999999999999964e+00 1.000000000000000000e+00 3.500000000000000000e+01 9.000000000000000000e+00 4.000000000000000000e+01 1.098605519223028182e-06 6.071996683232327996e-09 9.184126854558044561e-02 4.815956300347380648e+02
1.000000000000000000e+01 2.500000000000000000e+00 1.200000000000000000e+01 4.709999999999999964e+00 5.000000000000000000e+00 4.000000000000000000e+01 9.000000000000000000e+00 4.000000000000000000e+01 1.047797070252265428e-03 2.592644016210732261e-03 4.173957481018578108e-01 3.142662545016236777e+02
1.000000000000000000e+01 2.500000000000000000e+00 1.200000000000000000e+01 4.709999999999999964e+00 1.000000000000000000e+01 4.000000000000000000e+01 9.000000000000000000e+00 4.000000000000000000e+01 8.042225747600273422e-03 9.951823827287764601e-04 1.188823174025091189e+00 1.013048167858090807e+02
1.000000000000000000e+01 2.500000000000000000e+00 1.200000000000000000e+01 4.709999999999999964e+00 1.000000000000000000e+00 2.500000000000000000e+01 1.000000000000000000e+01 4.000000000000000000e+01 7.581890434246041366e-02 2.425465318096269307e-01 8.310373127118877989e-02 1.450612244188017794e+05
1.000000000000000000e+01 2.500000000000000000e+00 1.200000000000000000e+01 4.709999999999999964e+00 5.000000000000000000e+00 2.500000000000000000e+01 1.000000000000000000e+01 4.000000000000000000e+01 4.664762365659491650e-02 3.048957811880970148e-02 3.715715568018711501e-01 2.621170680262054020e+02
1.000000000000000000e+01 2.500000000000000000e+00 1.200000000000000000e+01 4.709999999999999964e+00 5.000000000000000000e+00 3.500000000000000000e+01 1.000000000000000000e+01 4.000000000000000000e+01 3.478792377273287606e-02 3.352968701546199526e-02 3.819702189825153749e-01 2.077588630239000338e+02
1.000000000000000000e+01 2.500000000000000000e+00 1.200000000000000000e+01 4.709999999999999964e+00 1.000000000000000000e+01 3.500000000000000000e+01 1.000000000000000000e+01 4.000000000000000000e+01 1.976030310850784844e-02 3.010869902774659934e-03 1.106171583451439844e+00 1.031156594546065008e+02
1.000000000000000000e+01 2.500000000000000000e+00 1.200000000000000000e+01 4.709999999999999964e+00 5.000000000000000000e+00 4.000000000000000000e+01 1.000000000000000000e+01 4.000000000000000000e+01 4.262364326700174288e-02 2.512517472139874641e-02 4.881448280344988788e-01 1.569178711016688510e+02
1.000000000000000000e+01 2.500000000000000000e+00 1.200000000000000000e+01 4.709999999999999964e+00 1.000000000000000000e+01 4.000000000000000000e+01 1.000000000000000000e+01 4.000000000000000000e+01 1.584311038705421559e-02 1.243151539056963628e-03 1.240535117650819030e+00 8.831781833435246654e+01
1.000000000000000000e+01 2.500000000000000000e+00 1.200000000000000000e+01 4.709999999999999964e+00 1.000000000000000000e+00 2.500000000000000000e+01 1.100000000000000000e+01 4.000000000000000000e+01 7.065808662423589404e-02 2.094369358243639567e-01 8.136180607666847198e-02 2.167656307546181488e+05
1.000000000000000000e+01 2.500000000000000000e+00 1.200000000000000000e+01 4.709999999999999964e+00 5.000000000000000000e+00 4.000000000000000000e+01 1.100000000000000000e+01 4.000000000000000000e+01 1.100103525468520971e-03 3.214266129152321128e-04 4.063199690250614005e-01 2.063009469392140431e+02
1.000000000000000000e+01 2.500000000000000000e+00 1.200000000000000000e+01 4.709999999999999964e+00 1.000000000000000000e+01 4.000000000000000000e+01 1.100000000000000000e+01 4.000000000000000000e+01 1.082535865712896950e-02 5.467583627090100151e-04 1.284781616689298023e+00 8.607076404361565380e+01
1.000000000000000000e+01 2.500000000000000000e+00 1.200000000000000000e+01 4.709999999999999964e+00 1.000000000000000000e+00 2.500000000000000000e+01 1.200000000000000000e+01 4.000000000000000000e+01 8.345104683873505458e-02 3.908085552049935796e-01 7.865582441362040100e-02 1.223654031783058890e+05
1.000000000000000000e+01 2.500000000000000000e+00 1.200000000000000000e+01 4.709999999999999964e+00 5.000000000000000000e+00 2.500000000000000000e+01 1.200000000000000000e+01 4.000000000000000000e+01 4.817873085997304017e-02 3.284932905741966280e-02 3.646106532513274656e-01 2.599301057453521366e+02
1.000000000000000000e+01 2.500000000000000000e+00 1.200000000000000000e+01 4.709999999999999964e+00 5.000000000000000000e+00 3.500000000000000000e+01 1.200000000000000000e+01 4.000000000000000000e+01 8.767478791362059987e-02 6.863891211881267829e-02 3.937822747343351915e-01 1.713570767220670632e+02
1.000000000000000000e+01 2.500000000000000000e+00 1.200000000000000000e+01 4.709999999999999964e+00 1.000000000000000000e+01 3.500000000000000000e+01 1.200000000000000000e+01 4.000000000000000000e+01 2.793972780244136089e-02 4.303962259204485719e-03 1.131238973485946042e+00 9.849379248209871207e+01
1.000000000000000000e+01 2.500000000000000000e+00 1.200000000000000000e+01 4.709999999999999964e+00 5.000000000000000000e+00 4.000000000000000000e+01 1.200000000000000000e+01 4.000000000000000000e+01 3.111939194162216538e-02 1.711863083474307601e-02 4.686537665455344226e-01 1.746786155610807612e+02
1.000000000000000000e+01 2.500000000000000000e+00 1.200000000000000000e+01 4.709999999999999964e+00 1.000000000000000000e+01 4.000000000000000000e+01 1.200000000000000000e+01 4.000000000000000000e+01 2.812067780302296427e-02 2.243625820297578954e-03 1.495574415171383009e+00 7.545893990288556097e+01
1.000000000000000000e+01 2.500000000000000000e+00 1.200000000000000000e+01 4.709999999999999964e+00 1.000000000000000000e+01 4.000000000000000000e+01 1.300000000000000000e+01 4.000000000000000000e+01 2.432662765281623507e-02 2.879936196071186671e-03 1.282997308144913085e+00 8.368078542309758916e+01
1.000000000000000000e+01 2.500000000000000000e+00 1.200000000000000000e+01 4.709999999999999964e+00 5.000000000000000000e+00 2.500000000000000000e+01 1.400000000000000000e+01 4.000000000000000000e+01 5.270157433398403590e-02 3.850751915435646211e-02 3.286705684758678414e-01 2.888962142524075034e+02
1.000000000000000000e+01 2.500000000000000000e+00 1.200000000000000000e+01 4.709999999999999964e+00 5.000000000000000000e+00 3.500000000000000000e+01 1.400000000000000000e+01 4.000000000000000000e+01 7.002127485288034414e-02 6.579594530483623416e-02 4.730992009212590110e-01 1.595476080739232145e+02
1.000000000000000000e+01 2.500000000000000000e+00 1.200000000000000000e+01 4.709999999999999964e+00 1.000000000000000000e+01 3.500000000000000000e+01 1.400000000000000000e+01 4.000000000000000000e+01 1.404908275483562896e-02 1.642747525897769734e-03 1.255395449727852997e+00 9.630055321592675455e+01
1.000000000000000000e+01 2.500000000000000000e+00 1.200000000000000000e+01 4.709999999999999964e+00 1.000000000000000000e+01 4.000000000000000000e+01 1.400000000000000000e+01 4.000000000000000000e+01 4.372324658822979160e-02 5.729112175641981608e-03 1.478567561104527472e+00 7.584830391218858381e+01
1.000000000000000000e+01 2.500000000000000000e+00 1.200000000000000000e+01 4.709999999999999964e+00 1.000000000000000000e+01 4.000000000000000000e+01 1.500000000000000000e+01 4.000000000000000000e+01 4.763068378467649744e-02 6.505252968985519857e-03 1.472875988711794815e+00 7.293971405144122855e+01
1.000000000000000000e+01 2.500000000000000000e+00 1.200000000000000000e+01 4.709999999999999964e+00 5.000000000000000000e+00 2.500000000000000000e+01 1.600000000000000000e+01 4.000000000000000000e+01 4.491367174615845670e-02 3.091565061142853565e-02 3.669035980367965633e-01 2.631576870984953302e+02
1.000000000000000000e+01 2.500000000000000000e+00 1.200000000000000000e+01 4.709999999999999964e+00 5.000000000000000000e+00 3.500000000000000000e+01 1.600000000000000000e+01 4.000000000000000000e+01 6.662319948577821727e-02 6.522652794754613126e-02 4.472918104162509345e-01 1.508691066426561065e+02
1.000000000000000000e+01 2.500000000000000000e+00 1.200000000000000000e+01 4.709999999999999964e+00 1.000000000000000000e+01 3.500000000000000000e+01 1.600000000000000000e+01 4.000000000000000000e+01 3.608852317935462573e-02 7.030363738245837268e-03 1.213389398402688668e+00 9.227583681802532567e+01
1.000000000000000000e+01 2.500000000000000000e+00 1.200000000000000000e+01 4.709999999999999964e+00 1.000000000000000000e+01 4.000000000000000000e+01 1.600000000000000000e+01 4.000000000000000000e+01 4.482190086109927307e-02 4.490845124831110979e-03 1.453625717128435024e+00 7.323963941119434651e+01
1.000000000000000000e+01 2.500000000000000000e+00 1.200000000000000000e+01 4.709999999999999964e+00 1.000000000000000000e+01 4.000000000000000000e+01 1.700000000000000000e+01 4.000000000000000000e+01 4.906652346670670184e-02 5.444314193724153483e-03 1.592541654576791421e+00 6.874719192730796635e+01
1.000000000000000000e+01 2.500000000000000000e+00 1.200000000000000000e+01 4.709999999999999964e+00 5.000000000000000000e+00 2.500000000000000000e+01 1.800000000000000000e+01 4.000000000000000000e+01 4.858313425569127375e-02 4.231161751656609127e-02 3.670289118906400194e-01 2.515658692195330843e+02
1.000000000000000000e+01 2.500000000000000000e+00 1.200000000000000000e+01 4.709999999999999964e+00 5.000000000000000000e+00 3.500000000000000000e+01 1.800000000000000000e+01 4.000000000000000000e+01 8.893701727502922871e-02 7.265619244964205414e-02 4.801204897817329953e-01 1.376282341095885045e+02
1.000000000000000000e+01 2.500000000000000000e+00 1.200000000000000000e+01 4.709999999999999964e+00 1.000000000000000000e+01 3.500000000000000000e+01 1.800000000000000000e+01 4.000000000000000000e+01 3.731402457312849030e-02 8.550116184623091087e-03 1.316939889905845762e+00 8.601132149639965974e+01
1.000000000000000000e+01 2.500000000000000000e+00 1.200000000000000000e+01 4.709999999999999964e+00 1.000000000000000000e+01 4.000000000000000000e+01 1.800000000000000000e+01 4.000000000000000000e+01 8.970408619798897476e-02 1.555678810335603401e-02 1.557010590186561627e+00 6.830465191690899474e+01
1.000000000000000000e+01 2.500000000000000000e+00 1.200000000000000000e+01 4.709999999999999964e+00 1.000000000000000000e+01 3.500000000000000000e+01 2.000000000000000000e+01 4.000000000000000000e+01 4.463814674995658649e-02 9.013846835995709128e-03 1.318776822122293080e+00 8.281784757920804907e+01
1.000000000000000000e+01 2.500000000000000000e+00 1.200000000000000000e+01 4.709999999999999964e+00 5.000000000000000000e+00 2.500000000000000000e+01 2.400000000000000000e+01 4.000000000000000000e+01 6.442149470284208590e-02 5.862379622434699122e-02 3.756873152391855264e-01 2.299418427073375426e+02
