1.800000000000000000e+01 3.500000000000000000e+00 1.800000000000000000e+01 6.599999999999999645e+00 1.000000000000000000e+00 2.500000000000000000e+01 0.000000000000000000e+00 4.000000000000000000e+01 9.042521071814091371e-02 1.107209503194781508e-01 1.563220491632317244e-01 1.685973143302229000e+05
1.800000000000000000e+01 3.500000000000000000e+00 1.800000000000000000e+01 6.599999999999999645e+00 5.000000000000000000e+00 2.500000000000000000e+01 0.000000000000000000e+00 4.000000000000000000e+01 8.839656934508766106e-02 4.149009900419198260e-02 4.461384143892679899e-01 7.446106251034959769e+02
1.800000000000000000e+01 3.500000000000000000e+00 1.800000000000000000e+01 6.599999999999999645e+00 1.000000000000000000e+01 2.500000000000000000e+01 0.000000000000000000e+00 4.000000000000000000e+01 8.597369284244482657e-02 1.790169213602710307e-02 1.084906174137149293e+00 1.743310440665325984e+02
1.800000000000000000e+01 3.500000000000000000e+00 1.800000000000000000e+01 6.599999999999999645e+00 1.000000000000000000e+00 2.500000000000000000e+01 1.000000000000000056e-01 4.000000000000000000e+01 9.318567443561009966e-02 6.122724945264312879e-02 3.172908210680369656e-01 1.961476782751929131e+05
1.800000000000000000e+01 3.500000000000000000e+00 1.800000000000000000e+01 6.599999999999999645e+00 5.000000000000000000e+00 2.500000000000000000e+01 1.000000000000000056e-01 4.000000000000000000e+01 9.717080393456378751e-02 5.125361122467353425e-02 4.478781392651694504e-01 4.938368415043071309e+02
1.800000000000000000e+01 3.500000000000000000e+00 1.800000000000000000e+01 6.599999999999999645e+00 1.000000000000000000e+01 2.500000000000000000e+01 1.000000000000000056e-01 4.000000000000000000e+01 9.516315149727949674e-02 2.166910860922843796e-02 1.080138254037791956e+00 1.710976209957523508e+02
1.800000000000000000e+01 3.500000000000000000e+00 1.800000000000000000e+01 6.599999999999999645e+00 1.000000000000000000e+00 3.500000000000000000e+01 1.000000000000000056e-01 4.000000000000000000e+01 1.082426285322761750e-01 1.815237523335584413e-01 1.386602878287730989e-01 1.443040684856248845e+05
1.800000000000000000e+01 3.500000000000000000e+00 1.800000000000000000e+01 6.599999999999999645e+00 5.000000000000000000e+00 3.500000000000000000e+01 1.000000000000000056e-01 4.000000000000000000e+01 1.260586645882146861e-01 1.006194612937232336e-01 4.131282332411642111e-01 2.898704120422459027e+02
1.800000000000000000e+01 3.500000000000000000e+00 1.800000000000000000e+01 6.599999999999999645e+00 1.000000000000000000e+01 3.500000000000000000e+01 1.000000000000000056e-01 4.000000000000000000e+01 1.214145550429410747e-01 3.500568317887542413e-02 1.041747902573875173e+00 1.348260993806783290e+02
1.800000000000000000e+01 3.500000000000000000e+00 1.800000000000000000e+01 6.599999999999999645e+00 1.000000000000000000e+00 4.000000000000000000e+01 1.000000000000000056e-01 4.000000000000000000e+01 1.021410796889492545e-01 2.299600010949671702e-01 1.316165151614392403e-01 3.049334457463999279e+05
1.800000000000000000e+01 3.500000000000000000e+00 1.800000000000000000e+01 6.599999999999999645e+00 5.000000000000000000e+00 4.000000000000000000e+01 1.000000000000000056e-01 4.000000000000000000e+01 1.075381760577995838e-01 7.576197027193476430e-02 4.029068993388993936e-01 3.835531185726898684e+02
1.800000000000000000e+01 3.500000000000000000e+00 1.800000000000000000e+01 6.599999999999999645e+00 1.000000000000000000e+00 2.500000000000000000e+01 1.000000000000000000e+00 4.000000000000000000e+01 1.418278920365967366e-01 2.113197988407049532e-01 1.591816252129510667e-01 1.749736724264075165e+05
1.800000000000000000e+01 3.500000000000000000e+00 1.800000000000000000e+01 6.599999999999999645e+00 1.000000000000000000e+00 3.500000000000000000e+01 1.000000000000000000e+00 4.000000000000000000e+01 1.139417528141049019e-01 1.945902865221489364e-01 1.386822012688292971e-01 6.188472731207888273e+02
1.800000000000000000e+01 3.500000000000000000e+00 1.800000000000000000e+01 6.599999999999999645e+00 1.000000000000000000e+00 4.000000000000000000e+01 1.000000000000000000e+00 4.000000000000000000e+01 7.421956066605361890e-02 1.589272562814982859e-01 1.250112884137976610e-01 3.171684317265588907e+05
1.800000000000000000e+01 3.500000000000000000e+00 1.800000000000000000e+01 6.599999999999999645e+00 5.000000000000000000e+00 4.000000000000000000e+01 1.000000000000000000e+00 4.000000000000000000e+01 5.177375006164952609e-02 4.041933366833250219e-02 3.714327562592798504e-01 3.075421886026479683e+02
1.800000000000000000e+01 3.500000000000000000e+00 1.800000000000000000e+01 6.599999999999999645e+00 1.000000000000000000e+00 2.500000000000000000e+01 2.000000000000000000e+00 4.000000000000000000e+01 1.805634095516950310e-01 3.222931987515162966e-01 1.494345393748812423e-01 1.829205282837163249e+05
1.800000000000000000e+01 3.500000000000000000e+00 1.800000000000000000e+01 6.599999999999999645e+00 5.000000000000000000e+00 2.500000000000000000e+01 2.000000000000000000e+00 4.000000000000000000e+01 1.870409682102882609e-01 1.318369524177813723e-01 4.947622799574803443e-01 2.185947232311378343e+02
1.800000000000000000e+01 3.500000000000000000e+00 1.800000000000000000e+01 6.599999999999999645e+00 1.000000000000000000e+01 2.500000000000000000e+01 2.000000000000000000e+00 4.000000000000000000e+01 1.685155222563459176e-01 4.381643578417793172e-02 1.167626762720620270e+00 1.284000365258541194e+02
1.800000000000000000e+01 3.500000000000000000e+00 1.800000000000000000e+01 6.599999999999999645e+00 1.000000000000000000e+00 3.500000000000000000e+01 2.000000000000000000e+00 4.000000000000000000e+01 9.993038564292544557e-02 1.798519754205494259e-01 1.371413095623612299e-01 5.848917063969759056e+02
1.800000000000000000e+01 3.500000000000000000e+00 1.800000000000000000e+01 6.599999999999999645e+00 5.000000000000000000e+00 3.500000000000000000e+01 2.000000000000000000e+00 4.000000000000000000e+01 9.383151660424959850e-02 5.530290039475693753e-02 4.314740793229127624e-01 1.870658466900370343e+02
1.800000000000000000e+01 3.500000000000000000e+00 1.800000000000000000e+01 6.599999999999999645e+00 1.000000000000000000e+01 3.500000000000000000e+01 2.000000000000000000e+00 4.000000000000000000e+01 8.215050461061701448e-02 1.871405159226413595e-02 1.009265172477846528e+00 1.212977252337879861e+02
1.800000000000000000e+01 3.500000000000000000e+00 1.800000000000000000e+01 6.599999999999999645e+00 1.000000000000000000e+00 4.000000000000000000e+01 2.000000000000000000e+00 4.000000000000000000e+01 7.459633869003212681e-02 1.674331904502428525e-01 1.279286667321334336e-01 1.049393279289242113e+06
1.800000000000000000e+01 3.500000000000000000e+00 1.800000000000000000e+01 6.599999999999999645e+00 5.000000000000000000e+00 4.000000000000000000e+01 2.000000000000000000e+00 4.000000000000000000e+01 5.390503753675113252e-02 4.364361189149601472e-02 3.789497244967993672e-01 3.062878685270776487e+02
1.800000000000000000e+01 3.500000000000000000e+00 1.800000000000000000e+01 6.599999999999999645e+00 1.000000000000000000e+00 2.500000000000000000e+01 3.000000000000000000e+00 4.000000000000000000e+01 1.966422672762899726e-01 3.572085591771967383e-01 1.492857211052196209e-01 1.293557160635354812e+05
1.800000000000000000e+01 3.500000000000000000e+00 1.800000000000000000e+01 6.599999999999999645e+00 1.000000000000000000e+00 3.500000000000000000e+01 3.000000000000000000e+00 4.000000000000000000e+01 7.867851318938834382e-02 1.310015100104038321e-01 1.347411209912525165e-01 1.971048659482159128e+05
1.800000000000000000e+01 3.500000000000000000e+00 1.800000000000000000e+01 6.599999999999999645e+00 1.000000000000000000e+00 4.000000000000000000e+01 3.000000000000000000e+00 4.000000000000000000e+01 6.098795073723062288e-02 1.256425386896817820e-01 1.293348836013266390e-01 3.054379649329282693e+05
1.800000000000000000e+01 3.500000000000000000e+00 1.800000000000000000e+01 6.599999999999999645e+00 5.000000000000000000e+00 4.000000000000000000e+01 3.000000000000000000e+00 4.000000000000000000e+01 4.511495138476684374e-02 2.810203774481334627e-02 3.845374919011939063e-01 2.761888504308581673e+02
1.800000000000000000e+01 3.500000000000000000e+00 1.800000000000000000e+01 6.599999999999999645e+00 1.000000000000000000e+00 2.500000000000000000e+01 4.000000000000000000e+00 4.000000000000000000e+01 2.355509408596700993e-01 4.670036438982649862e-01 1.587672683923890549e-01 8.299711465982082927e+02
1.800000000000000000e+01 3.500000000000000000e+00 1.800000000000000000e+01 6.599999999999999645e+00 5.000000000000000000e+00 2.500000000000000000e+01 4.000000000000000000e+00 4.000000000000000000e+01 2.222296999759609815e-01 1.351958712052676592e-01 5.032472579842659499e-01 1.547987464300899489e+02
1.800000000000000000e+01 3.500000000000000000e+00 1.800000000000000000e+01 6.599999999999999645e+00 1.000000000000000000e+01 2.500000000000000000e+01 4.000000000000000000e+00 4.000000000000000000e+01 2.021266347383132711e-01 4.552892506767669545e-02 1.174145511017806287e+00 1.094786894258921848e+02
1.800000000000000000e+01 3.500000000000000000e+00 1.800000000000000000e+01 6.599999999999999645e+00 1.000000000000000000e+00 3.500000000000000000e+01 4.000000000000000000e+00 4.000000000000000000e+01 9.315548137396700845e-02 1.660140973460830782e-01 1.322415841496146494e-01 1.183692815259395729e+03
1.800000000000000000e+01 3.500000000000000000e+00 1.800000000000000000e+01 6.599999999999999645e+00 5.000000000000000000e+00 3.500000000000000000e+01 4.000000000000000000e+00 4.000000000000000000e+01 7.166779744432072441e-02 4.465690594766713595e-02 4.074522535968632120e-01 2.127408999584229150e+02
1.800000000000000000e+01 3.500000000000000000e+00 1.800000000000000000e+01 6.599999999999999645e+00 1.000000000000000000e+01 3.500000000000000000e+01 4.000000000000000000e+00 4.000000000000000000e+01 6.738277300652195656e-02 1.555155298840182887e-02 1.022121643986372286e+00 1.228476778734944048e+02
1.800000000000000000e+01 3.500000000000000000e+00 1.800000000000000000e+01 6.599999999999999645e+00 1.000000000000000000e+00 4.000000000000000000e+01 4.000000000000000000e+00 4.000000000000000000e+01 9.417021307424922050e-02 2.113583831833782956e-01 1.382621774092359923e-01 4.074878968097509933e+05
1.800000000000000000e+01 3.500000000000000000e+00 1.800000000000000000e+01 6.599999999999999645e+00 5.000000000000000000e+00 4.000000000000000000e+01 4.000000000000000000e+00 4.000000000000000000e+01 5.309550933780871063e-02 3.870096588206872745e-02 4.006028521421482469e-01 2.296944298314562616e+02
1.800000000000000000e+01 3.500000000000000000e+00 1.800000000000000000e+01 6.599999999999999645e+00 1.000000000000000000e+00 2.500000000000000000e+01 5.000000000000000000e+00 4.000000000000000000e+01 2.565023478166077453e-01 4.935784882576967902e-01 1.678715871713988839e-01 3.756093607820892544e+02
1.800000000000000000e+01 3.500000000000000000e+00 1.800000000000000000e+01 6.599999999999999645e+00 1.000000000000000000e+00 3.500000000000000000e+01 5.000000000000000000e+00 4.000000000000000000e+01 8.652533754711289049e-02 1.505284291260460261e-01 1.348155202784211415e-01 1.035843178641364830e+03
1.800000000000000000e+01 3.500000000000000000e+00 1.800000000000000000e+01 6.599999999999999645e+00 1.000000000000000000e+00 4.000000000000000000e+01 5.000000000000000000e+00 4.000000000000000000e+01 8.674878802095165042e-02 1.910850147172451496e-01 1.425999947798321232e-01 7.125110630335187807e+02
1.800000000000000000e+01 3.500000000000000000e+00 1.800000000000000000e+01 6.599999999999999645e+00 5.000000000000000000e+00 4.000000000000000000e+01 5.000000000000000000e+00 4.000000000000000000e+01 5.532222648507190144e-02 3.850763927341338544e-02 4.311650595462210855e-01 1.851355678912602230e+02
1.800000000000000000e+01 3.500000000000000000e+00 1.800000000000000000e+01 6.599999999999999645e+00 1.000000000000000000e+00 2.500000000000000000e+01 6.000000000000000000e+00 4.000000000000000000e+01 3.209121424041110338e-01 4.691676649699887403e-01 1.841548349903712190e-01 2.808501541088482441e+02
1.800000000000000000e+01 3.500000000000000000e+00 1.800000000000000000e+01 6.599999999999999645e+00 5.000000000000000000e+00 2.500000000000000000e+01 6.000000000000000000e+00 4.000000000000000000e+01 2.981196980341125347e-01 1.422008046234286560e-01 5.594526990705093183e-01 1.281426499327850763e+02
1.800000000000000000e+01 3.500000000000000000e+00 1.800000000000000000e+01 6.599999999999999645e+00 1.000000000000000000e+01 2.500000000000000000e+01 6.000000000000000000e+00 4.000000000000000000e+01 2.586560191047686530e-01 4.737589543199494102e-02 1.296624637152405501e+00 9.809034286407701586e+01
1.800000000000000000e+01 3.500000000000000000e+00 1.800000000000000000e+01 6.599999999999999645e+00 1.000000000000000000e+00 3.500000000000000000e+01 6.000000000000000000e+00 4.000000000000000000e+01 9.780841765635894802e-02 1.695352443655451236e-01 1.484189837962057168e-01 6.326028041709690797e+02
1.800000000000000000e+01 3.500000000000000000e+00 1.800000000000000000e+01 6.599999999999999645e+00 5.000000000000000000e+00 3.500000000000000000e+01 6.000000000000000000e+00 4.000000000000000000e+01 7.136499668332407786e-02 3.748712191475700450e-02 4.522893876728460438e-01 1.946479603533885836e+02
1.800000000000000000e+01 3.500000000000000000e+00 1.800000000000000000e+01 6.599999999999999645e+00 1.000000000000000000e+01 3.500000000000000000e+01 6.000000000000000000e+00 4.000000000000000000e+01 6.514851539601251851e-02 1.369713634372971001e-02 1.144718616528052069e+00 1.153559884270289331e+02
1.800000000000000000e+01 3.500000000000000000e+00 1.800000000000000000e+01 6.599999999999999645e+00 1.000000000000000000e+00 4.000000000000000000e+01 6.000000000000000000e+00 4.000000000000000000e+01 1.198060398547351468e-01 2.851541293368882179e-01 1.698374790232756726e-01 3.054997204140549343e+02
1.800000000000000000e+01 3.500000000000000000e+00 1.800000000000000000e+01 6.599999999999999645e+00 5.000000000000000000e+00 4.000000000000000000e+01 6.000000000000000000e+00 4.000000000000000000e+01 7.659608229280578939e-02 4.106477007573539062e-02 5.133250709658386812e-01 1.369008484850790239e+02
1.800000000000000000e+01 3.500000000000000000e+00 1.800000000000000000e+01 6.599999999999999645e+00 1.000000000000000000e+00 2.500000000000000000e+01 7.000000000000000000e+00 4.000000000000000000e+01 3.024720456075871144e-01 3.548720486642731320e-01 1.702540185789873650e-01 2.786098298307677510e+02
1.800000000000000000e+01 3.500000000000000000e+00 1.800000000000000000e+01 6.599999999999999645e+00 1.000000000000000000e+00 3.500000000000000000e+01 7.000000000000000000e+00 4.000000000000000000e+01 9.996662497389197100e-02 1.432113566240102998e-01 1.484976462263409569e-01 1.252091579586252010e+03
1.800000000000000000e+01 3.500000000000000000e+00 1.800000000000000000e+01 6.599999999999999645e+00 5.000000000000000000e+00 4.000000000000000000e+01 7.000000000000000000e+00 4.000000000000000000e+01 2.248779606972561851e-09 5.994466227222307708e+00 9.662630791963423560e-01 3.101845962051645955e+01
1.800000000000000000e+01 3.500000000000000000e+00 1.800000000000000000e+01 6.599999999999999645e+00 1.000000000000000000e+00 2.500000000000000000e+01 8.000000000000000000e+00 4.000000000000000000e+01 3.402946361565049038e-01 4.108685822411806132e-01 1.932398804551027083e-01 1.790529933297400476e+02
1.800000000000000000e+01 3.500000000000000000e+00 1.800000000000000000e+01 6.599999999999999645e+00 5.000000000000000000e+00 2.500000000000000000e+01 8.000000000000000000e+00 4.000000000000000000e+01 3.403300346078923511e-01 1.119566290677038722e-01 5.967013140970615082e-01 1.124495260037796527e+02
1.800000000000000000e+01 3.500000000000000000e+00 1.800000000000000000e+01 6.599999999999999645e+00 1.000000000000000000e+01 2.500000000000000000e+01 8.000000000000000000e+00 4.000000000000000000e+01 2.917248319398668688e-01 3.879290915827748876e-02 1.295710328446962212e+00 9.629377466826970533e+01
1.800000000000000000e+01 3.500000000000000000e+00 1.800000000000000000e+01 6.599999999999999645e+00 1.000000000000000000e+00 3.500000000000000000e+01 8.000000000000000000e+00 4.000000000000000000e+01 9.300732794251453939e-02 1.405868902582003699e-01 1.667493651362229323e-01 4.595283533055501834e+02
1.800000000000000000e+01 3.500000000000000000e+00 1.800000000000000000e+01 6.599999999999999645e+00 5.000000000000000000e+00 3.500000000000000000e+01 8.000000000000000000e+00 4.000000000000000000e+01 7.008999431080398246e-02 4.284536998999222135e-02 5.073180997790297520e-01 1.732228917901951206e+02
1.800000000000000000e+01 3.500000000000000000e+00 1.800000000000000000e+01 6.599999999999999645e+00 1.000000000000000000e+01 3.500000000000000000e+01 8.000000000000000000e+00 4.000000000000000000e+01 6.494038739234619939e-02 1.516156088002906799e-02 1.209471618859246478e+00 1.115118106110850817e+02
1.800000000000000000e+01 3.500000000000000000e+00 1.800000000000000000e+01 6.599999999999999645e+00 5.000000000000000000e+00 4.000000000000000000e+01 8.000000000000000000e+00 4.000000000000000000e+01 6.884223052137738996e-02 3.803618958731092015e-02 5.782451407758327777e-01 1.322722779951514838e+02
1.800000000000000000e+01 3.500000000000000000e+00 1.800000000000000000e+01 6.599999999999999645e+00 1.000000000000000000e+00 2.500000000000000000e+01 9.000000000000000000e+00 4.000000000000000000e+01 3.207071686597333660e-01 3.001072248313423341e-01 1.941300991429211753e-01 1.766333157132431779e+02
1.800000000000000000e+01 3.500000000000000000e+00 1.800000000000000000e+01 6.599999999999999645e+00 1.000000000000000000e+00 3.500000000000000000e+01 9.000000000000000000e+00 4.000000000000000000e+01 1.040035381391595237e-01 1.725038877884845778e-01 1.728613088743940485e-01 3.043091590623238858e+02
1.800000000000000000e+01 3.500000000000000000e+00 1.800000000000000000e+01 6.599999999999999645e+00 5.000000000000000000e+00 4.000000000000000000e+01 9.000000000000000000e+00 4.000000000000000000e+01 6.418872002003173094e-02 2.910372212565270900e-02 6.089731908211351019e-01 1.207520844201492594e+02
1.800000000000000000e+01 3.500000000000000000e+00 1.800000000000000000e+01 6.599999999999999645e+00 1.000000000000000000e+00 2.500000000000000000e+01 1.000000000000000000e+01 4.000000000000000000e+01 3.601417282614605142e-01 3.218245104950623325e-01 1.874824774183685427e-01 1.436628946360036991e+02
1.800000000000000000e+01 3.500000000000000000e+00 1.800000000000000000e+01 6.599999999999999645e+00 5.000000000000000000e+00 2.500000000000000000e+01 1.000000000000000000e+01 4.000000000000000000e+01 3.469105674855408328e-01 8.981509954294919496e-02 5.464573930322959017e-01 1.115991312222139697e+02
1.800000000000000000e+01 3.500000000000000000e+00 1.800000000000000000e+01 6.599999999999999645e+00 1.000000000000000000e+01 2.500000000000000000e+01 1.000000000000000000e+01 4.000000000000000000e+01 2.884230859561793814e-01 3.348141724487785353e-02 1.163046733623968265e+00 9.995624029058636495e+01
1.800000000000000000e+01 3.500000000000000000e+00 1.800000000000000000e+01 6.599999999999999645e+00 5.000000000000000000e+00 3.500000000000000000e+01 1.000000000000000000e+01 4.000000000000000000e+01 1.006982164253336087e-01 6.642257896271464013e-02 4.859711355228590324e-01 1.637812762155799362e+02
1.800000000000000000e+01 3.500000000000000000e+00 1.800000000000000000e+01 6.599999999999999645e+00 1.000000000000000000e+01 3.500000000000000000e+01 1.000000000000000000e+01 4.000000000000000000e+01 5.058387396405561454e-02 1.101030573998507123e-02 1.147260381963451259e+00 1.124999886552104300e+02
1.800000000000000000e+01 3.500000000000000000e+00 1.800000000000000000e+01 6.599999999999999645e+00 5.000000000000000000e+00 4.000000000000000000e+01 1.000000000000000000e+01 4.000000000000000000e+01 9.108254547861416306e-02 6.093325782355729636e-02 5.817787475580018519e-01 1.066811290707220650e+02
1.800000000000000000e+01 3.500000000000000000e+00 1.800000000000000000e+01 6.599999999999999645e+00 1.000000000000000000e+00 2.500000000000000000e+01 1.100000000000000000e+01 4.000000000000000000e+01 3.578803135101920052e-01 2.682329532235963043e-01 2.021993452494941779e-01 1.339510267277191531e+02
1.800000000000000000e+01 3.500000000000000000e+00 1.800000000000000000e+01 6.599999999999999645e+00 5.000000000000000000e+00 4.000000000000000000e+01 1.100000000000000000e+01 4.000000000000000000e+01 1.210801990879568635e-01 1.346963740851423452e-01 6.249107872365676775e-01 9.753435225779615791e+01
1.800000000000000000e+01 3.500000000000000000e+00 1.800000000000000000e+01 6.599999999999999645e+00 1.000000000000000000e+00 2.500000000000000000e+01 1.200000000000000000e+01 4.000000000000000000e+01 3.731832521710634065e-01 2.288179883202732245e-01 1.922029401449300012e-01 1.108708431740576685e+02
1.800000000000000000e+01 3.500000000000000000e+00 1.800000000000000000e+01 6.599999999999999645e+00 5.000000000000000000e+00 2.500000000000000000e+01 1.200000000000000000e+01 4.000000000000000000e+01 3.798381861856559016e-01 7.140514082410942542e-02 5.226179515244292473e-01 1.007246850511097449e+02
1.800000000000000000e+01 3.500000000000000000e+00 1.800000000000000000e+01 6.599999999999999645e+00 1.000000000000000000e+01 2.500000000000000000e+01 1.200000000000000000e+01 4.000000000000000000e+01 3.359136596608633951e-01 2.999515834777999324e-02 1.148551033667823962e+00 9.239565106857385501e+01
1.800000000000000000e+01 3.500000000000000000e+00 1.800000000000000000e+01 6.599999999999999645e+00 5.000000000000000000e+00 3.500000000000000000e+01 1.200000000000000000e+01 4.000000000000000000e+01 8.609369296842883656e-02 4.105563887654684052e-02 5.735625163061338627e-01 1.301484201474660267e+02
1.800000000000000000e+01 3.500000000000000000e+00 1.800000000000000000e+01 6.599999999999999645e+00 1.000000000000000000e+01 3.500000000000000000e+01 1.200000000000000000e+01 4.000000000000000000e+01 5.457499338405602529e-02 9.454595826309253326e-03 1.251628772523470712e+00 1.015097044917436477e+02
1.800000000000000000e+01 3.500000000000000000e+00 1.800000000000000000e+01 6.599999999999999645e+00 5.000000000000000000e+00 4.000000000000000000e+01 1.200000000000000000e+01 4.000000000000000000e+01 9.917198735585985858e-02 4.943095015657816838e-02 6.419936263228469553e-01 9.775331634542239101e+01
1.800000000000000000e+01 3.500000000000000000e+00 1.800000000000000000e+01 6.599999999999999645e+00 5.000000000000000000e+00 2.500000000000000000e+01 1.400000000000000000e+01 4.000000000000000000e+01 4.253053011173197895e-01 6.177257996209539748e-02 5.779708045173044262e-01 9.457002731954520414e+01
1.800000000000000000e+01 3.500000000000000000e+00 1.800000000000000000e+01 6.599999999999999645e+00 1.000000000000000000e+01 2.500000000000000000e+01 1.400000000000000000e+01 4.000000000000000000e+01 3.543975643998529268e-01 2.540271383856085308e-02 1.256249650817648611e+00 8.566055989616731381e+01
1.800000000000000000e+01 3.500000000000000000e+00 1.800000000000000000e+01 6.599999999999999645e+00 5.000000000000000000e+00 3.500000000000000000e+01 1.400000000000000000e+01 4.000000000000000000e+01 9.434726570496132503e-02 7.130803690907638881e-02 6.126928551252540656e-01 1.223365529928500592e+02
1.800000000000000000e+01 3.500000000000000000e+00 1.800000000000000000e+01 6.599999999999999645e+00 1.000000000000000000e+01 3.500000000000000000e+01 1.400000000000000000e+01 4.000000000000000000e+01 6.096323943469350581e-02 1.001926134392494561e-02 1.413511455424702135e+00 9.103047912364273486e+01
1.800000000000000000e+01 3.500000000000000000e+00 1.800000000000000000e+01 6.599999999999999645e+00 5.000000000000000000e+00 2.500000000000000000e+01 1.600000000000000000e+01 4.000000000000000000e+01 4.504534082403208739e-01 6.987859429970311176e-02 5.218734070610389075e-01 9.330972300714611833e+01
1.800000000000000000e+01 3.500000000000000000e+00 1.800000000000000000e+01 6.599999999999999645e+00 1.000000000000000000e+01 2.500000000000000000e+01 1.600000000000000000e+01 4.000000000000000000e+01 3.653613265748478778e-01 2.609014703739798158e-02 1.176193319594370346e+00 8.333634395606242151e+01
1.800000000000000000e+01 3.500000000000000000e+00 1.800000000000000000e+01 6.599999999999999645e+00 5.000000000000000000e+00 3.500000000000000000e+01 1.600000000000000000e+01 4.000000000000000000e+01 8.179536740451553989e-02 5.830423560566400099e-02 5.880956255738568617e-01 1.238033252663504555e+02
1.800000000000000000e+01 3.500000000000000000e+00 1.800000000000000000e+01 6.599999999999999645e+00 1.000000000000000000e+01 3.500000000000000000e+01 1.600000000000000000e+01 4.000000000000000000e+01 7.337365147249386155e-02 1.866677066584077060e-02 1.352200668769400815e+00 9.177296475361234229e+01
1.800000000000000000e+01 3.500000000000000000e+00 1.800000000000000000e+01 6.599999999999999645e+00 5.000000000000000000e+00 2.500000000000000000e+01 1.800000000000000000e+01 4.000000000000000000e+01 4.965105059765024809e-01 6.069371583586047336e-02 4.825920113392556110e-01 9.375474652584807700e+01
1.800000000000000000e+01 3.500000000000000000e+00 1.800000000000000000e+01 6.599999999999999645e+00 1.000000000000000000e+01 2.500000000000000000e+01 1.800000000000000000e+01 4.000000000000000000e+01 2.886716488398937130e-01 3.610373239988740046e-02 6.649180838899385604e-01 7.248827951373417022e+01
1.800000000000000000e+01 3.500000000000000000e+00 1.800000000000000000e+01 6.599999999999999645e+00 5.000000000000000000e+00 3.500000000000000000e+01 1.800000000000000000e+01 4.000000000000000000e+01 1.387787920976202294e-01 1.195314479045437306e-01 6.924000026355653370e-01 9.463331534442633597e+01
1.800000000000000000e+01 3.500000000000000000e+00 1.800000000000000000e+01 6.599999999999999645e+00 1.000000000000000000e+01 3.500000000000000000e+01 1.800000000000000000e+01 4.000000000000000000e+01 6.201523839833678053e-02 1.048736588306620199e-02 1.409198807032550738e+00 8.442535465062569244e+01
1.800000000000000000e+01 3.500000000000000000e+00 1.800000000000000000e+01 6.599999999999999645e+00 5.000000000000000000e+00 2.500000000000000000e+01 2.200000000000000000e+01 4.000000000000000000e+01 6.704079123458241973e-01 5.463708347848950098e-02 3.869905441337252450e-01 1.215199843012414931e+02
1.800000000000000000e+01 3.500000000000000000e+00 1.800000000000000000e+01 6.599999999999999645e+00 1.000000000000000000e+01 2.500000000000000000e+01 2.200000000000000000e+01 4.000000000000000000e+01 4.800757591320157225e-01 2.352340098407124103e-02 1.174282998652163457e+00 8.130798851529992533e+01
1.800000000000000000e+01 3.500000000000000000e+00 1.800000000000000000e+01 6.599999999999999645e+00 1.000000000000000000e+01 3.500000000000000000e+01 2.200000000000000000e+01 4.000000000000000000e+01 1.255084380713089587e-01 2.122764895769968518e-02 1.616941419480579123e+00 7.016632592135479740e+01
