1.400000000000000000e+01 2.500000000000000000e+00 1.400000000000000000e+01 7.190000000000000391e+00 5.000000000000000000e+00 2.500000000000000000e+01 0.000000000000000000e+00 4.000000000000000000e+01 2.369071267028122207e-02 7.906646514006743232e-03 5.135883422841782675e-01 2.401692702743772543e+02
1.400000000000000000e+01 2.500000000000000000e+00 1.400000000000000000e+01 7.190000000000000391e+00 1.000000000000000000e+01 2.500000000000000000e+01 0.000000000000000000e+00 4.000000000000000000e+01 1.698390774343039311e-02 2.013250461653459666e-03 1.067767281060424844e+00 1.444572978259570277e+02
1.400000000000000000e+01 2.500000000000000000e+00 1.400000000000000000e+01 7.190000000000000391e+00 1.000000000000000000e+00 2.500000000000000000e+01 1.000000000000000056e-01 4.000000000000000000e+01 3.047397398117324130e-02 4.378993608817816074e-02 1.097195971064327813e-01 1.719346530279766057e+03
1.400000000000000000e+01 2.500000000000000000e+00 1.400000000000000000e+01 7.190000000000000391e+00 5.000000000000000000e+00 2.500000000000000000e+01 1.000000000000000056e-01 4.000000000000000000e+01 2.567684446246532026e-02 7.973943258222870867e-03 5.271836187490379633e-01 2.279480982982695707e+02
1.400000000000000000e+01 2.500000000000000000e+00 1.400000000000000000e+01 7.190000000000000391e+00 1.000000000000000000e+01 2.500000000000000000e+01 1.000000000000000056e-01 4.000000000000000000e+01 1.977587451828810572e-02 2.379468914096793952e-03 1.120400920159735358e+00 1.372333858447886712e+02
1.400000000000000000e+01 2.500000000000000000e+00 1.400000000000000000e+01 7.190000000000000391e+00 1.000000000000000000e+00 3.500000000000000000e+01 1.000000000000000056e-01 4.000000000000000000e+01 2.928544709228497744e-02 4.679373369021977425e-02 1.017981782630698745e-01 4.145165471703726894e+02
1.400000000000000000e+01 2.500000000000000000e+00 1.400000000000000000e+01 7.190000000000000391e+00 5.000000000000000000e+00 3.500000000000000000e+01 1.000000000000000056e-01 4.000000000000000000e+01 3.584198952119121984e-02 1.458306511718698850e-02 4.935431980717621681e-01 2.006598326349338777e+02
1.400000000000000000e+01 2.500000000000000000e+00 1.400000000000000000e+01 7.190000000000000391e+00 1.000000000000000000e+01 3.500000000000000000e+01 1.000000000000000056e-01 4.000000000000000000e+01 3.377660815318805909e-02 5.478719227252293322e-03 1.066463239471052926e+00 1.276116826683418992e+02
1.400000000000000000e+01 2.500000000000000000e+00 1.400000000000000000e+01 7.190000000000000391e+00 1.000000000000000000e+00 4.000000000000000000e+01 1.000000000000000056e-01 4.000000000000000000e+01 2.735318757857019278e-02 4.504326364908894931e-02 9.846238316008371072e-02 5.004319774320909460e+02
1.400000000000000000e+01 2.500000000000000000e+00 1.400000000000000000e+01 7.190000000000000391e+00 5.000000000000000000e+00 4.000000000000000000e+01 1.000000000000000056e-01 4.000000000000000000e+01 4.026164813445665125e-02 1.823038917109354173e-02 4.755452744814327448e-01 2.119898175042050354e+02
1.400000000000000000e+01 2.500000000000000000e+00 1.400000000000000000e+01 7.190000000000000391e+00 1.000000000000000000e+01 4.000000000000000000e+01 1.000000000000000056e-01 4.000000000000000000e+01 3.499844279538844027e-02 6.798857337828811964e-03 9.765097852030019121e-01 1.367154128484482953e+02
1.400000000000000000e+01 2.500000000000000000e+00 1.400000000000000000e+01 7.190000000000000391e+00 1.000000000000000000e+00 2.500000000000000000e+01 1.000000000000000000e+00 4.000000000000000000e+01 3.868622811966204722e-02 6.488365857569955431e-02 1.018401291720943125e-01 3.342716367663657293e+05
1.400000000000000000e+01 2.500000000000000000e+00 1.400000000000000000e+01 7.190000000000000391e+00 1.000000000000000000e+00 3.500000000000000000e+01 1.000000000000000000e+00 4.000000000000000000e+01 5.483352489054427181e-02 1.442620822015918680e-01 8.690817217285715102e-02 5.430435049195854226e+05
1.400000000000000000e+01 2.500000000000000000e+00 1.400000000000000000e+01 7.190000000000000391e+00 5.000000000000000000e+00 3.500000000000000000e+01 1.000000000000000000e+00 4.000000000000000000e+01 4.801559739407901262e-02 2.577716180753508723e-02 4.820383621570399346e-01 1.626793964384702349e+02
1.400000000000000000e+01 2.500000000000000000e+00 1.400000000000000000e+01 7.190000000000000391e+00 1.000000000000000000e+01 3.500000000000000000e+01 1.000000000000000000e+00 4.000000000000000000e+01 3.578630528172022096e-02 7.479129095162129204e-03 9.829350945211153823e-01 1.193627004166570771e+02
1.400000000000000000e+01 2.500000000000000000e+00 1.400000000000000000e+01 7.190000000000000391e+00 1.000000000000000000e+00 4.000000000000000000e+01 1.000000000000000000e+00 4.000000000000000000e+01 3.198457271716170780e-02 7.442610834665619457e-02 8.344744119861155496e-02 4.110417457258703071e+05
1.400000000000000000e+01 2.500000000000000000e+00 1.400000000000000000e+01 7.190000000000000391e+00 5.000000000000000000e+00 4.000000000000000000e+01 1.000000000000000000e+00 4.000000000000000000e+01 2.209777682667390941e-02 9.611152551154411583e-03 4.541063064940216720e-01 1.969237514966894764e+02
1.400000000000000000e+01 2.500000000000000000e+00 1.400000000000000000e+01 7.190000000000000391e+00 1.000000000000000000e+01 4.000000000000000000e+01 1.000000000000000000e+00 4.000000000000000000e+01 1.413310696891878493e-02 2.450680314132647197e-03 8.758412647244899762e-01 1.372202505601798634e+02
1.400000000000000000e+01 2.500000000000000000e+00 1.400000000000000000e+01 7.190000000000000391e+00 1.000000000000000000e+00 2.500000000000000000e+01 2.000000000000000000e+00 4.000000000000000000e+01 4.742899695924829295e-02 8.506215728900645701e-02 9.756012198665924007e-02 1.290557923868280370e+06
1.400000000000000000e+01 2.500000000000000000e+00 1.400000000000000000e+01 7.190000000000000391e+00 5.000000000000000000e+00 2.500000000000000000e+01 2.000000000000000000e+00 4.000000000000000000e+01 5.404948082909299956e-02 2.482859544994076018e-02 5.145416653282988140e-01 2.062002347678493663e+02
1.400000000000000000e+01 2.500000000000000000e+00 1.400000000000000000e+01 7.190000000000000391e+00 1.000000000000000000e+01 2.500000000000000000e+01 2.000000000000000000e+00 4.000000000000000000e+01 4.759358859342111003e-02 9.365322169440526423e-03 1.070743867120495185e+00 1.299104730705566624e+02
1.400000000000000000e+01 2.500000000000000000e+00 1.400000000000000000e+01 7.190000000000000391e+00 1.000000000000000000e+00 3.500000000000000000e+01 2.000000000000000000e+00 4.000000000000000000e+01 4.169026167090983392e-02 1.132385263361914696e-01 8.537718358442943078e-02 2.000700498436872977e+03
1.400000000000000000e+01 2.500000000000000000e+00 1.400000000000000000e+01 7.190000000000000391e+00 5.000000000000000000e+00 3.500000000000000000e+01 2.000000000000000000e+00 4.000000000000000000e+01 3.581400780957211261e-02 1.756436521210202883e-02 4.631100242977213566e-01 1.669017983536701308e+02
1.400000000000000000e+01 2.500000000000000000e+00 1.400000000000000000e+01 7.190000000000000391e+00 1.000000000000000000e+01 3.500000000000000000e+01 2.000000000000000000e+00 4.000000000000000000e+01 2.756181022536718928e-02 6.190026160135975175e-03 9.087692649380126886e-01 1.227070068885805796e+02
1.400000000000000000e+01 2.500000000000000000e+00 1.400000000000000000e+01 7.190000000000000391e+00 1.000000000000000000e+00 4.000000000000000000e+01 2.000000000000000000e+00 4.000000000000000000e+01 5.109478587182625375e-02 1.220888881285147054e-01 8.927436472071778595e-02 1.397893935476283950e+05
1.400000000000000000e+01 2.500000000000000000e+00 1.400000000000000000e+01 7.190000000000000391e+00 5.000000000000000000e+00 4.000000000000000000e+01 2.000000000000000000e+00 4.000000000000000000e+01 3.121816479500227892e-02 1.874103586096631524e-02 4.530136179514315242e-01 1.740260286230612223e+02
1.400000000000000000e+01 2.500000000000000000e+00 1.400000000000000000e+01 7.190000000000000391e+00 1.000000000000000000e+01 4.000000000000000000e+01 2.000000000000000000e+00 4.000000000000000000e+01 8.359330696098732361e-03 8.251578179485630216e-04 8.739308784050973111e-01 1.282440416445958533e+02
1.400000000000000000e+01 2.500000000000000000e+00 1.400000000000000000e+01 7.190000000000000391e+00 1.000000000000000000e+00 2.500000000000000000e+01 3.000000000000000000e+00 4.000000000000000000e+01 5.641150611296352757e-02 1.025364300245104054e-01 9.946550506793939983e-02 6.321822042963184649e+05
1.400000000000000000e+01 2.500000000000000000e+00 1.400000000000000000e+01 7.190000000000000391e+00 1.000000000000000000e+00 3.500000000000000000e+01 3.000000000000000000e+00 4.000000000000000000e+01 5.118928515600407181e-02 1.269041398067076720e-01 8.772290618624878356e-02 1.512651536873904697e+05
1.400000000000000000e+01 2.500000000000000000e+00 1.400000000000000000e+01 7.190000000000000391e+00 5.000000000000000000e+00 3.500000000000000000e+01 3.000000000000000000e+00 4.000000000000000000e+01 3.101521981506349945e-02 1.369411059407354969e-02 4.728462922734489871e-01 1.610933592475223008e+02
1.400000000000000000e+01 2.500000000000000000e+00 1.400000000000000000e+01 7.190000000000000391e+00 1.000000000000000000e+01 3.500000000000000000e+01 3.000000000000000000e+00 4.000000000000000000e+01 2.047757686279427780e-02 4.060969599963382137e-03 9.099797945033927249e-01 1.197672149339895782e+02
1.400000000000000000e+01 2.500000000000000000e+00 1.400000000000000000e+01 7.190000000000000391e+00 1.000000000000000000e+00 4.000000000000000000e+01 3.000000000000000000e+00 4.000000000000000000e+01 9.600129345053387553e-02 2.178553513997829594e-01 9.439532936577171851e-02 1.789135466315671802e+05
1.400000000000000000e+01 2.500000000000000000e+00 1.400000000000000000e+01 7.190000000000000391e+00 5.000000000000000000e+00 4.000000000000000000e+01 3.000000000000000000e+00 4.000000000000000000e+01 3.985310694406751786e-02 1.533989785804523720e-02 4.501011133859167956e-01 1.709281338456711126e+02
1.400000000000000000e+01 2.500000000000000000e+00 1.400000000000000000e+01 7.190000000000000391e+00 1.000000000000000000e+01 4.000000000000000000e+01 3.000000000000000000e+00 4.000000000000000000e+01 2.474163629056724822e-02 4.525042011989777180e-03 9.197867374888747394e-01 1.130185016650649885e+02
1.400000000000000000e+01 2.500000000000000000e+00 1.400000000000000000e+01 7.190000000000000391e+00 1.000000000000000000e+00 2.500000000000000000e+01 4.000000000000000000e+00 4.000000000000000000e+01 5.847307874764973157e-02 1.084270761243582015e-01 9.510563731130550202e-02 1.269845398480132921e+06
1.400000000000000000e+01 2.500000000000000000e+00 1.400000000000000000e+01 7.190000000000000391e+00 5.000000000000000000e+00 2.500000000000000000e+01 4.000000000000000000e+00 4.000000000000000000e+01 6.775462897276041119e-02 3.600387270038640786e-02 4.892146855211927381e-01 1.941710672389736771e+02
1.400000000000000000e+01 2.500000000000000000e+00 1.400000000000000000e+01 7.190000000000000391e+00 1.000000000000000000e+01 2.500000000000000000e+01 4.000000000000000000e+00 4.000000000000000000e+01 6.162941977330715915e-02 1.404010776091202395e-02 1.044701584676894557e+00 1.254697132763254501e+02
1.400000000000000000e+01 2.500000000000000000e+00 1.400000000000000000e+01 7.190000000000000391e+00 1.000000000000000000e+00 3.500000000000000000e+01 4.000000000000000000e+00 4.000000000000000000e+01 7.747389222175549151e-02 1.999623364623146493e-01 8.677587245387556603e-02 2.177849931610228086e+05
1.400000000000000000e+01 2.500000000000000000e+00 1.400000000000000000e+01 7.190000000000000391e+00 5.000000000000000000e+00 3.500000000000000000e+01 4.000000000000000000e+00 4.000000000000000000e+01 3.350159598281243767e-02 1.723515147963983196e-02 4.500389278024510831e-01 1.632037125594202394e+02
1.400000000000000000e+01 2.500000000000000000e+00 1.400000000000000000e+01 7.190000000000000391e+00 1.000000000000000000e+01 3.500000000000000000e+01 4.000000000000000000e+00 4.000000000000000000e+01 2.006026270144189994e-02 3.750476216859643941e-03 8.857719654624152117e-01 1.196099923294072056e+02
1.400000000000000000e+01 2.500000000000000000e+00 1.400000000000000000e+01 7.190000000000000391e+00 5.000000000000000000e+00 4.000000000000000000e+01 4.000000000000000000e+00 4.000000000000000000e+01 3.749031430767502115e-02 1.862701571816760548e-02 4.482795464066593460e-01 1.580817363344219189e+02
1.400000000000000000e+01 2.500000000000000000e+00 1.400000000000000000e+01 7.190000000000000391e+00 1.000000000000000000e+01 4.000000000000000000e+01 4.000000000000000000e+00 4.000000000000000000e+01 2.130459420413544080e-02 3.497334604830149019e-03 9.167619749597689660e-01 1.122139067124210641e+02
1.400000000000000000e+01 2.500000000000000000e+00 1.400000000000000000e+01 7.190000000000000391e+00 1.000000000000000000e+00 2.500000000000000000e+01 5.000000000000000000e+00 4.000000000000000000e+01 6.413482473314235932e-02 1.243686765723854837e-01 9.454531907614813213e-02 5.538366685886372579e+05
1.400000000000000000e+01 2.500000000000000000e+00 1.400000000000000000e+01 7.190000000000000391e+00 1.000000000000000000e+00 3.500000000000000000e+01 5.000000000000000000e+00 4.000000000000000000e+01 4.640877668730669647e-02 8.019212834685562896e-02 8.364018723455714233e-02 4.001542852728603175e+05
1.400000000000000000e+01 2.500000000000000000e+00 1.400000000000000000e+01 7.190000000000000391e+00 5.000000000000000000e+00 3.500000000000000000e+01 5.000000000000000000e+00 4.000000000000000000e+01 2.749323654633650804e-02 1.060026429886229415e-02 4.472860174383739840e-01 1.594001113991729710e+02
1.400000000000000000e+01 2.500000000000000000e+00 1.400000000000000000e+01 7.190000000000000391e+00 1.000000000000000000e+01 3.500000000000000000e+01 5.000000000000000000e+00 4.000000000000000000e+01 1.385574331897210243e-02 1.590677297162335080e-03 8.989849160406692130e-01 1.162542841258174775e+02
1.400000000000000000e+01 2.500000000000000000e+00 1.400000000000000000e+01 7.190000000000000391e+00 5.000000000000000000e+00 4.000000000000000000e+01 5.000000000000000000e+00 4.000000000000000000e+01 3.810042780447142619e-02 1.467911527682619344e-02 4.574000505085886181e-01 1.511474396645824356e+02
1.400000000000000000e+01 2.500000000000000000e+00 1.400000000000000000e+01 7.190000000000000391e+00 1.000000000000000000e+01 4.000000000000000000e+01 5.000000000000000000e+00 4.000000000000000000e+01 2.851133522330018266e-02 4.249028728061876592e-03 9.387225544951062206e-01 1.039826415116104954e+02
1.400000000000000000e+01 2.500000000000000000e+00 1.400000000000000000e+01 7.190000000000000391e+00 1.000000000000000000e+00 2.500000000000000000e+01 6.000000000000000000e+00 4.000000000000000000e+01 7.522071335395397185e-02 1.400810246529666792e-01 1.002215992592010579e-01 3.273783164266880485e+05
1.400000000000000000e+01 2.500000000000000000e+00 1.400000000000000000e+01 7.190000000000000391e+00 5.000000000000000000e+00 2.500000000000000000e+01 6.000000000000000000e+00 4.000000000000000000e+01 7.986564183814981455e-02 3.815397472427917158e-02 5.250907863358017513e-01 1.736431268227075861e+02
1.400000000000000000e+01 2.500000000000000000e+00 1.400000000000000000e+01 7.190000000000000391e+00 1.000000000000000000e+01 2.500000000000000000e+01 6.000000000000000000e+00 4.000000000000000000e+01 7.118044592436900686e-02 1.585918492446403150e-02 1.093078078344447590e+00 1.168616437622749089e+02
1.400000000000000000e+01 2.500000000000000000e+00 1.400000000000000000e+01 7.190000000000000391e+00 1.000000000000000000e+00 3.500000000000000000e+01 6.000000000000000000e+00 4.000000000000000000e+01 8.462681031649865737e-02 1.309765952269581479e-01 9.081128275429420360e-02 1.584640086392445664e+05
1.400000000000000000e+01 2.500000000000000000e+00 1.400000000000000000e+01 7.190000000000000391e+00 5.000000000000000000e+00 3.500000000000000000e+01 6.000000000000000000e+00 4.000000000000000000e+01 3.518436341267960898e-02 1.380375612140549713e-02 4.694363145298299789e-01 1.604852379436219110e+02
1.400000000000000000e+01 2.500000000000000000e+00 1.400000000000000000e+01 7.190000000000000391e+00 1.000000000000000000e+01 3.500000000000000000e+01 6.000000000000000000e+00 4.000000000000000000e+01 2.695367004755544471e-02 5.235440175669570095e-03 9.474103904200554815e-01 1.107917558551690433e+02
1.400000000000000000e+01 2.500000000000000000e+00 1.400000000000000000e+01 7.190000000000000391e+00 5.000000000000000000e+00 4.000000000000000000e+01 6.000000000000000000e+00 4.000000000000000000e+01 5.354687264664415025e-02 2.210953179751906639e-02 4.919527524188922474e-01 1.418613788163978313e+02
1.400000000000000000e+01 2.500000000000000000e+00 1.400000000000000000e+01 7.190000000000000391e+00 1.000000000000000000e+01 4.000000000000000000e+01 6.000000000000000000e+00 4.000000000000000000e+01 3.789276794470719523e-02 6.617671969188387848e-03 1.004590556646448585e+00 9.733910839131226567e+01
1.400000000000000000e+01 2.500000000000000000e+00 1.400000000000000000e+01 7.190000000000000391e+00 1.000000000000000000e+00 2.500000000000000000e+01 7.000000000000000000e+00 4.000000000000000000e+01 8.737037915286705037e-02 1.467489227796328066e-01 1.009534350996997287e-01 1.804228248135144822e+05
1.400000000000000000e+01 2.500000000000000000e+00 1.400000000000000000e+01 7.190000000000000391e+00 1.000000000000000000e+00 2.500000000000000000e+01 7.000000000000000000e+00 4.000000000000000000e+01 2.676745193464635797e-02 4.108950606514616410e-02 9.997355741732298628e-02 1.451824809180826414e+06
1.400000000000000000e+01 2.500000000000000000e+00 1.400000000000000000e+01 7.190000000000000391e+00 5.000000000000000000e+00 3.500000000000000000e+01 7.000000000000000000e+00 4.000000000000000000e+01 5.053163608418342889e-02 2.415860297655081368e-02 4.632610451426028564e-01 1.517809103322359476e+02
1.400000000000000000e+01 2.500000000000000000e+00 1.400000000000000000e+01 7.190000000000000391e+00 1.000000000000000000e+01 3.500000000000000000e+01 7.000000000000000000e+00 4.000000000000000000e+01 2.921353108182778158e-02 4.607580465272764769e-03 9.582135880475614043e-01 1.102358058366247775e+02
1.400000000000000000e+01 2.500000000000000000e+00 1.400000000000000000e+01 7.190000000000000391e+00 5.000000000000000000e+00 4.000000000000000000e+01 7.000000000000000000e+00 4.000000000000000000e+01 6.647664844616918423e-02 2.601179422501087579e-02 5.186555334516361748e-01 1.317683645964312120e+02
1.400000000000000000e+01 2.500000000000000000e+00 1.400000000000000000e+01 7.190000000000000391e+00 1.000000000000000000e+01 4.000000000000000000e+01 7.000000000000000000e+00 4.000000000000000000e+01 3.478707121414892356e-02 7.593010395890553710e-03 9.585626179717152695e-01 1.010091192892037100e+02
1.400000000000000000e+01 2.500000000000000000e+00 1.400000000000000000e+01 7.190000000000000391e+00 1.000000000000000000e+00 2.500000000000000000e+01 8.000000000000000000e+00 4.000000000000000000e+01 7.412404417208362517e-02 1.486347110699486329e-01 1.015796605657571378e-01 2.575341942768016888e+05
1.400000000000000000e+01 2.500000000000000000e+00 1.400000000000000000e+01 7.190000000000000391e+00 5.000000000000000000e+00 2.500000000000000000e+01 8.000000000000000000e+00 4.000000000000000000e+01 8.338196016661147958e-02 4.283798732545585075e-02 5.206688878736568382e-01 1.660782835377254401e+02
1.400000000000000000e+01 2.500000000000000000e+00 1.400000000000000000e+01 7.190000000000000391e+00 1.000000000000000000e+01 2.500000000000000000e+01 8.000000000000000000e+00 4.000000000000000000e+01 7.428772124597360360e-02 1.845689049882248689e-02 9.952335815957155107e-01 1.204121408148334922e+02
1.400000000000000000e+01 2.500000000000000000e+00 1.400000000000000000e+01 7.190000000000000391e+00 5.000000000000000000e+00 3.500000000000000000e+01 8.000000000000000000e+00 4.000000000000000000e+01 3.003803955573669526e-02 1.391459339365863634e-02 4.931872352510002777e-01 1.466173825402905493e+02
1.400000000000000000e+01 2.500000000000000000e+00 1.400000000000000000e+01 7.190000000000000391e+00 1.000000000000000000e+01 3.500000000000000000e+01 8.000000000000000000e+00 4.000000000000000000e+01 2.471164393508384904e-02 4.486730161948004891e-03 9.379044958731241888e-01 1.097646617032072669e+02
1.400000000000000000e+01 2.500000000000000000e+00 1.400000000000000000e+01 7.190000000000000391e+00 5.000000000000000000e+00 4.000000000000000000e+01 8.000000000000000000e+00 4.000000000000000000e+01 7.597890121860739754e-03 1.196047266705635437e-03 5.089752634389989039e-01 1.444747694500763373e+02
1.400000000000000000e+01 2.500000000000000000e+00 1.400000000000000000e+01 7.190000000000000391e+00 1.000000000000000000e+01 4.000000000000000000e+01 8.000000000000000000e+00 4.000000000000000000e+01 1.039827986310926100e-02 1.021780379083292445e-03 9.825411664102936538e-01 1.013600098445935203e+02
1.400000000000000000e+01 2.500000000000000000e+00 1.400000000000000000e+01 7.190000000000000391e+00 1.000000000000000000e+00 2.500000000000000000e+01 9.000000000000000000e+00 4.000000000000000000e+01 7.701365300516682666e-02 1.465046301681187657e-01 1.073116057663889150e-01 5.770041792996921577e+05
1.400000000000000000e+01 2.500000000000000000e+00 1.400000000000000000e+01 7.190000000000000391e+00 5.000000000000000000e+00 3.500000000000000000e+01 9.000000000000000000e+00 4.000000000000000000e+01 2.977479683496819796e-02 1.013220633387179603e-02 4.804443029282296496e-01 1.525362148433254106e+02
1.400000000000000000e+01 2.500000000000000000e+00 1.400000000000000000e+01 7.190000000000000391e+00 1.000000000000000000e+01 3.500000000000000000e+01 9.000000000000000000e+00 4.000000000000000000e+01 1.810085059756794124e-02 2.448035206182863632e-03 9.565860766677972693e-01 1.076733118210514419e+02
1.400000000000000000e+01 2.500000000000000000e+00 1.400000000000000000e+01 7.190000000000000391e+00 5.000000000000000000e+00 4.000000000000000000e+01 9.000000000000000000e+00 4.000000000000000000e+01 5.163427036398715586e-02 2.002291913455001016e-02 5.777610468466789495e-01 1.121694778480685244e+02
1.400000000000000000e+01 2.500000000000000000e+00 1.400000000000000000e+01 7.190000000000000391e+00 1.000000000000000000e+01 4.000000000000000000e+01 9.000000000000000000e+00 4.000000000000000000e+01 4.604982702221827040e-02 8.742102579315957911e-03 1.068528991322979405e+00 8.448835013592564280e+01
1.400000000000000000e+01 2.500000000000000000e+00 1.400000000000000000e+01 7.190000000000000391e+00 5.000000000000000000e+00 2.500000000000000000e+01 1.000000000000000000e+01 4.000000000000000000e+01 8.543878658827153139e-02 4.180170636619062741e-02 5.238145940309199000e-01 1.617283134994063971e+02
1.400000000000000000e+01 2.500000000000000000e+00 1.400000000000000000e+01 7.190000000000000391e+00 1.000000000000000000e+01 2.500000000000000000e+01 1.000000000000000000e+01 4.000000000000000000e+01 7.508584168814547155e-02 1.881206170691762658e-02 9.702946493832865782e-01 1.187112764821456352e+02
1.400000000000000000e+01 2.500000000000000000e+00 1.400000000000000000e+01 7.190000000000000391e+00 5.000000000000000000e+00 3.500000000000000000e+01 1.000000000000000000e+01 4.000000000000000000e+01 3.299674266406360523e-02 1.272906517408700644e-02 4.989396092467319743e-01 1.360659133470690563e+02
1.400000000000000000e+01 2.500000000000000000e+00 1.400000000000000000e+01 7.190000000000000391e+00 1.000000000000000000e+01 3.500000000000000000e+01 1.000000000000000000e+01 4.000000000000000000e+01 2.832624123050031528e-02 3.639493601288679159e-03 9.695751045120123424e-01 9.935771502850523973e+01
1.400000000000000000e+01 2.500000000000000000e+00 1.400000000000000000e+01 7.190000000000000391e+00 1.000000000000000000e+01 4.000000000000000000e+01 1.000000000000000000e+01 4.000000000000000000e+01 4.560616807564898956e-02 6.054341785408867693e-03 1.070637896922630672e+00 7.838595637207937727e+01
1.400000000000000000e+01 2.500000000000000000e+00 1.400000000000000000e+01 7.190000000000000391e+00 5.000000000000000000e+00 3.500000000000000000e+01 1.100000000000000000e+01 4.000000000000000000e+01 4.203178715600830451e-02 1.628473611853520353e-02 4.958543390881611779e-01 1.331888355858437478e+02
1.400000000000000000e+01 2.500000000000000000e+00 1.400000000000000000e+01 7.190000000000000391e+00 1.000000000000000000e+01 3.500000000000000000e+01 1.100000000000000000e+01 4.000000000000000000e+01 2.713584365419818845e-02 3.866839530073828968e-03 9.360316501782063314e-01 1.007719602341193195e+02
1.400000000000000000e+01 2.500000000000000000e+00 1.400000000000000000e+01 7.190000000000000391e+00 1.000000000000000000e+01 4.000000000000000000e+01 1.100000000000000000e+01 4.000000000000000000e+01 2.576456336153132298e-02 3.072310853396764685e-03 1.063905143377094076e+00 8.305565180477344711e+01
1.400000000000000000e+01 2.500000000000000000e+00 1.400000000000000000e+01 7.190000000000000391e+00 5.000000000000000000e+00 2.500000000000000000e+01 1.200000000000000000e+01 4.000000000000000000e+01 9.419129225787958859e-02 4.988808170012548615e-02 4.982110488871395737e-01 1.554876936883062797e+02
1.400000000000000000e+01 2.500000000000000000e+00 1.400000000000000000e+01 7.190000000000000391e+00 1.000000000000000000e+01 2.500000000000000000e+01 1.200000000000000000e+01 4.000000000000000000e+01 8.113508476156749971e-02 2.071169126041128017e-02 9.617558034938671341e-01 1.173064501057981062e+02
1.400000000000000000e+01 2.500000000000000000e+00 1.400000000000000000e+01 7.190000000000000391e+00 5.000000000000000000e+00 3.500000000000000000e+01 1.200000000000000000e+01 4.000000000000000000e+01 6.594064641713770492e-02 2.566670687828032094e-02 4.967438958764061052e-01 1.258768936134300702e+02
1.400000000000000000e+01 2.500000000000000000e+00 1.400000000000000000e+01 7.190000000000000391e+00 1.000000000000000000e+01 3.500000000000000000e+01 1.200000000000000000e+01 4.000000000000000000e+01 3.722482247420377810e-02 7.452751734859264232e-03 9.076644070833307376e-01 9.654699085065145425e+01
1.400000000000000000e+01 2.500000000000000000e+00 1.400000000000000000e+01 7.190000000000000391e+00 1.000000000000000000e+01 4.000000000000000000e+01 1.200000000000000000e+01 4.000000000000000000e+01 7.723884106361356139e-02 1.204254828380890707e-02 1.119440257945470529e+00 7.153426232877170321e+01
1.400000000000000000e+01 2.500000000000000000e+00 1.400000000000000000e+01 7.190000000000000391e+00 1.000000000000000000e+01 3.500000000000000000e+01 1.300000000000000000e+01 4.000000000000000000e+01 5.219617222180938931e-02 8.879619140742311956e-03 9.793384658528946352e-01 8.992288772028094002e+01
1.400000000000000000e+01 2.500000000000000000e+00 1.400000000000000000e+01 7.190000000000000391e+00 5.000000000000000000e+00 2.500000000000000000e+01 1.400000000000000000e+01 4.000000000000000000e+01 9.842351751301725571e-02 5.101419021565067879e-02 5.300076505015144379e-01 1.498366873966074309e+02
1.400000000000000000e+01 2.500000000000000000e+00 1.400000000000000000e+01 7.190000000000000391e+00 1.000000000000000000e+01 2.500000000000000000e+01 1.400000000000000000e+01 4.000000000000000000e+01 8.308356881946088457e-02 1.764384086098425009e-02 1.058104562849834673e+00 1.124036819883540801e+02
1.400000000000000000e+01 2.500000000000000000e+00 1.400000000000000000e+01 7.190000000000000391e+00 1.000000000000000000e+01 3.500000000000000000e+01 1.400000000000000000e+01 4.000000000000000000e+01 5.103517316842443030e-02 1.244798936052160521e-02 9.816940632286472734e-01 9.337795878957074081e+01
1.400000000000000000e+01 2.500000000000000000e+00 1.400000000000000000e+01 7.190000000000000391e+00 5.000000000000000000e+00 2.500000000000000000e+01 1.600000000000000000e+01 4.000000000000000000e+01 9.976028186796281894e-02 4.681369148672098746e-02 5.358562946695624163e-01 1.468464721411971823e+02
1.400000000000000000e+01 2.500000000000000000e+00 1.400000000000000000e+01 7.190000000000000391e+00 1.000000000000000000e+01 2.500000000000000000e+01 1.600000000000000000e+01 4.000000000000000000e+01 8.898632618679580553e-02 2.149137293303282625e-02 9.929733128270075149e-01 1.114549352750753428e+02
1.400000000000000000e+01 2.500000000000000000e+00 1.400000000000000000e+01 7.190000000000000391e+00 1.000000000000000000e+01 3.500000000000000000e+01 1.600000000000000000e+01 4.000000000000000000e+01 7.300766426934113262e-02 1.967970928954665411e-02 1.026530589131096516e+00 8.380924633666207058e+01
1.400000000000000000e+01 2.500000000000000000e+00 1.400000000000000000e+01 7.190000000000000391e+00 1.000000000000000000e+01 3.500000000000000000e+01 1.700000000000000000e+01 4.000000000000000000e+01 5.104296930109497588e-02 6.957851337399123537e-03 1.041668943761432153e+00 8.052471956000259468e+01
1.400000000000000000e+01 2.500000000000000000e+00 1.400000000000000000e+01 7.190000000000000391e+00 5.000000000000000000e+00 2.500000000000000000e+01 1.800000000000000000e+01 4.000000000000000000e+01 9.246325210867301081e-02 5.214319918435994516e-02 4.642033570643894769e-01 1.569765125183832026e+02
1.400000000000000000e+01 2.500000000000000000e+00 1.400000000000000000e+01 7.190000000000000391e+00 1.000000000000000000e+01 2.500000000000000000e+01 1.800000000000000000e+01 4.000000000000000000e+01 8.828704531404674150e-02 2.003933117977152456e-02 9.983719053643156371e-01 1.107483505370126693e+02
1.400000000000000000e+01 2.500000000000000000e+00 1.400000000000000000e+01 7.190000000000000391e+00 1.000000000000000000e+01 3.500000000000000000e+01 1.800000000000000000e+01 4.000000000000000000e+01 5.977369590407977107e-02 8.368311394209460019e-03 1.094835313280337452e+00 8.037592555551384521e+01
1.400000000000000000e+01 2.500000000000000000e+00 1.400000000000000000e+01 7.190000000000000391e+00 1.000000000000000000e+01 2.500000000000000000e+01 2.000000000000000000e+01 4.000000000000000000e+01 9.649421706185679071e-02 2.058297176059320499e-02 1.055334113943199537e+00 1.044636770920784983e+02
1.400000000000000000e+01 2.500000000000000000e+00 1.400000000000000000e+01 7.190000000000000391e+00 1.000000000000000000e+01 2.500000000000000000e+01 2.200000000000000000e+01 4.000000000000000000e+01 1.046470070213525450e-01 2.069213660294955126e-02 1.049029258827242073e+00 1.010320981463799939e+02
