2.000000000000000000e+00 2.500000000000000000e+00 1.800000000000000000e+01 4.110000000000000320e+00 1.000000000000000000e+00 2.500000000000000000e+01 0.000000000000000000e+00 4.000000000000000000e+01 3.523187256216608887e-02 6.992780807464638038e-02 8.889636567900928432e-02 3.060532052710729768e+05
2.000000000000000000e+00 2.500000000000000000e+00 1.800000000000000000e+01 4.110000000000000320e+00 5.000000000000000000e+00 2.500000000000000000e+01 0.000000000000000000e+00 4.000000000000000000e+01 3.274592496806127961e-02 1.335412425823556681e-02 4.677890916411915345e-01 4.053999611115813764e+02
2.000000000000000000e+00 2.500000000000000000e+00 1.800000000000000000e+01 4.110000000000000320e+00 1.000000000000000000e+01 2.500000000000000000e+01 0.000000000000000000e+00 4.000000000000000000e+01 3.113722567800558672e-02 1.017562874258892691e-02 5.857972176356310845e-01 3.045786575636694806e+02
2.000000000000000000e+00 2.500000000000000000e+00 1.800000000000000000e+01 4.110000000000000320e+00 1.000000000000000000e+00 2.500000000000000000e+01 1.000000000000000056e-01 4.000000000000000000e+01 3.774652242000353652e-02 7.058047447913562422e-02 9.125933291395280089e-02 3.243456808281192207e+05
2.000000000000000000e+00 2.500000000000000000e+00 1.800000000000000000e+01 4.110000000000000320e+00 5.000000000000000000e+00 2.500000000000000000e+01 1.000000000000000056e-01 4.000000000000000000e+01 3.773909399492603178e-02 1.710816959891614530e-02 4.666015278794393151e-01 3.340706431334108402e+02
2.000000000000000000e+00 2.500000000000000000e+00 1.800000000000000000e+01 4.110000000000000320e+00 1.000000000000000000e+01 2.500000000000000000e+01 1.000000000000000056e-01 4.000000000000000000e+01 3.644084080099574408e-02 1.272688763117124644e-02 5.995247783195205571e-01 2.800280766245504651e+02
2.000000000000000000e+00 2.500000000000000000e+00 1.800000000000000000e+01 4.110000000000000320e+00 1.000000000000000000e+00 3.500000000000000000e+01 1.000000000000000056e-01 4.000000000000000000e+01 3.294212060685364207e-02 7.090243403305973580e-02 8.375867786420680694e-02 4.470311128172941389e+05
2.000000000000000000e+00 2.500000000000000000e+00 1.800000000000000000e+01 4.110000000000000320e+00 5.000000000000000000e+00 3.500000000000000000e+01 1.000000000000000056e-01 4.000000000000000000e+01 4.446607007664082900e-02 2.369358202497728882e-02 4.425607871296551865e-01 2.899076606276817074e+02
2.000000000000000000e+00 2.500000000000000000e+00 1.800000000000000000e+01 4.110000000000000320e+00 1.000000000000000000e+01 3.500000000000000000e+01 1.000000000000000056e-01 4.000000000000000000e+01 5.089210302859337176e-02 2.433892142578164552e-02 5.795832078388047925e-01 2.140047697164139322e+02
2.000000000000000000e+00 2.500000000000000000e+00 1.800000000000000000e+01 4.110000000000000320e+00 1.000000000000000000e+00 4.000000000000000000e+01 1.000000000000000056e-01 4.000000000000000000e+01 3.123323309850545293e-02 6.906361822482898205e-02 8.236220873237767859e-02 3.226065085211887490e+05
2.000000000000000000e+00 2.500000000000000000e+00 1.800000000000000000e+01 4.110000000000000320e+00 5.000000000000000000e+00 4.000000000000000000e+01 1.000000000000000056e-01 4.000000000000000000e+01 4.708525042907285574e-02 3.160986307092628067e-02 4.290195503546404554e-01 2.967896672507868630e+02
2.000000000000000000e+00 2.500000000000000000e+00 1.800000000000000000e+01 4.110000000000000320e+00 1.000000000000000000e+01 4.000000000000000000e+01 1.000000000000000056e-01 4.000000000000000000e+01 4.772701395850953432e-02 2.550458128361610122e-02 5.529597773213686951e-01 2.150251464180241783e+02
2.000000000000000000e+00 2.500000000000000000e+00 1.800000000000000000e+01 4.110000000000000320e+00 1.000000000000000000e+00 2.500000000000000000e+01 1.000000000000000000e+00 4.000000000000000000e+01 4.786335556181775530e-02 9.488417744234944884e-02 9.008404031204948759e-02 1.982233136916366930e+05
2.000000000000000000e+00 2.500000000000000000e+00 1.800000000000000000e+01 4.110000000000000320e+00 1.000000000000000000e+00 3.500000000000000000e+01 1.000000000000000000e+00 4.000000000000000000e+01 7.655896235469827893e-02 2.189790783540395136e-01 7.711781502030727597e-02 1.726590885488953791e+05
2.000000000000000000e+00 2.500000000000000000e+00 1.800000000000000000e+01 4.110000000000000320e+00 5.000000000000000000e+00 3.500000000000000000e+01 1.000000000000000000e+00 4.000000000000000000e+01 8.103860594247747073e-02 5.464032592949008560e-02 4.534008655795429554e-01 1.908847567765665758e+02
2.000000000000000000e+00 2.500000000000000000e+00 1.800000000000000000e+01 4.110000000000000320e+00 1.000000000000000000e+00 4.000000000000000000e+01 1.000000000000000000e+00 4.000000000000000000e+01 4.330527805342065939e-02 1.396860836751507851e-01 7.484999111354086188e-02 3.017160709856406320e+05
2.000000000000000000e+00 2.500000000000000000e+00 1.800000000000000000e+01 4.110000000000000320e+00 5.000000000000000000e+00 4.000000000000000000e+01 1.000000000000000000e+00 4.000000000000000000e+01 4.317170200705033878e-02 3.093813207862927683e-02 4.147232517465486712e-01 2.868221824883089539e+02
2.000000000000000000e+00 2.500000000000000000e+00 1.800000000000000000e+01 4.110000000000000320e+00 1.000000000000000000e+00 2.500000000000000000e+01 2.000000000000000000e+00 4.000000000000000000e+01 5.432353176498372349e-02 1.123085834797643567e-01 8.721273130499496151e-02 4.532654067249141517e+05
2.000000000000000000e+00 2.500000000000000000e+00 1.800000000000000000e+01 4.110000000000000320e+00 5.000000000000000000e+00 2.500000000000000000e+01 2.000000000000000000e+00 4.000000000000000000e+01 6.586137030344341170e-02 3.384434421257687120e-02 4.622138912490736384e-01 3.218677449140287194e+02
2.000000000000000000e+00 2.500000000000000000e+00 1.800000000000000000e+01 4.110000000000000320e+00 1.000000000000000000e+01 2.500000000000000000e+01 2.000000000000000000e+00 4.000000000000000000e+01 7.415619651280191960e-02 2.931547117866251106e-02 6.232457382809040158e-01 2.108379567927852634e+02
2.000000000000000000e+00 2.500000000000000000e+00 1.800000000000000000e+01 4.110000000000000320e+00 1.000000000000000000e+00 3.500000000000000000e+01 2.000000000000000000e+00 4.000000000000000000e+01 1.065958810191629524e-01 2.989197260218392493e-01 7.534850123766802243e-02 8.578345665374494274e+04
2.000000000000000000e+00 2.500000000000000000e+00 1.800000000000000000e+01 4.110000000000000320e+00 5.000000000000000000e+00 3.500000000000000000e+01 2.000000000000000000e+00 4.000000000000000000e+01 8.843615717313646485e-02 5.257014786900127135e-02 4.590211486183825018e-01 1.769479568975507959e+02
2.000000000000000000e+00 2.500000000000000000e+00 1.800000000000000000e+01 4.110000000000000320e+00 1.000000000000000000e+01 3.500000000000000000e+01 2.000000000000000000e+00 4.000000000000000000e+01 9.500016274750322509e-02 3.412979897070700375e-02 5.996314709033189194e-01 1.462450087764074738e+02
2.000000000000000000e+00 2.500000000000000000e+00 1.800000000000000000e+01 4.110000000000000320e+00 1.000000000000000000e+00 4.000000000000000000e+01 2.000000000000000000e+00 4.000000000000000000e+01 9.260066542648215382e-02 3.063695688615073465e-01 7.370279669164228609e-02 1.666030495617682172e+05
2.000000000000000000e+00 2.500000000000000000e+00 1.800000000000000000e+01 4.110000000000000320e+00 5.000000000000000000e+00 4.000000000000000000e+01 2.000000000000000000e+00 4.000000000000000000e+01 6.004271543845995929e-02 4.028149890747223516e-02 4.357171376227216286e-01 2.414726663277624539e+02
2.000000000000000000e+00 2.500000000000000000e+00 1.800000000000000000e+01 4.110000000000000320e+00 1.000000000000000000e+01 4.000000000000000000e+01 2.000000000000000000e+00 4.000000000000000000e+01 5.549257935781271023e-02 3.393524113268986397e-02 5.607565990271683454e-01 1.853237155879846796e+02
2.000000000000000000e+00 2.500000000000000000e+00 1.800000000000000000e+01 4.110000000000000320e+00 1.000000000000000000e+00 2.500000000000000000e+01 3.000000000000000000e+00 4.000000000000000000e+01 6.227763489171045386e-02 1.494502943541693440e-01 7.883594382509148679e-02 4.427945866928687901e+05
2.000000000000000000e+00 2.500000000000000000e+00 1.800000000000000000e+01 4.110000000000000320e+00 1.000000000000000000e+00 3.500000000000000000e+01 3.000000000000000000e+00 4.000000000000000000e+01 7.847589888328565522e-02 1.965833975451556359e-01 7.514883045036677145e-02 1.568778430824843817e+05
2.000000000000000000e+00 2.500000000000000000e+00 1.800000000000000000e+01 4.110000000000000320e+00 5.000000000000000000e+00 3.500000000000000000e+01 3.000000000000000000e+00 4.000000000000000000e+01 8.531130100145589701e-02 4.077024504456905341e-02 4.630416402724560343e-01 1.621643064466119029e+02
2.000000000000000000e+00 2.500000000000000000e+00 1.800000000000000000e+01 4.110000000000000320e+00 1.000000000000000000e+01 3.500000000000000000e+01 3.000000000000000000e+00 4.000000000000000000e+01 9.183284369273181369e-02 2.928038590272974417e-02 6.028564261621222053e-01 1.380790042327633103e+02
2.000000000000000000e+00 2.500000000000000000e+00 1.800000000000000000e+01 4.110000000000000320e+00 1.000000000000000000e+00 4.000000000000000000e+01 3.000000000000000000e+00 4.000000000000000000e+01 7.724714638471086303e-02 2.263953221623040690e-01 7.748489403602583370e-02 1.587140628333474742e+05
2.000000000000000000e+00 2.500000000000000000e+00 1.800000000000000000e+01 4.110000000000000320e+00 5.000000000000000000e+00 4.000000000000000000e+01 3.000000000000000000e+00 4.000000000000000000e+01 5.597415302013875049e-02 3.418555919399857146e-02 4.759824547689285867e-01 1.943742976967739651e+02
2.000000000000000000e+00 2.500000000000000000e+00 1.800000000000000000e+01 4.110000000000000320e+00 1.000000000000000000e+01 4.000000000000000000e+01 3.000000000000000000e+00 4.000000000000000000e+01 5.022363181834466062e-02 2.107450764070439853e-02 6.111049710313827266e-01 1.651615572407769150e+02
2.000000000000000000e+00 2.500000000000000000e+00 1.800000000000000000e+01 4.110000000000000320e+00 1.000000000000000000e+00 2.500000000000000000e+01 4.000000000000000000e+00 4.000000000000000000e+01 8.101375850263003997e-02 1.876366223733993976e-01 7.827116140728127003e-02 2.005555248785025615e+05
2.000000000000000000e+00 2.500000000000000000e+00 1.800000000000000000e+01 4.110000000000000320e+00 5.000000000000000000e+00 2.500000000000000000e+01 4.000000000000000000e+00 4.000000000000000000e+01 8.959294141930862487e-02 5.711914201727008589e-02 4.271743481025693789e-01 3.497846150175836897e+02
2.000000000000000000e+00 2.500000000000000000e+00 1.800000000000000000e+01 4.110000000000000320e+00 1.000000000000000000e+01 2.500000000000000000e+01 4.000000000000000000e+00 4.000000000000000000e+01 9.756490279254714793e-02 3.634941721725293284e-02 6.181674836143177254e-01 1.851165794251010084e+02
2.000000000000000000e+00 2.500000000000000000e+00 1.800000000000000000e+01 4.110000000000000320e+00 1.000000000000000000e+00 3.500000000000000000e+01 4.000000000000000000e+00 4.000000000000000000e+01 1.095948246716667018e-01 2.730953745170532354e-01 7.332256686770437237e-02 8.923925872906288714e+04
2.000000000000000000e+00 2.500000000000000000e+00 1.800000000000000000e+01 4.110000000000000320e+00 5.000000000000000000e+00 3.500000000000000000e+01 4.000000000000000000e+00 4.000000000000000000e+01 8.832066744308497697e-02 4.014669466603715264e-02 4.833166228299799472e-01 1.546107506951896369e+02
2.000000000000000000e+00 2.500000000000000000e+00 1.800000000000000000e+01 4.110000000000000320e+00 1.000000000000000000e+01 3.500000000000000000e+01 4.000000000000000000e+00 4.000000000000000000e+01 8.845292206825883241e-02 2.850623621084280579e-02 6.036198595129995681e-01 1.373185759956123775e+02
2.000000000000000000e+00 2.500000000000000000e+00 1.800000000000000000e+01 4.110000000000000320e+00 5.000000000000000000e+00 4.000000000000000000e+01 4.000000000000000000e+00 4.000000000000000000e+01 6.462265552013657377e-02 4.132626576161757548e-02 5.171394250150901373e-01 1.612097875635228377e+02
2.000000000000000000e+00 2.500000000000000000e+00 1.800000000000000000e+01 4.110000000000000320e+00 1.000000000000000000e+01 4.000000000000000000e+01 4.000000000000000000e+00 4.000000000000000000e+01 6.381845963291743473e-02 4.352037798384289502e-02 6.428558168067215473e-01 1.441028319602883698e+02
2.000000000000000000e+00 2.500000000000000000e+00 1.800000000000000000e+01 4.110000000000000320e+00 1.000000000000000000e+00 2.500000000000000000e+01 5.000000000000000000e+00 4.000000000000000000e+01 1.116987295340639008e-01 2.340006349328014323e-01 8.983868515796558651e-02 1.713444989142496197e+05
2.000000000000000000e+00 2.500000000000000000e+00 1.800000000000000000e+01 4.110000000000000320e+00 1.000000000000000000e+00 3.500000000000000000e+01 5.000000000000000000e+00 4.000000000000000000e+01 1.625675242957842492e-01 4.145070018366499021e-01 8.219865346658988825e-02 1.056515828681530838e+05
2.000000000000000000e+00 2.500000000000000000e+00 1.800000000000000000e+01 4.110000000000000320e+00 5.000000000000000000e+00 3.500000000000000000e+01 5.000000000000000000e+00 4.000000000000000000e+01 9.344434806578005848e-02 3.950824116529716434e-02 5.334850194319508132e-01 1.371481334015454081e+02
2.000000000000000000e+00 2.500000000000000000e+00 1.800000000000000000e+01 4.110000000000000320e+00 1.000000000000000000e+01 3.500000000000000000e+01 5.000000000000000000e+00 4.000000000000000000e+01 9.379646613411907197e-02 2.695491044069187048e-02 6.562116542744366177e-01 1.212977587240454085e+02
2.000000000000000000e+00 2.500000000000000000e+00 1.800000000000000000e+01 4.110000000000000320e+00 5.000000000000000000e+00 4.000000000000000000e+01 5.000000000000000000e+00 4.000000000000000000e+01 8.271224738344429284e-02 4.834931824212396201e-02 6.103489305272422616e-01 1.209466947779702082e+02
2.000000000000000000e+00 2.500000000000000000e+00 1.800000000000000000e+01 4.110000000000000320e+00 1.000000000000000000e+01 4.000000000000000000e+01 5.000000000000000000e+00 4.000000000000000000e+01 7.046331184961229788e-02 2.717544118926640273e-02 7.125423827226852191e-01 1.192225900619906440e+02
2.000000000000000000e+00 2.500000000000000000e+00 1.800000000000000000e+01 4.110000000000000320e+00 1.000000000000000000e+00 2.500000000000000000e+01 6.000000000000000000e+00 4.000000000000000000e+01 1.058821549926607375e-01 1.871942085276512291e-01 9.626350216154022643e-02 1.759067361075252120e+05
2.000000000000000000e+00 2.500000000000000000e+00 1.800000000000000000e+01 4.110000000000000320e+00 5.000000000000000000e+00 2.500000000000000000e+01 6.000000000000000000e+00 4.000000000000000000e+01 1.079754794422544961e-01 5.408262770685889897e-02 4.866795164129852358e-01 2.454983770703281039e+02
2.000000000000000000e+00 2.500000000000000000e+00 1.800000000000000000e+01 4.110000000000000320e+00 1.000000000000000000e+01 2.500000000000000000e+01 6.000000000000000000e+00 4.000000000000000000e+01 1.143524861736717746e-01 3.854023128993966374e-02 6.574693891789998856e-01 1.681711155000431006e+02
2.000000000000000000e+00 2.500000000000000000e+00 1.800000000000000000e+01 4.110000000000000320e+00 1.000000000000000000e+00 3.500000000000000000e+01 6.000000000000000000e+00 4.000000000000000000e+01 1.746337481117974377e-01 3.710205261162045076e-01 8.837860351006003590e-02 6.549441702211593110e+02
2.000000000000000000e+00 2.500000000000000000e+00 1.800000000000000000e+01 4.110000000000000320e+00 5.000000000000000000e+00 3.500000000000000000e+01 6.000000000000000000e+00 4.000000000000000000e+01 7.778576730636954650e-02 2.754785599809261853e-02 5.325564644613425269e-01 1.416722588738616935e+02
2.000000000000000000e+00 2.500000000000000000e+00 1.800000000000000000e+01 4.110000000000000320e+00 1.000000000000000000e+01 3.500000000000000000e+01 6.000000000000000000e+00 4.000000000000000000e+01 8.260947847393063093e-02 2.602403360763649864e-02 6.743587191465796327e-01 1.264041228264494521e+02
2.000000000000000000e+00 2.500000000000000000e+00 1.800000000000000000e+01 4.110000000000000320e+00 5.000000000000000000e+00 4.000000000000000000e+01 6.000000000000000000e+00 4.000000000000000000e+01 3.699184715908754306e-02 1.234059294068790003e-02 6.195739743913613040e-01 1.326404612109609502e+02
2.000000000000000000e+00 2.500000000000000000e+00 1.800000000000000000e+01 4.110000000000000320e+00 1.000000000000000000e+01 4.000000000000000000e+01 6.000000000000000000e+00 4.000000000000000000e+01 4.524632852164200969e-02 1.893698361764895033e-02 7.542534406531937741e-01 1.223594176243847897e+02
2.000000000000000000e+00 2.500000000000000000e+00 1.800000000000000000e+01 4.110000000000000320e+00 1.000000000000000000e+00 2.500000000000000000e+01 7.000000000000000000e+00 4.000000000000000000e+01 1.257152197762152479e-01 2.151424098925029949e-01 9.194575289623457826e-02 1.842537222337909625e+05
2.000000000000000000e+00 2.500000000000000000e+00 1.800000000000000000e+01 4.110000000000000320e+00 5.000000000000000000e+00 3.500000000000000000e+01 7.000000000000000000e+00 4.000000000000000000e+01 7.636683663233423403e-02 2.603594372893502928e-02 6.678691576794022478e-01 1.214161723575773948e+02
2.000000000000000000e+00 2.500000000000000000e+00 1.800000000000000000e+01 4.110000000000000320e+00 1.000000000000000000e+01 3.500000000000000000e+01 7.000000000000000000e+00 4.000000000000000000e+01 6.935719863387301842e-02 1.877608059909774418e-02 6.791113934175049272e-01 1.267009692866214436e+02
2.000000000000000000e+00 2.500000000000000000e+00 1.800000000000000000e+01 4.110000000000000320e+00 5.000000000000000000e+00 4.000000000000000000e+01 7.000000000000000000e+00 4.000000000000000000e+01 5.278016532552531892e-02 2.477626864567517018e-02 7.191861265233765454e-01 1.105175399172829174e+02
2.000000000000000000e+00 2.500000000000000000e+00 1.800000000000000000e+01 4.110000000000000320e+00 1.000000000000000000e+01 4.000000000000000000e+01 7.000000000000000000e+00 4.000000000000000000e+01 7.736436327418094727e-02 2.027109089037471001e-02 8.953145315002781768e-01 8.897872088272211499e+01
2.000000000000000000e+00 2.500000000000000000e+00 1.800000000000000000e+01 4.110000000000000320e+00 1.000000000000000000e+00 2.500000000000000000e+01 8.000000000000000000e+00 4.000000000000000000e+01 1.408978575143347012e-01 2.320431596663219409e-01 1.029475384528910492e-01 1.400178688271713036e+05
2.000000000000000000e+00 2.500000000000000000e+00 1.800000000000000000e+01 4.110000000000000320e+00 5.000000000000000000e+00 2.500000000000000000e+01 8.000000000000000000e+00 4.000000000000000000e+01 1.205596632986689620e-01 5.617708575786672931e-02 5.472758619593049989e-01 2.005377632568137187e+02
2.000000000000000000e+00 2.500000000000000000e+00 1.800000000000000000e+01 4.110000000000000320e+00 1.000000000000000000e+01 2.500000000000000000e+01 8.000000000000000000e+00 4.000000000000000000e+01 1.243109070685348705e-01 3.936629815074854655e-02 6.796474406065344809e-01 1.530076560624436866e+02
2.000000000000000000e+00 2.500000000000000000e+00 1.800000000000000000e+01 4.110000000000000320e+00 5.000000000000000000e+00 3.500000000000000000e+01 8.000000000000000000e+00 4.000000000000000000e+01 8.688237337366011559e-02 3.560318806650486501e-02 5.998431283295299066e-01 1.215920907636476045e+02
2.000000000000000000e+00 2.500000000000000000e+00 1.800000000000000000e+01 4.110000000000000320e+00 1.000000000000000000e+01 3.500000000000000000e+01 8.000000000000000000e+00 4.000000000000000000e+01 7.069981858158791432e-02 2.062151007316348483e-02 7.394805942918238895e-01 1.211607263021674328e+02
2.000000000000000000e+00 2.500000000000000000e+00 1.800000000000000000e+01 4.110000000000000320e+00 5.000000000000000000e+00 4.000000000000000000e+01 8.000000000000000000e+00 4.000000000000000000e+01 5.409515494482342035e-02 1.864269336959356593e-02 7.971540645264979519e-01 9.758301192747204311e+01
2.000000000000000000e+00 2.500000000000000000e+00 1.800000000000000000e+01 4.110000000000000320e+00 1.000000000000000000e+01 4.000000000000000000e+01 8.000000000000000000e+00 4.000000000000000000e+01 5.226078959284907732e-02 1.153843559268663554e-02 9.561326362907079934e-01 9.215090175778691162e+01
2.000000000000000000e+00 2.500000000000000000e+00 1.800000000000000000e+01 4.110000000000000320e+00 1.000000000000000000e+00 2.500000000000000000e+01 9.000000000000000000e+00 4.000000000000000000e+01 1.297043429731175035e-01 2.460594357645835561e-01 1.000987450809885243e-01 7.012399568695888156e+05
2.000000000000000000e+00 2.500000000000000000e+00 1.800000000000000000e+01 4.110000000000000320e+00 5.000000000000000000e+00 3.500000000000000000e+01 9.000000000000000000e+00 4.000000000000000000e+01 7.716596567179268007e-02 2.634789528122793989e-02 6.636814145449067004e-01 1.089445377412398841e+02
2.000000000000000000e+00 2.500000000000000000e+00 1.800000000000000000e+01 4.110000000000000320e+00 1.000000000000000000e+01 3.500000000000000000e+01 9.000000000000000000e+00 4.000000000000000000e+01 8.417549425637083083e-02 2.092760868543108721e-02 7.679468513576727107e-01 1.083157701460274467e+02
2.000000000000000000e+00 2.500000000000000000e+00 1.800000000000000000e+01 4.110000000000000320e+00 5.000000000000000000e+00 4.000000000000000000e+01 9.000000000000000000e+00 4.000000000000000000e+01 4.903558155786602590e-02 1.701782907171422998e-02 7.705207463128525003e-01 9.698021030619011640e+01
2.000000000000000000e+00 2.500000000000000000e+00 1.800000000000000000e+01 4.110000000000000320e+00 1.000000000000000000e+01 4.000000000000000000e+01 9.000000000000000000e+00 4.000000000000000000e+01 5.365567693909678582e-02 1.225585621217506471e-02 9.247826599815732740e-01 8.980177910876136593e+01
2.000000000000000000e+00 2.500000000000000000e+00 1.800000000000000000e+01 4.110000000000000320e+00 5.000000000000000000e+00 2.500000000000000000e+01 1.000000000000000000e+01 4.000000000000000000e+01 1.478517433286914429e-01 7.598247658023948858e-02 5.533768209197835741e-01 1.867949909879414463e+02
2.000000000000000000e+00 2.500000000000000000e+00 1.800000000000000000e+01 4.110000000000000320e+00 1.000000000000000000e+01 2.500000000000000000e+01 1.000000000000000000e+01 4.000000000000000000e+01 1.322221630797852931e-01 4.265678128848438000e-02 6.882382479792442664e-01 1.479572231606447019e+02
2.000000000000000000e+00 2.500000000000000000e+00 1.800000000000000000e+01 4.110000000000000320e+00 5.000000000000000000e+00 3.500000000000000000e+01 1.000000000000000000e+01 4.000000000000000000e+01 1.052405181389846067e-01 4.295843912102426110e-02 6.387870057454408945e-01 1.049177517199161258e+02
2.000000000000000000e+00 2.500000000000000000e+00 1.800000000000000000e+01 4.110000000000000320e+00 1.000000000000000000e+01 3.500000000000000000e+01 1.000000000000000000e+01 4.000000000000000000e+01 1.119497208531363697e-01 2.295668928969529787e-02 8.271039568127780406e-01 9.299310526755080275e+01
2.000000000000000000e+00 2.500000000000000000e+00 1.800000000000000000e+01 4.110000000000000320e+00 1.000000000000000000e+01 4.000000000000000000e+01 1.000000000000000000e+01 4.000000000000000000e+01 8.465723900890553821e-02 1.135218133927695661e-02 1.035067376500086622e+00 7.527116192033872721e+01
2.000000000000000000e+00 2.500000000000000000e+00 1.800000000000000000e+01 4.110000000000000320e+00 5.000000000000000000e+00 3.500000000000000000e+01 1.100000000000000000e+01 4.000000000000000000e+01 1.030218963929510068e-01 4.415897721603601056e-02 6.813048856215531135e-01 9.888222869106014912e+01
2.000000000000000000e+00 2.500000000000000000e+00 1.800000000000000000e+01 4.110000000000000320e+00 1.000000000000000000e+01 3.500000000000000000e+01 1.100000000000000000e+01 4.000000000000000000e+01 8.782072582291378104e-02 1.938286724231375047e-02 8.432993640797169510e-01 9.566357732206772368e+01
2.000000000000000000e+00 2.500000000000000000e+00 1.800000000000000000e+01 4.110000000000000320e+00 1.000000000000000000e+01 4.000000000000000000e+01 1.100000000000000000e+01 4.000000000000000000e+01 6.545482386191658897e-02 9.747423409677269390e-03 1.066482758486323013e+00 7.648476514774044688e+01
2.000000000000000000e+00 2.500000000000000000e+00 1.800000000000000000e+01 4.110000000000000320e+00 5.000000000000000000e+00 2.500000000000000000e+01 1.200000000000000000e+01 4.000000000000000000e+01 1.464175512722207806e-01 7.116304241909854333e-02 5.094020952999799290e-01 1.973594289625569900e+02
2.000000000000000000e+00 2.500000000000000000e+00 1.800000000000000000e+01 4.110000000000000320e+00 1.000000000000000000e+01 2.500000000000000000e+01 1.200000000000000000e+01 4.000000000000000000e+01 1.355857222564618159e-01 4.262346308527176220e-02 6.691021468168939501e-01 1.460506042434107030e+02
2.000000000000000000e+00 2.500000000000000000e+00 1.800000000000000000e+01 4.110000000000000320e+00 5.000000000000000000e+00 3.500000000000000000e+01 1.200000000000000000e+01 4.000000000000000000e+01 9.995235702676907863e-02 2.562324533909365876e-02 7.282611954649725883e-01 9.684893666618226860e+01
2.000000000000000000e+00 2.500000000000000000e+00 1.800000000000000000e+01 4.110000000000000320e+00 1.000000000000000000e+01 3.500000000000000000e+01 1.200000000000000000e+01 4.000000000000000000e+01 6.657191591931588270e-02 1.074514494974798673e-02 8.479445290777929412e-01 1.021495424100222351e+02
2.000000000000000000e+00 2.500000000000000000e+00 1.800000000000000000e+01 4.110000000000000320e+00 1.000000000000000000e+01 4.000000000000000000e+01 1.200000000000000000e+01 4.000000000000000000e+01 1.206374630418967087e-01 1.083619554044523703e-02 1.147327244796110035e+00 6.759823783663243546e+01
2.000000000000000000e+00 2.500000000000000000e+00 1.800000000000000000e+01 4.110000000000000320e+00 1.000000000000000000e+01 3.500000000000000000e+01 1.300000000000000000e+01 4.000000000000000000e+01 1.029570083435220607e-01 2.459384253249963237e-02 8.988644923176585255e-01 9.235529031040330494e+01
2.000000000000000000e+00 2.500000000000000000e+00 1.800000000000000000e+01 4.110000000000000320e+00 5.000000000000000000e+00 2.500000000000000000e+01 1.400000000000000000e+01 4.000000000000000000e+01 1.449422790132315342e-01 5.936085858145112581e-02 5.809438458554243567e-01 1.678959369269080355e+02
2.000000000000000000e+00 2.500000000000000000e+00 1.800000000000000000e+01 4.110000000000000320e+00 1.000000000000000000e+01 2.500000000000000000e+01 1.400000000000000000e+01 4.000000000000000000e+01 1.288224259297006125e-01 3.416556331707298888e-02 7.770809633387953941e-01 1.326488044932708021e+02
2.000000000000000000e+00 2.500000000000000000e+00 1.800000000000000000e+01 4.110000000000000320e+00 1.000000000000000000e+01 3.500000000000000000e+01 1.400000000000000000e+01 4.000000000000000000e+01 5.549698429247351683e-02 5.316898493561650341e-03 1.053143911255245424e+00 8.841539890919987954e+01
2.000000000000000000e+00 2.500000000000000000e+00 1.800000000000000000e+01 4.110000000000000320e+00 1.000000000000000000e+01 3.500000000000000000e+01 1.500000000000000000e+01 4.000000000000000000e+01 6.645347607661666878e-02 9.698495364794279539e-03 1.010459811699630839e+00 8.924355568779584758e+01
2.000000000000000000e+00 2.500000000000000000e+00 1.800000000000000000e+01 4.110000000000000320e+00 5.000000000000000000e+00 2.500000000000000000e+01 1.600000000000000000e+01 4.000000000000000000e+01 1.610573472294696273e-01 7.068510546599515720e-02 5.481563171837587900e-01 1.697279502471861576e+02
2.000000000000000000e+00 2.500000000000000000e+00 1.800000000000000000e+01 4.110000000000000320e+00 1.000000000000000000e+01 2.500000000000000000e+01 1.600000000000000000e+01 4.000000000000000000e+01 1.463354968472707629e-01 4.188640930601161827e-02 7.021342391160133589e-01 1.367911845085611731e+02
2.000000000000000000e+00 2.500000000000000000e+00 1.800000000000000000e+01 4.110000000000000320e+00 1.000000000000000000e+01 3.500000000000000000e+01 1.600000000000000000e+01 4.000000000000000000e+01 1.168454264333320669e-01 1.108768484180422398e-02 9.911200665343060656e-01 7.892297765355195338e+01
2.000000000000000000e+00 2.500000000000000000e+00 1.800000000000000000e+01 4.110000000000000320e+00 1.000000000000000000e+01 3.500000000000000000e+01 1.700000000000000000e+01 4.000000000000000000e+01 9.623533136602024918e-02 9.899489837856378927e-03 1.024511737107278275e+00 8.102998825631554780e+01
2.000000000000000000e+00 2.500000000000000000e+00 1.800000000000000000e+01 4.110000000000000320e+00 5.000000000000000000e+00 2.500000000000000000e+01 1.800000000000000000e+01 4.000000000000000000e+01 1.522500898810497105e-01 7.414353474831636426e-02 5.767051014839627010e-01 1.619900156887243554e+02
2.000000000000000000e+00 2.500000000000000000e+00 1.800000000000000000e+01 4.110000000000000320e+00 1.000000000000000000e+01 2.500000000000000000e+01 1.800000000000000000e+01 4.000000000000000000e+01 1.206632257565198874e-01 4.189306889428578984e-02 7.528678694087247436e-01 1.386111397552029985e+02
2.000000000000000000e+00 2.500000000000000000e+00 1.800000000000000000e+01 4.110000000000000320e+00 1.000000000000000000e+01 3.500000000000000000e+01 1.800000000000000000e+01 4.000000000000000000e+01 1.265390383388804718e-01 2.129173000595341314e-02 1.017849170201740039e+00 8.343653030487516276e+01
2.000000000000000000e+00 2.500000000000000000e+00 1.800000000000000000e+01 4.110000000000000320e+00 1.000000000000000000e+01 2.500000000000000000e+01 2.200000000000000000e+01 4.000000000000000000e+01 1.583960735086535898e-01 3.666587830128431591e-02 7.925834033287060265e-01 1.198448016824161328e+02
