1.600000000000000000e+01 1.500000000000000000e+00 1.800000000000000000e+01 3.000000000000000000e+00 1.000000000000000000e+00 2.500000000000000000e+01 0.000000000000000000e+00 4.000000000000000000e+01 8.014114909426384159e-03 4.151182872323522233e-03 2.225686384906803150e-01 2.359918915718871517e+02
1.600000000000000000e+01 1.500000000000000000e+00 1.800000000000000000e+01 3.000000000000000000e+00 5.000000000000000000e+00 2.500000000000000000e+01 0.000000000000000000e+00 4.000000000000000000e+01 3.328924994509208091e-03 3.050873844943069457e-04 6.062595834692771080e-01 1.793222830590252670e+02
1.600000000000000000e+01 1.500000000000000000e+00 1.800000000000000000e+01 3.000000000000000000e+00 1.000000000000000000e+01 2.500000000000000000e+01 0.000000000000000000e+00 4.000000000000000000e+01 1.928394691352863788e-05 5.659724022777368191e-09 1.658189464606989016e+00 1.102383091001008211e+02
1.600000000000000000e+01 1.500000000000000000e+00 1.800000000000000000e+01 3.000000000000000000e+00 1.000000000000000000e+00 2.500000000000000000e+01 1.000000000000000056e-01 4.000000000000000000e+01 7.964067377326022878e-03 4.094338241078299134e-03 2.113168818345707023e-01 2.439881078445442881e+02
1.600000000000000000e+01 1.500000000000000000e+00 1.800000000000000000e+01 3.000000000000000000e+00 5.000000000000000000e+00 2.500000000000000000e+01 1.000000000000000056e-01 4.000000000000000000e+01 4.539901600538742699e-03 5.802147937488122409e-04 5.812064058076943374e-01 1.821308756800479216e+02
1.600000000000000000e+01 1.500000000000000000e+00 1.800000000000000000e+01 3.000000000000000000e+00 1.000000000000000000e+01 2.500000000000000000e+01 1.000000000000000056e-01 4.000000000000000000e+01 2.578233217964687185e-05 9.292907332536515241e-09 1.572062744099320897e+00 1.152610972692147158e+02
1.600000000000000000e+01 1.500000000000000000e+00 1.800000000000000000e+01 3.000000000000000000e+00 1.000000000000000000e+00 3.500000000000000000e+01 1.000000000000000056e-01 4.000000000000000000e+01 6.648165320837451375e-03 3.727507121443318638e-03 2.078657055623987504e-01 2.113812193431903381e+02
1.600000000000000000e+01 1.500000000000000000e+00 1.800000000000000000e+01 3.000000000000000000e+00 5.000000000000000000e+00 3.500000000000000000e+01 1.000000000000000056e-01 4.000000000000000000e+01 4.033640289053730399e-03 5.113961759672935870e-04 5.395436643726643222e-01 1.773519297095447484e+02
1.600000000000000000e+01 1.500000000000000000e+00 1.800000000000000000e+01 3.000000000000000000e+00 1.000000000000000000e+01 3.500000000000000000e+01 1.000000000000000056e-01 4.000000000000000000e+01 2.124194594044226392e-05 6.487339998528796059e-09 1.533419453223932249e+00 1.099307372487640606e+02
1.600000000000000000e+01 1.500000000000000000e+00 1.800000000000000000e+01 3.000000000000000000e+00 1.000000000000000000e+00 4.000000000000000000e+01 1.000000000000000056e-01 4.000000000000000000e+01 4.244669349179552853e-03 1.797349301333683869e-03 2.121928918481513215e-01 2.055118943321423615e+02
1.600000000000000000e+01 1.500000000000000000e+00 1.800000000000000000e+01 3.000000000000000000e+00 5.000000000000000000e+00 4.000000000000000000e+01 1.000000000000000056e-01 4.000000000000000000e+01 2.141228415728946288e-03 1.550076944663025813e-04 5.706435982508213378e-01 1.687230134152798371e+02
1.600000000000000000e+01 1.500000000000000000e+00 1.800000000000000000e+01 3.000000000000000000e+00 1.000000000000000000e+01 4.000000000000000000e+01 1.000000000000000056e-01 4.000000000000000000e+01 1.880855563807237729e-05 5.772534672487950047e-09 1.510323634967222661e+00 1.104333842392689888e+02
1.600000000000000000e+01 1.500000000000000000e+00 1.800000000000000000e+01 3.000000000000000000e+00 1.000000000000000000e+00 2.500000000000000000e+01 1.000000000000000000e+00 4.000000000000000000e+01 9.858490704414135664e-03 6.319289564470365050e-03 2.031201181397891964e-01 2.537046061565597483e+02
1.600000000000000000e+01 1.500000000000000000e+00 1.800000000000000000e+01 3.000000000000000000e+00 1.000000000000000000e+00 3.500000000000000000e+01 1.000000000000000000e+00 4.000000000000000000e+01 1.237004533125229955e-02 9.007240717328057755e-03 2.113885511556509444e-01 2.310672113910454470e+02
1.600000000000000000e+01 1.500000000000000000e+00 1.800000000000000000e+01 3.000000000000000000e+00 5.000000000000000000e+00 3.500000000000000000e+01 1.000000000000000000e+00 4.000000000000000000e+01 8.054109732884562334e-03 1.324561318748251892e-03 5.687019326708337985e-01 1.679424644993610798e+02
1.600000000000000000e+01 1.500000000000000000e+00 1.800000000000000000e+01 3.000000000000000000e+00 1.000000000000000000e+01 3.500000000000000000e+01 1.000000000000000000e+00 4.000000000000000000e+01 2.584996626731062008e-05 9.567461711768032728e-09 1.363230450238256841e+00 1.304624517589536481e+02
1.600000000000000000e+01 1.500000000000000000e+00 1.800000000000000000e+01 3.000000000000000000e+00 1.000000000000000000e+00 4.000000000000000000e+01 1.000000000000000000e+00 4.000000000000000000e+01 5.920612771446398526e-03 3.155833662176199539e-03 2.163063336285659666e-01 2.042519192411788822e+02
1.600000000000000000e+01 1.500000000000000000e+00 1.800000000000000000e+01 3.000000000000000000e+00 5.000000000000000000e+00 4.000000000000000000e+01 1.000000000000000000e+00 4.000000000000000000e+01 1.444888302283287018e-03 6.694889202507603443e-05 5.959786704913138111e-01 1.611910156274416863e+02
1.600000000000000000e+01 1.500000000000000000e+00 1.800000000000000000e+01 3.000000000000000000e+00 1.000000000000000000e+01 4.000000000000000000e+01 1.000000000000000000e+00 4.000000000000000000e+01 1.499389229397962708e-05 5.718783890884537868e-09 1.618902506141860931e+00 9.989970033375371372e+01
1.600000000000000000e+01 1.500000000000000000e+00 1.800000000000000000e+01 3.000000000000000000e+00 1.000000000000000000e+00 2.500000000000000000e+01 2.000000000000000000e+00 4.000000000000000000e+01 1.203051845140645781e-02 7.041349886001579961e-03 2.062545369686618890e-01 2.867370088747160821e+02
1.600000000000000000e+01 1.500000000000000000e+00 1.800000000000000000e+01 3.000000000000000000e+00 5.000000000000000000e+00 2.500000000000000000e+01 2.000000000000000000e+00 4.000000000000000000e+01 1.005725086705644422e-02 1.880077189694073780e-03 5.784921721878533152e-01 1.827710654178235643e+02
1.600000000000000000e+01 1.500000000000000000e+00 1.800000000000000000e+01 3.000000000000000000e+00 1.000000000000000000e+01 2.500000000000000000e+01 2.000000000000000000e+00 4.000000000000000000e+01 2.774621297843893331e-03 6.041052818739345298e-05 1.594005143723216333e+00 1.121905012219041708e+02
1.600000000000000000e+01 1.500000000000000000e+00 1.800000000000000000e+01 3.000000000000000000e+00 1.000000000000000000e+00 3.500000000000000000e+01 2.000000000000000000e+00 4.000000000000000000e+01 1.295436249901271708e-02 9.284763252152439250e-03 2.139269354940248058e-01 2.338107521028807696e+02
1.600000000000000000e+01 1.500000000000000000e+00 1.800000000000000000e+01 3.000000000000000000e+00 5.000000000000000000e+00 3.500000000000000000e+01 2.000000000000000000e+00 4.000000000000000000e+01 7.683027339157044722e-03 1.301184241213837467e-03 5.928701972212699900e-01 1.601448201755893024e+02
1.600000000000000000e+01 1.500000000000000000e+00 1.800000000000000000e+01 3.000000000000000000e+00 1.000000000000000000e+01 3.500000000000000000e+01 2.000000000000000000e+00 4.000000000000000000e+01 2.436127328842019324e-05 6.666921903430989005e-09 1.650486113058204474e+00 9.939066640550417731e+01
1.600000000000000000e+01 1.500000000000000000e+00 1.800000000000000000e+01 3.000000000000000000e+00 1.000000000000000000e+00 4.000000000000000000e+01 2.000000000000000000e+00 4.000000000000000000e+01 1.777234941323846407e-02 1.108061981200347823e-02 2.235126211443775046e-01 2.250541592148013024e+02
1.600000000000000000e+01 1.500000000000000000e+00 1.800000000000000000e+01 3.000000000000000000e+00 5.000000000000000000e+00 4.000000000000000000e+01 2.000000000000000000e+00 4.000000000000000000e+01 3.011049254464381875e-05 3.218460875586970360e-08 6.145688397399775571e-01 1.552365794152183867e+02
1.600000000000000000e+01 1.500000000000000000e+00 1.800000000000000000e+01 3.000000000000000000e+00 1.000000000000000000e+01 4.000000000000000000e+01 2.000000000000000000e+00 4.000000000000000000e+01 1.349884119417055217e-05 5.876740649668477090e-09 1.695796630797141047e+00 9.347935678850589625e+01
1.600000000000000000e+01 1.500000000000000000e+00 1.800000000000000000e+01 3.000000000000000000e+00 1.000000000000000000e+00 2.500000000000000000e+01 3.000000000000000000e+00 4.000000000000000000e+01 1.716250023572185590e-02 1.271493391216904634e-02 1.900354289016230880e-01 3.650257390306090883e+02
1.600000000000000000e+01 1.500000000000000000e+00 1.800000000000000000e+01 3.000000000000000000e+00 1.000000000000000000e+00 3.500000000000000000e+01 3.000000000000000000e+00 4.000000000000000000e+01 1.182669144731551825e-02 9.950822600442110755e-03 2.030447843045581069e-01 2.466616213264965438e+02
1.600000000000000000e+01 1.500000000000000000e+00 1.800000000000000000e+01 3.000000000000000000e+00 5.000000000000000000e+00 3.500000000000000000e+01 3.000000000000000000e+00 4.000000000000000000e+01 6.247034405958196146e-03 1.022302594171575763e-03 5.666136245482465972e-01 1.578667197291322566e+02
1.600000000000000000e+01 1.500000000000000000e+00 1.800000000000000000e+01 3.000000000000000000e+00 1.000000000000000000e+01 3.500000000000000000e+01 3.000000000000000000e+00 4.000000000000000000e+01 2.446987732729333231e-05 7.326279805042190674e-09 1.649872794890067107e+00 9.739389096659526501e+01
1.600000000000000000e+01 1.500000000000000000e+00 1.800000000000000000e+01 3.000000000000000000e+00 1.000000000000000000e+00 4.000000000000000000e+01 3.000000000000000000e+00 4.000000000000000000e+01 3.145491139669864822e-02 2.296794617723341148e-02 2.328718075549467414e-01 2.317433167564302323e+02
1.600000000000000000e+01 1.500000000000000000e+00 1.800000000000000000e+01 3.000000000000000000e+00 5.000000000000000000e+00 4.000000000000000000e+01 3.000000000000000000e+00 4.000000000000000000e+01 1.281144360963937245e-03 5.615276515835709858e-05 6.355586377527294717e-01 1.462372186313378393e+02
1.600000000000000000e+01 1.500000000000000000e+00 1.800000000000000000e+01 3.000000000000000000e+00 1.000000000000000000e+01 4.000000000000000000e+01 3.000000000000000000e+00 4.000000000000000000e+01 1.407409032738726751e-05 5.417702952925651516e-09 1.767082135603603499e+00 8.922092728107331538e+01
1.600000000000000000e+01 1.500000000000000000e+00 1.800000000000000000e+01 3.000000000000000000e+00 1.000000000000000000e+00 2.500000000000000000e+01 4.000000000000000000e+00 4.000000000000000000e+01 1.804800541611117914e-02 1.245369997084178060e-02 2.128405145558205092e-01 2.580926280668056165e+02
1.600000000000000000e+01 1.500000000000000000e+00 1.800000000000000000e+01 3.000000000000000000e+00 5.000000000000000000e+00 2.500000000000000000e+01 4.000000000000000000e+00 4.000000000000000000e+01 1.591234983437961326e-02 3.734376005686268485e-03 5.878982731505848491e-01 1.778170352194159705e+02
1.600000000000000000e+01 1.500000000000000000e+00 1.800000000000000000e+01 3.000000000000000000e+00 1.000000000000000000e+01 2.500000000000000000e+01 4.000000000000000000e+00 4.000000000000000000e+01 7.220802605283571651e-03 3.208630432647296971e-04 1.614750210232279937e+00 1.085472397739063979e+02
1.600000000000000000e+01 1.500000000000000000e+00 1.800000000000000000e+01 3.000000000000000000e+00 1.000000000000000000e+00 3.500000000000000000e+01 4.000000000000000000e+00 4.000000000000000000e+01 1.526802946235461533e-02 1.150042835120124174e-02 2.224936632417536808e-01 2.277721707888822209e+02
1.600000000000000000e+01 1.500000000000000000e+00 1.800000000000000000e+01 3.000000000000000000e+00 5.000000000000000000e+00 3.500000000000000000e+01 4.000000000000000000e+00 4.000000000000000000e+01 7.404969677192729804e-03 1.095449622548816393e-03 6.348749373569673171e-01 1.484587741830915490e+02
1.600000000000000000e+01 1.500000000000000000e+00 1.800000000000000000e+01 3.000000000000000000e+00 1.000000000000000000e+01 3.500000000000000000e+01 4.000000000000000000e+00 4.000000000000000000e+01 3.014306481041728603e-05 9.495104036361112776e-09 1.731554500003795738e+00 9.409640198801453437e+01
1.600000000000000000e+01 1.500000000000000000e+00 1.800000000000000000e+01 3.000000000000000000e+00 5.000000000000000000e+00 4.000000000000000000e+01 4.000000000000000000e+00 4.000000000000000000e+01 2.322311149220768201e-03 1.736072671965072090e-04 6.394412715797574975e-01 1.448752431668563929e+02
1.600000000000000000e+01 1.500000000000000000e+00 1.800000000000000000e+01 3.000000000000000000e+00 1.000000000000000000e+01 4.000000000000000000e+01 4.000000000000000000e+00 4.000000000000000000e+01 1.512381482537961119e-05 5.982475848043122824e-09 1.844311280697015443e+00 8.613136340060742668e+01
1.600000000000000000e+01 1.500000000000000000e+00 1.800000000000000000e+01 3.000000000000000000e+00 1.000000000000000000e+00 2.500000000000000000e+01 5.000000000000000000e+00 4.000000000000000000e+01 1.886067425730053593e-02 1.197025545872332231e-02 2.165631894942459390e-01 2.620515768419168126e+02
1.600000000000000000e+01 1.500000000000000000e+00 1.800000000000000000e+01 3.000000000000000000e+00 1.000000000000000000e+00 3.500000000000000000e+01 5.000000000000000000e+00 4.000000000000000000e+01 1.725595719292383201e-02 1.556808009418375605e-02 2.276821626881437854e-01 2.156535877479367400e+02
1.600000000000000000e+01 1.500000000000000000e+00 1.800000000000000000e+01 3.000000000000000000e+00 5.000000000000000000e+00 3.500000000000000000e+01 5.000000000000000000e+00 4.000000000000000000e+01 7.678447824505552077e-03 1.112966755914657213e-03 6.436711939055094200e-01 1.481202448908865961e+02
1.600000000000000000e+01 1.500000000000000000e+00 1.800000000000000000e+01 3.000000000000000000e+00 1.000000000000000000e+01 3.500000000000000000e+01 5.000000000000000000e+00 4.000000000000000000e+01 2.400897310006477881e-05 6.686704745462179744e-09 1.787719909293761233e+00 9.249795639418987037e+01
1.600000000000000000e+01 1.500000000000000000e+00 1.800000000000000000e+01 3.000000000000000000e+00 5.000000000000000000e+00 4.000000000000000000e+01 5.000000000000000000e+00 4.000000000000000000e+01 3.590262820565515156e-03 3.451413714266049482e-04 6.449002751234454989e-01 1.431397136567169355e+02
1.600000000000000000e+01 1.500000000000000000e+00 1.800000000000000000e+01 3.000000000000000000e+00 1.000000000000000000e+01 4.000000000000000000e+01 5.000000000000000000e+00 4.000000000000000000e+01 1.710027111379019971e-05 6.350066472649018579e-09 1.856105518794814335e+00 8.476575803831316591e+01
1.600000000000000000e+01 1.500000000000000000e+00 1.800000000000000000e+01 3.000000000000000000e+00 1.000000000000000000e+00 2.500000000000000000e+01 6.000000000000000000e+00 4.000000000000000000e+01 2.218974361562620068e-02 1.456709218829876917e-02 2.352004716972715681e-01 2.420946684705342591e+02
1.600000000000000000e+01 1.500000000000000000e+00 1.800000000000000000e+01 3.000000000000000000e+00 5.000000000000000000e+00 2.500000000000000000e+01 6.000000000000000000e+00 4.000000000000000000e+01 1.856769508058064844e-02 4.293732766254887423e-03 6.450022750315900222e-01 1.659299948755511025e+02
1.600000000000000000e+01 1.500000000000000000e+00 1.800000000000000000e+01 3.000000000000000000e+00 1.000000000000000000e+01 2.500000000000000000e+01 6.000000000000000000e+00 4.000000000000000000e+01 9.387720253731579589e-03 4.210622268780994659e-04 1.757741385375411802e+00 1.036156862304258937e+02
1.600000000000000000e+01 1.500000000000000000e+00 1.800000000000000000e+01 3.000000000000000000e+00 1.000000000000000000e+00 3.500000000000000000e+01 6.000000000000000000e+00 4.000000000000000000e+01 2.472026810938565689e-02 1.926650751013259111e-02 2.456869642240857576e-01 2.206150921965056284e+02
1.600000000000000000e+01 1.500000000000000000e+00 1.800000000000000000e+01 3.000000000000000000e+00 5.000000000000000000e+00 3.500000000000000000e+01 6.000000000000000000e+00 4.000000000000000000e+01 6.719975558731272613e-03 8.805947419501247708e-04 6.896138749042374227e-01 1.413354811147221142e+02
1.600000000000000000e+01 1.500000000000000000e+00 1.800000000000000000e+01 3.000000000000000000e+00 1.000000000000000000e+01 3.500000000000000000e+01 6.000000000000000000e+00 4.000000000000000000e+01 3.616359810232339100e-05 1.272435956600759255e-08 1.899434771098669206e+00 8.924811904660553807e+01
1.600000000000000000e+01 1.500000000000000000e+00 1.800000000000000000e+01 3.000000000000000000e+00 5.000000000000000000e+00 4.000000000000000000e+01 6.000000000000000000e+00 4.000000000000000000e+01 1.564550737205294695e-03 5.412591487874429674e-05 7.118635939979415239e-01 1.371225619665320323e+02
1.600000000000000000e+01 1.500000000000000000e+00 1.800000000000000000e+01 3.000000000000000000e+00 1.000000000000000000e+01 4.000000000000000000e+01 6.000000000000000000e+00 4.000000000000000000e+01 2.011327929540840387e-05 6.710091593475908667e-09 2.030198126382646517e+00 8.113865281618357983e+01
1.600000000000000000e+01 1.500000000000000000e+00 1.800000000000000000e+01 3.000000000000000000e+00 1.000000000000000000e+00 2.500000000000000000e+01 7.000000000000000000e+00 4.000000000000000000e+01 2.519284329752191631e-02 1.659850932713502480e-02 2.466581957334468556e-01 2.355259457632437261e+02
1.600000000000000000e+01 1.500000000000000000e+00 1.800000000000000000e+01 3.000000000000000000e+00 5.000000000000000000e+00 3.500000000000000000e+01 7.000000000000000000e+00 4.000000000000000000e+01 9.066752942915368152e-03 1.247665659717345221e-03 7.193447618172863489e-01 1.393939723516268430e+02
1.600000000000000000e+01 1.500000000000000000e+00 1.800000000000000000e+01 3.000000000000000000e+00 1.000000000000000000e+01 3.500000000000000000e+01 7.000000000000000000e+00 4.000000000000000000e+01 3.894030198536846399e-05 1.283369255311583856e-08 1.945002923146090801e+00 8.797885987505361527e+01
1.600000000000000000e+01 1.500000000000000000e+00 1.800000000000000000e+01 3.000000000000000000e+00 5.000000000000000000e+00 4.000000000000000000e+01 7.000000000000000000e+00 4.000000000000000000e+01 3.132681379200086269e-03 1.719550828078730831e-04 7.528878646380110506e-01 1.321262065943531070e+02
1.600000000000000000e+01 1.500000000000000000e+00 1.800000000000000000e+01 3.000000000000000000e+00 1.000000000000000000e+01 4.000000000000000000e+01 7.000000000000000000e+00 4.000000000000000000e+01 2.069011812144694318e-05 6.642747685248195921e-09 2.091074497774171537e+00 7.802037705943227763e+01
1.600000000000000000e+01 1.500000000000000000e+00 1.800000000000000000e+01 3.000000000000000000e+00 1.000000000000000000e+00 2.500000000000000000e+01 8.000000000000000000e+00 4.000000000000000000e+01 2.506399977316364769e-02 1.546359773938110749e-02 2.581594663639899534e-01 2.432522044750039925e+02
1.600000000000000000e+01 1.500000000000000000e+00 1.800000000000000000e+01 3.000000000000000000e+00 5.000000000000000000e+00 2.500000000000000000e+01 8.000000000000000000e+00 4.000000000000000000e+01 2.270727269634842393e-02 5.724172712233466243e-03 6.647188820892759864e-01 1.614498273376583768e+02
1.600000000000000000e+01 1.500000000000000000e+00 1.800000000000000000e+01 3.000000000000000000e+00 1.000000000000000000e+01 2.500000000000000000e+01 8.000000000000000000e+00 4.000000000000000000e+01 1.082154290223424908e-02 4.764231981468913801e-04 1.943756931706363433e+00 9.712550942992946545e+01
1.600000000000000000e+01 1.500000000000000000e+00 1.800000000000000000e+01 3.000000000000000000e+00 5.000000000000000000e+00 3.500000000000000000e+01 8.000000000000000000e+00 4.000000000000000000e+01 6.561156898839737295e-03 5.949086427186056625e-04 8.543660836075189779e-01 1.275525625299873695e+02
1.600000000000000000e+01 1.500000000000000000e+00 1.800000000000000000e+01 3.000000000000000000e+00 1.000000000000000000e+01 3.500000000000000000e+01 8.000000000000000000e+00 4.000000000000000000e+01 7.171036064645974761e-05 4.264829978062323335e-08 1.990206514878397392e+00 8.802494806824215345e+01
1.600000000000000000e+01 1.500000000000000000e+00 1.800000000000000000e+01 3.000000000000000000e+00 5.000000000000000000e+00 4.000000000000000000e+01 8.000000000000000000e+00 4.000000000000000000e+01 6.973368850677008624e-03 1.110442784427290164e-03 8.234292241339691287e-01 1.235541047318456407e+02
1.600000000000000000e+01 1.500000000000000000e+00 1.800000000000000000e+01 3.000000000000000000e+00 1.000000000000000000e+01 4.000000000000000000e+01 8.000000000000000000e+00 4.000000000000000000e+01 2.314594365149247324e-05 8.578380450430245219e-09 2.094946090380882087e+00 7.848073264893169210e+01
1.600000000000000000e+01 1.500000000000000000e+00 1.800000000000000000e+01 3.000000000000000000e+00 1.000000000000000000e+00 2.500000000000000000e+01 9.000000000000000000e+00 4.000000000000000000e+01 2.650706220213061570e-02 1.603614541804465610e-02 2.702697586436352273e-01 2.380470783165923763e+02
1.600000000000000000e+01 1.500000000000000000e+00 1.800000000000000000e+01 3.000000000000000000e+00 5.000000000000000000e+00 3.500000000000000000e+01 9.000000000000000000e+00 4.000000000000000000e+01 6.521636614707837509e-03 7.191798602363963511e-04 7.551792757929333133e-01 1.334899588234878820e+02
1.600000000000000000e+01 1.500000000000000000e+00 1.800000000000000000e+01 3.000000000000000000e+00 5.000000000000000000e+00 4.000000000000000000e+01 9.000000000000000000e+00 4.000000000000000000e+01 2.075354601441148361e-03 6.845827675983073846e-05 8.735592150074410478e-01 1.189385726587035492e+02
1.600000000000000000e+01 1.500000000000000000e+00 1.800000000000000000e+01 3.000000000000000000e+00 1.000000000000000000e+01 4.000000000000000000e+01 9.000000000000000000e+00 4.000000000000000000e+01 1.963947867666959723e-05 6.699001353638323053e-09 2.145619175801267264e+00 7.656443004203555347e+01
1.600000000000000000e+01 1.500000000000000000e+00 1.800000000000000000e+01 3.000000000000000000e+00 5.000000000000000000e+00 2.500000000000000000e+01 1.000000000000000000e+01 4.000000000000000000e+01 2.416201771157244771e-02 5.759311320875148965e-03 6.803063621434113362e-01 1.581689550378874287e+02
1.600000000000000000e+01 1.500000000000000000e+00 1.800000000000000000e+01 3.000000000000000000e+00 1.000000000000000000e+01 2.500000000000000000e+01 1.000000000000000000e+01 4.000000000000000000e+01 1.278691932688746924e-02 6.802119983586596419e-04 1.857430681803589945e+00 1.005274914989722390e+02
1.600000000000000000e+01 1.500000000000000000e+00 1.800000000000000000e+01 3.000000000000000000e+00 5.000000000000000000e+00 3.500000000000000000e+01 1.000000000000000000e+01 4.000000000000000000e+01 6.773214649671954746e-03 7.401226402368177304e-04 7.761708323282737743e-01 1.324074050802221620e+02
1.600000000000000000e+01 1.500000000000000000e+00 1.800000000000000000e+01 3.000000000000000000e+00 1.000000000000000000e+01 3.500000000000000000e+01 1.000000000000000000e+01 4.000000000000000000e+01 2.622430281506993310e-05 6.753084980104517854e-09 2.127045026188435273e+00 8.197980259871255271e+01
1.600000000000000000e+01 1.500000000000000000e+00 1.800000000000000000e+01 3.000000000000000000e+00 1.000000000000000000e+01 4.000000000000000000e+01 1.000000000000000000e+01 4.000000000000000000e+01 2.346390519969432376e-05 8.359053449424891369e-09 2.125266311381715401e+00 7.799935260330261144e+01
1.600000000000000000e+01 1.500000000000000000e+00 1.800000000000000000e+01 3.000000000000000000e+00 5.000000000000000000e+00 3.500000000000000000e+01 1.100000000000000000e+01 4.000000000000000000e+01 1.553211012903377153e-02 2.435339058402430368e-03 8.622375886951891832e-01 1.219232816703649718e+02
1.600000000000000000e+01 1.500000000000000000e+00 1.800000000000000000e+01 3.000000000000000000e+00 1.000000000000000000e+01 3.500000000000000000e+01 1.100000000000000000e+01 4.000000000000000000e+01 2.501728241144363096e-05 6.495431748021474050e-09 1.977300031061391294e+00 8.501055287024888685e+01
1.600000000000000000e+01 1.500000000000000000e+00 1.800000000000000000e+01 3.000000000000000000e+00 1.000000000000000000e+01 4.000000000000000000e+01 1.100000000000000000e+01 4.000000000000000000e+01 1.949467949846628301e-05 6.654259587790534169e-09 2.084282188391837654e+00 7.606484809401825942e+01
1.600000000000000000e+01 1.500000000000000000e+00 1.800000000000000000e+01 3.000000000000000000e+00 5.000000000000000000e+00 2.500000000000000000e+01 1.200000000000000000e+01 4.000000000000000000e+01 2.636964496876270658e-02 6.542582680808983753e-03 6.960842650961129863e-01 1.550208683963961676e+02
1.600000000000000000e+01 1.500000000000000000e+00 1.800000000000000000e+01 3.000000000000000000e+00 1.000000000000000000e+01 2.500000000000000000e+01 1.200000000000000000e+01 4.000000000000000000e+01 1.297391249718460315e-02 7.231287940778763357e-04 1.900525282943184902e+00 9.751920208252721523e+01
1.600000000000000000e+01 1.500000000000000000e+00 1.800000000000000000e+01 3.000000000000000000e+00 5.000000000000000000e+00 3.500000000000000000e+01 1.200000000000000000e+01 4.000000000000000000e+01 7.824784308394949761e-03 9.172543213660233619e-04 7.790111877516385785e-01 1.292021343969225882e+02
1.600000000000000000e+01 1.500000000000000000e+00 1.800000000000000000e+01 3.000000000000000000e+00 1.000000000000000000e+01 3.500000000000000000e+01 1.200000000000000000e+01 4.000000000000000000e+01 4.126961446160315461e-05 1.283884776270838302e-08 2.177504643461799283e+00 8.027250592387814265e+01
1.600000000000000000e+01 1.500000000000000000e+00 1.800000000000000000e+01 3.000000000000000000e+00 1.000000000000000000e+01 4.000000000000000000e+01 1.200000000000000000e+01 4.000000000000000000e+01 2.319550007223725174e-05 7.214374653230493095e-09 2.237281632867991643e+00 7.390570825742938155e+01
1.600000000000000000e+01 1.500000000000000000e+00 1.800000000000000000e+01 3.000000000000000000e+00 1.000000000000000000e+01 3.500000000000000000e+01 1.300000000000000000e+01 4.000000000000000000e+01 3.000266108355020833e-05 6.427384402485358805e-09 2.330766555374471860e+00 7.492980182280832935e+01
1.600000000000000000e+01 1.500000000000000000e+00 1.800000000000000000e+01 3.000000000000000000e+00 5.000000000000000000e+00 2.500000000000000000e+01 1.400000000000000000e+01 4.000000000000000000e+01 2.253320958395410578e-02 3.953718006858286671e-03 8.119039455363901148e-01 1.439017364027098438e+02
1.600000000000000000e+01 1.500000000000000000e+00 1.800000000000000000e+01 3.000000000000000000e+00 1.000000000000000000e+01 2.500000000000000000e+01 1.400000000000000000e+01 4.000000000000000000e+01 8.538853555096093118e-03 2.257779257768266490e-04 2.192931311616661993e+00 9.099375574782128240e+01
1.600000000000000000e+01 1.500000000000000000e+00 1.800000000000000000e+01 3.000000000000000000e+00 1.000000000000000000e+01 3.500000000000000000e+01 1.400000000000000000e+01 4.000000000000000000e+01 4.777671500488800405e-05 1.306887087437758055e-08 2.358694413542037349e+00 7.660716057356923159e+01
1.600000000000000000e+01 1.500000000000000000e+00 1.800000000000000000e+01 3.000000000000000000e+00 1.000000000000000000e+01 3.500000000000000000e+01 1.500000000000000000e+01 4.000000000000000000e+01 4.637143412677957599e-05 1.345231681604275309e-08 2.468929622633107446e+00 7.318420176507510178e+01
1.600000000000000000e+01 1.500000000000000000e+00 1.800000000000000000e+01 3.000000000000000000e+00 5.000000000000000000e+00 2.500000000000000000e+01 1.600000000000000000e+01 4.000000000000000000e+01 2.934900897978764966e-02 6.485963129250427173e-03 7.793435737962766119e-01 1.459085022153796842e+02
1.600000000000000000e+01 1.500000000000000000e+00 1.800000000000000000e+01 3.000000000000000000e+00 1.000000000000000000e+01 2.500000000000000000e+01 1.600000000000000000e+01 4.000000000000000000e+01 1.435312214639461459e-02 7.679969003955289253e-04 2.063356222732778633e+00 9.312755921603476850e+01
1.600000000000000000e+01 1.500000000000000000e+00 1.800000000000000000e+01 3.000000000000000000e+00 1.000000000000000000e+01 3.500000000000000000e+01 1.600000000000000000e+01 4.000000000000000000e+01 5.409432946601455683e-05 2.033885526664391818e-08 2.073342526170784961e+00 8.132380542966843961e+01
1.600000000000000000e+01 1.500000000000000000e+00 1.800000000000000000e+01 3.000000000000000000e+00 1.000000000000000000e+01 3.500000000000000000e+01 1.700000000000000000e+01 4.000000000000000000e+01 5.036488428333818490e-05 1.364038437756676103e-08 2.503077208509123963e+00 7.261770564084639545e+01
1.600000000000000000e+01 1.500000000000000000e+00 1.800000000000000000e+01 3.000000000000000000e+00 5.000000000000000000e+00 2.500000000000000000e+01 1.800000000000000000e+01 4.000000000000000000e+01 3.277379536345037536e-02 1.155424646751512796e-02 5.797815299816856394e-01 1.639874724018164613e+02
1.600000000000000000e+01 1.500000000000000000e+00 1.800000000000000000e+01 3.000000000000000000e+00 1.000000000000000000e+01 2.500000000000000000e+01 1.800000000000000000e+01 4.000000000000000000e+01 1.338938210756723812e-02 6.310707116661262717e-04 2.005036657956483559e+00 9.494048555629034070e+01
1.600000000000000000e+01 1.500000000000000000e+00 1.800000000000000000e+01 3.000000000000000000e+00 1.000000000000000000e+01 3.500000000000000000e+01 1.800000000000000000e+01 4.000000000000000000e+01 2.778763106903170410e-05 6.637184801761009112e-09 2.326593077738732696e+00 7.515446382721421514e+01
1.600000000000000000e+01 1.500000000000000000e+00 1.800000000000000000e+01 3.000000000000000000e+00 1.000000000000000000e+01 2.500000000000000000e+01 2.000000000000000000e+01 4.000000000000000000e+01 1.252010223003274803e-02 5.206654876950267408e-04 2.041275329437893138e+00 9.256807590925022566e+01
