4.000000000000000000e+00 3.500000000000000000e+00 1.200000000000000000e+01 5.000000000000000000e+00 1.000000000000000000e+00 2.500000000000000000e+01 0.000000000000000000e+00 4.000000000000000000e+01 5.552647494239026926e-02 7.517879238055336089e-02 1.271069509162552902e-01 4.287448056782116182e+05
4.000000000000000000e+00 3.500000000000000000e+00 1.200000000000000000e+01 5.000000000000000000e+00 1.000000000000000000e+01 2.500000000000000000e+01 0.000000000000000000e+00 4.000000000000000000e+01 5.469163830047429897e-02 9.108726383653786840e-03 1.036683934188062040e+00 1.196918180723943834e+02
4.000000000000000000e+00 3.500000000000000000e+00 1.200000000000000000e+01 5.000000000000000000e+00 1.000000000000000000e+00 2.500000000000000000e+01 1.000000000000000056e-01 4.000000000000000000e+01 5.969029210962273346e-02 7.880497479298131935e-02 1.309216979675083548e-01 8.344145344051533611e+05
4.000000000000000000e+00 3.500000000000000000e+00 1.200000000000000000e+01 5.000000000000000000e+00 1.000000000000000000e+01 2.500000000000000000e+01 1.000000000000000056e-01 4.000000000000000000e+01 6.196035376792097260e-02 1.142648229409903848e-02 1.021168830913256942e+00 1.217379149095609705e+02
4.000000000000000000e+00 3.500000000000000000e+00 1.200000000000000000e+01 5.000000000000000000e+00 1.000000000000000000e+00 3.500000000000000000e+01 1.000000000000000056e-01 4.000000000000000000e+01 7.179358207586461482e-02 1.104750629382151850e-01 1.108036582398940484e-01 5.891380183019887190e+05
4.000000000000000000e+00 3.500000000000000000e+00 1.200000000000000000e+01 5.000000000000000000e+00 5.000000000000000000e+00 3.500000000000000000e+01 1.000000000000000056e-01 4.000000000000000000e+01 9.546713141244245193e-02 7.016364165498822913e-02 3.742988845825663824e-01 2.154541708774393385e+02
4.000000000000000000e+00 3.500000000000000000e+00 1.200000000000000000e+01 5.000000000000000000e+00 1.000000000000000000e+01 3.500000000000000000e+01 1.000000000000000056e-01 4.000000000000000000e+01 9.658802266127475278e-02 2.293982478600287145e-02 9.673825617422809886e-01 1.142936480421537198e+02
4.000000000000000000e+00 3.500000000000000000e+00 1.200000000000000000e+01 5.000000000000000000e+00 1.000000000000000000e+00 4.000000000000000000e+01 1.000000000000000056e-01 4.000000000000000000e+01 7.297988140190336814e-02 1.565368861039562187e-01 1.033855255783571458e-01 4.616894710879898630e+05
4.000000000000000000e+00 3.500000000000000000e+00 1.200000000000000000e+01 5.000000000000000000e+00 5.000000000000000000e+00 4.000000000000000000e+01 1.000000000000000056e-01 4.000000000000000000e+01 8.276093936264738993e-02 5.553964430515612172e-02 3.480067717184704978e-01 2.185777464801898589e+02
4.000000000000000000e+00 3.500000000000000000e+00 1.200000000000000000e+01 5.000000000000000000e+00 1.000000000000000000e+01 4.000000000000000000e+01 1.000000000000000056e-01 4.000000000000000000e+01 7.823208962644989661e-02 1.687847049657942300e-02 9.093145310417710681e-01 1.123973687645438702e+02
4.000000000000000000e+00 3.500000000000000000e+00 1.200000000000000000e+01 5.000000000000000000e+00 1.000000000000000000e+00 2.500000000000000000e+01 1.000000000000000000e+00 4.000000000000000000e+01 8.583872540029657827e-02 1.379153744210384058e-01 1.154938853846365771e-01 2.024021109960313479e+05
4.000000000000000000e+00 3.500000000000000000e+00 1.200000000000000000e+01 5.000000000000000000e+00 1.000000000000000000e+00 3.500000000000000000e+01 1.000000000000000000e+00 4.000000000000000000e+01 8.340422189820051457e-02 1.399921383950533116e-01 1.015928582215067377e-01 5.210490034247600306e+02
4.000000000000000000e+00 3.500000000000000000e+00 1.200000000000000000e+01 5.000000000000000000e+00 1.000000000000000000e+00 4.000000000000000000e+01 1.000000000000000000e+00 4.000000000000000000e+01 6.129410701922810567e-02 1.237625175471088745e-01 9.281095446410765615e-02 2.937422575543801067e+05
4.000000000000000000e+00 3.500000000000000000e+00 1.200000000000000000e+01 5.000000000000000000e+00 5.000000000000000000e+00 4.000000000000000000e+01 1.000000000000000000e+00 4.000000000000000000e+01 5.470039402319848421e-02 4.255943492133718031e-02 3.291865788487094990e-01 1.991729677720965981e+02
4.000000000000000000e+00 3.500000000000000000e+00 1.200000000000000000e+01 5.000000000000000000e+00 1.000000000000000000e+01 4.000000000000000000e+01 1.000000000000000000e+00 4.000000000000000000e+01 5.040080297773230633e-02 1.502597742095224120e-02 8.267953448119331750e-01 1.116456653214481207e+02
4.000000000000000000e+00 3.500000000000000000e+00 1.200000000000000000e+01 5.000000000000000000e+00 1.000000000000000000e+00 2.500000000000000000e+01 2.000000000000000000e+00 4.000000000000000000e+01 1.186397470917996966e-01 2.123660425283493414e-01 1.139592135280399626e-01 1.742925559331972909e+05
4.000000000000000000e+00 3.500000000000000000e+00 1.200000000000000000e+01 5.000000000000000000e+00 1.000000000000000000e+01 2.500000000000000000e+01 2.000000000000000000e+00 4.000000000000000000e+01 1.205292079437707553e-01 3.327964681607986641e-02 1.019273226741210792e+00 1.105067126814541894e+02
4.000000000000000000e+00 3.500000000000000000e+00 1.200000000000000000e+01 5.000000000000000000e+00 1.000000000000000000e+00 3.500000000000000000e+01 2.000000000000000000e+00 4.000000000000000000e+01 8.896225725235762383e-02 2.020673467211135943e-01 1.033735759694227319e-01 4.792242684419958323e+02
4.000000000000000000e+00 3.500000000000000000e+00 1.200000000000000000e+01 5.000000000000000000e+00 5.000000000000000000e+00 3.500000000000000000e+01 2.000000000000000000e+00 4.000000000000000000e+01 7.072475116313459154e-02 4.492675186618000360e-02 3.428566333269680300e-01 1.697629254787702564e+02
4.000000000000000000e+00 3.500000000000000000e+00 1.200000000000000000e+01 5.000000000000000000e+00 1.000000000000000000e+01 3.500000000000000000e+01 2.000000000000000000e+00 4.000000000000000000e+01 6.666892700195314880e-02 1.497835382423984285e-02 8.863072922293284694e-01 9.819051948299438948e+01
4.000000000000000000e+00 3.500000000000000000e+00 1.200000000000000000e+01 5.000000000000000000e+00 1.000000000000000000e+00 4.000000000000000000e+01 2.000000000000000000e+00 4.000000000000000000e+01 6.462472685863418498e-02 1.824653816131720507e-01 9.414392320460056307e-02 3.021731825571305235e+05
4.000000000000000000e+00 3.500000000000000000e+00 1.200000000000000000e+01 5.000000000000000000e+00 5.000000000000000000e+00 4.000000000000000000e+01 2.000000000000000000e+00 4.000000000000000000e+01 3.748547205079200140e-02 3.527771462221251930e-02 3.171337990446592703e-01 2.049310641287292469e+02
4.000000000000000000e+00 3.500000000000000000e+00 1.200000000000000000e+01 5.000000000000000000e+00 1.000000000000000000e+01 4.000000000000000000e+01 2.000000000000000000e+00 4.000000000000000000e+01 4.726134481937327436e-02 2.019424089297383595e-02 8.181380852205802912e-01 1.092325779743482173e+02
4.000000000000000000e+00 3.500000000000000000e+00 1.200000000000000000e+01 5.000000000000000000e+00 1.000000000000000000e+00 2.500000000000000000e+01 3.000000000000000000e+00 4.000000000000000000e+01 1.581317063891454211e-01 3.852567848996342192e-01 1.129615513538240051e-01 1.443711413754370296e+05
4.000000000000000000e+00 3.500000000000000000e+00 1.200000000000000000e+01 5.000000000000000000e+00 1.000000000000000000e+00 3.500000000000000000e+01 3.000000000000000000e+00 4.000000000000000000e+01 9.276836344191563555e-02 3.006593872538847467e-01 1.057902201137321113e-01 3.026044013864016051e+02
4.000000000000000000e+00 3.500000000000000000e+00 1.200000000000000000e+01 5.000000000000000000e+00 1.000000000000000000e+00 4.000000000000000000e+01 3.000000000000000000e+00 4.000000000000000000e+01 1.057395722270304539e-01 3.758822007990516578e-01 1.015274510863448804e-01 5.673935559649293054e+02
4.000000000000000000e+00 3.500000000000000000e+00 1.200000000000000000e+01 5.000000000000000000e+00 5.000000000000000000e+00 4.000000000000000000e+01 3.000000000000000000e+00 4.000000000000000000e+01 6.084515029224202287e-02 7.020872145851164703e-02 3.297033870004509870e-01 1.850588995901021292e+02
4.000000000000000000e+00 3.500000000000000000e+00 1.200000000000000000e+01 5.000000000000000000e+00 1.000000000000000000e+01 4.000000000000000000e+01 3.000000000000000000e+00 4.000000000000000000e+01 4.474367775388099489e-02 1.501359469495544552e-02 8.636866440376018694e-01 1.022370082095093551e+02
4.000000000000000000e+00 3.500000000000000000e+00 1.200000000000000000e+01 5.000000000000000000e+00 1.000000000000000000e+00 2.500000000000000000e+01 4.000000000000000000e+00 4.000000000000000000e+01 1.618394522341353170e-01 3.922301061691646495e-01 1.128292630549235231e-01 1.457839426106885367e+05
4.000000000000000000e+00 3.500000000000000000e+00 1.200000000000000000e+01 5.000000000000000000e+00 1.000000000000000000e+01 2.500000000000000000e+01 4.000000000000000000e+00 4.000000000000000000e+01 1.460746429426336146e-01 2.805198691803623134e-02 9.566416005849520676e-01 1.087106957088698067e+02
4.000000000000000000e+00 3.500000000000000000e+00 1.200000000000000000e+01 5.000000000000000000e+00 1.000000000000000000e+00 3.500000000000000000e+01 4.000000000000000000e+00 4.000000000000000000e+01 9.170806459089964058e-02 2.252990863961634727e-01 1.002653285753334483e-01 5.967516767369668287e+02
4.000000000000000000e+00 3.500000000000000000e+00 1.200000000000000000e+01 5.000000000000000000e+00 5.000000000000000000e+00 3.500000000000000000e+01 4.000000000000000000e+00 4.000000000000000000e+01 8.201440495044254320e-02 9.771890360245727436e-02 3.366007629639574672e-01 1.653957813256422185e+02
4.000000000000000000e+00 3.500000000000000000e+00 1.200000000000000000e+01 5.000000000000000000e+00 1.000000000000000000e+01 3.500000000000000000e+01 4.000000000000000000e+00 4.000000000000000000e+01 6.826490000034768357e-02 2.211938897264920101e-02 8.651140514139878945e-01 1.010784097725715895e+02
4.000000000000000000e+00 3.500000000000000000e+00 1.200000000000000000e+01 5.000000000000000000e+00 1.000000000000000000e+00 4.000000000000000000e+01 4.000000000000000000e+00 4.000000000000000000e+01 1.665465604606659600e-01 7.212977128004252059e-01 1.047716504501606805e-01 1.131281539415760635e+05
4.000000000000000000e+00 3.500000000000000000e+00 1.200000000000000000e+01 5.000000000000000000e+00 5.000000000000000000e+00 4.000000000000000000e+01 4.000000000000000000e+00 4.000000000000000000e+01 6.869932340601025977e-02 7.204122641575350094e-02 3.225424958320363689e-01 1.855808771395048495e+02
4.000000000000000000e+00 3.500000000000000000e+00 1.200000000000000000e+01 5.000000000000000000e+00 1.000000000000000000e+01 4.000000000000000000e+01 4.000000000000000000e+00 4.000000000000000000e+01 6.134674593832789569e-02 2.251689792433131387e-02 8.426281793535338460e-01 1.000208430737558984e+02
4.000000000000000000e+00 3.500000000000000000e+00 1.200000000000000000e+01 5.000000000000000000e+00 1.000000000000000000e+00 2.500000000000000000e+01 5.000000000000000000e+00 4.000000000000000000e+01 1.717854295463581149e-01 3.448003046387833059e-01 1.112333125241549703e-01 1.511915447156025621e+05
4.000000000000000000e+00 3.500000000000000000e+00 1.200000000000000000e+01 5.000000000000000000e+00 1.000000000000000000e+00 3.500000000000000000e+01 5.000000000000000000e+00 4.000000000000000000e+01 7.521291469521340645e-02 1.684941643032007441e-01 9.580288598304696757e-02 3.899557554239785532e+05
4.000000000000000000e+00 3.500000000000000000e+00 1.200000000000000000e+01 5.000000000000000000e+00 1.000000000000000000e+00 4.000000000000000000e+01 5.000000000000000000e+00 4.000000000000000000e+01 1.304883121714712768e-01 4.724319585292271473e-01 1.011787307198124403e-01 5.503888850770091813e+04
4.000000000000000000e+00 3.500000000000000000e+00 1.200000000000000000e+01 5.000000000000000000e+00 5.000000000000000000e+00 4.000000000000000000e+01 5.000000000000000000e+00 4.000000000000000000e+01 6.613719866929557156e-02 7.185432114866463493e-02 3.220312873283686650e-01 1.690620437759573065e+02
4.000000000000000000e+00 3.500000000000000000e+00 1.200000000000000000e+01 5.000000000000000000e+00 1.000000000000000000e+01 4.000000000000000000e+01 5.000000000000000000e+00 4.000000000000000000e+01 7.210084818547302099e-02 3.142308455377973431e-02 8.369477141216710159e-01 9.633731290492590915e+01
4.000000000000000000e+00 3.500000000000000000e+00 1.200000000000000000e+01 5.000000000000000000e+00 1.000000000000000000e+00 2.500000000000000000e+01 6.000000000000000000e+00 4.000000000000000000e+01 2.150843354495384219e-01 4.236577349235903789e-01 1.120577779962043524e-01 1.535058972873387393e+05
4.000000000000000000e+00 3.500000000000000000e+00 1.200000000000000000e+01 5.000000000000000000e+00 1.000000000000000000e+01 2.500000000000000000e+01 6.000000000000000000e+00 4.000000000000000000e+01 1.762376264223859401e-01 2.871047763376188833e-02 9.990780882516847594e-01 8.986367442275563633e+01
4.000000000000000000e+00 3.500000000000000000e+00 1.200000000000000000e+01 5.000000000000000000e+00 1.000000000000000000e+00 3.500000000000000000e+01 6.000000000000000000e+00 4.000000000000000000e+01 1.091016214937479134e-01 2.502900193084174330e-01 1.027161401473539321e-01 1.998507303038718419e+03
4.000000000000000000e+00 3.500000000000000000e+00 1.200000000000000000e+01 5.000000000000000000e+00 5.000000000000000000e+00 3.500000000000000000e+01 6.000000000000000000e+00 4.000000000000000000e+01 5.845715333752998788e-02 3.509775380056434635e-02 3.294385200900989963e-01 1.811863847444103044e+02
4.000000000000000000e+00 3.500000000000000000e+00 1.200000000000000000e+01 5.000000000000000000e+00 1.000000000000000000e+01 3.500000000000000000e+01 6.000000000000000000e+00 4.000000000000000000e+01 4.978805301896849222e-02 1.006929221332208968e-02 8.858107914403076100e-01 1.008755888278516295e+02
4.000000000000000000e+00 3.500000000000000000e+00 1.200000000000000000e+01 5.000000000000000000e+00 1.000000000000000000e+00 4.000000000000000000e+01 6.000000000000000000e+00 4.000000000000000000e+01 1.785153258571980928e-01 6.203561878517103167e-01 1.130080843903949611e-01 1.867095193327272682e+03
4.000000000000000000e+00 3.500000000000000000e+00 1.200000000000000000e+01 5.000000000000000000e+00 5.000000000000000000e+00 4.000000000000000000e+01 6.000000000000000000e+00 4.000000000000000000e+01 7.320853140428895678e-02 5.134122990780554119e-02 3.389030526276853861e-01 1.529677648664290643e+02
4.000000000000000000e+00 3.500000000000000000e+00 1.200000000000000000e+01 5.000000000000000000e+00 1.000000000000000000e+01 4.000000000000000000e+01 6.000000000000000000e+00 4.000000000000000000e+01 6.162582698314600371e-02 1.670120919617845701e-02 8.706057712559392980e-01 9.314040592771166871e+01
4.000000000000000000e+00 3.500000000000000000e+00 1.200000000000000000e+01 5.000000000000000000e+00 1.000000000000000000e+00 2.500000000000000000e+01 7.000000000000000000e+00 4.000000000000000000e+01 1.917318376176477823e-01 2.835415394433995484e-01 1.157399087708146784e-01 9.254892374433619580e+02
4.000000000000000000e+00 3.500000000000000000e+00 1.200000000000000000e+01 5.000000000000000000e+00 1.000000000000000000e+00 3.500000000000000000e+01 7.000000000000000000e+00 4.000000000000000000e+01 9.579591921622898631e-02 2.101202079459922878e-01 1.019786149965915545e-01 1.388427481277984043e+05
4.000000000000000000e+00 3.500000000000000000e+00 1.200000000000000000e+01 5.000000000000000000e+00 5.000000000000000000e+00 4.000000000000000000e+01 7.000000000000000000e+00 4.000000000000000000e+01 7.642970222456924034e-02 5.813257566792873199e-02 3.608942855517887072e-01 1.403143333927363585e+02
4.000000000000000000e+00 3.500000000000000000e+00 1.200000000000000000e+01 5.000000000000000000e+00 1.000000000000000000e+01 4.000000000000000000e+01 7.000000000000000000e+00 4.000000000000000000e+01 5.531567632554335034e-02 1.031314994750087699e-02 8.986791967361356104e-01 8.676636081627052022e+01
4.000000000000000000e+00 3.500000000000000000e+00 1.200000000000000000e+01 5.000000000000000000e+00 1.000000000000000000e+00 2.500000000000000000e+01 8.000000000000000000e+00 4.000000000000000000e+01 2.435850953903424543e-01 4.058035233062000646e-01 1.331947104864656117e-01 2.229516927283277710e+02
4.000000000000000000e+00 3.500000000000000000e+00 1.200000000000000000e+01 5.000000000000000000e+00 1.000000000000000000e+01 2.500000000000000000e+01 8.000000000000000000e+00 4.000000000000000000e+01 2.029855926196302285e-01 2.814399979326331902e-02 1.138326375632570997e+00 7.535713987009765447e+01
4.000000000000000000e+00 3.500000000000000000e+00 1.200000000000000000e+01 5.000000000000000000e+00 1.000000000000000000e+00 3.500000000000000000e+01 8.000000000000000000e+00 4.000000000000000000e+01 1.241696047569551542e-01 2.863118286540475843e-01 1.192209339754160269e-01 3.926151927034210303e+02
4.000000000000000000e+00 3.500000000000000000e+00 1.200000000000000000e+01 5.000000000000000000e+00 5.000000000000000000e+00 3.500000000000000000e+01 8.000000000000000000e+00 4.000000000000000000e+01 7.564712011439378436e-02 4.249860577734221323e-02 3.660831863749355319e-01 1.565199894245155576e+02
4.000000000000000000e+00 3.500000000000000000e+00 1.200000000000000000e+01 5.000000000000000000e+00 1.000000000000000000e+01 3.500000000000000000e+01 8.000000000000000000e+00 4.000000000000000000e+01 5.974524379892987014e-02 1.390336262071723006e-02 9.339979273275191840e-01 9.585457318723419462e+01
4.000000000000000000e+00 3.500000000000000000e+00 1.200000000000000000e+01 5.000000000000000000e+00 5.000000000000000000e+00 4.000000000000000000e+01 8.000000000000000000e+00 4.000000000000000000e+01 9.967170983060014144e-02 8.667280553603129434e-02 4.131940458661576554e-01 1.167424151763147364e+02
4.000000000000000000e+00 3.500000000000000000e+00 1.200000000000000000e+01 5.000000000000000000e+00 1.000000000000000000e+01 4.000000000000000000e+01 8.000000000000000000e+00 4.000000000000000000e+01 6.268783706382130561e-02 1.370610207671418834e-02 9.495087228076667385e-01 8.444458896413767945e+01
4.000000000000000000e+00 3.500000000000000000e+00 1.200000000000000000e+01 5.000000000000000000e+00 1.000000000000000000e+00 2.500000000000000000e+01 9.000000000000000000e+00 4.000000000000000000e+01 2.080520042642783896e-01 3.219646302945942118e-01 1.257585192835839194e-01 2.296283508553390789e+02
4.000000000000000000e+00 3.500000000000000000e+00 1.200000000000000000e+01 5.000000000000000000e+00 1.000000000000000000e+00 3.500000000000000000e+01 9.000000000000000000e+00 4.000000000000000000e+01 1.085533476246831608e-01 3.289999016092122197e-01 1.205238405782807637e-01 3.085072165414612755e+02
4.000000000000000000e+00 3.500000000000000000e+00 1.200000000000000000e+01 5.000000000000000000e+00 5.000000000000000000e+00 4.000000000000000000e+01 9.000000000000000000e+00 4.000000000000000000e+01 7.535505119267149610e-02 5.391396088493172201e-02 3.819559479253975542e-01 1.369365575316613501e+02
4.000000000000000000e+00 3.500000000000000000e+00 1.200000000000000000e+01 5.000000000000000000e+00 1.000000000000000000e+01 4.000000000000000000e+01 9.000000000000000000e+00 4.000000000000000000e+01 4.175830641700906121e-02 8.513160040571676745e-03 9.353314467825923906e-01 9.050512073338153129e+01
4.000000000000000000e+00 3.500000000000000000e+00 1.200000000000000000e+01 5.000000000000000000e+00 1.000000000000000000e+00 2.500000000000000000e+01 1.000000000000000000e+01 4.000000000000000000e+01 2.271036495526845833e-01 3.299870968641924751e-01 1.435476665800566598e-01 1.811743442576423320e+02
4.000000000000000000e+00 3.500000000000000000e+00 1.200000000000000000e+01 5.000000000000000000e+00 1.000000000000000000e+01 2.500000000000000000e+01 1.000000000000000000e+01 4.000000000000000000e+01 1.999079540449020254e-01 2.585183397867751864e-02 1.151577416347709493e+00 7.030833537075235995e+01
4.000000000000000000e+00 3.500000000000000000e+00 1.200000000000000000e+01 5.000000000000000000e+00 5.000000000000000000e+00 3.500000000000000000e+01 1.000000000000000000e+01 4.000000000000000000e+01 7.805859445484064629e-02 5.343388045992170099e-02 3.764970521987062169e-01 1.439450246900618708e+02
4.000000000000000000e+00 3.500000000000000000e+00 1.200000000000000000e+01 5.000000000000000000e+00 1.000000000000000000e+01 3.500000000000000000e+01 1.000000000000000000e+01 4.000000000000000000e+01 5.057735981700406391e-02 1.165695564563073994e-02 9.217288950351629762e-01 9.580882433074148707e+01
4.000000000000000000e+00 3.500000000000000000e+00 1.200000000000000000e+01 5.000000000000000000e+00 5.000000000000000000e+00 4.000000000000000000e+01 1.000000000000000000e+01 4.000000000000000000e+01 9.913636751174670358e-02 7.405943524794444954e-02 3.890090156522406084e-01 1.220317579837779505e+02
4.000000000000000000e+00 3.500000000000000000e+00 1.200000000000000000e+01 5.000000000000000000e+00 1.000000000000000000e+01 4.000000000000000000e+01 1.000000000000000000e+01 4.000000000000000000e+01 7.414343171877013638e-02 1.758797961890334882e-02 9.405668543286307415e-01 8.196957509881359272e+01
4.000000000000000000e+00 3.500000000000000000e+00 1.200000000000000000e+01 5.000000000000000000e+00 1.000000000000000000e+00 2.500000000000000000e+01 1.100000000000000000e+01 4.000000000000000000e+01 2.003756721367337956e-01 3.161802519050016524e-01 1.316464866757340590e-01 2.077400594169700696e+02
4.000000000000000000e+00 3.500000000000000000e+00 1.200000000000000000e+01 5.000000000000000000e+00 5.000000000000000000e+00 4.000000000000000000e+01 1.100000000000000000e+01 4.000000000000000000e+01 1.275559418810510159e-01 1.444397182534193913e-01 3.946444611995613139e-01 1.134219808315356630e+02
4.000000000000000000e+00 3.500000000000000000e+00 1.200000000000000000e+01 5.000000000000000000e+00 1.000000000000000000e+01 4.000000000000000000e+01 1.100000000000000000e+01 4.000000000000000000e+01 6.840696384070032998e-02 1.497537137167803678e-02 8.931090186972937550e-01 8.346666960443887717e+01
4.000000000000000000e+00 3.500000000000000000e+00 1.200000000000000000e+01 5.000000000000000000e+00 1.000000000000000000e+00 2.500000000000000000e+01 1.200000000000000000e+01 4.000000000000000000e+01 2.031422767558117570e-01 2.621913886102891222e-01 1.318423613721954324e-01 1.728615855622188917e+02
4.000000000000000000e+00 3.500000000000000000e+00 1.200000000000000000e+01 5.000000000000000000e+00 1.000000000000000000e+01 2.500000000000000000e+01 1.200000000000000000e+01 4.000000000000000000e+01 1.960474789875761292e-01 2.389363720500470301e-02 1.102900040319162445e+00 6.876523604921422361e+01
4.000000000000000000e+00 3.500000000000000000e+00 1.200000000000000000e+01 5.000000000000000000e+00 5.000000000000000000e+00 3.500000000000000000e+01 1.200000000000000000e+01 4.000000000000000000e+01 8.474662866929416616e-02 5.520534300602530919e-02 3.571011159466305762e-01 1.465074049377194001e+02
4.000000000000000000e+00 3.500000000000000000e+00 1.200000000000000000e+01 5.000000000000000000e+00 1.000000000000000000e+01 3.500000000000000000e+01 1.200000000000000000e+01 4.000000000000000000e+01 5.930868722378512814e-02 1.698765300638438447e-02 9.017266237098331416e-01 9.436724450835308176e+01
4.000000000000000000e+00 3.500000000000000000e+00 1.200000000000000000e+01 5.000000000000000000e+00 5.000000000000000000e+00 4.000000000000000000e+01 1.200000000000000000e+01 4.000000000000000000e+01 2.218637692128027084e-01 1.817503897062500151e-01 4.671799261665496306e-01 9.934181404572051122e+01
4.000000000000000000e+00 3.500000000000000000e+00 1.200000000000000000e+01 5.000000000000000000e+00 1.000000000000000000e+01 4.000000000000000000e+01 1.200000000000000000e+01 4.000000000000000000e+01 9.735381414695498670e-02 2.267316561449228551e-02 8.953424907136174893e-01 8.070905168043366018e+01
4.000000000000000000e+00 3.500000000000000000e+00 1.200000000000000000e+01 5.000000000000000000e+00 1.000000000000000000e+01 4.000000000000000000e+01 1.300000000000000000e+01 4.000000000000000000e+01 1.114645235433637804e-01 3.223981745474602256e-02 9.239253208053733735e-01 7.848112051721254545e+01
4.000000000000000000e+00 3.500000000000000000e+00 1.200000000000000000e+01 5.000000000000000000e+00 1.000000000000000000e+01 2.500000000000000000e+01 1.400000000000000000e+01 4.000000000000000000e+01 2.181146115512133665e-01 2.355642128982915473e-02 1.183815473655559947e+00 6.284892792059763877e+01
4.000000000000000000e+00 3.500000000000000000e+00 1.200000000000000000e+01 5.000000000000000000e+00 5.000000000000000000e+00 3.500000000000000000e+01 1.400000000000000000e+01 4.000000000000000000e+01 9.119200056004417299e-02 8.132194920045354714e-02 4.034920417263931358e-01 1.342284926987987888e+02
4.000000000000000000e+00 3.500000000000000000e+00 1.200000000000000000e+01 5.000000000000000000e+00 1.000000000000000000e+01 3.500000000000000000e+01 1.400000000000000000e+01 4.000000000000000000e+01 5.107572359448253607e-02 1.630965927633543089e-02 9.277781978050981815e-01 9.354824422389893357e+01
4.000000000000000000e+00 3.500000000000000000e+00 1.200000000000000000e+01 5.000000000000000000e+00 1.000000000000000000e+01 4.000000000000000000e+01 1.400000000000000000e+01 4.000000000000000000e+01 1.109072919644120692e-01 3.890408658372424000e-02 9.927832150297430935e-01 7.732891169584281954e+01
4.000000000000000000e+00 3.500000000000000000e+00 1.200000000000000000e+01 5.000000000000000000e+00 1.000000000000000000e+01 4.000000000000000000e+01 1.500000000000000000e+01 4.000000000000000000e+01 7.599095178377779369e-02 1.597761705580214020e-02 1.035214796352825095e+00 7.511927808146454311e+01
4.000000000000000000e+00 3.500000000000000000e+00 1.200000000000000000e+01 5.000000000000000000e+00 1.000000000000000000e+01 2.500000000000000000e+01 1.600000000000000000e+01 4.000000000000000000e+01 1.949255908827383088e-01 2.692453699563457370e-02 9.595982962028317687e-01 6.393372459992941970e+01
4.000000000000000000e+00 3.500000000000000000e+00 1.200000000000000000e+01 5.000000000000000000e+00 5.000000000000000000e+00 3.500000000000000000e+01 1.600000000000000000e+01 4.000000000000000000e+01 8.190858552017865613e-02 5.852230756877840889e-02 3.846697545246565153e-01 1.302187916206970897e+02
4.000000000000000000e+00 3.500000000000000000e+00 1.200000000000000000e+01 5.000000000000000000e+00 1.000000000000000000e+01 3.500000000000000000e+01 1.600000000000000000e+01 4.000000000000000000e+01 5.958027604081461703e-02 3.514019052566319523e-02 6.284270688085188405e-01 1.008892679489305095e+02
4.000000000000000000e+00 3.500000000000000000e+00 1.200000000000000000e+01 5.000000000000000000e+00 1.000000000000000000e+01 4.000000000000000000e+01 1.600000000000000000e+01 4.000000000000000000e+01 1.258359130946415938e-01 3.268010016997346945e-02 9.931747797718131210e-01 7.111904563852590400e+01
4.000000000000000000e+00 3.500000000000000000e+00 1.200000000000000000e+01 5.000000000000000000e+00 1.000000000000000000e+01 4.000000000000000000e+01 1.700000000000000000e+01 4.000000000000000000e+01 1.021456973769652166e-01 2.787309657563885601e-02 9.792063747863519740e-01 7.352824751460292418e+01
4.000000000000000000e+00 3.500000000000000000e+00 1.200000000000000000e+01 5.000000000000000000e+00 1.000000000000000000e+01 2.500000000000000000e+01 1.800000000000000000e+01 4.000000000000000000e+01 2.214914699170620338e-01 2.138954365352274678e-02 1.156029533024330203e+00 6.051184000516112604e+01
4.000000000000000000e+00 3.500000000000000000e+00 1.200000000000000000e+01 5.000000000000000000e+00 5.000000000000000000e+00 3.500000000000000000e+01 1.800000000000000000e+01 4.000000000000000000e+01 7.957851537770643802e-02 4.583217429115693520e-02 4.560582176175121405e-01 1.171362147463136694e+02
4.000000000000000000e+00 3.500000000000000000e+00 1.200000000000000000e+01 5.000000000000000000e+00 1.000000000000000000e+01 3.500000000000000000e+01 1.800000000000000000e+01 4.000000000000000000e+01 6.800335176604943577e-02 1.491536146729521839e-02 1.016609237644763741e+00 8.113958654161740469e+01
4.000000000000000000e+00 3.500000000000000000e+00 1.200000000000000000e+01 5.000000000000000000e+00 1.000000000000000000e+01 4.000000000000000000e+01 1.800000000000000000e+01 4.000000000000000000e+01 1.038431020447170283e-01 2.345727245515560888e-02 1.013808135914578967e+00 7.283599495421478309e+01
4.000000000000000000e+00 3.500000000000000000e+00 1.200000000000000000e+01 5.000000000000000000e+00 1.000000000000000000e+01 2.500000000000000000e+01 2.000000000000000000e+01 4.000000000000000000e+01 2.382413854216300919e-01 2.379356485541106458e-02 1.157839168432651888e+00 5.975934454222015546e+01
4.000000000000000000e+00 3.500000000000000000e+00 1.200000000000000000e+01 5.000000000000000000e+00 1.000000000000000000e+01 3.500000000000000000e+01 2.000000000000000000e+01 4.000000000000000000e+01 8.878944779338726612e-02 2.515632070246032193e-02 1.012847271424664797e+00 7.635563738571445924e+01
4.000000000000000000e+00 3.500000000000000000e+00 1.200000000000000000e+01 5.000000000000000000e+00 1.000000000000000000e+01 2.500000000000000000e+01 2.200000000000000000e+01 4.000000000000000000e+01 2.502627610087115873e-01 2.197106146149230277e-02 1.205284531869523557e+00 6.118458272630749661e+01
4.000000000000000000e+00 3.500000000000000000e+00 1.200000000000000000e+01 5.000000000000000000e+00 1.000000000000000000e+01 3.500000000000000000e+01 2.200000000000000000e+01 4.000000000000000000e+01 1.050162465463555517e-01 2.662508840315624958e-02 1.099993935597171957e+00 7.263231376459246746e+01
4.000000000000000000e+00 3.500000000000000000e+00 1.200000000000000000e+01 5.000000000000000000e+00 1.000000000000000000e+01 2.500000000000000000e+01 2.400000000000000000e+01 4.000000000000000000e+01 2.772558310097232859e-01 3.306979781866470347e-02 1.090144389801322111e+00 6.362664985476800439e+01
