3.000000000000000000e+00 2.500000000000000000e+00 1.200000000000000000e+01 3.109999999999999876e+00 1.000000000000000000e+00 2.500000000000000000e+01 0.000000000000000000e+00 4.000000000000000000e+01 2.119557679101768954e-02 4.072430725482356628e-02 1.035926424804391732e-01 3.158233973016611417e+05
3.000000000000000000e+00 2.500000000000000000e+00 1.200000000000000000e+01 3.109999999999999876e+00 5.000000000000000000e+00 2.500000000000000000e+01 0.000000000000000000e+00 4.000000000000000000e+01 2.252216156951525328e-02 9.705455062658963072e-03 4.138795929807518315e-01 2.374174254500578343e+02
3.000000000000000000e+00 2.500000000000000000e+00 1.200000000000000000e+01 3.109999999999999876e+00 1.000000000000000000e+01 2.500000000000000000e+01 0.000000000000000000e+00 4.000000000000000000e+01 1.708689283632791600e-02 2.317087609239321111e-03 9.787028198076251906e-01 1.234954583566928363e+02
3.000000000000000000e+00 2.500000000000000000e+00 1.200000000000000000e+01 3.109999999999999876e+00 1.000000000000000000e+00 2.500000000000000000e+01 1.000000000000000056e-01 4.000000000000000000e+01 2.365735778373467824e-02 4.365521640500524825e-02 1.098768044074400901e-01 7.865362746549288277e+05
3.000000000000000000e+00 2.500000000000000000e+00 1.200000000000000000e+01 3.109999999999999876e+00 5.000000000000000000e+00 2.500000000000000000e+01 1.000000000000000056e-01 4.000000000000000000e+01 2.423231098722689048e-02 1.058600636952422569e-02 4.047131998832391164e-01 2.466340673970931050e+02
3.000000000000000000e+00 2.500000000000000000e+00 1.200000000000000000e+01 3.109999999999999876e+00 1.000000000000000000e+01 2.500000000000000000e+01 1.000000000000000056e-01 4.000000000000000000e+01 2.283959892865117247e-02 3.572469493020369313e-03 1.025307696689855552e+00 1.196820599989658689e+02
3.000000000000000000e+00 2.500000000000000000e+00 1.200000000000000000e+01 3.109999999999999876e+00 1.000000000000000000e+00 3.500000000000000000e+01 1.000000000000000056e-01 4.000000000000000000e+01 2.329311463463024090e-02 4.393352257658822424e-02 9.979364593079577406e-02 2.514018738023034239e+05
3.000000000000000000e+00 2.500000000000000000e+00 1.200000000000000000e+01 3.109999999999999876e+00 5.000000000000000000e+00 3.500000000000000000e+01 1.000000000000000056e-01 4.000000000000000000e+01 3.629988843462528258e-02 2.108937358688889319e-02 3.986098861569675189e-01 2.227406247039294271e+02
3.000000000000000000e+00 2.500000000000000000e+00 1.200000000000000000e+01 3.109999999999999876e+00 1.000000000000000000e+01 3.500000000000000000e+01 1.000000000000000056e-01 4.000000000000000000e+01 3.727289805575972892e-02 8.443633640489167647e-03 9.555800230705802090e-01 1.183757715456812036e+02
3.000000000000000000e+00 2.500000000000000000e+00 1.200000000000000000e+01 3.109999999999999876e+00 1.000000000000000000e+00 4.000000000000000000e+01 1.000000000000000056e-01 4.000000000000000000e+01 2.236376980753318477e-02 4.813121164675648878e-02 9.707491210289186101e-02 9.217738069226500811e+05
3.000000000000000000e+00 2.500000000000000000e+00 1.200000000000000000e+01 3.109999999999999876e+00 5.000000000000000000e+00 4.000000000000000000e+01 1.000000000000000056e-01 4.000000000000000000e+01 3.156247288456648370e-02 2.036858201734625951e-02 3.710441966010404324e-01 2.353550034385858396e+02
3.000000000000000000e+00 2.500000000000000000e+00 1.200000000000000000e+01 3.109999999999999876e+00 1.000000000000000000e+01 4.000000000000000000e+01 1.000000000000000056e-01 4.000000000000000000e+01 2.675224774983320231e-02 5.821461198228128353e-03 9.020104339894989831e-01 1.222623882213132873e+02
3.000000000000000000e+00 2.500000000000000000e+00 1.200000000000000000e+01 3.109999999999999876e+00 1.000000000000000000e+00 2.500000000000000000e+01 1.000000000000000000e+00 4.000000000000000000e+01 3.585573398879460250e-02 7.534428525607550498e-02 9.980616962000740666e-02 3.304140298424692592e+05
3.000000000000000000e+00 2.500000000000000000e+00 1.200000000000000000e+01 3.109999999999999876e+00 1.000000000000000000e+00 3.500000000000000000e+01 1.000000000000000000e+00 4.000000000000000000e+01 3.761893786003667195e-02 1.236493006899013203e-01 9.462515753873398938e-02 6.132544817530483706e+05
3.000000000000000000e+00 2.500000000000000000e+00 1.200000000000000000e+01 3.109999999999999876e+00 5.000000000000000000e+00 3.500000000000000000e+01 1.000000000000000000e+00 4.000000000000000000e+01 3.481689741264548665e-02 2.770882654830675307e-02 3.730658499267817119e-01 2.082720147978147054e+02
3.000000000000000000e+00 2.500000000000000000e+00 1.200000000000000000e+01 3.109999999999999876e+00 1.000000000000000000e+01 3.500000000000000000e+01 1.000000000000000000e+00 4.000000000000000000e+01 2.629255305881605942e-02 6.355844714838632115e-03 9.147635875285383689e-01 1.148553954450049304e+02
3.000000000000000000e+00 2.500000000000000000e+00 1.200000000000000000e+01 3.109999999999999876e+00 1.000000000000000000e+00 4.000000000000000000e+01 1.000000000000000000e+00 4.000000000000000000e+01 4.877263378857410459e-02 1.283793583310048891e-01 9.354915045690750941e-02 1.320764162519200472e+05
3.000000000000000000e+00 2.500000000000000000e+00 1.200000000000000000e+01 3.109999999999999876e+00 5.000000000000000000e+00 4.000000000000000000e+01 1.000000000000000000e+00 4.000000000000000000e+01 2.898033054044035772e-02 2.121696633240044427e-02 3.696591053405326455e-01 2.223498531046323876e+02
3.000000000000000000e+00 2.500000000000000000e+00 1.200000000000000000e+01 3.109999999999999876e+00 1.000000000000000000e+01 4.000000000000000000e+01 1.000000000000000000e+00 4.000000000000000000e+01 9.199554711841306798e-03 1.040641638143213754e-03 9.048230684483968833e-01 1.135507907623428423e+02
3.000000000000000000e+00 2.500000000000000000e+00 1.200000000000000000e+01 3.109999999999999876e+00 1.000000000000000000e+00 2.500000000000000000e+01 2.000000000000000000e+00 4.000000000000000000e+01 4.774856586075859610e-02 1.020537720572376461e-01 1.009509595022060058e-01 1.465510224351287819e+06
3.000000000000000000e+00 2.500000000000000000e+00 1.200000000000000000e+01 3.109999999999999876e+00 5.000000000000000000e+00 2.500000000000000000e+01 2.000000000000000000e+00 4.000000000000000000e+01 6.149782689323135543e-02 4.241994702096274494e-02 3.828310014090892666e-01 2.667583086571163449e+02
3.000000000000000000e+00 2.500000000000000000e+00 1.200000000000000000e+01 3.109999999999999876e+00 1.000000000000000000e+01 2.500000000000000000e+01 2.000000000000000000e+00 4.000000000000000000e+01 5.783273590055904023e-02 1.390799826693900343e-02 9.960652411648942550e-01 1.161315565418855158e+02
3.000000000000000000e+00 2.500000000000000000e+00 1.200000000000000000e+01 3.109999999999999876e+00 1.000000000000000000e+00 3.500000000000000000e+01 2.000000000000000000e+00 4.000000000000000000e+01 5.915014588792777417e-02 1.797242146113786632e-01 9.804443915271122967e-02 2.325643735048382368e+05
3.000000000000000000e+00 2.500000000000000000e+00 1.200000000000000000e+01 3.109999999999999876e+00 5.000000000000000000e+00 3.500000000000000000e+01 2.000000000000000000e+00 4.000000000000000000e+01 3.237565338292602846e-02 2.553018252903904717e-02 3.834367266128281271e-01 2.024837905397435236e+02
3.000000000000000000e+00 2.500000000000000000e+00 1.200000000000000000e+01 3.109999999999999876e+00 1.000000000000000000e+01 3.500000000000000000e+01 2.000000000000000000e+00 4.000000000000000000e+01 1.937816462865904477e-02 3.556489692532638358e-03 9.543247047627345658e-01 1.098461968593195053e+02
3.000000000000000000e+00 2.500000000000000000e+00 1.200000000000000000e+01 3.109999999999999876e+00 1.000000000000000000e+00 4.000000000000000000e+01 2.000000000000000000e+00 4.000000000000000000e+01 4.380349430643604158e-02 1.214787550149780682e-01 1.060138952219796399e-01 1.315524446785302716e+05
3.000000000000000000e+00 2.500000000000000000e+00 1.200000000000000000e+01 3.109999999999999876e+00 5.000000000000000000e+00 4.000000000000000000e+01 2.000000000000000000e+00 4.000000000000000000e+01 4.754262942851150697e-02 4.217062503773405524e-02 3.884130273088201024e-01 2.065260873832755522e+02
3.000000000000000000e+00 2.500000000000000000e+00 1.200000000000000000e+01 3.109999999999999876e+00 1.000000000000000000e+01 4.000000000000000000e+01 2.000000000000000000e+00 4.000000000000000000e+01 1.807869147644391994e-02 3.098419278328545801e-03 9.858986235160552836e-01 9.767653047406398059e+01
3.000000000000000000e+00 2.500000000000000000e+00 1.200000000000000000e+01 3.109999999999999876e+00 1.000000000000000000e+00 2.500000000000000000e+01 3.000000000000000000e+00 4.000000000000000000e+01 6.733162730533770457e-02 1.564479955171564907e-01 1.024141458303375884e-01 8.189850423967635725e+05
3.000000000000000000e+00 2.500000000000000000e+00 1.200000000000000000e+01 3.109999999999999876e+00 1.000000000000000000e+00 3.500000000000000000e+01 3.000000000000000000e+00 4.000000000000000000e+01 1.063713903112017967e-01 4.007080582232103172e-01 1.039602963566586824e-01 1.164088474952096585e+05
3.000000000000000000e+00 2.500000000000000000e+00 1.200000000000000000e+01 3.109999999999999876e+00 5.000000000000000000e+00 3.500000000000000000e+01 3.000000000000000000e+00 4.000000000000000000e+01 4.138964349182039371e-02 2.871252499283527548e-02 3.907694302072146075e-01 2.088465845488424009e+02
3.000000000000000000e+00 2.500000000000000000e+00 1.200000000000000000e+01 3.109999999999999876e+00 1.000000000000000000e+01 3.500000000000000000e+01 3.000000000000000000e+00 4.000000000000000000e+01 2.674094949620320349e-02 7.435579531563263345e-03 1.016116897612243219e+00 1.017247173840273575e+02
3.000000000000000000e+00 2.500000000000000000e+00 1.200000000000000000e+01 3.109999999999999876e+00 1.000000000000000000e+00 4.000000000000000000e+01 3.000000000000000000e+00 4.000000000000000000e+01 4.723063757930967554e-03 2.100346283000198433e-02 1.144415989235879200e-01 8.725881862834343337e+04
3.000000000000000000e+00 2.500000000000000000e+00 1.200000000000000000e+01 3.109999999999999876e+00 5.000000000000000000e+00 4.000000000000000000e+01 3.000000000000000000e+00 4.000000000000000000e+01 9.941874556582641631e-02 1.223484015997129415e-01 4.176249306478128642e-01 1.795239430454471972e+02
3.000000000000000000e+00 2.500000000000000000e+00 1.200000000000000000e+01 3.109999999999999876e+00 1.000000000000000000e+01 4.000000000000000000e+01 3.000000000000000000e+00 4.000000000000000000e+01 3.299511410491740016e-02 7.610925958337233510e-03 1.072989231484295258e+00 8.847445635414223375e+01
3.000000000000000000e+00 2.500000000000000000e+00 1.200000000000000000e+01 3.109999999999999876e+00 1.000000000000000000e+00 2.500000000000000000e+01 4.000000000000000000e+00 4.000000000000000000e+01 6.567311520795660051e-02 1.563910521539662035e-01 9.723853703407246696e-02 1.374296580693363212e+05
3.000000000000000000e+00 2.500000000000000000e+00 1.200000000000000000e+01 3.109999999999999876e+00 5.000000000000000000e+00 2.500000000000000000e+01 4.000000000000000000e+00 4.000000000000000000e+01 7.141073900433902999e-02 5.692546486842231523e-02 3.733541495564145496e-01 2.396003833624644699e+02
3.000000000000000000e+00 2.500000000000000000e+00 1.200000000000000000e+01 3.109999999999999876e+00 1.000000000000000000e+01 2.500000000000000000e+01 4.000000000000000000e+00 4.000000000000000000e+01 6.233091401928847475e-02 1.558419182963177718e-02 9.817645512397551455e-01 1.123706849116310735e+02
3.000000000000000000e+00 2.500000000000000000e+00 1.200000000000000000e+01 3.109999999999999876e+00 1.000000000000000000e+00 3.500000000000000000e+01 4.000000000000000000e+00 4.000000000000000000e+01 9.795922901560549789e-02 2.161721062151376049e-01 9.794858672963784041e-02 1.345510601364223403e+05
3.000000000000000000e+00 2.500000000000000000e+00 1.200000000000000000e+01 3.109999999999999876e+00 5.000000000000000000e+00 3.500000000000000000e+01 4.000000000000000000e+00 4.000000000000000000e+01 3.473115509760593689e-02 2.338968407296926344e-02 3.825306788710518546e-01 2.026144334467113879e+02
3.000000000000000000e+00 2.500000000000000000e+00 1.200000000000000000e+01 3.109999999999999876e+00 1.000000000000000000e+01 3.500000000000000000e+01 4.000000000000000000e+00 4.000000000000000000e+01 2.567790219365662097e-02 6.731043265204794679e-03 9.874236274929985013e-01 1.016868039169267206e+02
3.000000000000000000e+00 2.500000000000000000e+00 1.200000000000000000e+01 3.109999999999999876e+00 5.000000000000000000e+00 4.000000000000000000e+01 4.000000000000000000e+00 4.000000000000000000e+01 6.626606071812202181e-02 7.368522424327883513e-02 4.228367466173982292e-01 1.630013032670165103e+02
3.000000000000000000e+00 2.500000000000000000e+00 1.200000000000000000e+01 3.109999999999999876e+00 1.000000000000000000e+01 4.000000000000000000e+01 4.000000000000000000e+00 4.000000000000000000e+01 3.759564020027639231e-02 1.133790806890289105e-02 1.081760724468896040e+00 8.583045968932999870e+01
3.000000000000000000e+00 2.500000000000000000e+00 1.200000000000000000e+01 3.109999999999999876e+00 1.000000000000000000e+00 2.500000000000000000e+01 5.000000000000000000e+00 4.000000000000000000e+01 7.955629822302001664e-02 2.163691081700727104e-01 9.982130536447647584e-02 1.906264133441583544e+05
3.000000000000000000e+00 2.500000000000000000e+00 1.200000000000000000e+01 3.109999999999999876e+00 1.000000000000000000e+00 3.500000000000000000e+01 5.000000000000000000e+00 4.000000000000000000e+01 9.538618136866960917e-02 2.199343032156306776e-01 9.625185282858560176e-02 1.337896132692857936e+05
3.000000000000000000e+00 2.500000000000000000e+00 1.200000000000000000e+01 3.109999999999999876e+00 5.000000000000000000e+00 3.500000000000000000e+01 5.000000000000000000e+00 4.000000000000000000e+01 3.391222102496405100e-02 2.108920300274075288e-02 3.928106488240432070e-01 1.904736148272759237e+02
3.000000000000000000e+00 2.500000000000000000e+00 1.200000000000000000e+01 3.109999999999999876e+00 1.000000000000000000e+01 3.500000000000000000e+01 5.000000000000000000e+00 4.000000000000000000e+01 1.666554494088567928e-02 2.402767158289131899e-03 1.002529990333380416e+00 9.813899027222704774e+01
3.000000000000000000e+00 2.500000000000000000e+00 1.200000000000000000e+01 3.109999999999999876e+00 5.000000000000000000e+00 4.000000000000000000e+01 5.000000000000000000e+00 4.000000000000000000e+01 4.035627786077178314e-02 2.844403329552869231e-02 4.279878332228318483e-01 1.620695816156827220e+02
3.000000000000000000e+00 2.500000000000000000e+00 1.200000000000000000e+01 3.109999999999999876e+00 1.000000000000000000e+01 4.000000000000000000e+01 5.000000000000000000e+00 4.000000000000000000e+01 2.770918405551991981e-02 5.102469913304652493e-03 1.076626195945155295e+00 8.546865904458964280e+01
3.000000000000000000e+00 2.500000000000000000e+00 1.200000000000000000e+01 3.109999999999999876e+00 1.000000000000000000e+00 2.500000000000000000e+01 6.000000000000000000e+00 4.000000000000000000e+01 8.928457600240058412e-02 2.515862391860961278e-01 1.083435201063526060e-01 2.607533545825070178e+05
3.000000000000000000e+00 2.500000000000000000e+00 1.200000000000000000e+01 3.109999999999999876e+00 5.000000000000000000e+00 2.500000000000000000e+01 6.000000000000000000e+00 4.000000000000000000e+01 7.706316421871095557e-02 5.882093396586496326e-02 4.075467688081496620e-01 2.086053336409286203e+02
3.000000000000000000e+00 2.500000000000000000e+00 1.200000000000000000e+01 3.109999999999999876e+00 1.000000000000000000e+01 2.500000000000000000e+01 6.000000000000000000e+00 4.000000000000000000e+01 6.531857388869366510e-02 1.569180015474813672e-02 1.041277415732126066e+00 1.055933904222938367e+02
3.000000000000000000e+00 2.500000000000000000e+00 1.200000000000000000e+01 3.109999999999999876e+00 1.000000000000000000e+00 3.500000000000000000e+01 6.000000000000000000e+00 4.000000000000000000e+01 1.318573625642889269e-01 3.609220496666460942e-01 1.072789984912844580e-01 1.761412180300428881e+05
3.000000000000000000e+00 2.500000000000000000e+00 1.200000000000000000e+01 3.109999999999999876e+00 5.000000000000000000e+00 3.500000000000000000e+01 6.000000000000000000e+00 4.000000000000000000e+01 6.593360497228450967e-02 4.788943634553377571e-02 4.216666396537999129e-01 1.760992013683244579e+02
3.000000000000000000e+00 2.500000000000000000e+00 1.200000000000000000e+01 3.109999999999999876e+00 1.000000000000000000e+01 3.500000000000000000e+01 6.000000000000000000e+00 4.000000000000000000e+01 4.029319059830327454e-02 1.242487809423775680e-02 1.056973129381812759e+00 9.226144506475895923e+01
3.000000000000000000e+00 2.500000000000000000e+00 1.200000000000000000e+01 3.109999999999999876e+00 5.000000000000000000e+00 4.000000000000000000e+01 6.000000000000000000e+00 4.000000000000000000e+01 1.421106213773668525e-01 1.192008590912059240e-01 5.372856002836242650e-01 1.154172697727044437e+02
3.000000000000000000e+00 2.500000000000000000e+00 1.200000000000000000e+01 3.109999999999999876e+00 1.000000000000000000e+01 4.000000000000000000e+01 6.000000000000000000e+00 4.000000000000000000e+01 6.524759448220063263e-02 2.223910239251747356e-02 1.175275805353668712e+00 7.869427721935196018e+01
3.000000000000000000e+00 2.500000000000000000e+00 1.200000000000000000e+01 3.109999999999999876e+00 1.000000000000000000e+00 2.500000000000000000e+01 7.000000000000000000e+00 4.000000000000000000e+01 9.039354703297108884e-02 2.948177658186355021e-01 1.086465736963836831e-01 1.140541190081226872e+06
3.000000000000000000e+00 2.500000000000000000e+00 1.200000000000000000e+01 3.109999999999999876e+00 5.000000000000000000e+00 3.500000000000000000e+01 7.000000000000000000e+00 4.000000000000000000e+01 5.735510933714627058e-02 2.752531160658944209e-02 4.517431175006979549e-01 1.663622343658285558e+02
3.000000000000000000e+00 2.500000000000000000e+00 1.200000000000000000e+01 3.109999999999999876e+00 1.000000000000000000e+01 3.500000000000000000e+01 7.000000000000000000e+00 4.000000000000000000e+01 2.546206141448625893e-02 3.191089742386798989e-03 1.105676654287752747e+00 8.793951091561028477e+01
3.000000000000000000e+00 2.500000000000000000e+00 1.200000000000000000e+01 3.109999999999999876e+00 5.000000000000000000e+00 4.000000000000000000e+01 7.000000000000000000e+00 4.000000000000000000e+01 1.204526515258159680e-01 6.965262186833154345e-02 5.841914716386663597e-01 1.059978248906335807e+02
3.000000000000000000e+00 2.500000000000000000e+00 1.200000000000000000e+01 3.109999999999999876e+00 1.000000000000000000e+01 4.000000000000000000e+01 7.000000000000000000e+00 4.000000000000000000e+01 2.533155816311616348e-02 2.946512073164653245e-03 1.265605677098864623e+00 7.515336102628795345e+01
3.000000000000000000e+00 2.500000000000000000e+00 1.200000000000000000e+01 3.109999999999999876e+00 1.000000000000000000e+00 2.500000000000000000e+01 8.000000000000000000e+00 4.000000000000000000e+01 1.006766312910065686e-01 2.383365697366262026e-01 1.211530782045823623e-01 5.110372155515385675e+05
3.000000000000000000e+00 2.500000000000000000e+00 1.200000000000000000e+01 3.109999999999999876e+00 5.000000000000000000e+00 2.500000000000000000e+01 8.000000000000000000e+00 4.000000000000000000e+01 8.273006539852989505e-02 5.417833205739608360e-02 4.445881670326370383e-01 1.946713973236943218e+02
3.000000000000000000e+00 2.500000000000000000e+00 1.200000000000000000e+01 3.109999999999999876e+00 1.000000000000000000e+01 2.500000000000000000e+01 8.000000000000000000e+00 4.000000000000000000e+01 6.659393240944311287e-02 1.390154182369784941e-02 1.100433078562705447e+00 1.016500355088257379e+02
3.000000000000000000e+00 2.500000000000000000e+00 1.200000000000000000e+01 3.109999999999999876e+00 5.000000000000000000e+00 3.500000000000000000e+01 8.000000000000000000e+00 4.000000000000000000e+01 8.600839888139444334e-02 5.297523295391615150e-02 4.845427880137323506e-01 1.464268770140569131e+02
3.000000000000000000e+00 2.500000000000000000e+00 1.200000000000000000e+01 3.109999999999999876e+00 1.000000000000000000e+01 3.500000000000000000e+01 8.000000000000000000e+00 4.000000000000000000e+01 4.112289954476500142e-02 6.508620038324419710e-03 1.181119570993236723e+00 8.141208030905798410e+01
3.000000000000000000e+00 2.500000000000000000e+00 1.200000000000000000e+01 3.109999999999999876e+00 5.000000000000000000e+00 4.000000000000000000e+01 8.000000000000000000e+00 4.000000000000000000e+01 1.379946574040018525e-01 7.101415829542978564e-02 6.397430136197612693e-01 9.717346691325174390e+01
3.000000000000000000e+00 2.500000000000000000e+00 1.200000000000000000e+01 3.109999999999999876e+00 1.000000000000000000e+01 4.000000000000000000e+01 8.000000000000000000e+00 4.000000000000000000e+01 7.624286810688918337e-02 1.225807369251108447e-02 1.372022816913115006e+00 6.607301342769669361e+01
3.000000000000000000e+00 2.500000000000000000e+00 1.200000000000000000e+01 3.109999999999999876e+00 1.000000000000000000e+00 2.500000000000000000e+01 9.000000000000000000e+00 4.000000000000000000e+01 9.630567217307239858e-02 2.606942389853821318e-01 1.242527324318140197e-01 1.837734770708530559e+05
3.000000000000000000e+00 2.500000000000000000e+00 1.200000000000000000e+01 3.109999999999999876e+00 5.000000000000000000e+00 3.500000000000000000e+01 9.000000000000000000e+00 4.000000000000000000e+01 5.059952034610692984e-02 2.899739438619208798e-02 5.017110859590715455e-01 1.433564942680963270e+02
3.000000000000000000e+00 2.500000000000000000e+00 1.200000000000000000e+01 3.109999999999999876e+00 1.000000000000000000e+01 3.500000000000000000e+01 9.000000000000000000e+00 4.000000000000000000e+01 4.043462466000469213e-02 6.615133459688449236e-03 1.243671548416444894e+00 7.769368661736871218e+01
3.000000000000000000e+00 2.500000000000000000e+00 1.200000000000000000e+01 3.109999999999999876e+00 5.000000000000000000e+00 4.000000000000000000e+01 9.000000000000000000e+00 4.000000000000000000e+01 1.409624461899783299e-02 5.481716507800271643e-03 6.242411246898779131e-01 1.188975559861502944e+02
3.000000000000000000e+00 2.500000000000000000e+00 1.200000000000000000e+01 3.109999999999999876e+00 1.000000000000000000e+01 4.000000000000000000e+01 9.000000000000000000e+00 4.000000000000000000e+01 1.089259571899781065e-02 9.482001212648416555e-04 1.293580151821397850e+00 7.600397942904191950e+01
3.000000000000000000e+00 2.500000000000000000e+00 1.200000000000000000e+01 3.109999999999999876e+00 5.000000000000000000e+00 2.500000000000000000e+01 1.000000000000000000e+01 4.000000000000000000e+01 7.318218501963680289e-02 4.251696097789725570e-02 4.643110799951672418e-01 1.808671827155840788e+02
3.000000000000000000e+00 2.500000000000000000e+00 1.200000000000000000e+01 3.109999999999999876e+00 1.000000000000000000e+01 2.500000000000000000e+01 1.000000000000000000e+01 4.000000000000000000e+01 6.671438692744668941e-02 1.402521188761629567e-02 1.150067871897862748e+00 9.576547677503766920e+01
3.000000000000000000e+00 2.500000000000000000e+00 1.200000000000000000e+01 3.109999999999999876e+00 5.000000000000000000e+00 3.500000000000000000e+01 1.000000000000000000e+01 4.000000000000000000e+01 6.173706794570588130e-02 3.513170243277308202e-02 5.066759705297874117e-01 1.387526440149115103e+02
3.000000000000000000e+00 2.500000000000000000e+00 1.200000000000000000e+01 3.109999999999999876e+00 1.000000000000000000e+01 3.500000000000000000e+01 1.000000000000000000e+01 4.000000000000000000e+01 5.334466145988425723e-02 9.642850776706790583e-03 1.302696357729771659e+00 7.494990900043316628e+01
3.000000000000000000e+00 2.500000000000000000e+00 1.200000000000000000e+01 3.109999999999999876e+00 1.000000000000000000e+01 4.000000000000000000e+01 1.000000000000000000e+01 4.000000000000000000e+01 5.356926447227294830e-02 8.149356738319735172e-03 1.400711513833368116e+00 6.606744050399187529e+01
3.000000000000000000e+00 2.500000000000000000e+00 1.200000000000000000e+01 3.109999999999999876e+00 5.000000000000000000e+00 3.500000000000000000e+01 1.100000000000000000e+01 4.000000000000000000e+01 7.848821044865639251e-02 4.174770026229168707e-02 6.091552507067415911e-01 1.183306983272099302e+02
3.000000000000000000e+00 2.500000000000000000e+00 1.200000000000000000e+01 3.109999999999999876e+00 1.000000000000000000e+01 3.500000000000000000e+01 1.100000000000000000e+01 4.000000000000000000e+01 4.594635713908723496e-02 7.367627628436013154e-03 1.299908306200161068e+00 7.455556661933673013e+01
3.000000000000000000e+00 2.500000000000000000e+00 1.200000000000000000e+01 3.109999999999999876e+00 1.000000000000000000e+01 4.000000000000000000e+01 1.100000000000000000e+01 4.000000000000000000e+01 3.181230726755268634e-02 3.189513827738910123e-03 1.574602819480272142e+00 6.357436125350820078e+01
3.000000000000000000e+00 2.500000000000000000e+00 1.200000000000000000e+01 3.109999999999999876e+00 5.000000000000000000e+00 2.500000000000000000e+01 1.200000000000000000e+01 4.000000000000000000e+01 7.675918293114469826e-02 4.449233136888119944e-02 4.552290878500923066e-01 1.786856080187706937e+02
3.000000000000000000e+00 2.500000000000000000e+00 1.200000000000000000e+01 3.109999999999999876e+00 1.000000000000000000e+01 2.500000000000000000e+01 1.200000000000000000e+01 4.000000000000000000e+01 7.214511805969081593e-02 1.556934862115433305e-02 1.198260460238245839e+00 9.271666644090571197e+01
3.000000000000000000e+00 2.500000000000000000e+00 1.200000000000000000e+01 3.109999999999999876e+00 5.000000000000000000e+00 3.500000000000000000e+01 1.200000000000000000e+01 4.000000000000000000e+01 1.191951025030484335e-01 6.770663368155172002e-02 5.609800931493836851e-01 1.190986958280832511e+02
3.000000000000000000e+00 2.500000000000000000e+00 1.200000000000000000e+01 3.109999999999999876e+00 1.000000000000000000e+01 3.500000000000000000e+01 1.200000000000000000e+01 4.000000000000000000e+01 5.368727880919177409e-02 9.194887678348306892e-03 1.273819160623620217e+00 7.434990123070296875e+01
3.000000000000000000e+00 2.500000000000000000e+00 1.200000000000000000e+01 3.109999999999999876e+00 1.000000000000000000e+01 4.000000000000000000e+01 1.200000000000000000e+01 4.000000000000000000e+01 5.183688155251142682e-02 5.522324753022278543e-03 1.448434669798383645e+00 6.376214595082704761e+01
3.000000000000000000e+00 2.500000000000000000e+00 1.200000000000000000e+01 3.109999999999999876e+00 1.000000000000000000e+01 3.500000000000000000e+01 1.300000000000000000e+01 4.000000000000000000e+01 6.770925068427979809e-02 1.498486787988251301e-02 1.315000938084956550e+00 7.223670456265112705e+01
3.000000000000000000e+00 2.500000000000000000e+00 1.200000000000000000e+01 3.109999999999999876e+00 5.000000000000000000e+00 2.500000000000000000e+01 1.400000000000000000e+01 4.000000000000000000e+01 8.696114454323766729e-02 4.742457377674647034e-02 5.056510985828567284e-01 1.557878451022963020e+02
3.000000000000000000e+00 2.500000000000000000e+00 1.200000000000000000e+01 3.109999999999999876e+00 1.000000000000000000e+01 2.500000000000000000e+01 1.400000000000000000e+01 4.000000000000000000e+01 6.839049662971796728e-02 1.287693085346242050e-02 1.158998449374249340e+00 9.361342171401973644e+01
3.000000000000000000e+00 2.500000000000000000e+00 1.200000000000000000e+01 3.109999999999999876e+00 1.000000000000000000e+01 3.500000000000000000e+01 1.400000000000000000e+01 4.000000000000000000e+01 5.620671670422794364e-02 1.081805755180798023e-02 1.401614538209714933e+00 6.741625336533404322e+01
3.000000000000000000e+00 2.500000000000000000e+00 1.200000000000000000e+01 3.109999999999999876e+00 1.000000000000000000e+01 3.500000000000000000e+01 1.500000000000000000e+01 4.000000000000000000e+01 5.015512258087406749e-02 6.735100114912517810e-03 1.652068719225508575e+00 6.224100541321809033e+01
3.000000000000000000e+00 2.500000000000000000e+00 1.200000000000000000e+01 3.109999999999999876e+00 5.000000000000000000e+00 2.500000000000000000e+01 1.600000000000000000e+01 4.000000000000000000e+01 8.564091105643911739e-02 5.755770368570045648e-02 4.801531522989987422e-01 1.556824116757631202e+02
3.000000000000000000e+00 2.500000000000000000e+00 1.200000000000000000e+01 3.109999999999999876e+00 1.000000000000000000e+01 2.500000000000000000e+01 1.600000000000000000e+01 4.000000000000000000e+01 7.017325060390389169e-02 1.280337011056098540e-02 1.164054451897528875e+00 9.177816397319205066e+01
3.000000000000000000e+00 2.500000000000000000e+00 1.200000000000000000e+01 3.109999999999999876e+00 1.000000000000000000e+01 3.500000000000000000e+01 1.600000000000000000e+01 4.000000000000000000e+01 6.503047049842547445e-02 1.203408779180281662e-02 1.537436716485232724e+00 6.270877324141108033e+01
3.000000000000000000e+00 2.500000000000000000e+00 1.200000000000000000e+01 3.109999999999999876e+00 1.000000000000000000e+01 3.500000000000000000e+01 1.700000000000000000e+01 4.000000000000000000e+01 5.048711932112448508e-02 8.122236479574107548e-03 1.472939920256747914e+00 6.414141412739986947e+01
3.000000000000000000e+00 2.500000000000000000e+00 1.200000000000000000e+01 3.109999999999999876e+00 5.000000000000000000e+00 2.500000000000000000e+01 1.800000000000000000e+01 4.000000000000000000e+01 8.620460112716332723e-02 5.005020190796494184e-02 4.823225551190636340e-01 1.479597832969916169e+02
3.000000000000000000e+00 2.500000000000000000e+00 1.200000000000000000e+01 3.109999999999999876e+00 1.000000000000000000e+01 2.500000000000000000e+01 1.800000000000000000e+01 4.000000000000000000e+01 7.062571423990826602e-02 1.248455145537330502e-02 1.167319326716007133e+00 8.989256232705967875e+01
3.000000000000000000e+00 2.500000000000000000e+00 1.200000000000000000e+01 3.109999999999999876e+00 1.000000000000000000e+01 3.500000000000000000e+01 1.800000000000000000e+01 4.000000000000000000e+01 5.711630980749604625e-02 9.653548364638719903e-03 1.579408279898824707e+00 6.158047113129219952e+01
3.000000000000000000e+00 2.500000000000000000e+00 1.200000000000000000e+01 3.109999999999999876e+00 1.000000000000000000e+01 2.500000000000000000e+01 2.000000000000000000e+01 4.000000000000000000e+01 6.286011364950838676e-02 8.438192506095676393e-03 1.330847804302180970e+00 8.289817746026800194e+01
3.000000000000000000e+00 2.500000000000000000e+00 1.200000000000000000e+01 3.109999999999999876e+00 1.000000000000000000e+01 2.500000000000000000e+01 2.200000000000000000e+01 4.000000000000000000e+01 8.004752760419919788e-02 1.217829259221780980e-02 1.344746910531027462e+00 8.000668364108031483e+01
3.000000000000000000e+00 2.500000000000000000e+00 1.200000000000000000e+01 3.109999999999999876e+00 1.000000000000000000e+01 2.500000000000000000e+01 2.400000000000000000e+01 4.000000000000000000e+01 6.953695486671795933e-02 1.067369371305448844e-02 1.172971713039018038e+00 8.441193213757294700e+01
