1.900000000000000000e+01 1.500000000000000000e+00 1.200000000000000000e+01 8.449999999999999289e+00 1.000000000000000000e+00 2.500000000000000000e+01 0.000000000000000000e+00 4.000000000000000000e+01 6.127203082866072847e-03 1.131279695865372581e-02 1.023450678071009673e-01 1.693406300274727982e+05
1.900000000000000000e+01 1.500000000000000000e+00 1.200000000000000000e+01 8.449999999999999289e+00 5.000000000000000000e+00 2.500000000000000000e+01 0.000000000000000000e+00 4.000000000000000000e+01 5.134052211815509636e-03 1.675255235962902489e-03 4.507498995126217323e-01 3.022515843161598923e+02
1.900000000000000000e+01 1.500000000000000000e+00 1.200000000000000000e+01 8.449999999999999289e+00 1.000000000000000000e+01 2.500000000000000000e+01 0.000000000000000000e+00 4.000000000000000000e+01 1.610264153906193485e-05 6.580814781997901264e-09 1.043140052097815573e+00 1.561260974322122763e+02
1.900000000000000000e+01 1.500000000000000000e+00 1.200000000000000000e+01 8.449999999999999289e+00 1.000000000000000000e+00 2.500000000000000000e+01 1.000000000000000056e-01 4.000000000000000000e+01 8.327953229108064903e-03 1.929272125978442887e-02 1.018806280622662069e-01 2.728695102010653354e+05
1.900000000000000000e+01 1.500000000000000000e+00 1.200000000000000000e+01 8.449999999999999289e+00 5.000000000000000000e+00 2.500000000000000000e+01 1.000000000000000056e-01 4.000000000000000000e+01 7.189135147998015896e-03 2.923634607417291420e-03 4.333325621805676486e-01 3.544718870448231200e+02
1.900000000000000000e+01 1.500000000000000000e+00 1.200000000000000000e+01 8.449999999999999289e+00 1.000000000000000000e+01 2.500000000000000000e+01 1.000000000000000056e-01 4.000000000000000000e+01 2.870740941738558760e-03 1.758924905159719998e-04 1.029821324283435535e+00 1.569326930548569408e+02
1.900000000000000000e+01 1.500000000000000000e+00 1.200000000000000000e+01 8.449999999999999289e+00 1.000000000000000000e+00 3.500000000000000000e+01 1.000000000000000056e-01 4.000000000000000000e+01 8.561498995327321282e-03 1.675125914530828375e-02 9.831233696832727964e-02 8.960918602744070813e+05
1.900000000000000000e+01 1.500000000000000000e+00 1.200000000000000000e+01 8.449999999999999289e+00 5.000000000000000000e+00 3.500000000000000000e+01 1.000000000000000056e-01 4.000000000000000000e+01 1.179624279770430384e-02 6.698971053019642241e-03 4.147218007069118362e-01 3.120134406918982108e+02
1.900000000000000000e+01 1.500000000000000000e+00 1.200000000000000000e+01 8.449999999999999289e+00 1.000000000000000000e+01 3.500000000000000000e+01 1.000000000000000056e-01 4.000000000000000000e+01 6.738625474997927967e-03 9.417856450337769303e-04 9.570585010324870190e-01 1.610863347387523845e+02
1.900000000000000000e+01 1.500000000000000000e+00 1.200000000000000000e+01 8.449999999999999289e+00 1.000000000000000000e+00 4.000000000000000000e+01 1.000000000000000056e-01 4.000000000000000000e+01 7.606972563300340440e-03 1.818749779517192522e-02 9.353071745236953005e-02 5.231845573711757897e+05
1.900000000000000000e+01 1.500000000000000000e+00 1.200000000000000000e+01 8.449999999999999289e+00 5.000000000000000000e+00 4.000000000000000000e+01 1.000000000000000056e-01 4.000000000000000000e+01 8.659895113020343871e-03 5.323009558550362286e-03 4.029682807788057541e-01 3.508632147151633376e+02
1.900000000000000000e+01 1.500000000000000000e+00 1.200000000000000000e+01 8.449999999999999289e+00 1.000000000000000000e+01 4.000000000000000000e+01 1.000000000000000056e-01 4.000000000000000000e+01 3.760177519503304921e-03 4.147279966648653726e-04 9.392340119117222885e-01 1.650779241646105220e+02
1.900000000000000000e+01 1.500000000000000000e+00 1.200000000000000000e+01 8.449999999999999289e+00 1.000000000000000000e+00 2.500000000000000000e+01 1.000000000000000000e+00 4.000000000000000000e+01 1.181943401262253168e-02 2.314943610705122445e-02 1.039562099249173310e-01 2.294187903469738667e+05
1.900000000000000000e+01 1.500000000000000000e+00 1.200000000000000000e+01 8.449999999999999289e+00 1.000000000000000000e+00 3.500000000000000000e+01 1.000000000000000000e+00 4.000000000000000000e+01 1.414612985545082857e-02 3.912040861952670312e-02 9.679058727161890530e-02 7.594083071061214432e+05
1.900000000000000000e+01 1.500000000000000000e+00 1.200000000000000000e+01 8.449999999999999289e+00 1.000000000000000000e+00 4.000000000000000000e+01 1.000000000000000000e+00 4.000000000000000000e+01 1.207096829483012002e-02 2.913636040930289717e-02 9.331940568126673163e-02 2.885990904468935914e+05
1.900000000000000000e+01 1.500000000000000000e+00 1.200000000000000000e+01 8.449999999999999289e+00 5.000000000000000000e+00 4.000000000000000000e+01 1.000000000000000000e+00 4.000000000000000000e+01 8.736289321562562549e-04 7.851300831318575035e-05 3.891866867758403958e-01 2.978337898258486121e+02
1.900000000000000000e+01 1.500000000000000000e+00 1.200000000000000000e+01 8.449999999999999289e+00 1.000000000000000000e+01 4.000000000000000000e+01 1.000000000000000000e+00 4.000000000000000000e+01 6.321926216805717758e-04 2.198158195665378400e-05 8.492232464705524730e-01 1.629367282918492492e+02
1.900000000000000000e+01 1.500000000000000000e+00 1.200000000000000000e+01 8.449999999999999289e+00 1.000000000000000000e+00 2.500000000000000000e+01 2.000000000000000000e+00 4.000000000000000000e+01 1.562975905039132307e-02 3.316319870640493939e-02 9.999255047598849810e-02 4.735070950109641417e+05
1.900000000000000000e+01 1.500000000000000000e+00 1.200000000000000000e+01 8.449999999999999289e+00 5.000000000000000000e+00 2.500000000000000000e+01 2.000000000000000000e+00 4.000000000000000000e+01 1.858312543230300484e-02 1.168814804194018286e-02 4.041596787518233480e-01 4.038679722311970295e+02
1.900000000000000000e+01 1.500000000000000000e+00 1.200000000000000000e+01 8.449999999999999289e+00 1.000000000000000000e+01 2.500000000000000000e+01 2.000000000000000000e+00 4.000000000000000000e+01 1.543414143243837522e-02 4.212164497918946537e-03 7.866547068662774755e-01 1.825878084342211878e+02
1.900000000000000000e+01 1.500000000000000000e+00 1.200000000000000000e+01 8.449999999999999289e+00 1.000000000000000000e+00 3.500000000000000000e+01 2.000000000000000000e+00 4.000000000000000000e+01 1.019149572952504634e-02 2.767366387151559692e-02 9.573786212675330920e-02 3.126704852734105079e+05
1.900000000000000000e+01 1.500000000000000000e+00 1.200000000000000000e+01 8.449999999999999289e+00 5.000000000000000000e+00 3.500000000000000000e+01 2.000000000000000000e+00 4.000000000000000000e+01 8.211631005804242989e-03 5.040876415904449459e-03 3.789524555561237240e-01 3.008720570832588237e+02
1.900000000000000000e+01 1.500000000000000000e+00 1.200000000000000000e+01 8.449999999999999289e+00 1.000000000000000000e+01 3.500000000000000000e+01 2.000000000000000000e+00 4.000000000000000000e+01 7.607942252081167922e-03 2.343110671673143131e-03 7.987954794047072982e-01 1.727536179901728417e+02
1.900000000000000000e+01 1.500000000000000000e+00 1.200000000000000000e+01 8.449999999999999289e+00 1.000000000000000000e+00 4.000000000000000000e+01 2.000000000000000000e+00 4.000000000000000000e+01 2.639689200401962310e-02 7.884991220438930526e-02 9.783891577195039102e-02 5.423758361046530772e+05
1.900000000000000000e+01 1.500000000000000000e+00 1.200000000000000000e+01 8.449999999999999289e+00 5.000000000000000000e+00 4.000000000000000000e+01 2.000000000000000000e+00 4.000000000000000000e+01 1.201824278543384139e-02 9.275297769374635237e-03 3.812953150024224747e-01 2.307383153994611575e+02
1.900000000000000000e+01 1.500000000000000000e+00 1.200000000000000000e+01 8.449999999999999289e+00 1.000000000000000000e+01 4.000000000000000000e+01 2.000000000000000000e+00 4.000000000000000000e+01 9.287190061086914028e-04 5.970095186369483997e-05 7.689054709801542709e-01 1.628557477319986617e+02
1.900000000000000000e+01 1.500000000000000000e+00 1.200000000000000000e+01 8.449999999999999289e+00 1.000000000000000000e+00 2.500000000000000000e+01 3.000000000000000000e+00 4.000000000000000000e+01 1.969761619807997022e-02 4.571756261695880674e-02 9.386244166372613440e-02 2.634287566108104656e+05
1.900000000000000000e+01 1.500000000000000000e+00 1.200000000000000000e+01 8.449999999999999289e+00 1.000000000000000000e+00 3.500000000000000000e+01 3.000000000000000000e+00 4.000000000000000000e+01 1.409481907094578546e-02 4.007834293148793137e-02 8.904472493348074280e-02 6.886691282452434534e+05
1.900000000000000000e+01 1.500000000000000000e+00 1.200000000000000000e+01 8.449999999999999289e+00 1.000000000000000000e+00 4.000000000000000000e+01 3.000000000000000000e+00 4.000000000000000000e+01 2.449169617839697111e-04 1.288497380988262719e-02 8.043813157622844989e-02 6.106594573252045848e+02
1.900000000000000000e+01 1.500000000000000000e+00 1.200000000000000000e+01 8.449999999999999289e+00 5.000000000000000000e+00 4.000000000000000000e+01 3.000000000000000000e+00 4.000000000000000000e+01 1.584956960165850859e-02 1.249155392394296626e-02 3.319503471091851954e-01 2.432366224167534483e+02
1.900000000000000000e+01 1.500000000000000000e+00 1.200000000000000000e+01 8.449999999999999289e+00 1.000000000000000000e+01 4.000000000000000000e+01 3.000000000000000000e+00 4.000000000000000000e+01 4.990350021919942591e-03 9.292103920186534083e-04 6.822957610265071304e-01 1.594238026756208342e+02
1.900000000000000000e+01 1.500000000000000000e+00 1.200000000000000000e+01 8.449999999999999289e+00 1.000000000000000000e+00 2.500000000000000000e+01 4.000000000000000000e+00 4.000000000000000000e+01 2.334859704244296452e-02 5.838138802245018688e-02 9.306844299775234031e-02 1.018371977297294652e+06
1.900000000000000000e+01 1.500000000000000000e+00 1.200000000000000000e+01 8.449999999999999289e+00 5.000000000000000000e+00 2.500000000000000000e+01 4.000000000000000000e+00 4.000000000000000000e+01 2.456498866024614536e-02 2.020097391257991148e-02 3.382912446919814076e-01 4.809560927452945407e+02
1.900000000000000000e+01 1.500000000000000000e+00 1.200000000000000000e+01 8.449999999999999289e+00 1.000000000000000000e+01 2.500000000000000000e+01 4.000000000000000000e+00 4.000000000000000000e+01 2.110659052768482091e-02 9.030896118870535005e-03 5.995388125963542203e-01 2.139348835015203179e+02
1.900000000000000000e+01 1.500000000000000000e+00 1.200000000000000000e+01 8.449999999999999289e+00 1.000000000000000000e+00 3.500000000000000000e+01 4.000000000000000000e+00 4.000000000000000000e+01 3.864065544685590936e-02 1.142326043218324649e-01 9.047335522345012482e-02 1.887703679518358840e+05
1.900000000000000000e+01 1.500000000000000000e+00 1.200000000000000000e+01 8.449999999999999289e+00 5.000000000000000000e+00 3.500000000000000000e+01 4.000000000000000000e+00 4.000000000000000000e+01 6.110140671136132795e-03 3.346308531633646055e-03 3.320702001207659904e-01 3.002393545906066947e+02
1.900000000000000000e+01 1.500000000000000000e+00 1.200000000000000000e+01 8.449999999999999289e+00 1.000000000000000000e+01 3.500000000000000000e+01 4.000000000000000000e+00 4.000000000000000000e+01 3.900464998719099796e-03 7.670622740560961716e-04 6.585171464858633472e-01 1.867848205993379906e+02
1.900000000000000000e+01 1.500000000000000000e+00 1.200000000000000000e+01 8.449999999999999289e+00 1.000000000000000000e+00 4.000000000000000000e+01 4.000000000000000000e+00 4.000000000000000000e+01 6.664264539679720656e-05 7.699518324150557816e+07 7.100668138388668837e-02 3.664893574517476559e+07
1.900000000000000000e+01 1.500000000000000000e+00 1.200000000000000000e+01 8.449999999999999289e+00 5.000000000000000000e+00 4.000000000000000000e+01 4.000000000000000000e+00 4.000000000000000000e+01 2.158875920887615152e-02 1.865254515386594036e-02 3.067896329034095482e-01 2.525321441123630848e+02
1.900000000000000000e+01 1.500000000000000000e+00 1.200000000000000000e+01 8.449999999999999289e+00 1.000000000000000000e+01 4.000000000000000000e+01 4.000000000000000000e+00 4.000000000000000000e+01 1.132406346310910195e-02 2.998117691544788244e-03 6.367467995290549965e-01 1.557939138837941471e+02
1.900000000000000000e+01 1.500000000000000000e+00 1.200000000000000000e+01 8.449999999999999289e+00 1.000000000000000000e+00 2.500000000000000000e+01 5.000000000000000000e+00 4.000000000000000000e+01 2.720422887901730036e-02 7.341467276701907352e-02 9.298662094375269305e-02 2.079106029606551398e+06
1.900000000000000000e+01 1.500000000000000000e+00 1.200000000000000000e+01 8.449999999999999289e+00 1.000000000000000000e+00 3.500000000000000000e+01 5.000000000000000000e+00 4.000000000000000000e+01 3.975130877371624294e-02 1.265290329037851436e-01 8.790273093771745760e-02 7.137202094413189916e+05
1.900000000000000000e+01 1.500000000000000000e+00 1.200000000000000000e+01 8.449999999999999289e+00 1.000000000000000000e+00 4.000000000000000000e+01 5.000000000000000000e+00 4.000000000000000000e+01 1.728776455323099981e-09 2.426332670404668988e+03 7.580265801093261091e-02 7.807500147561101767e+04
1.900000000000000000e+01 1.500000000000000000e+00 1.200000000000000000e+01 8.449999999999999289e+00 5.000000000000000000e+00 4.000000000000000000e+01 5.000000000000000000e+00 4.000000000000000000e+01 3.660603192315781129e-02 3.536366386063694023e-02 2.949216639763178049e-01 2.465146891197221350e+02
1.900000000000000000e+01 1.500000000000000000e+00 1.200000000000000000e+01 8.449999999999999289e+00 1.000000000000000000e+01 4.000000000000000000e+01 5.000000000000000000e+00 4.000000000000000000e+01 1.492388971477409676e-02 5.637284081142723835e-03 5.985941331080030237e-01 1.565678932075989565e+02
1.900000000000000000e+01 1.500000000000000000e+00 1.200000000000000000e+01 8.449999999999999289e+00 1.000000000000000000e+00 2.500000000000000000e+01 6.000000000000000000e+00 4.000000000000000000e+01 3.099011079138280778e-02 8.324296354194293812e-02 9.607878635916963783e-02 4.381351629700870253e+05
1.900000000000000000e+01 1.500000000000000000e+00 1.200000000000000000e+01 8.449999999999999289e+00 5.000000000000000000e+00 2.500000000000000000e+01 6.000000000000000000e+00 4.000000000000000000e+01 2.959387944155222883e-02 2.805861985778346224e-02 3.294664764524687928e-01 4.602984446359311050e+02
1.900000000000000000e+01 1.500000000000000000e+00 1.200000000000000000e+01 8.449999999999999289e+00 1.000000000000000000e+01 2.500000000000000000e+01 6.000000000000000000e+00 4.000000000000000000e+01 2.611932893497170838e-02 1.431662196606464654e-02 5.346203773329146758e-01 2.237715529355103854e+02
1.900000000000000000e+01 1.500000000000000000e+00 1.200000000000000000e+01 8.449999999999999289e+00 1.000000000000000000e+00 3.500000000000000000e+01 6.000000000000000000e+00 4.000000000000000000e+01 7.041446419191910167e-02 2.636560383068440316e-01 9.093850346334238222e-02 2.631978161843263661e+05
1.900000000000000000e+01 1.500000000000000000e+00 1.200000000000000000e+01 8.449999999999999289e+00 5.000000000000000000e+00 3.500000000000000000e+01 6.000000000000000000e+00 4.000000000000000000e+01 1.058869510147109061e-02 8.150600783351169554e-03 3.043127071854365706e-01 3.107637726024514109e+02
1.900000000000000000e+01 1.500000000000000000e+00 1.200000000000000000e+01 8.449999999999999289e+00 1.000000000000000000e+01 3.500000000000000000e+01 6.000000000000000000e+00 4.000000000000000000e+01 3.657982028796080698e-03 5.955554913956717655e-04 6.179921544910303988e-01 1.874951403277728161e+02
1.900000000000000000e+01 1.500000000000000000e+00 1.200000000000000000e+01 8.449999999999999289e+00 1.000000000000000000e+00 4.000000000000000000e+01 6.000000000000000000e+00 4.000000000000000000e+01 2.102192153112802941e-04 3.591405366677218325e-01 7.649330070258300585e-02 8.936861875601144857e+04
1.900000000000000000e+01 1.500000000000000000e+00 1.200000000000000000e+01 8.449999999999999289e+00 5.000000000000000000e+00 4.000000000000000000e+01 6.000000000000000000e+00 4.000000000000000000e+01 3.910864732150187706e-02 4.542539182390714636e-02 2.799153991173015110e-01 2.579074751122120119e+02
1.900000000000000000e+01 1.500000000000000000e+00 1.200000000000000000e+01 8.449999999999999289e+00 1.000000000000000000e+01 4.000000000000000000e+01 6.000000000000000000e+00 4.000000000000000000e+01 1.330535231513874095e-02 3.954282722172575149e-03 5.417207213234046526e-01 1.590529195988219726e+02
1.900000000000000000e+01 1.500000000000000000e+00 1.200000000000000000e+01 8.449999999999999289e+00 1.000000000000000000e+00 2.500000000000000000e+01 7.000000000000000000e+00 4.000000000000000000e+01 3.363626380542283911e-02 8.156876388871259209e-02 9.440796446104815498e-02 2.454741255914650101e+05
1.900000000000000000e+01 1.500000000000000000e+00 1.200000000000000000e+01 8.449999999999999289e+00 1.000000000000000000e+00 3.500000000000000000e+01 7.000000000000000000e+00 4.000000000000000000e+01 8.299534092523996875e-02 2.516443032411512792e-01 9.282991635330109514e-02 6.433156736837986391e+05
1.900000000000000000e+01 1.500000000000000000e+00 1.200000000000000000e+01 8.449999999999999289e+00 5.000000000000000000e+00 4.000000000000000000e+01 7.000000000000000000e+00 4.000000000000000000e+01 4.850560293822336888e-02 5.203722952567013671e-02 2.745540105248154283e-01 2.521430457770838132e+02
1.900000000000000000e+01 1.500000000000000000e+00 1.200000000000000000e+01 8.449999999999999289e+00 1.000000000000000000e+01 4.000000000000000000e+01 7.000000000000000000e+00 4.000000000000000000e+01 3.399236806791727794e-02 1.745404242557468955e-02 5.555761942264633158e-01 1.536367747952900800e+02
1.900000000000000000e+01 1.500000000000000000e+00 1.200000000000000000e+01 8.449999999999999289e+00 1.000000000000000000e+00 2.500000000000000000e+01 8.000000000000000000e+00 4.000000000000000000e+01 3.700088108708099455e-02 1.024094238451520589e-01 1.011539593484545030e-01 8.418876033570604632e+05
1.900000000000000000e+01 1.500000000000000000e+00 1.200000000000000000e+01 8.449999999999999289e+00 5.000000000000000000e+00 2.500000000000000000e+01 8.000000000000000000e+00 4.000000000000000000e+01 3.358116323210635912e-02 3.470779263253520597e-02 3.294430135018103223e-01 4.119986818625581577e+02
1.900000000000000000e+01 1.500000000000000000e+00 1.200000000000000000e+01 8.449999999999999289e+00 1.000000000000000000e+01 2.500000000000000000e+01 8.000000000000000000e+00 4.000000000000000000e+01 2.607792326051061593e-02 1.237685288006451501e-02 4.914495404674816825e-01 2.103211871409071989e+02
1.900000000000000000e+01 1.500000000000000000e+00 1.200000000000000000e+01 8.449999999999999289e+00 1.000000000000000000e+00 3.500000000000000000e+01 8.000000000000000000e+00 4.000000000000000000e+01 6.131832671136816515e-04 4.818291225114901266e-04 9.572885654341936612e-02 8.087630120742912823e+02
1.900000000000000000e+01 1.500000000000000000e+00 1.200000000000000000e+01 8.449999999999999289e+00 5.000000000000000000e+00 3.500000000000000000e+01 8.000000000000000000e+00 4.000000000000000000e+01 9.723217757847235632e-03 7.153584349470554216e-03 3.282452991340004678e-01 2.541220576828081903e+02
1.900000000000000000e+01 1.500000000000000000e+00 1.200000000000000000e+01 8.449999999999999289e+00 1.000000000000000000e+01 3.500000000000000000e+01 8.000000000000000000e+00 4.000000000000000000e+01 5.414381558341618828e-03 1.964389610763284111e-03 5.966914313120489366e-01 1.888384873014432230e+02
1.900000000000000000e+01 1.500000000000000000e+00 1.200000000000000000e+01 8.449999999999999289e+00 5.000000000000000000e+00 4.000000000000000000e+01 8.000000000000000000e+00 4.000000000000000000e+01 7.645054226543823717e-04 1.447764298485587631e-04 3.514206984759883912e-01 2.358480471983393727e+02
1.900000000000000000e+01 1.500000000000000000e+00 1.200000000000000000e+01 8.449999999999999289e+00 1.000000000000000000e+01 4.000000000000000000e+01 8.000000000000000000e+00 4.000000000000000000e+01 5.842312684523065514e-06 7.245085642537674175e-09 6.074794004234975731e-01 1.617740005284530298e+02
1.900000000000000000e+01 1.500000000000000000e+00 1.200000000000000000e+01 8.449999999999999289e+00 1.000000000000000000e+00 2.500000000000000000e+01 9.000000000000000000e+00 4.000000000000000000e+01 3.842688633187441027e-02 1.079248052844890005e-01 1.074032182735809859e-01 2.753539717648740043e+05
1.900000000000000000e+01 1.500000000000000000e+00 1.200000000000000000e+01 8.449999999999999289e+00 1.000000000000000000e+00 3.500000000000000000e+01 9.000000000000000000e+00 4.000000000000000000e+01 2.653630207457635670e-02 8.549950059983624229e-02 9.228254302056106140e-02 4.803408932088335860e+05
1.900000000000000000e+01 1.500000000000000000e+00 1.200000000000000000e+01 8.449999999999999289e+00 5.000000000000000000e+00 4.000000000000000000e+01 9.000000000000000000e+00 4.000000000000000000e+01 2.252902999166539466e-02 1.676221741845229651e-02 3.048995173143693171e-01 2.233216954447937894e+02
1.900000000000000000e+01 1.500000000000000000e+00 1.200000000000000000e+01 8.449999999999999289e+00 1.000000000000000000e+01 4.000000000000000000e+01 9.000000000000000000e+00 4.000000000000000000e+01 1.562495047260337167e-02 5.288215220502712199e-03 5.612306354410274700e-01 1.534990698847152828e+02
1.900000000000000000e+01 1.500000000000000000e+00 1.200000000000000000e+01 8.449999999999999289e+00 1.000000000000000000e+00 2.500000000000000000e+01 1.000000000000000000e+01 4.000000000000000000e+01 3.002215664336405077e-02 1.020537504814229557e-01 7.618286402629226295e-02 2.005823641560543620e+05
1.900000000000000000e+01 1.500000000000000000e+00 1.200000000000000000e+01 8.449999999999999289e+00 5.000000000000000000e+00 2.500000000000000000e+01 1.000000000000000000e+01 4.000000000000000000e+01 3.399112123838454735e-02 4.099388510105628214e-02 2.865905093574198093e-01 5.459647761707043401e+02
1.900000000000000000e+01 1.500000000000000000e+00 1.200000000000000000e+01 8.449999999999999289e+00 1.000000000000000000e+01 2.500000000000000000e+01 1.000000000000000000e+01 4.000000000000000000e+01 2.856099252870558658e-02 1.778477859564797647e-02 4.479251763160846389e-01 2.454519203156919502e+02
1.900000000000000000e+01 1.500000000000000000e+00 1.200000000000000000e+01 8.449999999999999289e+00 5.000000000000000000e+00 3.500000000000000000e+01 1.000000000000000000e+01 4.000000000000000000e+01 1.904060172287969088e-02 1.806070284073846288e-02 2.883846788779063641e-01 2.665009781874825876e+02
1.900000000000000000e+01 1.500000000000000000e+00 1.200000000000000000e+01 8.449999999999999289e+00 1.000000000000000000e+01 3.500000000000000000e+01 1.000000000000000000e+01 4.000000000000000000e+01 7.784775625557349699e-03 2.684823500109123628e-03 5.646219251034547693e-01 1.786760260135931446e+02
1.900000000000000000e+01 1.500000000000000000e+00 1.200000000000000000e+01 8.449999999999999289e+00 5.000000000000000000e+00 4.000000000000000000e+01 1.000000000000000000e+01 4.000000000000000000e+01 2.118434312441408451e-04 1.665293160280079121e-05 3.095619859338493152e-01 2.988338737195541057e+02
1.900000000000000000e+01 1.500000000000000000e+00 1.200000000000000000e+01 8.449999999999999289e+00 1.000000000000000000e+01 4.000000000000000000e+01 1.000000000000000000e+01 4.000000000000000000e+01 1.829095879688247273e-02 5.806004205511472449e-03 4.949413190159154263e-01 1.604907601588923001e+02
1.900000000000000000e+01 1.500000000000000000e+00 1.200000000000000000e+01 8.449999999999999289e+00 1.000000000000000000e+00 2.500000000000000000e+01 1.100000000000000000e+01 4.000000000000000000e+01 3.293846595603233673e-02 8.757265571873840138e-02 9.344267806779292529e-02 2.427323825767764647e+05
1.900000000000000000e+01 1.500000000000000000e+00 1.200000000000000000e+01 8.449999999999999289e+00 5.000000000000000000e+00 4.000000000000000000e+01 1.100000000000000000e+01 4.000000000000000000e+01 6.710897763750001133e-03 3.984824643022077950e-03 3.084779205767830823e-01 2.288884132303886929e+02
1.900000000000000000e+01 1.500000000000000000e+00 1.200000000000000000e+01 8.449999999999999289e+00 1.000000000000000000e+01 4.000000000000000000e+01 1.100000000000000000e+01 4.000000000000000000e+01 1.718152987138221732e-02 5.642042250499246236e-03 4.846417197827220802e-01 1.602334608800925650e+02
1.900000000000000000e+01 1.500000000000000000e+00 1.200000000000000000e+01 8.449999999999999289e+00 1.000000000000000000e+00 2.500000000000000000e+01 1.200000000000000000e+01 4.000000000000000000e+01 3.579402226049221980e-02 1.052491710868237451e-01 8.546773452860165210e-02 1.240996884356544615e+05
1.900000000000000000e+01 1.500000000000000000e+00 1.200000000000000000e+01 8.449999999999999289e+00 5.000000000000000000e+00 2.500000000000000000e+01 1.200000000000000000e+01 4.000000000000000000e+01 3.536363656840046943e-02 4.552962355484635459e-02 2.696315140772430063e-01 5.153240180151942695e+02
1.900000000000000000e+01 1.500000000000000000e+00 1.200000000000000000e+01 8.449999999999999289e+00 1.000000000000000000e+01 2.500000000000000000e+01 1.200000000000000000e+01 4.000000000000000000e+01 3.067340362218806682e-02 2.391748218648537261e-02 3.930010733425354230e-01 2.623744250233828552e+02
1.900000000000000000e+01 1.500000000000000000e+00 1.200000000000000000e+01 8.449999999999999289e+00 5.000000000000000000e+00 3.500000000000000000e+01 1.200000000000000000e+01 4.000000000000000000e+01 1.271496489328205470e-02 1.071618691008158208e-02 2.531076027810841289e-01 2.759794941498138883e+02
1.900000000000000000e+01 1.500000000000000000e+00 1.200000000000000000e+01 8.449999999999999289e+00 1.000000000000000000e+01 3.500000000000000000e+01 1.200000000000000000e+01 4.000000000000000000e+01 1.346119673760015623e-02 4.813835294759538641e-03 5.277749999038953144e-01 1.711578695758197455e+02
1.900000000000000000e+01 1.500000000000000000e+00 1.200000000000000000e+01 8.449999999999999289e+00 5.000000000000000000e+00 4.000000000000000000e+01 1.200000000000000000e+01 4.000000000000000000e+01 1.499932600222697587e-02 1.037101862804812313e-02 2.996100933192932803e-01 2.307598945774887227e+02
1.900000000000000000e+01 1.500000000000000000e+00 1.200000000000000000e+01 8.449999999999999289e+00 1.000000000000000000e+01 4.000000000000000000e+01 1.200000000000000000e+01 4.000000000000000000e+01 2.353090989883943607e-02 7.913228426285279227e-03 5.289229473220670164e-01 1.472918668028931677e+02
1.900000000000000000e+01 1.500000000000000000e+00 1.200000000000000000e+01 8.449999999999999289e+00 1.000000000000000000e+01 4.000000000000000000e+01 1.300000000000000000e+01 4.000000000000000000e+01 1.133173557464863812e-01 1.108657025085402204e-01 4.986351633605147216e-01 1.802991879612042112e+02
1.900000000000000000e+01 1.500000000000000000e+00 1.200000000000000000e+01 8.449999999999999289e+00 5.000000000000000000e+00 2.500000000000000000e+01 1.400000000000000000e+01 4.000000000000000000e+01 3.540957302859992772e-02 4.314958266976098855e-02 2.635419569283359853e-01 1.632401959671436925e+05
1.900000000000000000e+01 1.500000000000000000e+00 1.200000000000000000e+01 8.449999999999999289e+00 1.000000000000000000e+01 2.500000000000000000e+01 1.400000000000000000e+01 4.000000000000000000e+01 3.264892298769561663e-02 2.108494948741901354e-02 4.430389400866320271e-01 2.272736473397799273e+02
1.900000000000000000e+01 1.500000000000000000e+00 1.200000000000000000e+01 8.449999999999999289e+00 5.000000000000000000e+00 3.500000000000000000e+01 1.400000000000000000e+01 4.000000000000000000e+01 2.714949500718133457e-02 2.795113963683126812e-02 2.852212268863519862e-01 2.443885077481959058e+02
1.900000000000000000e+01 1.500000000000000000e+00 1.200000000000000000e+01 8.449999999999999289e+00 1.000000000000000000e+01 3.500000000000000000e+01 1.400000000000000000e+01 4.000000000000000000e+01 2.593344397844621341e-02 1.263745411971273214e-02 5.538920236744510062e-01 1.585310202990122264e+02
1.900000000000000000e+01 1.500000000000000000e+00 1.200000000000000000e+01 8.449999999999999289e+00 1.000000000000000000e+01 4.000000000000000000e+01 1.400000000000000000e+01 4.000000000000000000e+01 1.905447094675150055e-02 5.221760148400145241e-03 5.429502560204062522e-01 1.555175748838853451e+02
1.900000000000000000e+01 1.500000000000000000e+00 1.200000000000000000e+01 8.449999999999999289e+00 1.000000000000000000e+01 4.000000000000000000e+01 1.500000000000000000e+01 4.000000000000000000e+01 3.349157348303366533e-02 1.269945037086372963e-02 5.814266259420985961e-01 1.386675148207225732e+02
1.900000000000000000e+01 1.500000000000000000e+00 1.200000000000000000e+01 8.449999999999999289e+00 5.000000000000000000e+00 2.500000000000000000e+01 1.600000000000000000e+01 4.000000000000000000e+01 3.836477779804137178e-02 5.199388697929796521e-02 2.593900514417530889e-01 5.789641401876261853e+02
1.900000000000000000e+01 1.500000000000000000e+00 1.200000000000000000e+01 8.449999999999999289e+00 1.000000000000000000e+01 2.500000000000000000e+01 1.600000000000000000e+01 4.000000000000000000e+01 3.472871896117268875e-02 3.031971188126592054e-02 3.791124661502506266e-01 2.659898837109790293e+02
1.900000000000000000e+01 1.500000000000000000e+00 1.200000000000000000e+01 8.449999999999999289e+00 5.000000000000000000e+00 3.500000000000000000e+01 1.600000000000000000e+01 4.000000000000000000e+01 2.950070283440542340e-02 3.006771612852632281e-02 2.440633565612199407e-01 2.889607266823823011e+02
1.900000000000000000e+01 1.500000000000000000e+00 1.200000000000000000e+01 8.449999999999999289e+00 1.000000000000000000e+01 3.500000000000000000e+01 1.600000000000000000e+01 4.000000000000000000e+01 2.859235279275029740e-02 1.443086409578997475e-02 5.081169865518579964e-01 1.600123717535536798e+02
1.900000000000000000e+01 1.500000000000000000e+00 1.200000000000000000e+01 8.449999999999999289e+00 1.000000000000000000e+01 4.000000000000000000e+01 1.600000000000000000e+01 4.000000000000000000e+01 6.188936559452273833e-02 3.153631750675778278e-02 5.189287862383648031e-01 1.510784072001048060e+02
1.900000000000000000e+01 1.500000000000000000e+00 1.200000000000000000e+01 8.449999999999999289e+00 1.000000000000000000e+01 4.000000000000000000e+01 1.700000000000000000e+01 4.000000000000000000e+01 4.587189655442758252e-02 1.737930074854365792e-02 5.494282737644777814e-01 1.388876512850126232e+02
1.900000000000000000e+01 1.500000000000000000e+00 1.200000000000000000e+01 8.449999999999999289e+00 5.000000000000000000e+00 2.500000000000000000e+01 1.800000000000000000e+01 4.000000000000000000e+01 3.538451107259921180e-02 4.520146041728789754e-02 2.568422159065843480e-01 5.166036763299935046e+02
1.900000000000000000e+01 1.500000000000000000e+00 1.200000000000000000e+01 8.449999999999999289e+00 1.000000000000000000e+01 2.500000000000000000e+01 1.800000000000000000e+01 4.000000000000000000e+01 3.165051344399438804e-02 2.582747311294975034e-02 3.697034437057510337e-01 2.606836526827769376e+02
1.900000000000000000e+01 1.500000000000000000e+00 1.200000000000000000e+01 8.449999999999999289e+00 5.000000000000000000e+00 3.500000000000000000e+01 1.800000000000000000e+01 4.000000000000000000e+01 3.628224101657728795e-02 3.045927105363177567e-02 2.615369072590298383e-01 2.579777817744151776e+02
1.900000000000000000e+01 1.500000000000000000e+00 1.200000000000000000e+01 8.449999999999999289e+00 1.000000000000000000e+01 4.000000000000000000e+01 1.800000000000000000e+01 4.000000000000000000e+01 4.100444921814627719e-02 1.532210227692809568e-02 5.791757313397333240e-01 1.409661784848182435e+02
1.900000000000000000e+01 1.500000000000000000e+00 1.200000000000000000e+01 8.449999999999999289e+00 5.000000000000000000e+00 2.500000000000000000e+01 2.200000000000000000e+01 4.000000000000000000e+01 4.734585826372939010e-02 5.463388722546524967e-02 2.609948005105265922e-01 3.291765212980004662e+02
1.900000000000000000e+01 1.500000000000000000e+00 1.200000000000000000e+01 8.449999999999999289e+00 1.000000000000000000e+01 2.500000000000000000e+01 2.200000000000000000e+01 4.000000000000000000e+01 4.319206222765248349e-02 3.924461036736559549e-02 3.639943061493771670e-01 2.289142075216292085e+02
1.900000000000000000e+01 1.500000000000000000e+00 1.200000000000000000e+01 8.449999999999999289e+00 1.000000000000000000e+01 3.500000000000000000e+01 2.200000000000000000e+01 4.000000000000000000e+01 7.583065937922128796e-02 3.203869740125675492e-02 5.390034878515506112e-01 1.387529117498449409e+02
1.900000000000000000e+01 1.500000000000000000e+00 1.200000000000000000e+01 8.449999999999999289e+00 5.000000000000000000e+00 2.500000000000000000e+01 2.400000000000000000e+01 4.000000000000000000e+01 5.181224890949942541e-02 9.112060759447948577e-02 2.338872193200377814e-01 3.661621755810396053e+02
