1.300000000000000000e+01 3.500000000000000000e+00 1.800000000000000000e+01 3.000000000000000000e+00 1.000000000000000000e+00 2.500000000000000000e+01 0.000000000000000000e+00 4.000000000000000000e+01 6.513538845887834050e-02 7.272298306026181436e-02 1.208300041669799207e-01 3.197617339851249199e+02
1.300000000000000000e+01 3.500000000000000000e+00 1.800000000000000000e+01 3.000000000000000000e+00 5.000000000000000000e+00 2.500000000000000000e+01 0.000000000000000000e+00 4.000000000000000000e+01 5.195632138474381989e-02 1.190244777894289285e-02 5.963870880393914442e-01 1.687827798025831783e+02
1.300000000000000000e+01 3.500000000000000000e+00 1.800000000000000000e+01 3.000000000000000000e+00 1.000000000000000000e+01 2.500000000000000000e+01 0.000000000000000000e+00 4.000000000000000000e+01 4.432586133165350439e-02 4.806957635768771553e-03 1.198567097413026694e+00 1.270612576563123355e+02
1.300000000000000000e+01 3.500000000000000000e+00 1.800000000000000000e+01 3.000000000000000000e+00 1.000000000000000000e+00 2.500000000000000000e+01 1.000000000000000056e-01 4.000000000000000000e+01 6.775978614383837417e-02 7.258152219078195522e-02 1.255122521327968477e-01 2.987183788276628889e+02
1.300000000000000000e+01 3.500000000000000000e+00 1.800000000000000000e+01 3.000000000000000000e+00 5.000000000000000000e+00 2.500000000000000000e+01 1.000000000000000056e-01 4.000000000000000000e+01 5.611415088306981325e-02 1.318508964602926881e-02 6.212970529645150952e-01 1.603100883200159217e+02
1.300000000000000000e+01 3.500000000000000000e+00 1.800000000000000000e+01 3.000000000000000000e+00 1.000000000000000000e+01 2.500000000000000000e+01 1.000000000000000056e-01 4.000000000000000000e+01 4.836511585351144227e-02 5.479417089654603501e-03 1.210357054224423967e+00 1.239665779289098140e+02
1.300000000000000000e+01 3.500000000000000000e+00 1.800000000000000000e+01 3.000000000000000000e+00 1.000000000000000000e+00 3.500000000000000000e+01 1.000000000000000056e-01 4.000000000000000000e+01 5.204740114654060612e-02 7.066280812790126653e-02 1.065199135025165916e-01 3.046704793533156703e+02
1.300000000000000000e+01 3.500000000000000000e+00 1.800000000000000000e+01 3.000000000000000000e+00 5.000000000000000000e+00 3.500000000000000000e+01 1.000000000000000056e-01 4.000000000000000000e+01 6.232414025264443325e-02 1.907315026920186618e-02 5.607548049069951412e-01 1.485240895649284596e+02
1.300000000000000000e+01 3.500000000000000000e+00 1.800000000000000000e+01 3.000000000000000000e+00 1.000000000000000000e+01 3.500000000000000000e+01 1.000000000000000056e-01 4.000000000000000000e+01 5.567389266949729354e-02 7.940726243540252582e-03 1.124998413961194821e+00 1.145855355940620086e+02
1.300000000000000000e+01 3.500000000000000000e+00 1.800000000000000000e+01 3.000000000000000000e+00 1.000000000000000000e+00 4.000000000000000000e+01 1.000000000000000056e-01 4.000000000000000000e+01 4.683425772585425584e-02 5.649873552773043706e-02 1.119749218312323519e-01 2.217998931958941284e+02
1.300000000000000000e+01 3.500000000000000000e+00 1.800000000000000000e+01 3.000000000000000000e+00 5.000000000000000000e+00 4.000000000000000000e+01 1.000000000000000056e-01 4.000000000000000000e+01 6.261727096901847922e-02 2.243182782667352271e-02 5.480613043431313836e-01 1.489349827424332204e+02
1.300000000000000000e+01 3.500000000000000000e+00 1.800000000000000000e+01 3.000000000000000000e+00 1.000000000000000000e+01 4.000000000000000000e+01 1.000000000000000056e-01 4.000000000000000000e+01 6.083287711633356132e-02 1.033291348585785308e-02 1.117326110889933943e+00 1.111334352032640425e+02
1.300000000000000000e+01 3.500000000000000000e+00 1.800000000000000000e+01 3.000000000000000000e+00 1.000000000000000000e+00 2.500000000000000000e+01 1.000000000000000000e+00 4.000000000000000000e+01 7.972162048488251607e-02 9.222377952192140071e-02 1.167100552988105250e-01 3.402728914992309228e+02
1.300000000000000000e+01 3.500000000000000000e+00 1.800000000000000000e+01 3.000000000000000000e+00 1.000000000000000000e+00 3.500000000000000000e+01 1.000000000000000000e+00 4.000000000000000000e+01 1.059302708850466956e-01 2.093495310446329416e-01 9.686206094274800449e-02 4.043988226106519619e+02
1.300000000000000000e+01 3.500000000000000000e+00 1.800000000000000000e+01 3.000000000000000000e+00 1.000000000000000000e+00 4.000000000000000000e+01 1.000000000000000000e+00 4.000000000000000000e+01 4.901877529642661990e-02 8.412238836779151185e-02 9.651389526001408203e-02 3.318955975532534239e+02
1.300000000000000000e+01 3.500000000000000000e+00 1.800000000000000000e+01 3.000000000000000000e+00 5.000000000000000000e+00 4.000000000000000000e+01 1.000000000000000000e+00 4.000000000000000000e+01 3.884902824720470882e-02 1.428354397309772317e-02 5.191561406538069967e-01 1.354606987837707379e+02
1.300000000000000000e+01 3.500000000000000000e+00 1.800000000000000000e+01 3.000000000000000000e+00 1.000000000000000000e+01 4.000000000000000000e+01 1.000000000000000000e+00 4.000000000000000000e+01 3.121355521245039455e-02 4.361965283655289127e-03 1.017178567364281028e+00 1.046752874337905581e+02
1.300000000000000000e+01 3.500000000000000000e+00 1.800000000000000000e+01 3.000000000000000000e+00 1.000000000000000000e+00 2.500000000000000000e+01 2.000000000000000000e+00 4.000000000000000000e+01 8.275612227727058290e-02 9.224395246498917622e-02 1.130557305492334436e-01 3.913070503965189459e+02
1.300000000000000000e+01 3.500000000000000000e+00 1.800000000000000000e+01 3.000000000000000000e+00 5.000000000000000000e+00 2.500000000000000000e+01 2.000000000000000000e+00 4.000000000000000000e+01 8.952153044909949564e-02 2.731257469668202376e-02 5.947651253910356539e-01 1.535980190388839333e+02
1.300000000000000000e+01 3.500000000000000000e+00 1.800000000000000000e+01 3.000000000000000000e+00 1.000000000000000000e+01 2.500000000000000000e+01 2.000000000000000000e+00 4.000000000000000000e+01 8.241937979727809171e-02 1.304745049651323541e-02 1.179864434665839346e+00 1.152931483265916626e+02
1.300000000000000000e+01 3.500000000000000000e+00 1.800000000000000000e+01 3.000000000000000000e+00 1.000000000000000000e+00 3.500000000000000000e+01 2.000000000000000000e+00 4.000000000000000000e+01 1.052036510271043834e-01 1.878179982690002525e-01 9.603882177488635985e-02 3.913119828753389129e+02
1.300000000000000000e+01 3.500000000000000000e+00 1.800000000000000000e+01 3.000000000000000000e+00 5.000000000000000000e+00 3.500000000000000000e+01 2.000000000000000000e+00 4.000000000000000000e+01 1.079516665409929743e-01 2.727579495006748900e-02 5.938432506474095041e-01 9.883336280577405830e+01
1.300000000000000000e+01 3.500000000000000000e+00 1.800000000000000000e+01 3.000000000000000000e+00 1.000000000000000000e+01 3.500000000000000000e+01 2.000000000000000000e+00 4.000000000000000000e+01 8.791596357827891062e-02 8.025358434224472148e-03 1.184926549331390744e+00 7.898040002195754994e+01
1.300000000000000000e+01 3.500000000000000000e+00 1.800000000000000000e+01 3.000000000000000000e+00 1.000000000000000000e+00 4.000000000000000000e+01 2.000000000000000000e+00 4.000000000000000000e+01 3.465517110158833347e-02 6.168569218705766133e-02 9.538437832455808063e-02 3.219995410481487284e+02
1.300000000000000000e+01 3.500000000000000000e+00 1.800000000000000000e+01 3.000000000000000000e+00 5.000000000000000000e+00 4.000000000000000000e+01 2.000000000000000000e+00 4.000000000000000000e+01 2.685951950041398639e-02 9.315394440834845469e-03 5.040632866408489843e-01 1.442996460277974506e+02
1.300000000000000000e+01 3.500000000000000000e+00 1.800000000000000000e+01 3.000000000000000000e+00 1.000000000000000000e+01 4.000000000000000000e+01 2.000000000000000000e+00 4.000000000000000000e+01 2.055282461556684481e-02 2.564854845866548771e-03 1.004468347258630434e+00 1.089114846599885169e+02
1.300000000000000000e+01 3.500000000000000000e+00 1.800000000000000000e+01 3.000000000000000000e+00 1.000000000000000000e+00 2.500000000000000000e+01 3.000000000000000000e+00 4.000000000000000000e+01 9.524512247993111025e-02 1.132035488704703496e-01 1.109053538259213711e-01 5.122168256130447617e+02
1.300000000000000000e+01 3.500000000000000000e+00 1.800000000000000000e+01 3.000000000000000000e+00 1.000000000000000000e+00 3.500000000000000000e+01 3.000000000000000000e+00 4.000000000000000000e+01 9.801678792690293740e-02 1.690587562752985384e-01 9.130203839026390655e-02 5.247509774652841088e+02
1.300000000000000000e+01 3.500000000000000000e+00 1.800000000000000000e+01 3.000000000000000000e+00 1.000000000000000000e+00 4.000000000000000000e+01 3.000000000000000000e+00 4.000000000000000000e+01 2.412287709420390946e-02 4.459801202370328177e-02 8.968394320890042681e-02 3.503771292160444091e+02
1.300000000000000000e+01 3.500000000000000000e+00 1.800000000000000000e+01 3.000000000000000000e+00 5.000000000000000000e+00 4.000000000000000000e+01 3.000000000000000000e+00 4.000000000000000000e+01 2.270829860948775369e-02 8.947530226298905376e-03 4.977125034045699059e-01 1.479094105678896938e+02
1.300000000000000000e+01 3.500000000000000000e+00 1.800000000000000000e+01 3.000000000000000000e+00 1.000000000000000000e+01 4.000000000000000000e+01 3.000000000000000000e+00 4.000000000000000000e+01 1.577156633883092240e-02 1.818330793686095959e-03 1.039467779493296495e+00 1.100801558023944864e+02
1.300000000000000000e+01 3.500000000000000000e+00 1.800000000000000000e+01 3.000000000000000000e+00 1.000000000000000000e+00 2.500000000000000000e+01 4.000000000000000000e+00 4.000000000000000000e+01 1.003676306543432872e-01 1.218097695437549977e-01 1.096590614411045578e-01 5.292896934612693940e+02
1.300000000000000000e+01 3.500000000000000000e+00 1.800000000000000000e+01 3.000000000000000000e+00 5.000000000000000000e+00 2.500000000000000000e+01 4.000000000000000000e+00 4.000000000000000000e+01 1.086925961271383301e-01 3.486819917554595527e-02 6.055661261804569095e-01 1.456079949510688039e+02
1.300000000000000000e+01 3.500000000000000000e+00 1.800000000000000000e+01 3.000000000000000000e+00 1.000000000000000000e+01 2.500000000000000000e+01 4.000000000000000000e+00 4.000000000000000000e+01 9.943052609818936460e-02 1.600424539870193286e-02 1.201305669424604705e+00 1.081843996065094728e+02
1.300000000000000000e+01 3.500000000000000000e+00 1.800000000000000000e+01 3.000000000000000000e+00 1.000000000000000000e+00 3.500000000000000000e+01 4.000000000000000000e+00 4.000000000000000000e+01 8.804282579068489767e-02 1.455399762070115344e-01 9.094360923172986610e-02 5.427099472827298996e+02
1.300000000000000000e+01 3.500000000000000000e+00 1.800000000000000000e+01 3.000000000000000000e+00 5.000000000000000000e+00 3.500000000000000000e+01 4.000000000000000000e+00 4.000000000000000000e+01 7.632136944089706887e-02 1.986855787587660238e-02 5.750861562107841829e-01 1.082138517359576468e+02
1.300000000000000000e+01 3.500000000000000000e+00 1.800000000000000000e+01 3.000000000000000000e+00 1.000000000000000000e+01 3.500000000000000000e+01 4.000000000000000000e+00 4.000000000000000000e+01 6.851604735746863462e-02 6.835561061144357353e-03 1.160604722884977846e+00 8.386768287295559787e+01
1.300000000000000000e+01 3.500000000000000000e+00 1.800000000000000000e+01 3.000000000000000000e+00 1.000000000000000000e+00 4.000000000000000000e+01 4.000000000000000000e+00 4.000000000000000000e+01 2.877820670846609197e-02 5.361057227122789648e-02 9.403055256918509131e-02 4.793371293876736559e+02
1.300000000000000000e+01 3.500000000000000000e+00 1.800000000000000000e+01 3.000000000000000000e+00 5.000000000000000000e+00 4.000000000000000000e+01 4.000000000000000000e+00 4.000000000000000000e+01 2.301499507544590983e-02 7.684271512486962052e-03 5.039021869564442868e-01 1.598328308903549839e+02
1.300000000000000000e+01 3.500000000000000000e+00 1.800000000000000000e+01 3.000000000000000000e+00 1.000000000000000000e+01 4.000000000000000000e+01 4.000000000000000000e+00 4.000000000000000000e+01 1.532406637029626317e-02 1.896925328462195637e-03 1.006892573901662757e+00 1.114155401490892672e+02
1.300000000000000000e+01 3.500000000000000000e+00 1.800000000000000000e+01 3.000000000000000000e+00 1.000000000000000000e+00 2.500000000000000000e+01 5.000000000000000000e+00 4.000000000000000000e+01 1.031810218304385351e-01 1.431424141874171330e-01 1.007411583975270086e-01 8.407511554656121007e+04
1.300000000000000000e+01 3.500000000000000000e+00 1.800000000000000000e+01 3.000000000000000000e+00 1.000000000000000000e+00 3.500000000000000000e+01 5.000000000000000000e+00 4.000000000000000000e+01 7.045880085450018093e-02 1.484755326306770318e-01 8.710518066723244024e-02 3.742668785343983586e+02
1.300000000000000000e+01 3.500000000000000000e+00 1.800000000000000000e+01 3.000000000000000000e+00 1.000000000000000000e+00 4.000000000000000000e+01 5.000000000000000000e+00 4.000000000000000000e+01 1.905773232300789211e-02 4.641214055316345011e-02 8.204988439176616466e-02 3.922209574582712435e+02
1.300000000000000000e+01 3.500000000000000000e+00 1.800000000000000000e+01 3.000000000000000000e+00 5.000000000000000000e+00 4.000000000000000000e+01 5.000000000000000000e+00 4.000000000000000000e+01 1.203800630986595621e-02 4.976658706851155856e-03 4.742133183388109741e-01 1.568937654461107059e+02
1.300000000000000000e+01 3.500000000000000000e+00 1.800000000000000000e+01 3.000000000000000000e+00 1.000000000000000000e+01 4.000000000000000000e+01 5.000000000000000000e+00 4.000000000000000000e+01 1.052921517727156697e-02 1.192461644205833338e-03 1.014385049009695061e+00 1.065126675086610106e+02
1.300000000000000000e+01 3.500000000000000000e+00 1.800000000000000000e+01 3.000000000000000000e+00 1.000000000000000000e+00 2.500000000000000000e+01 6.000000000000000000e+00 4.000000000000000000e+01 1.189984201127471941e-01 1.442627481505049936e-01 1.123692881269613836e-01 8.296406578550287350e+02
1.300000000000000000e+01 3.500000000000000000e+00 1.800000000000000000e+01 3.000000000000000000e+00 5.000000000000000000e+00 2.500000000000000000e+01 6.000000000000000000e+00 4.000000000000000000e+01 1.260436530630282270e-01 4.052270670940472108e-02 6.349899410878164785e-01 1.389028388668972127e+02
1.300000000000000000e+01 3.500000000000000000e+00 1.800000000000000000e+01 3.000000000000000000e+00 1.000000000000000000e+01 2.500000000000000000e+01 6.000000000000000000e+00 4.000000000000000000e+01 1.147185130522141439e-01 1.839000342074648131e-02 1.254358810253027201e+00 1.042264610335109296e+02
1.300000000000000000e+01 3.500000000000000000e+00 1.800000000000000000e+01 3.000000000000000000e+00 1.000000000000000000e+00 3.500000000000000000e+01 6.000000000000000000e+00 4.000000000000000000e+01 7.365868951296983269e-02 1.278124604294696987e-01 8.654522972415443216e-02 4.536627177026281424e+04
1.300000000000000000e+01 3.500000000000000000e+00 1.800000000000000000e+01 3.000000000000000000e+00 5.000000000000000000e+00 3.500000000000000000e+01 6.000000000000000000e+00 4.000000000000000000e+01 6.783063297131985969e-02 1.797355733612193696e-02 5.835210050957381211e-01 1.104036283176214965e+02
1.300000000000000000e+01 3.500000000000000000e+00 1.800000000000000000e+01 3.000000000000000000e+00 1.000000000000000000e+01 3.500000000000000000e+01 6.000000000000000000e+00 4.000000000000000000e+01 5.219489016044209784e-02 4.770214030824559970e-03 1.161202079861033631e+00 8.736998251050953002e+01
1.300000000000000000e+01 3.500000000000000000e+00 1.800000000000000000e+01 3.000000000000000000e+00 1.000000000000000000e+00 4.000000000000000000e+01 6.000000000000000000e+00 4.000000000000000000e+01 2.327139123513588537e-02 3.329564236604731775e-02 8.862641620798744624e-02 4.429293827429467929e+05
1.300000000000000000e+01 3.500000000000000000e+00 1.800000000000000000e+01 3.000000000000000000e+00 5.000000000000000000e+00 4.000000000000000000e+01 6.000000000000000000e+00 4.000000000000000000e+01 1.517207973691281353e-02 3.530616862253754817e-03 5.447119759273292283e-01 1.500787416392669797e+02
1.300000000000000000e+01 3.500000000000000000e+00 1.800000000000000000e+01 3.000000000000000000e+00 1.000000000000000000e+01 4.000000000000000000e+01 6.000000000000000000e+00 4.000000000000000000e+01 9.797665689139201106e-03 8.202603536107133664e-04 1.068065457711948385e+00 1.051519234839825288e+02
1.300000000000000000e+01 3.500000000000000000e+00 1.800000000000000000e+01 3.000000000000000000e+00 1.000000000000000000e+00 2.500000000000000000e+01 7.000000000000000000e+00 4.000000000000000000e+01 1.254221326618552013e-01 1.522014890778322638e-01 1.145638713395107366e-01 1.003455932656319192e+03
1.300000000000000000e+01 3.500000000000000000e+00 1.800000000000000000e+01 3.000000000000000000e+00 1.000000000000000000e+00 3.500000000000000000e+01 7.000000000000000000e+00 4.000000000000000000e+01 6.993310421880294392e-02 1.193539645113028680e-01 8.949069618760277511e-02 2.123822934521436309e+03
1.300000000000000000e+01 3.500000000000000000e+00 1.800000000000000000e+01 3.000000000000000000e+00 5.000000000000000000e+00 4.000000000000000000e+01 7.000000000000000000e+00 4.000000000000000000e+01 2.060234211518685576e-02 8.231323345820218407e-03 5.351378844155302295e-01 1.496567158704208680e+02
1.300000000000000000e+01 3.500000000000000000e+00 1.800000000000000000e+01 3.000000000000000000e+00 1.000000000000000000e+01 4.000000000000000000e+01 7.000000000000000000e+00 4.000000000000000000e+01 6.906017158117450094e-03 3.629568877969724383e-04 1.089266134596102331e+00 1.048290186896691409e+02
1.300000000000000000e+01 3.500000000000000000e+00 1.800000000000000000e+01 3.000000000000000000e+00 1.000000000000000000e+00 2.500000000000000000e+01 8.000000000000000000e+00 4.000000000000000000e+01 1.297948697587298916e-01 1.819245206048283325e-01 1.084701764625854020e-01 2.691572996028346824e+05
1.300000000000000000e+01 3.500000000000000000e+00 1.800000000000000000e+01 3.000000000000000000e+00 5.000000000000000000e+00 2.500000000000000000e+01 8.000000000000000000e+00 4.000000000000000000e+01 1.450704828903086607e-01 4.828362475688918742e-02 6.826085892628922513e-01 1.293982241539828806e+02
1.300000000000000000e+01 3.500000000000000000e+00 1.800000000000000000e+01 3.000000000000000000e+00 1.000000000000000000e+01 2.500000000000000000e+01 8.000000000000000000e+00 4.000000000000000000e+01 1.161612343956277549e-01 1.737229218441282974e-02 1.293593041302371960e+00 9.958630326098193564e+01
1.300000000000000000e+01 3.500000000000000000e+00 1.800000000000000000e+01 3.000000000000000000e+00 1.000000000000000000e+00 3.500000000000000000e+01 8.000000000000000000e+00 4.000000000000000000e+01 7.106134365178395917e-02 1.385565692949597416e-01 9.121512357933068971e-02 3.093923760794200352e+05
1.300000000000000000e+01 3.500000000000000000e+00 1.800000000000000000e+01 3.000000000000000000e+00 5.000000000000000000e+00 3.500000000000000000e+01 8.000000000000000000e+00 4.000000000000000000e+01 5.809594226725134369e-02 1.729020424213012497e-02 5.670630524832966923e-01 1.192202399979397853e+02
1.300000000000000000e+01 3.500000000000000000e+00 1.800000000000000000e+01 3.000000000000000000e+00 1.000000000000000000e+01 3.500000000000000000e+01 8.000000000000000000e+00 4.000000000000000000e+01 4.878251967262059452e-02 4.938821366618828534e-03 1.223506836535575681e+00 8.589331048485475151e+01
1.300000000000000000e+01 3.500000000000000000e+00 1.800000000000000000e+01 3.000000000000000000e+00 5.000000000000000000e+00 4.000000000000000000e+01 8.000000000000000000e+00 4.000000000000000000e+01 2.244042986988814548e-02 9.350342754825158309e-03 5.810907200407624540e-01 1.389479492956252500e+02
1.300000000000000000e+01 3.500000000000000000e+00 1.800000000000000000e+01 3.000000000000000000e+00 1.000000000000000000e+01 4.000000000000000000e+01 8.000000000000000000e+00 4.000000000000000000e+01 1.245999320201307548e-02 1.264197327322857944e-03 1.186164997347457284e+00 9.659451317505030943e+01
1.300000000000000000e+01 3.500000000000000000e+00 1.800000000000000000e+01 3.000000000000000000e+00 1.000000000000000000e+00 2.500000000000000000e+01 9.000000000000000000e+00 4.000000000000000000e+01 1.533189443061084845e-01 1.893299641325019156e-01 1.310075949015253038e-01 4.334546716507958877e+02
1.300000000000000000e+01 3.500000000000000000e+00 1.800000000000000000e+01 3.000000000000000000e+00 1.000000000000000000e+00 3.500000000000000000e+01 9.000000000000000000e+00 4.000000000000000000e+01 7.141080418899514726e-02 1.359201257882032277e-01 1.074835278131255484e-01 3.867252141713132687e+02
1.300000000000000000e+01 3.500000000000000000e+00 1.800000000000000000e+01 3.000000000000000000e+00 5.000000000000000000e+00 4.000000000000000000e+01 9.000000000000000000e+00 4.000000000000000000e+01 2.231532744575193128e-02 6.844646293897804767e-03 6.681024172748200041e-01 1.248127639627431762e+02
1.300000000000000000e+01 3.500000000000000000e+00 1.800000000000000000e+01 3.000000000000000000e+00 1.000000000000000000e+01 4.000000000000000000e+01 9.000000000000000000e+00 4.000000000000000000e+01 1.626454831087698061e-02 1.831625562830563325e-03 1.259398009542129993e+00 9.222452000959013674e+01
1.300000000000000000e+01 3.500000000000000000e+00 1.800000000000000000e+01 3.000000000000000000e+00 1.000000000000000000e+00 2.500000000000000000e+01 1.000000000000000000e+01 4.000000000000000000e+01 1.348231513416486838e-01 1.910596921862151021e-01 1.108407179180070229e-01 5.355901017263488611e+05
1.300000000000000000e+01 3.500000000000000000e+00 1.800000000000000000e+01 3.000000000000000000e+00 5.000000000000000000e+00 2.500000000000000000e+01 1.000000000000000000e+01 4.000000000000000000e+01 1.555939659837846101e-01 5.263466517936010725e-02 6.865470146963115194e-01 1.250474786620262364e+02
1.300000000000000000e+01 3.500000000000000000e+00 1.800000000000000000e+01 3.000000000000000000e+00 1.000000000000000000e+01 2.500000000000000000e+01 1.000000000000000000e+01 4.000000000000000000e+01 1.477414709272761861e-01 2.834142179499465897e-02 1.279939791451509823e+00 9.898406182987740465e+01
1.300000000000000000e+01 3.500000000000000000e+00 1.800000000000000000e+01 3.000000000000000000e+00 5.000000000000000000e+00 3.500000000000000000e+01 1.000000000000000000e+01 4.000000000000000000e+01 5.377110849655353242e-02 1.283171407119487739e-02 6.523760357480145045e-01 1.095685659862979122e+02
1.300000000000000000e+01 3.500000000000000000e+00 1.800000000000000000e+01 3.000000000000000000e+00 1.000000000000000000e+01 3.500000000000000000e+01 1.000000000000000000e+01 4.000000000000000000e+01 3.965279495580253943e-02 3.071975469493892774e-03 1.290422163951856716e+00 8.347785534181662115e+01
1.300000000000000000e+01 3.500000000000000000e+00 1.800000000000000000e+01 3.000000000000000000e+00 5.000000000000000000e+00 4.000000000000000000e+01 1.000000000000000000e+01 4.000000000000000000e+01 1.798025597949970411e-02 5.000203494001542737e-03 6.520235008269121835e-01 1.248061799250679798e+02
1.300000000000000000e+01 3.500000000000000000e+00 1.800000000000000000e+01 3.000000000000000000e+00 1.000000000000000000e+01 4.000000000000000000e+01 1.000000000000000000e+01 4.000000000000000000e+01 1.670216844301353198e-02 1.985824435309702096e-03 1.229686873426722560e+00 9.214170667848766527e+01
1.300000000000000000e+01 3.500000000000000000e+00 1.800000000000000000e+01 3.000000000000000000e+00 1.000000000000000000e+00 2.500000000000000000e+01 1.100000000000000000e+01 4.000000000000000000e+01 1.569347862118197767e-01 2.190690522200879897e-01 1.140600853995243497e-01 7.925492944634611194e+04
1.300000000000000000e+01 3.500000000000000000e+00 1.800000000000000000e+01 3.000000000000000000e+00 5.000000000000000000e+00 4.000000000000000000e+01 1.100000000000000000e+01 4.000000000000000000e+01 1.023650937831277474e-02 2.044456243501135972e-03 5.999600277888013089e-01 1.316199132960252882e+02
1.300000000000000000e+01 3.500000000000000000e+00 1.800000000000000000e+01 3.000000000000000000e+00 1.000000000000000000e+01 4.000000000000000000e+01 1.100000000000000000e+01 4.000000000000000000e+01 8.096867747255043213e-03 4.833070757048751886e-04 1.255768366533710489e+00 9.032811324719993706e+01
1.300000000000000000e+01 3.500000000000000000e+00 1.800000000000000000e+01 3.000000000000000000e+00 1.000000000000000000e+00 2.500000000000000000e+01 1.200000000000000000e+01 4.000000000000000000e+01 1.479312016093101700e-01 1.930957876998344869e-01 1.173830834202309603e-01 1.219501617148656806e+05
1.300000000000000000e+01 3.500000000000000000e+00 1.800000000000000000e+01 3.000000000000000000e+00 5.000000000000000000e+00 2.500000000000000000e+01 1.200000000000000000e+01 4.000000000000000000e+01 1.496748186243579415e-01 5.354624769089566527e-02 6.380683737558217050e-01 1.290939464756889947e+02
1.300000000000000000e+01 3.500000000000000000e+00 1.800000000000000000e+01 3.000000000000000000e+00 1.000000000000000000e+01 2.500000000000000000e+01 1.200000000000000000e+01 4.000000000000000000e+01 1.313214077662210322e-01 1.994731018274342738e-02 1.314747055767708339e+00 9.705015531933109685e+01
1.300000000000000000e+01 3.500000000000000000e+00 1.800000000000000000e+01 3.000000000000000000e+00 5.000000000000000000e+00 3.500000000000000000e+01 1.200000000000000000e+01 4.000000000000000000e+01 4.502099885290378189e-02 1.008142652784704829e-02 6.325907657893504732e-01 1.131856723883270064e+02
1.300000000000000000e+01 3.500000000000000000e+00 1.800000000000000000e+01 3.000000000000000000e+00 1.000000000000000000e+01 3.500000000000000000e+01 1.200000000000000000e+01 4.000000000000000000e+01 3.599686801678458892e-02 2.931171238901963960e-03 1.234573498736436514e+00 8.658600712957937162e+01
1.300000000000000000e+01 3.500000000000000000e+00 1.800000000000000000e+01 3.000000000000000000e+00 5.000000000000000000e+00 4.000000000000000000e+01 1.200000000000000000e+01 4.000000000000000000e+01 1.638688207842120548e-02 7.753087095449862076e-03 5.917240664559560992e-01 1.331608047929546217e+02
1.300000000000000000e+01 3.500000000000000000e+00 1.800000000000000000e+01 3.000000000000000000e+00 1.000000000000000000e+01 4.000000000000000000e+01 1.200000000000000000e+01 4.000000000000000000e+01 4.221658039591069667e-03 1.317073982618488515e-04 1.298081338409305285e+00 8.899217511191494623e+01
1.300000000000000000e+01 3.500000000000000000e+00 1.800000000000000000e+01 3.000000000000000000e+00 1.000000000000000000e+01 4.000000000000000000e+01 1.300000000000000000e+01 4.000000000000000000e+01 8.153793011566268234e-03 4.126208156067789901e-04 1.278865731198040256e+00 8.788789390046262895e+01
1.300000000000000000e+01 3.500000000000000000e+00 1.800000000000000000e+01 3.000000000000000000e+00 5.000000000000000000e+00 2.500000000000000000e+01 1.400000000000000000e+01 4.000000000000000000e+01 3.714866858572918318e-09 4.031720979917436409e+01 1.470560086973562886e+00 2.386006627034361216e+01
1.300000000000000000e+01 3.500000000000000000e+00 1.800000000000000000e+01 3.000000000000000000e+00 1.000000000000000000e+01 2.500000000000000000e+01 1.400000000000000000e+01 4.000000000000000000e+01 1.466049177512969148e-01 2.270992692307705063e-02 1.345660053635874487e+00 9.351318506015799414e+01
1.300000000000000000e+01 3.500000000000000000e+00 1.800000000000000000e+01 3.000000000000000000e+00 5.000000000000000000e+00 3.500000000000000000e+01 1.400000000000000000e+01 4.000000000000000000e+01 4.207719750140226367e-02 9.401590972849982464e-03 7.136758525963650124e-01 1.128802813615286027e+02
1.300000000000000000e+01 3.500000000000000000e+00 1.800000000000000000e+01 3.000000000000000000e+00 1.000000000000000000e+01 3.500000000000000000e+01 1.400000000000000000e+01 4.000000000000000000e+01 3.639663537328274856e-02 3.160326165832172407e-03 1.330769146237756662e+00 8.396385056478034414e+01
1.300000000000000000e+01 3.500000000000000000e+00 1.800000000000000000e+01 3.000000000000000000e+00 1.000000000000000000e+01 4.000000000000000000e+01 1.400000000000000000e+01 4.000000000000000000e+01 8.352273598893900086e-03 3.415978624727866730e-04 1.397194255725370260e+00 8.426662389484054927e+01
1.300000000000000000e+01 3.500000000000000000e+00 1.800000000000000000e+01 3.000000000000000000e+00 1.000000000000000000e+01 4.000000000000000000e+01 1.500000000000000000e+01 4.000000000000000000e+01 1.443444880017885623e-02 1.200510922374942169e-03 1.468624011161404175e+00 8.109372189296048816e+01
1.300000000000000000e+01 3.500000000000000000e+00 1.800000000000000000e+01 3.000000000000000000e+00 5.000000000000000000e+00 2.500000000000000000e+01 1.600000000000000000e+01 4.000000000000000000e+01 1.638760020867999767e-01 5.228860401513979461e-02 6.920065862034672222e-01 1.205284468764901362e+02
1.300000000000000000e+01 3.500000000000000000e+00 1.800000000000000000e+01 3.000000000000000000e+00 1.000000000000000000e+01 2.500000000000000000e+01 1.600000000000000000e+01 4.000000000000000000e+01 1.431699301766946597e-01 2.308889814091963366e-02 1.301428012394847178e+00 9.479819130959504037e+01
1.300000000000000000e+01 3.500000000000000000e+00 1.800000000000000000e+01 3.000000000000000000e+00 5.000000000000000000e+00 3.500000000000000000e+01 1.600000000000000000e+01 4.000000000000000000e+01 4.387975428080914675e-02 1.231338636472822934e-02 6.649653279718932275e-01 1.128868240610259477e+02
1.300000000000000000e+01 3.500000000000000000e+00 1.800000000000000000e+01 3.000000000000000000e+00 1.000000000000000000e+01 3.500000000000000000e+01 1.600000000000000000e+01 4.000000000000000000e+01 3.897146245466776016e-02 3.533582301078919130e-03 1.319072415581890478e+00 8.297628673049982240e+01
1.300000000000000000e+01 3.500000000000000000e+00 1.800000000000000000e+01 3.000000000000000000e+00 1.000000000000000000e+01 4.000000000000000000e+01 1.600000000000000000e+01 4.000000000000000000e+01 1.846887105503447479e-02 1.960487040002734105e-03 1.425648490309850525e+00 8.068010434617775672e+01
1.300000000000000000e+01 3.500000000000000000e+00 1.800000000000000000e+01 3.000000000000000000e+00 1.000000000000000000e+01 4.000000000000000000e+01 1.700000000000000000e+01 4.000000000000000000e+01 9.843601307427229941e-03 4.539840714827825252e-04 1.435658038623471411e+00 7.971011324087540117e+01
1.300000000000000000e+01 3.500000000000000000e+00 1.800000000000000000e+01 3.000000000000000000e+00 5.000000000000000000e+00 2.500000000000000000e+01 1.800000000000000000e+01 4.000000000000000000e+01 1.654997098380790455e-01 5.315309947431590132e-02 6.809933540643303695e-01 1.200971840941998892e+02
1.300000000000000000e+01 3.500000000000000000e+00 1.800000000000000000e+01 3.000000000000000000e+00 1.000000000000000000e+01 2.500000000000000000e+01 1.800000000000000000e+01 4.000000000000000000e+01 1.425967777969925354e-01 2.226061638701692935e-02 1.311834915833130832e+00 9.412681856889297194e+01
1.300000000000000000e+01 3.500000000000000000e+00 1.800000000000000000e+01 3.000000000000000000e+00 5.000000000000000000e+00 3.500000000000000000e+01 1.800000000000000000e+01 4.000000000000000000e+01 4.365535570805678667e-02 1.041174005738243480e-02 7.108063129724859763e-01 1.053588170575123826e+02
1.300000000000000000e+01 3.500000000000000000e+00 1.800000000000000000e+01 3.000000000000000000e+00 1.000000000000000000e+01 3.500000000000000000e+01 1.800000000000000000e+01 4.000000000000000000e+01 3.648124868384439168e-02 3.677204182024773615e-03 1.211649561811882991e+00 8.502349340123795685e+01
1.300000000000000000e+01 3.500000000000000000e+00 1.800000000000000000e+01 3.000000000000000000e+00 1.000000000000000000e+01 4.000000000000000000e+01 1.800000000000000000e+01 4.000000000000000000e+01 2.126384201806108543e-02 2.727977637602130301e-03 1.397188697422108161e+00 7.990455269814923156e+01
1.300000000000000000e+01 3.500000000000000000e+00 1.800000000000000000e+01 3.000000000000000000e+00 1.000000000000000000e+01 2.500000000000000000e+01 2.000000000000000000e+01 4.000000000000000000e+01 1.507563703113763420e-01 2.175103674416933863e-02 1.394180783483108144e+00 9.050184119777013336e+01
1.300000000000000000e+01 3.500000000000000000e+00 1.800000000000000000e+01 3.000000000000000000e+00 1.000000000000000000e+01 3.500000000000000000e+01 2.000000000000000000e+01 4.000000000000000000e+01 4.202121547172077420e-02 3.491390583695519467e-03 1.478078502695226559e+00 7.755921649354786496e+01
1.300000000000000000e+01 3.500000000000000000e+00 1.800000000000000000e+01 3.000000000000000000e+00 1.000000000000000000e+01 2.500000000000000000e+01 2.200000000000000000e+01 4.000000000000000000e+01 1.580369209982956935e-01 2.231110395986157791e-02 1.344406514641253381e+00 9.090672696859859059e+01
1.300000000000000000e+01 3.500000000000000000e+00 1.800000000000000000e+01 3.000000000000000000e+00 1.000000000000000000e+01 3.500000000000000000e+01 2.200000000000000000e+01 4.000000000000000000e+01 4.606928132693099975e-02 4.651046653424639743e-03 1.430085908797762650e+00 8.163614292156768215e+01
1.300000000000000000e+01 3.500000000000000000e+00 1.800000000000000000e+01 3.000000000000000000e+00 5.000000000000000000e+00 2.500000000000000000e+01 2.400000000000000000e+01 4.000000000000000000e+01 1.874653363330425204e-01 5.565350297921267675e-02 7.161585572111620612e-01 1.126960140472777567e+02
1.300000000000000000e+01 3.500000000000000000e+00 1.800000000000000000e+01 3.000000000000000000e+00 1.000000000000000000e+01 2.500000000000000000e+01 2.400000000000000000e+01 4.000000000000000000e+01 1.582555229829281096e-01 2.225400801906518566e-02 1.312259338970393596e+00 9.007171985578932549e+01
