1.000000000000000000e+00 2.500000000000000000e+00 1.800000000000000000e+01 3.709999999999999964e+00 1.000000000000000000e+00 2.500000000000000000e+01 0.000000000000000000e+00 4.000000000000000000e+01 3.322756448189045919e-02 6.824324682025895150e-02 8.686981110507516202e-02 3.302687401560209109e+05
1.000000000000000000e+00 2.500000000000000000e+00 1.800000000000000000e+01 3.709999999999999964e+00 5.000000000000000000e+00 2.500000000000000000e+01 0.000000000000000000e+00 4.000000000000000000e+01 3.235925119305527176e-02 1.066601147210954892e-02 5.424381156916394664e-01 9.827421691191234459e+02
1.000000000000000000e+00 2.500000000000000000e+00 1.800000000000000000e+01 3.709999999999999964e+00 1.000000000000000000e+01 2.500000000000000000e+01 0.000000000000000000e+00 4.000000000000000000e+01 3.262340561353260782e-02 8.367012082261648942e-03 7.244931706044488440e-01 3.060283947425626252e+02
1.000000000000000000e+00 2.500000000000000000e+00 1.800000000000000000e+01 3.709999999999999964e+00 1.000000000000000000e+00 2.500000000000000000e+01 1.000000000000000056e-01 4.000000000000000000e+01 3.645017768631797495e-02 7.300797113569523766e-02 9.098255017758576091e-02 1.431645074300013075e+05
1.000000000000000000e+00 2.500000000000000000e+00 1.800000000000000000e+01 3.709999999999999964e+00 5.000000000000000000e+00 2.500000000000000000e+01 1.000000000000000056e-01 4.000000000000000000e+01 4.209659342053084785e-02 1.667315124489943123e-02 5.602801636242223937e-01 5.175229525053332509e+02
1.000000000000000000e+00 2.500000000000000000e+00 1.800000000000000000e+01 3.709999999999999964e+00 1.000000000000000000e+00 3.500000000000000000e+01 1.000000000000000056e-01 4.000000000000000000e+01 2.991943473204594639e-02 6.886926229132628308e-02 8.521790898369632772e-02 3.709936935558370315e+05
1.000000000000000000e+00 2.500000000000000000e+00 1.800000000000000000e+01 3.709999999999999964e+00 5.000000000000000000e+00 3.500000000000000000e+01 1.000000000000000056e-01 4.000000000000000000e+01 4.348833680739883079e-02 2.228508005299212336e-02 5.276859404796779840e-01 2.973180680638491253e+02
1.000000000000000000e+00 2.500000000000000000e+00 1.800000000000000000e+01 3.709999999999999964e+00 1.000000000000000000e+01 3.500000000000000000e+01 1.000000000000000056e-01 4.000000000000000000e+01 4.166064686288706298e-02 1.815189497100089255e-02 6.482425560188398439e-01 2.695211367866205023e+02
1.000000000000000000e+00 2.500000000000000000e+00 1.800000000000000000e+01 3.709999999999999964e+00 1.000000000000000000e+00 4.000000000000000000e+01 1.000000000000000056e-01 4.000000000000000000e+01 2.433105942731805804e-02 6.234363092940164996e-02 8.273159759529483126e-02 2.062497192068079021e+05
1.000000000000000000e+00 2.500000000000000000e+00 1.800000000000000000e+01 3.709999999999999964e+00 5.000000000000000000e+00 4.000000000000000000e+01 1.000000000000000056e-01 4.000000000000000000e+01 3.286029679617530341e-02 1.933165406011116971e-02 5.034661722514777171e-01 3.653406081538838635e+02
1.000000000000000000e+00 2.500000000000000000e+00 1.800000000000000000e+01 3.709999999999999964e+00 1.000000000000000000e+01 4.000000000000000000e+01 1.000000000000000056e-01 4.000000000000000000e+01 3.009656152596229539e-02 1.378917687722913676e-02 6.368058947345104359e-01 2.916985477361098447e+02
1.000000000000000000e+00 2.500000000000000000e+00 1.800000000000000000e+01 3.709999999999999964e+00 1.000000000000000000e+00 2.500000000000000000e+01 1.000000000000000000e+00 4.000000000000000000e+01 5.312163077275600109e-02 1.182069343172578169e-01 8.599395361685777117e-02 2.586311321048775280e+05
1.000000000000000000e+00 2.500000000000000000e+00 1.800000000000000000e+01 3.709999999999999964e+00 1.000000000000000000e+00 3.500000000000000000e+01 1.000000000000000000e+00 4.000000000000000000e+01 3.738629481891209139e-02 1.060496127752577067e-01 8.979781570065245577e-02 3.807451984656410641e+05
1.000000000000000000e+00 2.500000000000000000e+00 1.800000000000000000e+01 3.709999999999999964e+00 5.000000000000000000e+00 3.500000000000000000e+01 1.000000000000000000e+00 4.000000000000000000e+01 2.907597988115129262e-02 1.760261703971699454e-02 5.767443815505017835e-01 2.479306879507826409e+02
1.000000000000000000e+00 2.500000000000000000e+00 1.800000000000000000e+01 3.709999999999999964e+00 1.000000000000000000e+01 3.500000000000000000e+01 1.000000000000000000e+00 4.000000000000000000e+01 3.308838070473441029e-02 1.329734945115457201e-02 7.553248359402559009e-01 1.993148329580810412e+02
1.000000000000000000e+00 2.500000000000000000e+00 1.800000000000000000e+01 3.709999999999999964e+00 1.000000000000000000e+00 4.000000000000000000e+01 1.000000000000000000e+00 4.000000000000000000e+01 2.442549694889972756e-02 5.815147545463483780e-02 9.298500457461843227e-02 4.875629666327906307e+05
1.000000000000000000e+00 2.500000000000000000e+00 1.800000000000000000e+01 3.709999999999999964e+00 5.000000000000000000e+00 4.000000000000000000e+01 1.000000000000000000e+00 4.000000000000000000e+01 2.075083372925923264e-02 1.062204580513204100e-02 6.091814931824084400e-01 2.410426492884503489e+02
1.000000000000000000e+00 2.500000000000000000e+00 1.800000000000000000e+01 3.709999999999999964e+00 1.000000000000000000e+01 4.000000000000000000e+01 1.000000000000000000e+00 4.000000000000000000e+01 1.543370975756741537e-02 4.569102613839248761e-03 7.767525488232843722e-01 1.977428900638236371e+02
1.000000000000000000e+00 2.500000000000000000e+00 1.800000000000000000e+01 3.709999999999999964e+00 1.000000000000000000e+00 2.500000000000000000e+01 2.000000000000000000e+00 4.000000000000000000e+01 6.487256174579747459e-02 1.494830101206399142e-01 8.539443391249833260e-02 4.214246493979783845e+05
1.000000000000000000e+00 2.500000000000000000e+00 1.800000000000000000e+01 3.709999999999999964e+00 5.000000000000000000e+00 2.500000000000000000e+01 2.000000000000000000e+00 4.000000000000000000e+01 8.760388146873210324e-02 5.234547714233483973e-02 5.840287340416767670e-01 3.176820519234249787e+02
1.000000000000000000e+00 2.500000000000000000e+00 1.800000000000000000e+01 3.709999999999999964e+00 1.000000000000000000e+01 2.500000000000000000e+01 2.000000000000000000e+00 4.000000000000000000e+01 8.220186291618358787e-02 3.754017956456889848e-02 7.322559217732865777e-01 2.374327948827986177e+02
1.000000000000000000e+00 2.500000000000000000e+00 1.800000000000000000e+01 3.709999999999999964e+00 1.000000000000000000e+00 3.500000000000000000e+01 2.000000000000000000e+00 4.000000000000000000e+01 4.809688603348027947e-02 1.391510589770752482e-01 9.958021277941264682e-02 2.540049840675800224e+05
1.000000000000000000e+00 2.500000000000000000e+00 1.800000000000000000e+01 3.709999999999999964e+00 5.000000000000000000e+00 3.500000000000000000e+01 2.000000000000000000e+00 4.000000000000000000e+01 2.199920850049674748e-02 7.709821093506707967e-03 6.666951119620823096e-01 2.259845828039650542e+02
1.000000000000000000e+00 2.500000000000000000e+00 1.800000000000000000e+01 3.709999999999999964e+00 1.000000000000000000e+01 3.500000000000000000e+01 2.000000000000000000e+00 4.000000000000000000e+01 2.769252121916698783e-02 1.140237011198919070e-02 8.130134575291813048e-01 1.892536129730644916e+02
1.000000000000000000e+00 2.500000000000000000e+00 1.800000000000000000e+01 3.709999999999999964e+00 1.000000000000000000e+00 4.000000000000000000e+01 2.000000000000000000e+00 4.000000000000000000e+01 5.175851920591489908e-02 1.303011904538045052e-01 1.080399870758249753e-01 1.736603903776623483e+05
1.000000000000000000e+00 2.500000000000000000e+00 1.800000000000000000e+01 3.709999999999999964e+00 5.000000000000000000e+00 4.000000000000000000e+01 2.000000000000000000e+00 4.000000000000000000e+01 1.468915372584755907e-02 5.190801282884516255e-03 7.368356238774639300e-01 1.899686431722244038e+02
1.000000000000000000e+00 2.500000000000000000e+00 1.800000000000000000e+01 3.709999999999999964e+00 1.000000000000000000e+01 4.000000000000000000e+01 2.000000000000000000e+00 4.000000000000000000e+01 2.896147930072223708e-02 9.814467914254665359e-03 9.269999422712507098e-01 1.512889546153716651e+02
1.000000000000000000e+00 2.500000000000000000e+00 1.800000000000000000e+01 3.709999999999999964e+00 1.000000000000000000e+00 2.500000000000000000e+01 3.000000000000000000e+00 4.000000000000000000e+01 8.240412167411048650e-02 1.954388961899626853e-01 8.994995741992868610e-02 1.486995470530048187e+05
1.000000000000000000e+00 2.500000000000000000e+00 1.800000000000000000e+01 3.709999999999999964e+00 1.000000000000000000e+00 3.500000000000000000e+01 3.000000000000000000e+00 4.000000000000000000e+01 1.099696646735628391e-01 4.490704578393911461e-01 1.106926875851582670e-01 1.330970806110624981e+05
1.000000000000000000e+00 2.500000000000000000e+00 1.800000000000000000e+01 3.709999999999999964e+00 5.000000000000000000e+00 3.500000000000000000e+01 3.000000000000000000e+00 4.000000000000000000e+01 3.650204046567084859e-02 1.809175946536645263e-02 7.161585003112140857e-01 2.036650872120979159e+02
1.000000000000000000e+00 2.500000000000000000e+00 1.800000000000000000e+01 3.709999999999999964e+00 1.000000000000000000e+01 3.500000000000000000e+01 3.000000000000000000e+00 4.000000000000000000e+01 3.109157981431831530e-02 1.222934785283880110e-02 9.450798625844041290e-01 1.595447454138324019e+02
1.000000000000000000e+00 2.500000000000000000e+00 1.800000000000000000e+01 3.709999999999999964e+00 1.000000000000000000e+00 4.000000000000000000e+01 3.000000000000000000e+00 4.000000000000000000e+01 3.738179167997790486e-02 6.924167325602192946e-02 1.185367843459895904e-01 1.291319289578185271e+05
1.000000000000000000e+00 2.500000000000000000e+00 1.800000000000000000e+01 3.709999999999999964e+00 5.000000000000000000e+00 4.000000000000000000e+01 3.000000000000000000e+00 4.000000000000000000e+01 1.736736735339228233e-02 5.256858485380933033e-03 7.644701284155246412e-01 1.725866727280053681e+02
1.000000000000000000e+00 2.500000000000000000e+00 1.800000000000000000e+01 3.709999999999999964e+00 1.000000000000000000e+01 4.000000000000000000e+01 3.000000000000000000e+00 4.000000000000000000e+01 1.425613562669125756e-02 2.814960680510791846e-03 9.931237191309872925e-01 1.435287593364494967e+02
1.000000000000000000e+00 2.500000000000000000e+00 1.800000000000000000e+01 3.709999999999999964e+00 1.000000000000000000e+00 2.500000000000000000e+01 4.000000000000000000e+00 4.000000000000000000e+01 8.342795502025368570e-02 1.916909274872162783e-01 9.166450095173743484e-02 1.755765513131084153e+05
1.000000000000000000e+00 2.500000000000000000e+00 1.800000000000000000e+01 3.709999999999999964e+00 5.000000000000000000e+00 2.500000000000000000e+01 4.000000000000000000e+00 4.000000000000000000e+01 7.901762368248288482e-02 4.157192723933000877e-02 6.274110694001255872e-01 2.594143280158434663e+02
1.000000000000000000e+00 2.500000000000000000e+00 1.800000000000000000e+01 3.709999999999999964e+00 1.000000000000000000e+01 2.500000000000000000e+01 4.000000000000000000e+00 4.000000000000000000e+01 7.624663579336443675e-02 2.951490253501565242e-02 7.749523992385921600e-01 2.129475142543986692e+02
1.000000000000000000e+00 2.500000000000000000e+00 1.800000000000000000e+01 3.709999999999999964e+00 1.000000000000000000e+00 3.500000000000000000e+01 4.000000000000000000e+00 4.000000000000000000e+01 6.924240588308028244e-02 2.043361854148615375e-01 1.066504622225775134e-01 1.608025589567523857e+05
1.000000000000000000e+00 2.500000000000000000e+00 1.800000000000000000e+01 3.709999999999999964e+00 5.000000000000000000e+00 3.500000000000000000e+01 4.000000000000000000e+00 4.000000000000000000e+01 2.886730578147700399e-02 1.038506041053999240e-02 7.274741161632274355e-01 1.946962392191412334e+02
1.000000000000000000e+00 2.500000000000000000e+00 1.800000000000000000e+01 3.709999999999999964e+00 1.000000000000000000e+01 3.500000000000000000e+01 4.000000000000000000e+00 4.000000000000000000e+01 3.122685165459726520e-02 1.230204105118315461e-02 9.120869334072758683e-01 1.622486544857083572e+02
1.000000000000000000e+00 2.500000000000000000e+00 1.800000000000000000e+01 3.709999999999999964e+00 5.000000000000000000e+00 4.000000000000000000e+01 4.000000000000000000e+00 4.000000000000000000e+01 1.542660503113668646e-02 3.436419985512140229e-03 7.765063692026781261e-01 1.717686683675920278e+02
1.000000000000000000e+00 2.500000000000000000e+00 1.800000000000000000e+01 3.709999999999999964e+00 1.000000000000000000e+01 4.000000000000000000e+01 4.000000000000000000e+00 4.000000000000000000e+01 2.552309469947289244e-02 5.853810206069010036e-03 1.009815141021428442e+00 1.382828531311046731e+02
1.000000000000000000e+00 2.500000000000000000e+00 1.800000000000000000e+01 3.709999999999999964e+00 1.000000000000000000e+00 2.500000000000000000e+01 5.000000000000000000e+00 4.000000000000000000e+01 1.062666267898746408e-01 3.280107062986366007e-01 8.875158963535491330e-02 1.387982688577043882e+05
1.000000000000000000e+00 2.500000000000000000e+00 1.800000000000000000e+01 3.709999999999999964e+00 1.000000000000000000e+00 3.500000000000000000e+01 5.000000000000000000e+00 4.000000000000000000e+01 9.352340868996589229e-02 2.533406380309861650e-01 1.093830944670118460e-01 1.476919172279546619e+05
1.000000000000000000e+00 2.500000000000000000e+00 1.800000000000000000e+01 3.709999999999999964e+00 5.000000000000000000e+00 3.500000000000000000e+01 5.000000000000000000e+00 4.000000000000000000e+01 1.637561559665634547e-02 4.842554881380634058e-03 7.635743326125976616e-01 1.794407710961375244e+02
1.000000000000000000e+00 2.500000000000000000e+00 1.800000000000000000e+01 3.709999999999999964e+00 1.000000000000000000e+01 3.500000000000000000e+01 5.000000000000000000e+00 4.000000000000000000e+01 1.602183182532757044e-02 3.232897148904179119e-03 9.337754400137909805e-01 1.561982190752919735e+02
1.000000000000000000e+00 2.500000000000000000e+00 1.800000000000000000e+01 3.709999999999999964e+00 5.000000000000000000e+00 4.000000000000000000e+01 5.000000000000000000e+00 4.000000000000000000e+01 1.644071032107485841e-02 3.756996811176360751e-03 8.608158651842270359e-01 1.491035579292986597e+02
1.000000000000000000e+00 2.500000000000000000e+00 1.800000000000000000e+01 3.709999999999999964e+00 1.000000000000000000e+01 4.000000000000000000e+01 5.000000000000000000e+00 4.000000000000000000e+01 2.063666288583454467e-02 3.398709476663430706e-03 1.024681640024067697e+00 1.315649565087807389e+02
1.000000000000000000e+00 2.500000000000000000e+00 1.800000000000000000e+01 3.709999999999999964e+00 1.000000000000000000e+00 2.500000000000000000e+01 6.000000000000000000e+00 4.000000000000000000e+01 9.979750253997998755e-02 2.643844908949006811e-01 9.795063332193543193e-02 3.197844040076846723e+05
1.000000000000000000e+00 2.500000000000000000e+00 1.800000000000000000e+01 3.709999999999999964e+00 5.000000000000000000e+00 2.500000000000000000e+01 6.000000000000000000e+00 4.000000000000000000e+01 8.270655199724719076e-02 3.750351338674651203e-02 6.754418292765708154e-01 2.452671859295881518e+02
1.000000000000000000e+00 2.500000000000000000e+00 1.800000000000000000e+01 3.709999999999999964e+00 1.000000000000000000e+01 2.500000000000000000e+01 6.000000000000000000e+00 4.000000000000000000e+01 8.489324657032004673e-02 3.209098878480931560e-02 8.446269311456696682e-01 1.923129314535961498e+02
1.000000000000000000e+00 2.500000000000000000e+00 1.800000000000000000e+01 3.709999999999999964e+00 1.000000000000000000e+00 3.500000000000000000e+01 6.000000000000000000e+00 4.000000000000000000e+01 1.553647754420754978e-01 3.762025019100285750e-01 1.142744302073722407e-01 1.937812141828077729e+05
1.000000000000000000e+00 2.500000000000000000e+00 1.800000000000000000e+01 3.709999999999999964e+00 5.000000000000000000e+00 3.500000000000000000e+01 6.000000000000000000e+00 4.000000000000000000e+01 2.274064095545824671e-02 6.219405011221423862e-03 8.045067078644628777e-01 1.703099482803924332e+02
1.000000000000000000e+00 2.500000000000000000e+00 1.800000000000000000e+01 3.709999999999999964e+00 1.000000000000000000e+01 3.500000000000000000e+01 6.000000000000000000e+00 4.000000000000000000e+01 2.026226373002049108e-02 4.037190080300012696e-03 1.043805456367842943e+00 1.407906032462345252e+02
1.000000000000000000e+00 2.500000000000000000e+00 1.800000000000000000e+01 3.709999999999999964e+00 5.000000000000000000e+00 4.000000000000000000e+01 6.000000000000000000e+00 4.000000000000000000e+01 2.009209303070003116e-02 4.526925616556320975e-03 8.849920826704738008e-01 1.406285932493250925e+02
1.000000000000000000e+00 2.500000000000000000e+00 1.800000000000000000e+01 3.709999999999999964e+00 1.000000000000000000e+01 4.000000000000000000e+01 6.000000000000000000e+00 4.000000000000000000e+01 2.162347738392167429e-02 3.545768926713321889e-03 1.144667469771960988e+00 1.170881058939000354e+02
1.000000000000000000e+00 2.500000000000000000e+00 1.800000000000000000e+01 3.709999999999999964e+00 1.000000000000000000e+00 2.500000000000000000e+01 7.000000000000000000e+00 4.000000000000000000e+01 1.099036695831536736e-01 2.972427813587386058e-01 1.038152225872196605e-01 2.762803883794663125e+05
1.000000000000000000e+00 2.500000000000000000e+00 1.800000000000000000e+01 3.709999999999999964e+00 5.000000000000000000e+00 3.500000000000000000e+01 7.000000000000000000e+00 4.000000000000000000e+01 1.535491678112821390e-02 3.674856460190500940e-03 8.359210064662788708e-01 1.671027753032364842e+02
1.000000000000000000e+00 2.500000000000000000e+00 1.800000000000000000e+01 3.709999999999999964e+00 1.000000000000000000e+01 3.500000000000000000e+01 7.000000000000000000e+00 4.000000000000000000e+01 1.341349238487965501e-02 1.827907375020698666e-03 1.041142814378638537e+00 1.402356563121725515e+02
1.000000000000000000e+00 2.500000000000000000e+00 1.800000000000000000e+01 3.709999999999999964e+00 5.000000000000000000e+00 4.000000000000000000e+01 7.000000000000000000e+00 4.000000000000000000e+01 2.685053125013547870e-02 5.753204865789340872e-03 9.011776100329065287e-01 1.338105438815880177e+02
1.000000000000000000e+00 2.500000000000000000e+00 1.800000000000000000e+01 3.709999999999999964e+00 1.000000000000000000e+01 4.000000000000000000e+01 7.000000000000000000e+00 4.000000000000000000e+01 1.785071038316843328e-02 2.201717785936807559e-03 1.228258034054261261e+00 1.074653800629012750e+02
1.000000000000000000e+00 2.500000000000000000e+00 1.800000000000000000e+01 3.709999999999999964e+00 1.000000000000000000e+00 2.500000000000000000e+01 8.000000000000000000e+00 4.000000000000000000e+01 1.207458154652019111e-01 2.973517558877376565e-01 1.100788034494658424e-01 1.628948036826772732e+05
1.000000000000000000e+00 2.500000000000000000e+00 1.800000000000000000e+01 3.709999999999999964e+00 5.000000000000000000e+00 2.500000000000000000e+01 8.000000000000000000e+00 4.000000000000000000e+01 8.977287538460343441e-02 3.433467367113474111e-02 7.763045473031944255e-01 2.073411169769680953e+02
1.000000000000000000e+00 2.500000000000000000e+00 1.800000000000000000e+01 3.709999999999999964e+00 1.000000000000000000e+01 2.500000000000000000e+01 8.000000000000000000e+00 4.000000000000000000e+01 8.660018381159551026e-02 2.662209932049863781e-02 9.374799871990795452e-01 1.748650329618058095e+02
1.000000000000000000e+00 2.500000000000000000e+00 1.800000000000000000e+01 3.709999999999999964e+00 5.000000000000000000e+00 3.500000000000000000e+01 8.000000000000000000e+00 4.000000000000000000e+01 3.418121214089575588e-02 1.232917356042584345e-02 8.862138042988044750e-01 1.531653344875189191e+02
1.000000000000000000e+00 2.500000000000000000e+00 1.800000000000000000e+01 3.709999999999999964e+00 1.000000000000000000e+01 3.500000000000000000e+01 8.000000000000000000e+00 4.000000000000000000e+01 3.682725747279458339e-02 1.185136516791751582e-02 1.091850169370695234e+00 1.311003280129382631e+02
1.000000000000000000e+00 2.500000000000000000e+00 1.800000000000000000e+01 3.709999999999999964e+00 5.000000000000000000e+00 4.000000000000000000e+01 8.000000000000000000e+00 4.000000000000000000e+01 5.015196422073775473e-02 1.748867096759587625e-02 1.039279583482222824e+00 1.183956068106883635e+02
1.000000000000000000e+00 2.500000000000000000e+00 1.800000000000000000e+01 3.709999999999999964e+00 1.000000000000000000e+01 4.000000000000000000e+01 8.000000000000000000e+00 4.000000000000000000e+01 4.073841195293459450e-02 9.288533034403245736e-03 1.283453311894195092e+00 1.055605955482977123e+02
1.000000000000000000e+00 2.500000000000000000e+00 1.800000000000000000e+01 3.709999999999999964e+00 1.000000000000000000e+00 2.500000000000000000e+01 9.000000000000000000e+00 4.000000000000000000e+01 1.228870912478061683e-01 3.402692866518262083e-01 1.137031084713304996e-01 1.627295540707448090e+05
1.000000000000000000e+00 2.500000000000000000e+00 1.800000000000000000e+01 3.709999999999999964e+00 5.000000000000000000e+00 3.500000000000000000e+01 9.000000000000000000e+00 4.000000000000000000e+01 1.157622271768876665e-02 2.393320800064824283e-03 8.068894739615439793e-01 1.608038371766770354e+02
1.000000000000000000e+00 2.500000000000000000e+00 1.800000000000000000e+01 3.709999999999999964e+00 1.000000000000000000e+01 3.500000000000000000e+01 9.000000000000000000e+00 4.000000000000000000e+01 1.315721079550802308e-02 2.410111480453114297e-03 1.154284549789689640e+00 1.287742260404878891e+02
1.000000000000000000e+00 2.500000000000000000e+00 1.800000000000000000e+01 3.709999999999999964e+00 5.000000000000000000e+00 4.000000000000000000e+01 9.000000000000000000e+00 4.000000000000000000e+01 1.005312826956950012e-02 1.244978084315118139e-03 1.006932358534021299e+00 1.271982813258705960e+02
1.000000000000000000e+00 2.500000000000000000e+00 1.800000000000000000e+01 3.709999999999999964e+00 1.000000000000000000e+01 4.000000000000000000e+01 9.000000000000000000e+00 4.000000000000000000e+01 1.317573707646935155e-02 1.640036462459582012e-03 1.343320361545973007e+00 1.050477719007992476e+02
1.000000000000000000e+00 2.500000000000000000e+00 1.800000000000000000e+01 3.709999999999999964e+00 5.000000000000000000e+00 2.500000000000000000e+01 1.000000000000000000e+01 4.000000000000000000e+01 9.262654235053724427e-02 3.839256260532120102e-02 8.260549437398211348e-01 1.817352651013745799e+02
1.000000000000000000e+00 2.500000000000000000e+00 1.800000000000000000e+01 3.709999999999999964e+00 5.000000000000000000e+00 3.500000000000000000e+01 1.000000000000000000e+01 4.000000000000000000e+01 2.315699979437524370e-02 7.214563537895735124e-03 9.232830371337342745e-01 1.401444885812838379e+02
1.000000000000000000e+00 2.500000000000000000e+00 1.800000000000000000e+01 3.709999999999999964e+00 1.000000000000000000e+01 3.500000000000000000e+01 1.000000000000000000e+01 4.000000000000000000e+01 1.658227690718683256e-02 2.474618876549206092e-03 1.231299748663154725e+00 1.185725988070134918e+02
1.000000000000000000e+00 2.500000000000000000e+00 1.800000000000000000e+01 3.709999999999999964e+00 1.000000000000000000e+01 4.000000000000000000e+01 1.000000000000000000e+01 4.000000000000000000e+01 3.090984180702016637e-02 5.094777868981603675e-03 1.395681272871314826e+00 9.565584599429972457e+01
1.000000000000000000e+00 2.500000000000000000e+00 1.800000000000000000e+01 3.709999999999999964e+00 5.000000000000000000e+00 3.500000000000000000e+01 1.100000000000000000e+01 4.000000000000000000e+01 2.503482457038330722e-02 8.255266049879139700e-03 9.483600895367984007e-01 1.344315357641709738e+02
1.000000000000000000e+00 2.500000000000000000e+00 1.800000000000000000e+01 3.709999999999999964e+00 1.000000000000000000e+01 3.500000000000000000e+01 1.100000000000000000e+01 4.000000000000000000e+01 2.311275692797365444e-02 4.105861449931191842e-03 1.224914900722142708e+00 1.147814023219202397e+02
1.000000000000000000e+00 2.500000000000000000e+00 1.800000000000000000e+01 3.709999999999999964e+00 1.000000000000000000e+01 4.000000000000000000e+01 1.100000000000000000e+01 4.000000000000000000e+01 3.452109284590298977e-02 4.296181030192025574e-03 1.540834329253372381e+00 8.832315230665633976e+01
1.000000000000000000e+00 2.500000000000000000e+00 1.800000000000000000e+01 3.709999999999999964e+00 5.000000000000000000e+00 2.500000000000000000e+01 1.200000000000000000e+01 4.000000000000000000e+01 8.959535156586451166e-02 3.657682957738184193e-02 7.934229791462291681e-01 1.856905261213256040e+02
1.000000000000000000e+00 2.500000000000000000e+00 1.800000000000000000e+01 3.709999999999999964e+00 1.000000000000000000e+01 2.500000000000000000e+01 1.200000000000000000e+01 4.000000000000000000e+01 8.009998046344035671e-02 1.819466885433240755e-02 1.199469794871279360e+00 1.384895558737270846e+02
1.000000000000000000e+00 2.500000000000000000e+00 1.800000000000000000e+01 3.709999999999999964e+00 5.000000000000000000e+00 3.500000000000000000e+01 1.200000000000000000e+01 4.000000000000000000e+01 1.239582429934649177e-02 2.046818341179479361e-03 1.020074678063627394e+00 1.308751354717059883e+02
1.000000000000000000e+00 2.500000000000000000e+00 1.800000000000000000e+01 3.709999999999999964e+00 1.000000000000000000e+01 3.500000000000000000e+01 1.200000000000000000e+01 4.000000000000000000e+01 1.574731280863583827e-02 2.236608438789700060e-03 1.225880177718848607e+00 1.157839540842583546e+02
1.000000000000000000e+00 2.500000000000000000e+00 1.800000000000000000e+01 3.709999999999999964e+00 1.000000000000000000e+01 4.000000000000000000e+01 1.200000000000000000e+01 4.000000000000000000e+01 1.856353659942211465e-02 1.751656160160042219e-03 1.461912164113382095e+00 9.204515192620175412e+01
1.000000000000000000e+00 2.500000000000000000e+00 1.800000000000000000e+01 3.709999999999999964e+00 1.000000000000000000e+01 3.500000000000000000e+01 1.300000000000000000e+01 4.000000000000000000e+01 1.229638165651003590e-02 2.885375843485693537e-03 9.436220841340202670e-01 1.399791379153324158e+02
1.000000000000000000e+00 2.500000000000000000e+00 1.800000000000000000e+01 3.709999999999999964e+00 5.000000000000000000e+00 2.500000000000000000e+01 1.400000000000000000e+01 4.000000000000000000e+01 8.691178696564771933e-02 3.129837752208008972e-02 8.438787475766748036e-01 1.746968394626831866e+02
1.000000000000000000e+00 2.500000000000000000e+00 1.800000000000000000e+01 3.709999999999999964e+00 1.000000000000000000e+01 2.500000000000000000e+01 1.400000000000000000e+01 4.000000000000000000e+01 7.687547628326263371e-02 1.782052470087802654e-02 1.159715553755182649e+00 1.412241814479145603e+02
1.000000000000000000e+00 2.500000000000000000e+00 1.800000000000000000e+01 3.709999999999999964e+00 1.000000000000000000e+01 3.500000000000000000e+01 1.400000000000000000e+01 4.000000000000000000e+01 1.791801198237341630e-02 3.442341650520708285e-03 1.274179810805861512e+00 1.106029846652383384e+02
1.000000000000000000e+00 2.500000000000000000e+00 1.800000000000000000e+01 3.709999999999999964e+00 1.000000000000000000e+01 3.500000000000000000e+01 1.500000000000000000e+01 4.000000000000000000e+01 2.236719383228469304e-02 3.206412668770752816e-03 1.442325986121639758e+00 9.836616396535887930e+01
1.000000000000000000e+00 2.500000000000000000e+00 1.800000000000000000e+01 3.709999999999999964e+00 5.000000000000000000e+00 2.500000000000000000e+01 1.600000000000000000e+01 4.000000000000000000e+01 8.016221897667530349e-02 3.103669592451652193e-02 7.921596011675384741e-01 1.864930889068557747e+02
1.000000000000000000e+00 2.500000000000000000e+00 1.800000000000000000e+01 3.709999999999999964e+00 1.000000000000000000e+01 2.500000000000000000e+01 1.600000000000000000e+01 4.000000000000000000e+01 6.256909120761644516e-02 2.212367260708592021e-02 8.245964418083941982e-01 1.807248863526464220e+02
1.000000000000000000e+00 2.500000000000000000e+00 1.800000000000000000e+01 3.709999999999999964e+00 1.000000000000000000e+01 3.500000000000000000e+01 1.600000000000000000e+01 4.000000000000000000e+01 1.348750223559114225e-02 1.565471546057128904e-03 1.402108234516686425e+00 1.065887066834353476e+02
1.000000000000000000e+00 2.500000000000000000e+00 1.800000000000000000e+01 3.709999999999999964e+00 1.000000000000000000e+01 3.500000000000000000e+01 1.700000000000000000e+01 4.000000000000000000e+01 1.952414752330877690e-04 8.783236937759397733e-08 4.070956356068739623e+00 5.107000071091214011e+01
1.000000000000000000e+00 2.500000000000000000e+00 1.800000000000000000e+01 3.709999999999999964e+00 5.000000000000000000e+00 2.500000000000000000e+01 1.800000000000000000e+01 4.000000000000000000e+01 9.011925112156826678e-02 3.690912307076166243e-02 8.250309106978084284e-01 1.701035827415689141e+02
1.000000000000000000e+00 2.500000000000000000e+00 1.800000000000000000e+01 3.709999999999999964e+00 1.000000000000000000e+01 2.500000000000000000e+01 1.800000000000000000e+01 4.000000000000000000e+01 8.308443717393965144e-02 1.973848246238518733e-02 1.153269423608854316e+00 1.358831052980749803e+02
1.000000000000000000e+00 2.500000000000000000e+00 1.800000000000000000e+01 3.709999999999999964e+00 1.000000000000000000e+01 3.500000000000000000e+01 1.800000000000000000e+01 4.000000000000000000e+01 1.596995298548686826e-02 2.284883658986824884e-03 1.417706409023568481e+00 1.000219138754737287e+02
1.000000000000000000e+00 2.500000000000000000e+00 1.800000000000000000e+01 3.709999999999999964e+00 1.000000000000000000e+01 2.500000000000000000e+01 2.000000000000000000e+01 4.000000000000000000e+01 7.665163762632509759e-02 1.739887616779833834e-02 1.234324580340427913e+00 1.268621587941543964e+02
1.000000000000000000e+00 2.500000000000000000e+00 1.800000000000000000e+01 3.709999999999999964e+00 1.000000000000000000e+01 2.500000000000000000e+01 2.400000000000000000e+01 4.000000000000000000e+01 8.120908572920382262e-02 2.041356196200183604e-02 1.231204933051740724e+00 1.229065072841552819e+02
