2.000173683058465102e+00
1.900181352923170364e+00
1.800173870604432791e+00
1.700175667898767840e+00
1.600177594069010834e+00
1.500167838795167574e+00
1.400175206335389833e+00
1.300182294646900605e+00
1.200166246363107536e+00
1.100163688966043996e+00
1.000173683058464880e+00
9.001430951113058576e-01
8.001876310835664974e-01
7.000977046130537618e-01
6.001666894079954462e-01
5.001266519695970469e-01
4.000887847320354629e-01
3.001387781657116616e-01
2.001388538573805886e-01
1.003016040138538512e-01
4.342727686266485671e-05
-1.001412113339433113e-01
-1.999155831389178295e-01
-2.999196224623700835e-01
-3.993101954689993183e-01
-5.000106656658160897e-01
-5.994102091867765658e-01
-6.993393116234785101e-01
-7.987941166082087596e-01
-8.989406450918844271e-01
-9.981797829616718687e-01
-1.098612522879484299e+00
-1.198719803605860612e+00
-1.299140587645795319e+00
-1.400007822415902048e+00
-1.502434589913762997e+00
-1.600984274351235248e+00
-1.699643683018928764e+00
-1.807990407346329986e+00
-1.906683398795668394e+00
-1.990464123380781825e+00
-1.968551138140616663e+00
