-2.902552890161958499e-01
-2.670034718888709691e-01
-2.442851770392040212e-01
-2.221383758237581163e-01
-2.015772635965578652e-01
-1.821769065486605887e-01
-1.639038537561906539e-01
-1.459369881335788599e-01
-1.281936355412706396e-01
-1.104349987355754820e-01
-9.266389478916142730e-02
-7.410545748694619128e-02
-5.476290331615362578e-02
-3.431392853860040781e-02
-1.316111198542098230e-02
9.450895798693934730e-03
3.354437609094777784e-02
6.013099953104490691e-02
8.824243351157197435e-02
1.178014079973276479e-01
1.495885677877445141e-01
1.845494813206975115e-01
2.197154758555011356e-01
2.587091005698267665e-01
2.987439434824071260e-01
3.436055081041717862e-01
3.895027536384628175e-01
4.381466362467487663e-01
4.890298680688165978e-01
5.428876423424111586e-01
5.985716634821410809e-01
6.567687792660166224e-01
7.184767764233979115e-01
7.828451263014011285e-01
8.496404975617988242e-01
9.188320969292281815e-01
9.868881274980495499e-01
1.057780176794581806e+00
1.140382324559402472e+00
1.213411494582781636e+00
1.274527304396044336e+00
1.261881149383667466e+00
