-9.429090023040771484e-01
-9.528832435607910156e-01
-9.618908166885375977e-01
-9.693036079406738281e-01
-9.745993614196777344e-01
-9.773657321929931641e-01
-9.772942066192626953e-01
-9.741830825805664062e-01
-9.679212570190429688e-01
-9.584800004959106445e-01
-9.458965063095092773e-01
-9.302499294281005859e-01
-9.116851091384887695e-01
-8.903089761734008789e-01
-8.663452863693237305e-01
-8.398966789245605469e-01
-8.111515045166015625e-01
-7.802894115447998047e-01
-7.474081516265869141e-01
-7.127021551132202148e-01
-6.760690212249755859e-01
-6.377685070037841797e-01
-5.980129241943359375e-01
-5.566039085388183594e-01
-5.139398574829101562e-01
-4.692015945911407471e-01
-4.235585033893585205e-01
-3.761871159076690674e-01
-3.275487720966339111e-01
-2.770493328571319580e-01
-2.254698574542999268e-01
-1.716783344745635986e-01
-1.164269745349884033e-01
-5.931881070137023926e-02
-2.134144306182861328e-04
6.164523959159851074e-02
1.229567229747772217e-01
1.861436069011688232e-01
2.576639354228973389e-01
3.247887790203094482e-01
3.832745254039764404e-01
3.678438365459442139e-01
