-2.453404664993286133e-02
2.360141277313232422e-02
6.662714481353759766e-02
1.042638123035430908e-01
1.364021599292755127e-01
1.631337404251098633e-01
1.847674548625946045e-01
2.018702030181884766e-01
2.152102887630462646e-01
2.256924211978912354e-01
2.342742681503295898e-01
2.418644726276397705e-01
2.492209672927856445e-01
2.569413185119628906e-01
2.653974294662475586e-01
2.748423814773559570e-01
2.853830456733703613e-01
2.970588803291320801e-01
3.099153339862823486e-01
3.239572644233703613e-01
3.393314182758331299e-01
3.560560345649719238e-01
3.741759359836578369e-01
3.939316272735595703e-01
4.152798056602478027e-01
4.387830197811126709e-01
4.639490842819213867e-01
4.913173615932464600e-01
5.206888318061828613e-01
5.524629354476928711e-01
5.861444473266601562e-01
6.224498748779296875e-01
6.608208417892456055e-01
7.014461755752563477e-01
7.443200349807739258e-01
7.898725271224975586e-01
8.355038166046142578e-01
8.828328847885131836e-01
9.365499019622802734e-01
9.869173765182495117e-01
1.030639290809631348e+00
1.019122958183288574e+00
