-6.737794280052185059e-01
-6.209378838539123535e-01
-5.700060725212097168e-01
-5.208142399787902832e-01
-4.731101393699645996e-01
-4.265709519386291504e-01
-3.808600306510925293e-01
-3.355806469917297363e-01
-2.904209494590759277e-01
-2.450664639472961426e-01
-1.992726922035217285e-01
-1.528615355491638184e-01
-1.057751849293708801e-01
-5.795628577470779419e-02
-9.481854736804962158e-03
3.958445042371749878e-02
8.908336609601974487e-02
1.390478014945983887e-01
1.890758872032165527e-01
2.392877936363220215e-01
2.895435690879821777e-01
3.394561409950256348e-01
3.890715241432189941e-01
4.386754631996154785e-01
4.883942008018493652e-01
5.377648472785949707e-01
5.873367190361022949e-01
6.371268630027770996e-01
6.866523623466491699e-01
7.367056012153625488e-01
7.859632372856140137e-01
8.368471264839172363e-01
8.876314759254455566e-01
9.443672299385070801e-01
9.950818419456481934e-01
1.054162740707397461e+00
1.111253499984741211e+00
1.173720002174377441e+00
1.229394316673278809e+00
1.282443404197692871e+00
1.346587896347045898e+00
1.352035522460937500e+00
