2.000173683058465102e+00
1.900173155104339262e+00
1.800163549958952336e+00
1.700171336972269742e+00
1.600167779886418229e+00
1.500163720288376190e+00
1.400164836650959144e+00
1.300147481810785877e+00
1.200147071790513165e+00
1.100180930742329366e+00
1.000160659238177763e+00
9.001146728406429487e-01
8.001429079321779048e-01
7.002033848056766763e-01
6.001863176006883016e-01
5.000731032562194533e-01
4.000248216721084549e-01
3.002040512524661309e-01
2.001936371412000870e-01
1.001705857586995541e-01
1.259271411988378483e-04
-1.003184502760999380e-01
-1.998034248387938749e-01
-3.000625972181524825e-01
-3.995509681237048305e-01
-5.006992814373351086e-01
-5.993635931898509961e-01
-6.997611404455212902e-01
-8.000748670041413213e-01
-8.997983800296407431e-01
-1.000184179909227700e+00
-1.099596818203820936e+00
-1.196270511449753826e+00
-1.299474535892014337e+00
-1.398977038161201225e+00
-1.499675686880710179e+00
-1.607786842354792078e+00
-1.697870460907608514e+00
-1.799491493014006016e+00
-1.895639234861724143e+00
-1.996306872429125523e+00
-1.994737957647930715e+00
2.000160659238177541e+00
1.900174794680485002e+00
1.800171806494957671e+00
1.700179998782076707e+00
1.600165598926834409e+00
1.500169211622085497e+00
1.400180391084757447e+00
1.300162712769959539e+00
1.200193637141200087e+00
1.100191275479545316e+00
1.000143293536894573e+00
9.001474676032391598e-01
8.001140074463194418e-01
7.001921250255841445e-01
6.002070352861735847e-01
5.001829396525935278e-01
4.000611261864966406e-01
3.002258067681577436e-01
2.002319813285189931e-01
1.000981639727198391e-01
-7.427070673189025980e-05
-9.949304556915425368e-02
-1.997593951419650848e-01
-2.995680181820980503e-01
-3.993875332173733583e-01
-4.990435009996471161e-01
-5.995103641764666369e-01
-6.995784426169278092e-01
-7.995380246145606939e-01
-8.996087746852043932e-01
-9.997264806259599235e-01
-1.097610334340028526e+00
-1.200251543226385387e+00
-1.298386256703577990e+00
-1.401147143089449765e+00
-1.504296126694208535e+00
-1.606774127497967442e+00
-1.693328406082920790e+00
-1.806569276273154667e+00
-1.912609055002812308e+00
-2.014208997332299411e+00
-2.005950018399510704e+00
2.000160659238177541e+00
1.900180259889600265e+00
1.800164926059187209e+00
1.700167872199974672e+00
1.600184136734196239e+00
1.500184312431777744e+00
1.400156195058125608e+00
1.300127898364072720e+00
1.200179941968094521e+00
1.100146446505221753e+00
1.000156317877955114e+00
9.002562191751899423e-01
8.001821269442325191e-01
7.001522803825713792e-01
5.999529027579084683e-01
5.001554831576213722e-01
4.000680409880206234e-01
2.999842594325314860e-01
2.002894912625497181e-01
1.004567061101882125e-01
1.302863902847818206e-05
-9.927574954687334863e-02
-1.987067643983698728e-01
-2.993767472544370811e-01
-4.004618816101779832e-01
-4.992532133922333304e-01
-5.985443142140134398e-01
-6.994588606614310367e-01
-8.009088355662588032e-01
-9.015674168424572255e-01
-1.002482560585275184e+00
-1.103393875268339874e+00
-1.201714066452763241e+00
-1.292054449179874220e+00
-1.407332578295673819e+00
-1.500865757654366472e+00
-1.591290368537955802e+00
-1.671738671256437048e+00
-1.801491368175575092e+00
-1.903632324994707581e+00
-1.988742598034588083e+00
-1.998499934711631898e+00
2.000165000555002681e+00
1.900176980772384061e+00
1.800171118456285857e+00
1.700163541195734318e+00
1.600188498456228903e+00
1.500170584444664001e+00
1.400149281660052258e+00
1.300173591699485431e+00
1.200179941968094521e+00
1.100132652043660730e+00
1.000178024245103270e+00
9.001447348009397054e-01
8.001518529309062933e-01
7.000691145678837879e-01
6.002201196309644438e-01
5.003215684415114328e-01
4.002270510439016049e-01
3.002584379984206686e-01
1.998730568521181472e-01
9.957015469209162806e-02
2.778595628392006313e-04
-9.946683324753456679e-02
-1.999554992153809163e-01
-3.005395199660386152e-01
-3.994594369989462601e-01
-5.016122451646174429e-01
-5.990701999378046372e-01
-6.996306341544638041e-01
-8.040090723556441166e-01
-8.985760183678784818e-01
-1.001105382109643616e+00
-1.102239892038134661e+00
-1.202385577744715661e+00
-1.292096141463782821e+00
-1.405282679033344584e+00
-1.486201952432852913e+00
-1.601091726226678169e+00
-1.685962046918165314e+00
-1.811831141413303703e+00
-1.890529449610273360e+00
-2.008196430876759031e+00
-1.948905387344277651e+00
2.000173683058465102e+00
1.900175887727810098e+00
1.800171806494957671e+00
1.700187794263199548e+00
1.600177594069010834e+00
1.500166465963910012e+00
1.400152738372845596e+00
1.300167064374471604e+00
1.200190898141128226e+00
1.100146446505221753e+00
1.000130268805227152e+00
9.001518400511505646e-01
8.001229530403138890e-01
7.001098331545404507e-01
6.001230680256864902e-01
5.001747028863620104e-01
4.000956990931997526e-01
2.999711989918068533e-01
2.002593679611782418e-01
1.007701878491289449e-01
-6.271395274557474550e-04
-9.971755336587563578e-02
-1.993399609726448640e-01
-2.995636898540428028e-01
-3.986212993736152344e-01
-4.973516919924250157e-01
-5.992582939856938573e-01
-6.983233871682323901e-01
-7.967821146439837410e-01
-8.985106930897319710e-01
-9.966170274017102093e-01
-1.097788719071380648e+00
-1.204414012672261780e+00
-1.300926645875425391e+00
-1.404321941653999595e+00
-1.501044687539500488e+00
-1.604062354919957967e+00
-1.686767819610757613e+00
-1.798152426409904692e+00
-1.901280149551425991e+00
-2.019804308109340418e+00
-1.983033480377003999e+00
2.000169341828431868e+00
1.900169875933478192e+00
1.800170430416523804e+00
1.700173935533351166e+00
1.600176503615230450e+00
1.500170584444664001e+00
1.400164836650959144e+00
1.300190997419918837e+00
1.200185420089161070e+00
1.100136100700128017e+00
1.000156317877955114e+00
9.001966551043095732e-01
8.000293592441343193e-01
7.001929911728786982e-01
6.001634179562983507e-01
5.000332807015575032e-01
4.001890321961565911e-01
3.002388595544787098e-01
2.002155485199239304e-01
1.003326288648378056e-01
-9.512090765640328165e-05
-9.984050827092977309e-02
-1.998295695834761132e-01
-2.997940168249892956e-01
-3.998125919701725484e-01
-5.007969580924188646e-01
-6.004335676981630288e-01
-7.000962862095921890e-01
-7.995818236168698023e-01
-8.982907223129960039e-01
-9.991192758346227887e-01
-1.100995249088231098e+00
-1.199363328613708646e+00
-1.301361054208522106e+00
-1.401150424453001309e+00
-1.503439797642275311e+00
-1.595210740996157783e+00
-1.697206013086779208e+00
-1.791451158229389495e+00
-1.908818598259373056e+00
-1.991199758244302176e+00
-1.995975423840482321e+00
2.000165000555002681e+00
1.900169875933478192e+00
1.800177310765091132e+00
1.700179998782076707e+00
1.600173232237461107e+00
1.500166465963910012e+00
1.400183847549948846e+00
1.300204051252466186e+00
1.200136114511779706e+00
1.100160240528644362e+00
1.000138952003074122e+00
9.001961086071242901e-01
8.002447324132636597e-01
7.001877942631995477e-01
6.002113967782376491e-01
5.001582288852319813e-01
4.002045857634212722e-01
3.001278983640726095e-01
2.001662463631074806e-01
1.000602239311525338e-01
3.559755451255062239e-04
-9.970061564039964241e-02
-1.993757002268385370e-01
-3.000608639089709095e-01
-4.000176407894764918e-01
-4.994122785439599754e-01
-6.010327977126310728e-01
-6.996349837323891929e-01
-7.990045789410648025e-01
-9.020870570905145103e-01
-9.985172469368555070e-01
-1.097899702640813491e+00
-1.202470714592882350e+00
-1.296418902221800895e+00
-1.399628348763798380e+00
-1.506677207833506005e+00
-1.602844166111832225e+00
-1.700782618247405953e+00
-1.809713134541826696e+00
-1.913106528690544428e+00
-1.986682365657583604e+00
-1.991455183023165709e+00
2.000151976474334070e+00
1.900174794680485002e+00
1.800180062873997677e+00
1.700186061946153515e+00
1.600191769719005785e+00
1.500177448492463483e+00
1.400171749801423671e+00
1.300190997419918837e+00
1.200147071790513165e+00
1.100177482441832666e+00
1.000208411336593217e+00
9.001742481557908349e-01
8.001367151328230287e-01
7.002250374084589835e-01
6.002375648108372319e-01
5.001870579771285907e-01
4.001682932399469039e-01
3.000909049996393629e-01
2.002374587932128081e-01
1.000809189101611457e-01
2.040704536936119111e-04
-1.004924773797359200e-01
-2.003824176828634396e-01
-2.999542786872540501e-01
-4.001191103161266804e-01
-4.988037579729113213e-01
-5.984529957001538669e-01
-6.997763687343702133e-01
-7.995818236168698023e-01
-8.993469107200442458e-01
-9.989459445682795646e-01
-1.097751186929023959e+00
-1.204147778392239632e+00
-1.300392051549714045e+00
-1.395655126372799870e+00
-1.504162993882895538e+00
-1.604430749562558267e+00
-1.691935259075981524e+00
-1.802248177933899909e+00
-1.897497690814547777e+00
-1.993196066922065857e+00
-1.999934860713038942e+00
2.000169341828431868e+00
1.900189550587261023e+00
1.800171806494957671e+00
1.700176534078884583e+00
1.600179774968357727e+00
1.500182939652593639e+00
1.400163108346148322e+00
1.300162712769959539e+00
1.200166246363107536e+00
1.100146446505221753e+00
1.000112901888685180e+00
9.001972016008070732e-01
8.002117108729843720e-01
7.001184961910883464e-01
6.001688703621029797e-01
5.001843124317778555e-01
4.001371829486046749e-01
3.000082025538130526e-01
2.003524695963587177e-01
1.002016199703591737e-01
-1.081527915753526328e-04
-1.004322714357070850e-01
-1.993818861655658470e-01
-2.997602394382540836e-01
-3.997657061070114537e-01
-4.999584798496069515e-01
-5.995155452352616265e-01
-7.001289441043687667e-01
-8.000803484094323181e-01
-9.006474476185524214e-01
-1.001123233928690626e+00
-1.098401658917204760e+00
-1.197636825690452600e+00
-1.297226644126485473e+00
-1.397845559893156064e+00
-1.497136073861668137e+00
-1.602878973855883071e+00
-1.693427015831841631e+00
-1.801290690899655100e+00
-1.897981576790258806e+00
-2.024830225926725458e+00
-1.992171172635692766e+00
2.000173683058465102e+00
1.900161131356799649e+00
1.800174558638744537e+00
1.700191258876561973e+00
1.600176503615230450e+00
1.500158228885231981e+00
1.400152738372845596e+00
1.300180118926396844e+00
1.200166246363107536e+00
1.100232651964506259e+00
1.000143293536894573e+00
9.002043059926967405e-01
8.000981801747756306e-01
7.002077154125966318e-01
6.002048545237160804e-01
5.001321437720250840e-01
4.000784129838791947e-01
3.001888217430135897e-01
2.000237864626415452e-01
1.005290681362924488e-01
-9.555529748688685210e-05
-1.001729339779397765e-01
-1.997421972539717150e-01
-3.001137329513993701e-01
-3.999085602164668130e-01
-4.990393900040512865e-01
-6.004041470599187358e-01
-6.984686836664082410e-01
-7.999515536718158071e-01
-9.001088219866215656e-01
-1.000272388042731109e+00
-1.102583510127280064e+00
-1.197230378297319264e+00
-1.298016913890602586e+00
-1.398399518095103211e+00
-1.505617182961097145e+00
-1.595234681597685444e+00
-1.695134796394464738e+00
-1.816274741954421623e+00
-1.919589992844362936e+00
-1.986855083374924780e+00
-1.997440874401242406e+00
2.000165000555002681e+00
1.900180259889600265e+00
1.800179374848406066e+00
1.700176534078884583e+00
1.600161236974809498e+00
1.500159601742527604e+00
1.400178662841845778e+00
1.300175767452689257e+00
1.200185420089161070e+00
1.100198171834131822e+00
1.000156317877955114e+00
9.001687828710223105e-01
8.001828149654641731e-01
7.002241713250744182e-01
6.001536034533453412e-01
5.001266519695970469e-01
4.001579233904483668e-01
3.001931730859244696e-01
2.001278963713034320e-01
1.001878272611852194e-01
6.513928696113372992e-05
-1.000110633622810219e-01
-2.001744146505379240e-01
-2.993559808208737238e-01
-3.990739105014045607e-01
-5.000642313142439344e-01
-5.997401171748706350e-01
-7.009287399725904200e-01
-7.997734962052592822e-01
-8.995191718747588272e-01
-9.986817475051162907e-01
-1.098285101084539805e+00
-1.197045755154808377e+00
-1.303247072646516180e+00
-1.400052552359980496e+00
-1.491716787843273329e+00
-1.601419445279452791e+00
-1.698553281628302436e+00
-1.802182076530541410e+00
-1.894796484289658078e+00
-1.993302965969511620e+00
-2.006476478471023395e+00
2.000169341828431868e+00
1.900173155104339262e+00
1.800171806494957671e+00
1.700179998782076707e+00
1.600169960835049698e+00
1.500166465963910012e+00
1.400168293239946848e+00
1.300184470356504640e+00
1.200163507190282086e+00
1.100177482441832666e+00
1.000208411336593217e+00
9.001573055491352005e-01
8.002213424149295928e-01
7.001704707817872908e-01
6.001307020838809736e-01
5.002117671042550784e-01
3.999937011012444366e-01
3.000713190015094622e-01
2.001388538573805886e-01
9.962540141419942707e-02
-2.232847527969218572e-04
-9.954547495909166210e-02
-1.995468770429424943e-01
-2.999317518265030569e-01
-4.008082024325119730e-01
-4.991928935716734017e-01
-6.010951928588768034e-01
-6.997546141994716029e-01
-8.004559894490722582e-01
-8.999604720340592667e-01
-1.000176793834120836e+00
-1.099783124983265692e+00
-1.199674100304985336e+00
-1.300383378496194897e+00
-1.401400975076243061e+00
-1.501921131722377734e+00
-1.605592101066245059e+00
-1.701496245533038465e+00
-1.799401181195449340e+00
-1.894551131720501713e+00
-1.999900123754490222e+00
-2.000621485577291470e+00
2.000169341828431868e+00
1.900175887727810098e+00
1.800178686821724439e+00
1.700173069348051680e+00
1.600166689407995557e+00
1.500170584444664001e+00
1.400176934592056499e+00
1.300151833567913195e+00
1.200166246363107536e+00
1.100177482441832666e+00
1.000143293536894573e+00
9.001693294025940872e-01
8.002406048580349429e-01
7.002250374084589835e-01
6.002484676924160212e-01
5.001307708279285613e-01
4.004188226695157282e-01
3.000103791357486283e-01
2.001881591237818780e-01
1.001912754795452332e-01
4.167227077164003071e-04
-9.958862472582330483e-02
-1.994148793269463482e-01
-2.993862655350182922e-01
-3.993820864462609976e-01
-4.998843318436005378e-01
-6.010691937918519745e-01
-6.992154500632432601e-01
-8.006123738195713990e-01
-8.999915178312132280e-01
-1.000566689566352085e+00
-1.099052561069263634e+00
-1.200880790319024838e+00
-1.301195927851134249e+00
-1.400047097242091532e+00
-1.498732545542805994e+00
-1.599829978475875825e+00
-1.700218221548799979e+00
-1.798665702695975366e+00
-1.910684941072953613e+00
-2.006886634216987542e+00
-1.993598143944234957e+00
2.000165000555002681e+00
1.900175341204491497e+00
1.800176622735139453e+00
1.700166139803461318e+00
1.600179774968357727e+00
1.500169211622085497e+00
1.400173478071845556e+00
1.300143130010052328e+00
1.200168985518656806e+00
1.100180930742329366e+00
1.000169341828431646e+00
9.001884575743226424e-01
8.001298341410807424e-01
7.001332229566442633e-01
6.001612369748094977e-01
5.002213758296025770e-01
4.002719781188959214e-01
3.002910667770816722e-01
2.002182873645362293e-01
9.998088404138766316e-02
7.382378707942974954e-05
-1.002473271967099511e-01
-1.992197062358214976e-01
-3.003105316839465022e-01
-3.992121814927032664e-01
-4.998692291720713277e-01
-5.988408009762106188e-01
-6.994806003862142907e-01
-7.988870354533694762e-01
-9.000329156800069841e-01
-1.001205535949677206e+00
-1.101712074695791577e+00
-1.199953434500761418e+00
-1.300594182745644867e+00
-1.399771157691504619e+00
-1.501422058288106598e+00
-1.594747579186974074e+00
-1.696810424635077252e+00
-1.798911634946345428e+00
-1.899302134009482002e+00
-1.987331466103669841e+00
-2.000303243392628438e+00
2.000169341828431868e+00
1.900178620334087132e+00
1.800180750898499271e+00
1.700174801716923367e+00
1.600181955856752936e+00
1.500170584444664001e+00
1.400190760397804768e+00
1.300164888577665767e+00
1.200201854037771687e+00
1.100194723670527397e+00
1.000160659238177763e+00
9.001955621092513349e-01
8.001325865508603918e-01
7.001851957850393493e-01
6.001884984562287917e-01
5.001156681563995177e-01
4.002996232397724730e-01
3.001322503174351786e-01
2.001415931857030428e-01
1.001740341139561868e-01
2.648388663164649498e-04
-9.947338617962159235e-02
-2.001420522742995978e-01
-3.000452644376301881e-01
-4.005831171046264627e-01
-4.990517231075837778e-01
-5.983961467011463808e-01
-6.995284316116792134e-01
-8.001022747224527665e-01
-8.993675784513232019e-01
-1.000290640238396644e+00
-1.099511067458037727e+00
-1.198466638472974077e+00
-1.306579978888895877e+00
-1.399058670723511755e+00
-1.501951480646387616e+00
-1.597580408376388483e+00
-1.719824699865311279e+00
-1.793028484403092593e+00
-1.901955356078298243e+00
-2.007797417222402458e+00
-2.014283494308387379e+00
2.000169341828431868e+00
1.900180259889600265e+00
1.800174558638744537e+00
1.700171336972269742e+00
1.600176503615230450e+00
1.500184312431777744e+00
1.400185575772228574e+00
1.300193173085924414e+00
1.200174463777927025e+00
1.100170585758699637e+00
1.000091192266346907e+00
9.001928296095712545e-01
8.001580455144098325e-01
7.001297578802635480e-01
6.001775940690107225e-01
5.001170411482411815e-01
4.003048065040321624e-01
3.001366022271882983e-01
2.001333751488999224e-01
9.989807913495465930e-02
1.085600510348161207e-04
-1.001045690948589306e-01
-1.999830296816582365e-01
-2.998044103956021278e-01
-4.005853018383697672e-01
-5.000546164805836913e-01
-6.007902351022352816e-01
-7.012647883365992207e-01
-8.012824458716635290e-01
-9.014254899742925042e-01
-9.995702611485657307e-01
-1.096824791078111261e+00
-1.202025833919434072e+00
-1.299503963331674505e+00
-1.398050767887323076e+00
-1.500527368861877875e+00
-1.589946913051184962e+00
-1.704694655072131138e+00
-1.791727986921719973e+00
-1.918674299424007135e+00
-1.991634069794224970e+00
-2.010061875662197295e+00
2.000173683058465102e+00
1.900179713371783707e+00
1.800173182569031027e+00
1.700171336972269742e+00
1.600184136734196239e+00
1.500173330076802092e+00
1.400170021524124175e+00
1.300173591699485431e+00
1.200152550326212042e+00
1.100163688966043996e+00
1.000143293536894573e+00
9.001950156106908185e-01
8.000995564821555828e-01
7.002025186791107636e-01
6.001165244404264021e-01
5.001266519695970469e-01
4.000196350651585298e-01
3.001909974199187259e-01
2.004838732302664517e-01
1.007529694513380203e-01
1.953885577274416026e-04
-9.972301728920500430e-02
-1.989957775927310435e-01
-2.999794061797274591e-01
-4.004455010306852136e-01
-5.005768727069236368e-01
-6.000184019452519113e-01
-6.997241596812286968e-01
-7.993710814288710331e-01
-8.982013910004431612e-01
-9.979376627440816883e-01
-1.101540301722057302e+00
-1.200443735600003503e+00
-1.298298207240035973e+00
-1.398707215692136518e+00
-1.498290468134289677e+00
-1.597802261399856372e+00
-1.702191358174550473e+00
-1.792007682420862613e+00
-1.888304080473004243e+00
-2.010050319496592852e+00
-1.987981538153480443e+00
2.000160659238177541e+00
1.900173701630408996e+00
1.800167678246576086e+00
1.700168738395639867e+00
1.600180865413924236e+00
1.500184312431777744e+00
1.400185575772228574e+00
1.300186646055208950e+00
1.200163507190282086e+00
1.100129203359808239e+00
1.000195388557727494e+00
9.001802598896003760e-01
8.002137747928117495e-01
7.002085815287987236e-01
6.001372454555291558e-01
5.002145124760475348e-01
4.001579233904483668e-01
3.000582611786847265e-01
2.002073318824516557e-01
1.001188571439335095e-01
1.650005550029350477e-04
-9.960446558941976614e-02
-1.995950111916333369e-01
-3.000565306662822396e-01
-3.987354956667245598e-01
-5.000958244093659522e-01
-5.993376975756825598e-01
-7.006321860490996034e-01
-7.995736109674655978e-01
-9.007027290629771032e-01
-1.000318454583103644e+00
-1.100245686032367054e+00
-1.199388072192404842e+00
-1.297155185721504678e+00
-1.401878405916292536e+00
-1.496579782427291061e+00
-1.599054672876878413e+00
-1.715851367160464935e+00
-1.795131504769439834e+00
-1.897422239474623851e+00
-1.993709422489954530e+00
-2.000565819844140503e+00
2.000169341828431868e+00
1.900168782871022310e+00
1.800175934704097758e+00
1.700173069348051680e+00
1.600168870362102869e+00
1.500167838795167574e+00
1.400202857616787977e+00
1.300173591699485431e+00
1.200155289568145101e+00
1.100142997930908084e+00
1.000191047544659151e+00
9.001747946804850020e-01
8.002399169283496150e-01
7.001886604191314145e-01
6.002223003167714843e-01
5.002227484872979746e-01
4.002546990246789171e-01
3.000800239986164963e-01
2.002484135153539957e-01
1.001188571439335095e-01
-6.297726583807279068e-05
-9.977000986774138547e-02
-1.998550278209939302e-01
-2.997455167840845092e-01
-4.000176407894764918e-01
-5.005534951880348249e-01
-5.993843107929764935e-01
-7.004513003870500576e-01
-7.995161267697334928e-01
-9.010483976092330538e-01
-9.999696004502386382e-01
-1.101701096754783782e+00
-1.200400329887123085e+00
-1.297590144736502138e+00
-1.400905484134532530e+00
-1.499036649361939588e+00
-1.596562027762892466e+00
-1.701872080261140452e+00
-1.801650876526376788e+00
-1.900958497316484586e+00
-1.988890736902362288e+00
-1.996281036176885459e+00
2.000160659238177541e+00
1.900176434250441027e+00
1.800170430416523804e+00
1.700167872199974672e+00
1.600180865413924236e+00
1.500173330076802092e+00
1.400168293239946848e+00
1.300171415935381214e+00
1.200177202881648419e+00
1.100146446505221753e+00
1.000165000555002903e+00
9.001737016304089956e-01
8.001318984500508380e-01
7.001947234622856175e-01
6.001895888798922662e-01
5.002254937896731812e-01
4.002011294632779603e-01
3.001648885776658227e-01
2.001224175245893133e-01
1.001119595297488146e-01
3.776719357750356353e-04
-1.001056628482762112e-01
-1.998605325010061329e-01
-2.999516793744563259e-01
-3.994670638559126852e-01
-4.988229325455055818e-01
-5.993014463096951738e-01
-6.996545573721538736e-01
-7.998392319998202105e-01
-8.999639214574820523e-01
-1.000787655432738177e+00
-1.099688595719829243e+00
-1.199241006076808613e+00
-1.299742052702694606e+00
-1.400286095655068674e+00
-1.500054616480583691e+00
-1.598809763807374384e+00
-1.719624256605146284e+00
-1.810841078048947228e+00
-1.904862044484874950e+00
-1.996207841807881911e+00
-1.996182011446143267e+00
2.000169341828431868e+00
1.900170968993182941e+00
1.800176622735139453e+00
1.700164407400037714e+00
1.600169960835049698e+00
1.500181566869070116e+00
1.400178662841845778e+00
1.300158361121844131e+00
1.200174463777927025e+00
1.100174034113956090e+00
1.000173683058464880e+00
9.001955621092513349e-01
8.001573574539365685e-01
7.001730693480515688e-01
6.001405171043835418e-01
5.001774484924633724e-01
4.001665649488918564e-01
3.001170182898695860e-01
2.001141991249189289e-01
1.004773822051187870e-01
4.037061738828112397e-04
-9.943188594619678522e-02
-1.996713491375175786e-01
-2.998572482258589633e-01
-3.995139174873917898e-01
-4.996907828231525461e-01
-5.999561612990024217e-01
-6.995393030794568867e-01
-8.002448227465253083e-01
-9.005369058355892076e-01
-9.997829070277698404e-01
-1.099501237244119745e+00
-1.199573693981921041e+00
-1.298634099545459053e+00
-1.398912831326958095e+00
-1.502891968222312968e+00
-1.601063994165214055e+00
-1.698924405809299820e+00
-1.800387417574349724e+00
-1.895676804327181886e+00
-1.999084604046653224e+00
-2.002675225125345015e+00
2.000169341828431868e+00
1.900182445953989552e+00
1.800172494532539469e+00
1.700162674989703193e+00
1.600175413158711812e+00
1.500182939652593639e+00
1.400159651715892961e+00
1.300167064374471604e+00
1.200160768000179790e+00
1.100136100700128017e+00
1.000178024245103270e+00
9.002179679581553406e-01
8.001491006432280839e-01
7.002051170536266467e-01
6.001099807565717370e-01
5.001994127164196557e-01
4.002564269650374373e-01
3.003606666461227648e-01
2.002621065294614422e-01
9.972551818849297034e-02
6.079697177773817269e-05
-9.928775804641706837e-02
-1.996403997043507406e-01
-3.000461310602273168e-01
-4.003450469897463782e-01
-4.995851222437325823e-01
-6.002812941693879134e-01
-6.998285840646187861e-01
-8.002146644546550558e-01
-8.997742438425724298e-01
-1.002167753336808964e+00
-1.099493045569154281e+00
-1.202528866423056675e+00
-1.299484921819503702e+00
-1.402456185498067498e+00
-1.499742936480256805e+00
-1.601454139017815415e+00
-1.701605466287054114e+00
-1.803033902174934200e+00
-1.890762408520431759e+00
-2.002069559216276939e+00
-2.001041818175819831e+00
2.000169341828431868e+00
1.900179713371783707e+00
1.800175934704097758e+00
1.700166139803461318e+00
1.600177594069010834e+00
1.500182939652593639e+00
1.400194216780470180e+00
1.300188821743013534e+00
1.200182681037265331e+00
1.100170585758699637e+00
1.000178024245103270e+00
9.001764342504410266e-01
8.001814389219108481e-01
7.001670060025817488e-01
6.002517385035158748e-01
5.001994127164196557e-01
4.001198984904090206e-01
3.001888217430135897e-01
2.001443324967472071e-01
1.004567061101882125e-01
2.084113365933316919e-04
-9.998810012130129876e-02
-1.999857828242739000e-01
-3.005846379550051184e-01
-3.993069279800478544e-01
-5.006758973285889702e-01
-6.006343735049164412e-01
-6.994697303877929206e-01
-8.002393392649576054e-01
-8.998328626239376904e-01
-1.000520596689037589e+00
-1.100229274730028628e+00
-1.202151710364674386e+00
-1.294998036884336789e+00
-1.399375550411095848e+00
-1.499209343600976352e+00
-1.600020130979428634e+00
-1.698050274603795318e+00
-1.802884918912733614e+00
-1.905221515024293044e+00
-2.016624530597144194e+00
-1.997929018089446007e+00
2.000173683058465102e+00
1.900169875933478192e+00
1.800173870604432791e+00
1.700165273602613381e+00
1.600179774968357727e+00
1.500185685206622876e+00
1.400173478071845556e+00
1.300156185281435173e+00
1.200177202881648419e+00
1.100174034113956090e+00
1.000156317877955114e+00
9.001507469432996622e-01
8.001511648606219884e-01
7.002016525508174549e-01
5.999354461394643678e-01
5.000868343249971204e-01
4.001268123562358725e-01
3.003171680351046091e-01
1.999689817477761367e-01
9.988427678213884775e-02
3.908474458413416355e-05
-1.000859757082022405e-01
-1.996974859321463125e-01
-2.996788380703510613e-01
-3.997199154987747804e-01
-4.999145387623447623e-01
-6.008248786103544958e-01
-6.990981401091361791e-01
-7.987066817343028147e-01
-8.993262439722795598e-01
-1.000406689995684939e+00
-1.099672751787350355e+00
-1.199789665079016521e+00
-1.299635545685814186e+00
-1.400085284506334293e+00
-1.497424043577187058e+00
-1.608694311857091330e+00
-1.700287914259550170e+00
-1.811482111530648975e+00
-1.895096548010963833e+00
-2.012984323440368151e+00
-2.002283432670106222e+00
2.000160659238177541e+00
1.900170422463674402e+00
1.800174558638744537e+00
1.700176534078884583e+00
1.600180865413924236e+00
1.500187057977128591e+00
1.400190760397804768e+00
1.300182294646900605e+00
1.200147071790513165e+00
1.100139549329210320e+00
1.000199729527405212e+00
9.001649571307617226e-01
8.001353389431963281e-01
7.001479492228379620e-01
6.003116990084859106e-01
5.002405926425447236e-01
4.000974276662905837e-01
3.003280430963148340e-01
2.000265265168496287e-01
1.004704902828476576e-01
1.606592381776473990e-04
-9.983832210199961033e-02
-1.997504521552160850e-01
-3.005768287368713598e-01
-3.997362687332000064e-01
-5.010212848258462914e-01
-6.007278837507881164e-01
-6.969833151490236745e-01
-7.985755624200883140e-01
-8.999087339701313804e-01
-9.983008937077637590e-01
-1.103295251429120993e+00
-1.199967199450308941e+00
-1.306636287189185675e+00
-1.395822564690669232e+00
-1.490182103101666655e+00
-1.599082276924552071e+00
-1.699939562490246692e+00
-1.791488775069703498e+00
-1.885162254511623781e+00
-1.976784590765021221e+00
-2.001939976963127865e+00
2.000160659238177541e+00
1.900176980772384061e+00
1.800165614107669398e+00
1.700160076361244110e+00
1.600175413158711812e+00
1.500192549015759935e+00
1.400175206335389833e+00
1.300223631265629898e+00
1.200141593185703126e+00
1.100184379015446634e+00
1.000173683058464880e+00
9.001600382723344840e-01
8.001470364160228055e-01
7.002241713250744182e-01
6.000968930930662415e-01
5.001911762626108926e-01
4.001077989603567531e-01
3.004085100866896729e-01
1.998675747895096444e-01
1.000912660298686474e-01
6.596264233148554619e-04
-1.000389489301799634e-01
-1.997222485570558648e-01
-3.007365117805947397e-01
-4.002522568373277911e-01
-5.007845753286599422e-01
-5.999855516037336800e-01
-7.017059736462067931e-01
-8.004450172215168413e-01
-8.995191718747588272e-01
-1.001099721929993303e+00
-1.105788645928369229e+00
-1.195350213697901731e+00
-1.305184285074959316e+00
-1.402152399072564615e+00
-1.502480167952157775e+00
-1.601426383805407472e+00
-1.688277917751916490e+00
-1.825908195869597073e+00
-1.911608727487371651e+00
-2.019329101274021987e+00
-1.995025525840514291e+00
2.000156317877955114e+00
1.900180259889600265e+00
1.800182126944232408e+00
1.700160942572458200e+00
1.600173232237461107e+00
1.500165093128313032e+00
1.400166564948891912e+00
1.300190997419918837e+00
1.200190898141128226e+00
1.100208516160684269e+00
1.000143293536894573e+00
9.002015735480310976e-01
8.001002446342099228e-01
7.002596793276388842e-01
6.001677798864182289e-01
4.999838407255732253e-01
4.003721833105902128e-01
3.001431300100523836e-01
2.001498110670014152e-01
1.004670442806981506e-01
-5.906806625840844575e-05
-9.954875200612942066e-02
-1.994080055449584665e-01
-2.999326182226183524e-01
-3.988780112512709253e-01
-4.999543601838080664e-01
-5.997435730349626182e-01
-7.002443550047441345e-01
-8.021269997121164286e-01
-8.979506743378538047e-01
-9.989242830232728521e-01
-1.100160900978137013e+00
-1.199903884294472256e+00
-1.300737379783656333e+00
-1.403166580547965170e+00
-1.492204825873773899e+00
-1.594290029892748484e+00
-1.698731208033936957e+00
-1.780253102104988105e+00
-1.916518880428748517e+00
-2.006896341517623750e+00
-1.989627949674514396e+00
2.000169341828431868e+00
1.900171515522003585e+00
1.800180062873997677e+00
1.700173935533351166e+00
1.600171051305258052e+00
1.500176075691582289e+00
1.400206313903177957e+00
1.300160536951352253e+00
1.200149811067001471e+00
1.100160240528644362e+00
1.000125927141198856e+00
9.001982945917391676e-01
8.001855670394910636e-01
7.001323566901409556e-01
6.001372454555291558e-01
5.001335167117813008e-01
4.002598828251293650e-01
3.001213703522593867e-01
2.003935375030534705e-01
1.004532599986630026e-01
3.038997848124583463e-04
-9.998645993626269213e-02
-1.995207493104429741e-01
-3.004267454959416161e-01
-3.996773999708782554e-01
-4.991298408975940459e-01
-5.993584139434898761e-01
-6.981542972346885811e-01
-7.993874992247562705e-01
-9.020038728573676057e-01
-9.976654387483028241e-01
-1.099334157641933096e+00
-1.203282775501588686e+00
-1.297288641665455655e+00
-1.396763579701329805e+00
-1.495903104361123059e+00
-1.605416999972489878e+00
-1.704338355075096123e+00
-1.796939902404039113e+00
-1.874635863211493669e+00
-1.985391267256443104e+00
-1.999882756317071131e+00
2.000169341828431868e+00
1.900173155104339262e+00
1.800171118456285857e+00
1.700168738395639867e+00
1.600174322699455587e+00
1.500184312431777744e+00
1.400166564948891912e+00
1.300177943194993135e+00
1.200149811067001471e+00
1.100174034113956090e+00
1.000143293536894573e+00
9.001911901015108297e-01
8.001422198477213810e-01
7.001670060025817488e-01
6.002855354425306045e-01
5.001156681563995177e-01
4.003721833105902128e-01
3.002192802278805250e-01
2.002484135153539957e-01
1.003326288648378056e-01
9.119226634683174639e-05
-9.869482574046499479e-02
-2.002701387716079862e-01
-3.001501383287694669e-01
-3.992437613585328449e-01
-4.998829588517588740e-01
-5.997314776449497176e-01
-6.999286809984905933e-01
-8.000693856680324290e-01
-9.009308394314797797e-01
-9.997351611336835475e-01
-1.100644671431594279e+00
-1.198055302666635624e+00
-1.299868509578090192e+00
-1.395528780190189666e+00
-1.498480656817060774e+00
-1.593470038379958487e+00
-1.704129549608357719e+00
-1.801010447724535002e+00
-1.885348990471092945e+00
-1.986547609296365646e+00
-2.023530342810358373e+00
2.000173683058465102e+00
1.900178073814207114e+00
1.800179374848406066e+00
1.700171336972269742e+00
1.600172141772728596e+00
1.500185685206622876e+00
1.400173478071845556e+00
1.300182294646900605e+00
1.200160768000179790e+00
1.100163688966043996e+00
1.000186706488199739e+00
9.001649571307617226e-01
8.001353389431963281e-01
7.001713369722696312e-01
6.001786845200531850e-01
5.002021581663106398e-01
3.999625783001902191e-01
2.998775876710531030e-01
2.001361145117796503e-01
9.941818995843239304e-02
5.251786540546386339e-04
-9.961812197007563485e-02
-1.999217767723850681e-01
-2.995861976310073005e-01
-4.000285503537898690e-01
-5.006195055400334271e-01
-5.992220493467708131e-01
-7.004447637616365574e-01
-8.014446268279118435e-01
-9.014670247447374996e-01
-1.000065583418440207e+00
-1.099700615640399670e+00
-1.201390093149706573e+00
-1.301814170447850971e+00
-1.396537333628661948e+00
-1.506699522616055553e+00
-1.603140120898016718e+00
-1.697439644313999185e+00
-1.798288876857773388e+00
-1.887415105156875716e+00
-1.997488368715091722e+00
-1.999635345768545847e+00
2.000165000555002681e+00
1.900176980772384061e+00
1.800178686821724439e+00
1.700181731123307616e+00
1.600185227168811286e+00
1.500177448492463483e+00
1.400175206335389833e+00
1.300180118926396844e+00
1.200182681037265331e+00
1.100139549329210320e+00
1.000151976474334292e+00
9.001414554154812953e-01
8.002406048580349429e-01
7.001626749897031932e-01
6.001852271688112861e-01
5.001637202883761901e-01
4.001717498014236707e-01
3.003563169810711808e-01
2.003196124746698115e-01
1.000602239311525338e-01
3.950282679178880835e-04
-9.970334748692558091e-02
-2.000394725940164709e-01
-2.995576302672357527e-01
-3.985310511674843292e-01
-5.001397838435214238e-01
-6.016259138486438340e-01
-6.997154587825400451e-01
-7.995900364215807743e-01
-9.028815756553502103e-01
-1.001402863038640012e+00
-1.095960489716689246e+00
-1.201129156111101048e+00
-1.298853562819798801e+00
-1.404912913096330485e+00
-1.506515459940565682e+00
-1.598428877034158146e+00
-1.701253873590272248e+00
-1.800381932292069331e+00
-1.900616354898123195e+00
-1.997751840579284011e+00
-2.013269906273067456e+00
2.000165000555002681e+00
1.900175341204491497e+00
1.800174558638744537e+00
1.700176534078884583e+00
1.600160146479957968e+00
1.500176075691582289e+00
1.400176934592056499e+00
1.300175767452689257e+00
1.200155289568145101e+00
1.100136100700128017e+00
1.000160659238177763e+00
9.001594917290702824e-01
8.001883190960784598e-01
7.001046352496641534e-01
6.000925304509178160e-01
5.001719572629028665e-01
4.001838475499488457e-01
3.002867164148950718e-01
2.000402265285826375e-01
1.003050513289693441e-01
5.555414660992596650e-04
-1.000843351534792397e-01
-2.000566822582577342e-01
-2.997013518159412082e-01
-3.994049633440007185e-01
-4.992559554013307754e-01
-5.994464695328939330e-01
-7.003641534698165083e-01
-8.014528749354934423e-01
-8.993090224337036975e-01
-9.999739431127846467e-01
-1.097547264591466343e+00
-1.200315597901091991e+00
-1.297478133445832515e+00
-1.399475780427884342e+00
-1.492386969498227689e+00
-1.602941634826243744e+00
-1.705108505801151697e+00
-1.797498060365544825e+00
-1.907440754819827111e+00
-2.009701556906277720e+00
-2.003272985189389122e+00
2.000165000555002681e+00
1.900180259889600265e+00
1.800178686821724439e+00
1.700184329622197676e+00
1.600167779886418229e+00
1.500160974595483587e+00
1.400189032196156536e+00
1.300132250317435290e+00
1.200168985518656806e+00
1.100125754648569654e+00
1.000143293536894573e+00
9.001665967378571498e-01
8.001263936043256919e-01
7.001081005264940815e-01
6.001459697977056251e-01
5.002090217151078377e-01
4.001579233904483668e-01
3.002693145303563238e-01
2.000868033360863607e-01
1.001361007001280862e-01
-1.581119695373376798e-04
-9.926264974423444631e-02
-2.008318238298493208e-01
-2.996346798821408197e-01
-3.987028650902582072e-01
-5.001796259245087084e-01
-5.997072878754711178e-01
-6.989309195914346073e-01
-7.991659113303331008e-01
-8.989544105868032542e-01
-9.993663924774449647e-01
-1.103961811202863519e+00
-1.200616023269555521e+00
-1.291212101908754573e+00
-1.399006424116019165e+00
-1.502034261220099642e+00
-1.603305595281638185e+00
-1.701515903241736183e+00
-1.798780453748757724e+00
-1.914720127599881749e+00
-1.991404086047992461e+00
-1.978459271432705169e+00
2.000156317877955114e+00
1.900182992468367749e+00
1.800182814965464173e+00
1.700179132608869992e+00
1.600169960835049698e+00
1.500184312431777744e+00
1.400164836650959144e+00
1.300186646055208950e+00
1.200190898141128226e+00
1.100218860240854246e+00
1.000169341828431646e+00
9.001928296095712545e-01
8.001718064949575604e-01
7.002354302743568626e-01
6.001983121706396807e-01
5.001142951602172149e-01
4.003687283440074407e-01
3.000386737082813560e-01
2.003990129305394663e-01
1.001223059099449753e-01
-2.915094097051565370e-04
-9.948157748377593756e-02
-2.002956228490472557e-01
-3.005698873275233773e-01
-4.012149629751315394e-01
-4.999543601838080664e-01
-6.003695370958095356e-01
-7.010225454955094637e-01
-8.012796975637839214e-01
-9.023158959203415597e-01
-9.966127181765777054e-01
-1.094897926214323691e+00
-1.199511811236485537e+00
-1.296388823718744865e+00
-1.388553921924521095e+00
-1.490956165322167237e+00
-1.603926250191080038e+00
-1.689614731841086792e+00
-1.804299560169735361e+00
-1.919012953089112905e+00
-2.002712369840676576e+00
-2.016238439713835096e+00
2.000165000555002681e+00
1.900167689805815296e+00
1.800172494532539469e+00
1.700171336972269742e+00
1.600184136734196239e+00
1.500203530884747671e+00
1.400152738372845596e+00
1.300164888577665767e+00
1.200144332496747124e+00
1.100191275479545316e+00
1.000186706488199739e+00
9.001518400511505646e-01
8.001195124490451116e-01
7.002051170536266467e-01
6.001361549004340379e-01
5.000538790305555370e-01
4.000974276662905837e-01
3.004128592290365996e-01
2.002265037947407733e-01
1.000326290916977168e-01
4.991516969420595976e-04
-1.001089441250557072e-01
-1.991757356748784513e-01
-3.003365469999340620e-01
-4.006115195005755525e-01
-5.001287935678265795e-01
-5.980190645133913740e-01
-7.000962862095921890e-01
-7.994039176413131331e-01
-9.015570303767960203e-01
-1.002156405326057431e+00
-1.098378235906642741e+00
-1.197004054867120360e+00
-1.301447988042157222e+00
-1.394572118698436780e+00
-1.500725418107782705e+00
-1.599154745898533792e+00
-1.700446942625842839e+00
-1.820112277585221872e+00
-1.896162083974390233e+00
-1.995915187628585885e+00
-1.982344895630463455e+00
2.000160659238177541e+00
1.900177527293639423e+00
1.800181438921910848e+00
1.700180864953555915e+00
1.600175413158711812e+00
1.500189803505122654e+00
1.400159651715892961e+00
1.300184470356504640e+00
1.200149811067001471e+00
1.100160240528644362e+00
1.000165000555002903e+00
9.001469210441549462e-01
8.001903831270744671e-01
7.001964557447828419e-01
6.001601464799578567e-01
5.000483862383476863e-01
4.004671841223418349e-01
3.002105780216053899e-01
2.001087201054032871e-01
1.002567864270617753e-01
2.778595628392006313e-04
-9.996185790398588733e-02
-1.999857828242739000e-01
-2.999794061797274591e-01
-3.995793030961606873e-01
-4.992491004110473640e-01
-5.989115050309651300e-01
-7.002726680233957168e-01
-7.999871739270699722e-01
-8.997776917871719293e-01
-9.992579906732651507e-01
-1.099950924114750928e+00
-1.199207339065583300e+00
-1.297423000036172613e+00
-1.402706393066047275e+00
-1.503211451396902154e+00
-1.597466945987596088e+00
-1.693718688721155496e+00
-1.795907161597460888e+00
-1.905672145783497973e+00
-1.990978511552744301e+00
-1.997972243083450561e+00
2.000165000555002681e+00
1.900178073814207114e+00
1.800175246671966267e+00
1.700174801716923367e+00
1.600162327466922996e+00
1.500184312431777744e+00
1.400164836650959144e+00
1.300182294646900605e+00
1.200171724656929895e+00
1.100187827261185136e+00
1.000225774434322812e+00
9.001775272936395345e-01
8.002110228975288786e-01
6.999945983325571719e-01
6.002571898006086037e-01
5.001060570919688697e-01
4.001821193207918403e-01
3.000169088161051545e-01
2.002374587932128081e-01
1.001429979309081120e-01
5.381915477179622775e-04
-1.000252793104243199e-01
-1.996507159370114470e-01
-3.000669305213717886e-01
-3.997308175866384206e-01
-4.987695197702128880e-01
-5.996001779461803682e-01
-6.979094503273509664e-01
-7.996721730118566684e-01
-9.014912551953758735e-01
-9.987510295475227062e-01
-1.096005993430023251e+00
-1.195214719763840971e+00
-1.298922708082869359e+00
-1.403179767327070060e+00
-1.496536181846785718e+00
-1.583457677608069103e+00
-1.702848146276715324e+00
-1.791752184221570676e+00
-1.911183754054769146e+00
-1.999574599819793574e+00
-2.047957689205057719e+00
2.000169341828431868e+00
1.900175887727810098e+00
1.800179374848406066e+00
1.700184329622197676e+00
1.600161236974809498e+00
1.500165093128313032e+00
1.400173478071845556e+00
1.300162712769959539e+00
1.200152550326212042e+00
1.100132652043660730e+00
1.000143293536894573e+00
9.001890040811357796e-01
8.000961157055276329e-01
7.000925065630126953e-01
6.001285209380897712e-01
5.002117671042550784e-01
4.002235949225427247e-01
3.002714898040566571e-01
1.999662413304808817e-01
9.983596509259146101e-02
3.169193103097899954e-04
-9.975744158700212971e-02
-2.005119533435295032e-01
-3.004857315659866246e-01
-3.996839405504251652e-01
-5.005933752426373617e-01
-5.994965483218501756e-01
-7.003554397398107367e-01
-8.000502015364356900e-01
-8.990060350790211041e-01
-9.995876160935475152e-01
-1.096564886064733235e+00
-1.197181821642475219e+00
-1.293682567385139981e+00
-1.401278416973698704e+00
-1.505956777820070647e+00
-1.594539232046881638e+00
-1.706736913430052072e+00
-1.790192873233937165e+00
-1.883561624037305204e+00
-2.021858301864673635e+00
-2.041854846590218209e+00
2.000178024245103270e+00
1.900168782871022310e+00
1.800176622735139453e+00
1.700170470781787291e+00
1.600178684520053185e+00
1.500185685206622876e+00
1.400176934592056499e+00
1.300190997419918837e+00
1.200188159123781961e+00
1.100139549329210320e+00
1.000204070453693639e+00
9.001502003883425918e-01
8.001663021550616817e-01
7.002085815287987236e-01
6.001983121706396807e-01
5.001170411482411815e-01
4.001890321961565911e-01
2.999711989918068533e-01
2.001881591237818780e-01
1.002705769463781149e-01
3.429571904429636075e-04
-9.997169854965774760e-02
-2.001647745416023361e-01
-2.999386830438211526e-01
-3.997853321314585595e-01
-4.999021811325491393e-01
-6.008907088901944693e-01
-6.969379247264668731e-01
-8.029428507751450450e-01
-9.034758118234634816e-01
-9.986341225114145903e-01
-1.100293282316437748e+00
-1.209242788553241743e+00
-1.302316542483669126e+00
-1.400814760064535758e+00
-1.502673582536440566e+00
-1.601324051787128777e+00
-1.693354128206737474e+00
-1.776288652562003412e+00
-1.927945045434056093e+00
-2.015432184396312998e+00
-1.997099931388612637e+00
2.000169341828431868e+00
1.900173701630408996e+00
1.800169054333730090e+00
1.700166139803461318e+00
1.600176503615230450e+00
1.500180194081207175e+00
1.400171749801423671e+00
1.300184470356504640e+00
1.200141593185703126e+00
1.100111959529748829e+00
1.000191047544659151e+00
9.001184990238861872e-01
8.002158387028306397e-01
7.002475549702426028e-01
6.000772608582730649e-01
5.001280249267145983e-01
4.002633386577219565e-01
3.003041176021800651e-01
1.996838856919523342e-01
1.004877198834618346e-01
4.167227077164003071e-04
-9.930031274188365342e-02
-1.995482522303015371e-01
-3.003001259938827272e-01
-4.000361872118725626e-01
-5.005672465173344188e-01
-5.998956581101460017e-01
-7.003641534698165083e-01
-7.992397614003331485e-01
-8.973056586357305298e-01
-9.999652578311160056e-01
-1.100905386592412105e+00
-1.200185432179919465e+00
-1.300003668586518391e+00
-1.399839853520042254e+00
-1.498267213362957984e+00
-1.598925302286313466e+00
-1.692923483457065004e+00
-1.787950965633290812e+00
-1.894190170276726759e+00
-1.986370805003405238e+00
-2.020074399103162222e+00
2.000165000555002681e+00
1.900176434250441027e+00
1.800182814965464173e+00
1.700174801716923367e+00
1.600177594069010834e+00
1.500167838795167574e+00
1.400189032196156536e+00
1.300156185281435173e+00
1.200207331882451545e+00
1.100194723670527397e+00
1.000169341828431646e+00
9.002053989657492483e-01
8.002007031349144262e-01
7.002648753771940626e-01
6.002059449063136265e-01
5.001980399849658143e-01
4.002253229866600814e-01
3.001714159353812139e-01
2.001114596238014187e-01
9.994638391570395686e-02
3.299384455122228140e-04
-9.944171459046255435e-02
-1.999582521834764315e-01
-2.994027066928440783e-01
-4.001682169865284910e-01
-4.999873186044534457e-01
-5.992151459489634124e-01
-6.996806569308676726e-01
-7.977978557524690872e-01
-8.985141310173065943e-01
-9.983398293356032793e-01
-1.099901178849051142e+00
-1.202409801978294057e+00
-1.294032855875662857e+00
-1.394575350757590648e+00
-1.514376513708991512e+00
-1.598215313014181849e+00
-1.702865674230058080e+00
-1.795985889527735857e+00
-1.881497188362916351e+00
-1.993760791437042545e+00
-1.979232792047091127e+00
2.000156317877955114e+00
1.900172608577581856e+00
1.800173182569031027e+00
1.700170470781787291e+00
1.600173232237461107e+00
1.500176075691582289e+00
1.400170021524124175e+00
1.300160536951352253e+00
1.200177202881648419e+00
1.100167137376062199e+00
1.000186706488199739e+00
9.001813529231704747e-01
8.001779987939527938e-01
7.002163764968896142e-01
6.003007977142219564e-01
5.002337295926774230e-01
4.000801416257731558e-01
3.001822946469007158e-01
2.003962752254255242e-01
1.001602405286443204e-01
2.735193740399910456e-04
-9.934125448774418221e-02
-2.003197307851886932e-01
-2.991855605287738196e-01
-3.991152783087450473e-01
-4.981851476510017473e-01
-6.009409545022268428e-01
-6.999852677331054318e-01
-7.995161267697334928e-01
-8.984453776361406296e-01
-1.000644971698598784e+00
-1.099907191710292054e+00
-1.200217797788985630e+00
-1.302694793144030472e+00
-1.398978126494441199e+00
-1.503806786995139033e+00
-1.605975819242934310e+00
-1.694171598701195824e+00
-1.803514307311372633e+00
-1.916687335959635696e+00
-2.003606987002719997e+00
-1.984053756342433861e+00
2.000169341828431868e+00
1.900171515522003585e+00
1.800171118456285857e+00
1.700180864953555915e+00
1.600156874978973631e+00
1.500180194081207175e+00
1.400170021524124175e+00
1.300160536951352253e+00
1.200138853857380505e+00
1.100139549329210320e+00
1.000199729527405212e+00
9.001917366048853841e-01
8.001029972315236716e-01
7.001808649535560258e-01
6.001721417727285957e-01
5.001321437720250840e-01
4.002201387736796789e-01
3.001039618410222265e-01
2.002894912625497181e-01
1.001567920638626458e-01
5.208409361856700635e-04
-1.004317241472240246e-01
-1.994561243037163423e-01
-2.995368551828888615e-01
-4.006104270663836120e-01
-5.002950512039525677e-01
-6.000979446428823527e-01
-7.009047464651174675e-01
-7.996666967558588857e-01
-8.999225301845246161e-01
-9.998176346116519619e-01
-1.098774963378876146e+00
-1.203275146706363596e+00
-1.299404437377243759e+00
-1.397919380174070136e+00
-1.492123897665970533e+00
-1.593904560383139657e+00
-1.720148337608731426e+00
-1.801254963575470658e+00
-1.868849882212226809e+00
-2.000842914470339462e+00
-1.989683079063320426e+00
2.000165000555002681e+00
1.900164957130761723e+00
1.800169742375671955e+00
1.700176534078884583e+00
1.600163417956298240e+00
1.500158228885231981e+00
1.400156195058125608e+00
1.300162712769959539e+00
1.200130635768741350e+00
1.100160240528644362e+00
1.000143293536894573e+00
9.002518477780396822e-01
8.001876310835664974e-01
7.003289548773617978e-01
6.001307020838809736e-01
5.002035308847477824e-01
4.002529710774454519e-01
3.001017857280517953e-01
2.001662463631074806e-01
1.000395279659407610e-01
8.250811353898195781e-05
-1.004536162245149578e-01
-1.996328346228072315e-01
-3.006592664552860117e-01
-3.995782132553429289e-01
-4.999035541851620801e-01
-6.011021262062895554e-01
-6.994262531145658546e-01
-8.003490220532065713e-01
-8.990129188083268996e-01
-9.968023645428046864e-01
-1.093513574223194285e+00
-1.196000355259292158e+00
-1.296533219535846992e+00
-1.401663716102536927e+00
-1.497948611628993953e+00
-1.593024040675857789e+00
-1.696378499228233139e+00
-1.790586868952272814e+00
-1.870062102401534032e+00
-1.978570871163135569e+00
-2.048630420378790173e+00
2.000156317877955114e+00
1.900173701630408996e+00
1.800175246671966267e+00
1.700165273602613381e+00
1.600172141772728596e+00
1.500162347444099709e+00
1.400178662841845778e+00
1.300169240160376605e+00
1.200149811067001471e+00
1.100153343571698583e+00
1.000186706488199739e+00
9.001747946804850020e-01
8.001291460359102325e-01
7.001176298952097588e-01
6.000750794440682379e-01
5.002351022113272760e-01
4.002253229866600814e-01
3.002105780216053899e-01
2.002703221306995351e-01
9.981525843748489946e-02
1.432935368946343943e-04
-1.003956046321426571e-01
-2.001158887118008323e-01
-2.996113038353840907e-01
-3.991435848685197518e-01
-4.988023883929771363e-01
-5.984943451012144644e-01
-7.003467261846347824e-01
-7.994504398592258143e-01
-8.990094769300353006e-01
-1.001939104486407883e+00
-1.096788427574290070e+00
-1.199463686307699062e+00
-1.297794424307826988e+00
-1.399837672533077004e+00
-1.506546131636335328e+00
-1.615182606513810404e+00
-1.700941827899036474e+00
-1.811994493662947736e+00
-1.913469332970107128e+00
-1.991242318609862449e+00
-1.998824653829754272e+00
2.000169341828431868e+00
1.900173155104339262e+00
1.800171806494957671e+00
1.700168738395639867e+00
1.600178684520053185e+00
1.500169211622085497e+00
1.400173478071845556e+00
1.300151833567913195e+00
1.200166246363107536e+00
1.100149895052151772e+00
1.000104218169976633e+00
9.002392797661313839e-01
8.001663021550616817e-01
7.001115657756744604e-01
6.002233906555689558e-01
5.001554831576213722e-01
4.001717498014236707e-01
2.997904892537336941e-01
2.002621065294614422e-01
1.001016129030606328e-01
2.735193740399910456e-04
-9.949359167601157239e-02
-1.999940423568410952e-01
-2.999889376778876460e-01
-4.005863942093628727e-01
-4.992600684474376438e-01
-6.000927566315429340e-01
-7.003358344865082685e-01
-7.975062338588855271e-01
-9.002227063278913644e-01
-9.988246538297542720e-01
-1.097537478727190541e+00
-1.202115741943004412e+00
-1.298052281260570817e+00
-1.397534133048756955e+00
-1.497884372645374329e+00
-1.600267453768417836e+00
-1.683168214617090097e+00
-1.805438484921191078e+00
-1.913010542974196149e+00
-1.978707309789970337e+00
-2.015561354787858139e+00
2.000169341828431868e+00
1.900185178519002260e+00
1.800187631083566497e+00
1.700170470781787291e+00
1.600192860134455941e+00
1.500191176262610782e+00
1.400159651715892961e+00
1.300175767452689257e+00
1.200188159123781961e+00
1.100111959529748829e+00
1.000125927141198856e+00
9.001365362908627654e-01
8.002027671070549575e-01
7.000266592101872520e-01
6.003422211767668326e-01
5.002145124760475348e-01
3.998501718348048684e-01
3.002562626593459627e-01
2.000703650332328609e-01
1.007667442241826916e-01
9.987624550973082168e-05
-1.006211271379246486e-01
-1.995874469006751750e-01
-2.995048288747920173e-01
-4.013659549461949805e-01
-4.987133749603926414e-01
-5.997038323041019581e-01
-7.013149997031289384e-01
-8.020168670252096899e-01
-8.994330327565650540e-01
-9.998176346116519619e-01
-1.105068937803067142e+00
-1.199090555379586975e+00
-1.300139736480972807e+00
-1.404847822733794827e+00
-1.487965664415328515e+00
-1.607873102535388288e+00
-1.703982347150916565e+00
-1.792128760366920925e+00
-1.909851328258111769e+00
-2.040956698696368310e+00
-1.983008421793795106e+00
2.000160659238177541e+00
1.900179713371783707e+00
1.800179374848406066e+00
1.700184329622197676e+00
1.600148150855865703e+00
1.500155483157621372e+00
1.400135454533740331e+00
1.300145305915870075e+00
1.200174463777927025e+00
1.100167137376062199e+00
1.000217092972230271e+00
9.002698795076954363e-01
8.000596417972172247e-01
7.001860619461536261e-01
6.002560995466640348e-01
5.002625536733303901e-01
4.004585485435853687e-01
3.004172083278304206e-01
1.999881641846777136e-01
1.004946115323198524e-01
3.950282679178880835e-04
-9.990609845660165800e-02
-2.002694500335119865e-01
-3.004996118056719734e-01
-4.005842094701243528e-01
-5.010336743406892390e-01
-5.997608527479303397e-01
-6.981846418625956563e-01
-7.995270755541313834e-01
-9.009446681538093582e-01
-1.006230570826931903e+00
-1.101872933350833694e+00
-1.199946552189588900e+00
-1.296952067008234399e+00
-1.406121613748827492e+00
-1.495135120992290068e+00
-1.604928840847183347e+00
-1.695119729990264057e+00
-1.807669549901679940e+00
-1.872156880760993181e+00
-2.019574817326679650e+00
-2.005146800400223750e+00
2.000160659238177541e+00
1.900168236338762640e+00
1.800176622735139453e+00
1.700171336972269742e+00
1.600173232237461107e+00
1.500170584444664001e+00
1.400171749801423671e+00
1.300223631265629898e+00
1.200166246363107536e+00
1.100198171834131822e+00
1.000212752176105280e+00
9.001813529231704747e-01
8.000775350406660325e-01
7.001514141540802205e-01
6.001579654820399234e-01
5.001321437720250840e-01
4.002356912269715572e-01
3.001387781657116616e-01
1.998949844105822882e-01
1.001947236705273414e-01
4.342727686266485671e-05
-9.940731530864090060e-02
-2.005340058150129057e-01
-2.999785396902675538e-01
-3.998856567765699532e-01
-4.995576821425101177e-01
-5.998126960123688622e-01
-7.007804376984614336e-01
-8.013016845138086763e-01
-8.992849134269184086e-01
-1.002694452581363249e+00
-1.100525867910219224e+00
-1.196565419083864601e+00
-1.299748980893105310e+00
-1.390805923710090042e+00
-1.493465203884209558e+00
-1.593487070270822814e+00
-1.700385938559756838e+00
-1.805535611793353423e+00
-1.897597169431434416e+00
-2.003664795826580747e+00
-2.044570594658015938e+00
2.000160659238177541e+00
1.900180259889600265e+00
1.800171118456285857e+00
1.700171336972269742e+00
1.600174322699455587e+00
1.500174702886361899e+00
1.400161380034459668e+00
1.300171415935381214e+00
1.200160768000179790e+00
1.100177482441832666e+00
1.000151976474334292e+00
9.001638640559257443e-01
8.001346508467477303e-01
7.002293677994745336e-01
6.001775940690107225e-01
5.001431271685483626e-01
4.002840730758125964e-01
3.004193828608952566e-01
2.001635071902819751e-01
1.000947150149893716e-01
4.644466609612146117e-04
-9.914695197862467835e-02
-1.991503172250121689e-01
-2.999664090193492338e-01
-3.993472287286649047e-01
-5.009593425527821831e-01
-5.997211104359059242e-01
-6.997045829043092580e-01
-8.013126784062586383e-01
-9.007096397383305142e-01
-9.974063363441116881e-01
-1.097864881212824217e+00
-1.203756022712994644e+00
-1.299967275484606555e+00
-1.409090207571547904e+00
-1.497775051541275992e+00
-1.597427413028174037e+00
-1.696953054340214928e+00
-1.791483401035885992e+00
-1.879080744601102415e+00
-1.985924904449111850e+00
-1.992102932269927740e+00
