2.500000000000000000e+01
2.500900000000000034e+01
2.499599999999999866e+01
2.499599999999999866e+01
2.500000000000000000e+01
2.500499999999999901e+01
2.500000000000000000e+01
2.500000000000000000e+01
2.500499999999999901e+01
2.500000000000000000e+01
2.500000000000000000e+01
2.499599999999999866e+01
2.500000000000000000e+01
2.500499999999999901e+01
2.500000000000000000e+01
2.500499999999999901e+01
2.500499999999999901e+01
2.500499999999999901e+01
2.500499999999999901e+01
2.500000000000000000e+01
2.500499999999999901e+01
2.500000000000000000e+01
2.499599999999999866e+01
2.499200000000000088e+01
2.500000000000000000e+01
2.500000000000000000e+01
2.500000000000000000e+01
2.499599999999999866e+01
2.500499999999999901e+01
2.499599999999999866e+01
2.499599999999999866e+01
2.500499999999999901e+01
2.500499999999999901e+01
2.500000000000000000e+01
2.499599999999999866e+01
2.500000000000000000e+01
2.500000000000000000e+01
2.500499999999999901e+01
2.500499999999999901e+01
2.500499999999999901e+01
2.499599999999999866e+01
2.500000000000000000e+01
2.505699999999999861e+01
2.520200000000000173e+01
2.539000000000000057e+01
2.556599999999999895e+01
2.573199999999999932e+01
2.594699999999999918e+01
2.609600000000000009e+01
2.625900000000000034e+01
2.644699999999999918e+01
2.660900000000000176e+01
2.678500000000000014e+01
2.698699999999999832e+01
2.715299999999999869e+01
2.729799999999999827e+01
2.745599999999999952e+01
2.765399999999999991e+01
2.782499999999999929e+01
2.797800000000000153e+01
2.811899999999999977e+01
2.832100000000000151e+01
2.846600000000000108e+01
2.863700000000000045e+01
2.879500000000000171e+01
2.899200000000000088e+01
2.916799999999999926e+01
2.933500000000000085e+01
2.948900000000000077e+01
2.963800000000000168e+01
2.976500000000000057e+01
2.995400000000000063e+01
3.014300000000000068e+01
3.031400000000000006e+01
3.046799999999999997e+01
3.063899999999999935e+01
3.080600000000000094e+01
3.098199999999999932e+01
3.114900000000000091e+01
3.131200000000000117e+01
3.147400000000000020e+01
3.165500000000000114e+01
3.181299999999999883e+01
3.199299999999999855e+01
3.216899999999999693e+01
3.231900000000000261e+01
3.248100000000000165e+01
3.265699999999999648e+01
3.281099999999999994e+01
3.297800000000000153e+01
3.314600000000000080e+01
3.330799999999999983e+01
3.347999999999999687e+01
3.365599999999999881e+01
3.380599999999999739e+01
3.398599999999999710e+01
3.416199999999999903e+01
3.431600000000000250e+01
3.446099999999999852e+01
3.464200000000000301e+01
3.479999999999999716e+01
3.502000000000000313e+01
3.517399999999999949e+01
3.533299999999999841e+01
3.546900000000000119e+01
3.563700000000000045e+01
3.580799999999999983e+01
3.599799999999999756e+01
3.615200000000000102e+01
3.631099999999999994e+01
3.646900000000000119e+01
3.664600000000000080e+01
3.681300000000000239e+01
3.698499999999999943e+01
3.715299999999999869e+01
3.731600000000000250e+01
3.749199999999999733e+01
3.766400000000000148e+01
3.780499999999999972e+01
3.798100000000000165e+01
3.815299999999999869e+01
3.831600000000000250e+01
3.847099999999999653e+01
3.864699999999999847e+01
3.881499999999999773e+01
3.898700000000000188e+01
3.914600000000000080e+01
3.932200000000000273e+01
3.950699999999999790e+01
3.966199999999999903e+01
3.981199999999999761e+01
3.997099999999999653e+01
