2.000165000555002681e+00
1.900167689805815296e+00
1.800172494532539469e+00
1.700171336972269742e+00
1.600184136734196239e+00
1.500203530884747671e+00
1.400152738372845596e+00
1.300164888577665767e+00
1.200144332496747124e+00
1.100191275479545316e+00
1.000186706488199739e+00
9.001518400511505646e-01
8.001195124490451116e-01
7.002051170536266467e-01
6.001361549004340379e-01
5.000538790305555370e-01
4.000974276662905837e-01
3.004128592290365996e-01
2.002265037947407733e-01
1.000326290916977168e-01
4.991516969420595976e-04
-1.001089441250557072e-01
-1.991757356748784513e-01
-3.003365469999340620e-01
-4.006115195005755525e-01
-5.001287935678265795e-01
-5.980190645133913740e-01
-7.000962862095921890e-01
-7.994039176413131331e-01
-9.015570303767960203e-01
-1.002156405326057431e+00
-1.098378235906642741e+00
-1.197004054867120360e+00
-1.301447988042157222e+00
-1.394572118698436780e+00
-1.500725418107782705e+00
-1.599154745898533792e+00
-1.700446942625842839e+00
-1.820112277585221872e+00
-1.896162083974390233e+00
-1.995915187628585885e+00
-1.982344895630463455e+00
3.002758403187713032e-01
3.005541826511038961e-01
3.014228544283140687e-01
3.009909074016117181e-01
3.018218607361597416e-01
3.021620276018587292e-01
3.015486677249853420e-01
3.018673762015151030e-01
3.014402101535466616e-01
3.014684117278414455e-01
3.018890485561614989e-01
3.009409561683308865e-01
3.016115607081151784e-01
3.008280017626736025e-01
3.003019424918985658e-01
3.006020047791747030e-01
3.013881408969479869e-01
3.016592665515210880e-01
3.022832965679251305e-01
3.016245719123915592e-01
3.012188726858345267e-01
3.014423795704336828e-01
3.014423795704336828e-01
3.011515810977476448e-01
3.019323900212138034e-01
3.013447450804793148e-01
3.020168934392593041e-01
3.016137292692314120e-01
3.010147950911030157e-01
3.013056851378425605e-01
3.008757937504461522e-01
3.022551478615200793e-01
3.026447370169603190e-01
3.019908941387669521e-01
3.008323467061667089e-01
3.013425751758258553e-01
3.016224034054152958e-01
3.011342138339577756e-01
3.008084489790026073e-01
2.999145992096240443e-01
3.015486677249853420e-01
3.018695434856480397e-01
3.018283632375546310e-01
3.018717107589655724e-01
3.017503267943772438e-01
3.017524946627057059e-01
3.009257524786417282e-01
3.011841428455507286e-01
3.004063354991835522e-01
3.000822002206305905e-01
3.015031188439403209e-01
3.013338954487936316e-01
3.018478701576048917e-01
3.007106718539012125e-01
3.004737426492198882e-01
3.015833684281876148e-01
3.007845499367566844e-01
3.013946498954353514e-01
3.015291473609232331e-01
3.012101904861311241e-01
3.016419195784141305e-01
3.008388640399021763e-01
3.014684117278414455e-01
3.016419195784141305e-01
3.006106991458205591e-01
3.007084987788489205e-01
3.013338954487936316e-01
3.016939584192089852e-01
3.010603952137426154e-01
3.012557700983041209e-01
3.018608742842224246e-01
3.013555944411239196e-01
3.020190599773782680e-01
3.012470886362113576e-01
3.007932406497407785e-01
3.013490848572612513e-01
3.018088554412853841e-01
3.019995607452059527e-01
3.019345569809296359e-01
3.012709622393964781e-01
3.017091352399470794e-01
3.016636031865362333e-01
3.020818848817763969e-01
3.015746935123178596e-01
3.012210432086403489e-01
3.015898745013774196e-01
3.009583311619831725e-01
3.017416552128484586e-01
3.009670183981431046e-01
3.022161697173632589e-01
