1.310170807163712592e+00
1.302353760528813797e+00
1.294554141469036246e+00
1.286772033079277788e+00
1.279007518086426431e+00
1.271260678840154146e+00
1.263531597303786391e+00
1.255820355045246028e+00
1.248127033228080052e+00
1.240451712602571810e+00
1.232794473496937826e+00
1.225155395808619652e+00
1.217534558995668759e+00
1.209932042068228908e+00
1.202347923580121103e+00
1.194782281620534015e+00
1.187235193805818545e+00
1.179706737271398298e+00
1.172196988663789519e+00
1.164706024132740270e+00
1.157233919323488847e+00
1.149780749369143873e+00
1.142346588883190517e+00
1.134931511952123273e+00
1.127535592128211084e+00
1.120158902422392133e+00
1.112801515297306310e+00
1.105463502660463782e+00
1.098144935857552351e+00
1.090845885665888249e+00
1.083566422288006814e+00
1.076306615345402840e+00
1.069066533872413016e+00
1.061846246310250041e+00
1.054645820501185716e+00
1.047465323682884364e+00
1.040304822482890579e+00
1.033164382913267731e+00
1.026044070365394800e+00
1.018943949604914412e+00
1.011864084766841643e+00
1.004804539350824033e+00
9.977653762165662465e-01
9.907466575794037222e-01
9.837484450060420826e-01
9.767707994104494196e-01
9.698137810499090072e-01
9.628774495212284457e-01
9.559618637571082322e-01
9.490670820226643212e-01
9.421931619121112211e-01
9.353401603455971935e-01
9.285081335661976576e-01
9.216971371370604738e-01
9.149072259387056594e-01
9.081384541664763166e-01
9.013908753281407726e-01
8.946645422416440452e-01
8.879595070330050799e-01
8.812758211343626469e-01
8.746135352821637898e-01
8.679726995154941616e-01
8.613533631745494690e-01
8.547555748992452518e-01
8.481793826279602211e-01
8.416248335964163774e-01
8.350919743366866932e-01
8.285808506763340242e-01
8.220915077376730329e-01
8.156239899371575675e-01
8.091783409848857245e-01
8.027546038842242604e-01
7.963528209315443585e-01
7.899730337160709714e-01
7.836152831198378577e-01
7.772796093177476440e-01
7.709660517777335853e-01
7.646746492610170254e-01
7.584054398224608917e-01
7.521584608110125636e-01
7.459337488702336705e-01
7.397313399389132682e-01
7.335512692517605071e-01
7.273935713401733505e-01
7.212582800330773480e-01
7.151454284578351306e-01
7.090550490412180773e-01
7.029871735104387120e-01
6.969418328942408314e-01
6.909190575240382604e-01
6.849188770351073430e-01
6.789413203678189568e-01
6.729864157689149362e-01
6.670541907928171366e-01
6.611446723029739125e-01
6.552578864732300223e-01
6.493938587892260639e-01
6.435526140498145642e-01
6.377341763684963860e-01
6.319385691748682365e-01
6.261658152160802793e-01
6.204159365582986307e-01
6.146889545881702999e-01
6.089848900142861288e-01
6.033037628686376275e-01
5.976455925080654819e-01
5.920103976156949610e-01
5.863981962023555594e-01
5.808090056079805441e-01
5.752428425029850745e-01
5.696997228896172327e-01
5.641796621032798553e-01
5.586826748138218335e-01
5.532087750267917770e-01
5.477579760846563728e-01
5.423302906679756674e-01
5.369257307965364934e-01
5.315443078304387114e-01
5.261860324711342685e-01
5.208509147624144076e-01
5.155389640913428106e-01
5.102501891891364494e-01
5.049845981319859289e-01
4.997421983418178781e-01
4.945229965869972766e-01
4.893269989829656663e-01
4.841542109928152482e-01
4.790046374277981411e-01
4.738782824477675293e-01
4.687751495615522512e-01
4.636952416272595578e-01
4.586385608525108681e-01
4.536051087946040838e-01
4.485948863606049053e-01
4.436078938073670375e-01
4.386441307414780111e-01
4.337035961191338385e-01
4.287862882459393954e-01
4.238922047766365275e-01
4.190213427147582714e-01
4.141736984122114107e-01
4.093492675687857019e-01
4.045480452315913245e-01
3.997700257944254432e-01
3.950152029970679379e-01
3.902835699245058021e-01
3.855751190060912603e-01
3.808898420146297759e-01
3.762277300654019441e-01
3.715887736151204379e-01
3.669729624608217833e-01
3.623802857386964615e-01
3.578107319228572836e-01
3.532642888240478674e-01
3.487409435882943831e-01
3.442406826955004551e-01
3.397634919579882173e-01
3.353093565189875780e-01
3.308782608510744128e-01
3.264701887545622405e-01
3.220851233558464921e-01
3.177230471057063133e-01
3.133839417775642899e-01
3.090677884657077601e-01
3.047745675834723222e-01
3.005042588613915377e-01
2.962568413453152694e-01
2.920322933944975441e-01
2.878305926796565495e-01
2.836517161810118703e-01
2.794956401862976336e-01
2.753623402887561689e-01
2.712517913851140716e-01
2.671639676735431679e-01
2.630988426516081002e-01
2.590563891142037001e-01
2.550365791514834779e-01
2.510393841467817855e-01
2.470647747745324530e-01
2.431127209981838455e-01
2.391831920681146972e-01
2.352761565195513049e-01
2.313915821704871090e-01
2.275294361196079362e-01
2.236896847442232938e-01
2.198722936982045739e-01
2.160772279099327231e-01
2.123044515802556820e-01
2.085539281804554002e-01
2.048256204502270084e-01
2.011194903956698143e-01
1.974354992872893177e-01
1.937736076580117983e-01
1.901337753012107001e-01
1.865159612687437296e-01
1.829201238690015274e-01
1.793462206649653334e-01
1.757942084722723675e-01
1.722640433572894814e-01
1.687556806351908356e-01
1.652690748680376021e-01
1.618041798628593597e-01
1.583609486697316049e-01
1.549393335798464610e-01
1.515392861235759503e-01
1.481607570685181952e-01
1.448036964175274388e-01
1.414680534067201401e-01
1.381537765034502874e-01
1.348608134042528772e-01
1.315891110327422064e-01
1.283386155374650617e-01
1.251092722896948173e-01
1.219010258811644987e-01
1.187138201217231570e-01
1.155475980369129602e-01
1.124023018654515538e-01
1.092778730566132117e-01
1.061742522674926498e-01
1.030913793601452438e-01
1.000291933985840570e-01
9.698763264562584863e-02
9.396663455956730249e-02
9.096613579067883149e-02
8.798607217749682130e-02
8.502637874290018549e-02
8.208698968994999901e-02
7.916783839747515428e-02
7.626885741538151631e-02
7.338997845966652167e-02
7.053113240711134102e-02
6.769224928963341048e-02
6.487325828826703833e-02
6.207408772675286623e-02
5.929466506470314896e-02
5.653491689031592965e-02
5.379476891260828730e-02
5.107414595313405914e-02
4.837297193715599936e-02
4.569116988423354425e-02
4.302866189819103820e-02
4.038536915642725045e-02
3.776121189852676280e-02
3.515610941412700141e-02
3.256998003000097924e-02
3.000274109630543876e-02
2.745430897194745326e-02
2.492459900901686579e-02
2.241352553623323154e-02
1.992100184134762766e-02
1.744694015244527968e-02
1.499125161808286498e-02
1.255384628620129228e-02
1.013463308174239463e-02
7.733519782902983225e-03
5.350412995950870956e-03
2.985218128528633469e-03
6.378393613625764347e-04
-1.691820381704775772e-03
-4.003859465444533847e-03
-6.298377576828549304e-03
-8.575475760563803715e-03
-1.083525645667677943e-02
-1.307782354024922267e-02
-1.530328236341380044e-02
-1.751173979972105513e-02
-1.970330429099771685e-02
-2.187808589681351432e-02
-2.403619634668979418e-02
-2.617774909517761595e-02
-2.830285937994709775e-02
-3.041164428302971581e-02
-3.250422279536524517e-02
-3.458071588480792630e-02
-3.664124656775629568e-02
-3.868593998457253713e-02
-4.071492347897148062e-02
-4.272832668155734231e-02
-4.472628159770213746e-02
-4.670892269995936125e-02
-4.867638702522193717e-02
-5.062881427683268987e-02
-5.256634693187137164e-02
-5.448913035384515824e-02
-5.639731291101998667e-02
-5.829104610063864933e-02
-6.017048467927989946e-02
-6.203578679962072628e-02
-6.388711415387383907e-02
-6.572463212418309941e-02
-6.754850994026295741e-02
-6.935892084458467055e-02
-7.115604226541537292e-02
-7.294005599802688700e-02
-7.471114839440250177e-02
-7.646951056177390960e-02
-7.821533857033378945e-02
-7.994883367047748990e-02
-8.167020251993012403e-02
-8.337965742113179202e-02
-8.507741656925378593e-02
-8.676370431122862326e-02
-8.843875141618351421e-02
-9.010279535766853309e-02
-9.175608060808083943e-02
-9.339885894568507319e-02
-9.503138977463283787e-02
-9.665394045838945902e-02
-9.826678666696853082e-02
-9.987021273837967672e-02
-1.014645120546843610e-01
-1.030499874330531307e-01
-1.046269515322064969e-01
-1.061957272746094222e-01
-1.077566482847764212e-01
-1.093100593440269053e-01
-1.108563168620068790e-01
-1.123957893652688805e-01
-1.139288580031732889e-01
-1.154559170713363170e-01
-1.169773745528158992e-01
-1.184936526771723925e-01
-1.200051884974995126e-01
-1.215124344854527361e-01
-1.230158591442445382e-01
-1.245159476394958054e-01
-1.260132024477572943e-01
-1.275081440224146989e-01
-1.290013114766009050e-01
-1.304932632826202588e-01
-1.319845779872679259e-01
-1.334758549422981055e-01
-1.349677150491442879e-01
-1.364608015168365107e-01
-1.379557806318899293e-01
-1.394533425387477488e-01
-1.409542020291646713e-01
-1.424590993386946336e-01
-1.439688009482179010e-01
-1.454841003881910400e-01
-1.470058190430368616e-01
-1.485348069528133752e-01
-1.500719436089965053e-01
-1.516181387409020198e-01
-1.531743330889375199e-01
-1.547414991605303991e-01
-1.563206419642192979e-01
-1.579127997170207132e-01
-1.595190445197996187e-01
-1.611404829949776019e-01
-1.627782568805119234e-01
-1.644335435736724027e-01
-1.661075566177350749e-01
-1.678015461243137219e-01
-1.695167991236451455e-01
-1.712546398347676024e-01
-1.730164298471627005e-01
-1.748035682050882444e-01
-1.766174913855200201e-01
-1.784596731603498576e-01
-1.803316243332561686e-01
-1.822348923414985888e-01
-1.841710607127815535e-01
-1.861417483672945794e-01
-1.881486087550986452e-01
-1.901933288191655635e-01
-1.922776277746372220e-01
-1.944032556952318969e-01
-1.965719918982213876e-01
-1.987856431200224760e-01
-2.010460414752239799e-01
-2.033550421927799445e-01
-2.057145211241861171e-01
-2.081263720196856459e-01
-2.105925035699598713e-01
-2.131148362123208018e-01
-2.156952987021542034e-01
-2.183358244522454195e-01
-2.210383476446549922e-01
-2.238047991219762056e-01
-2.266371020671055225e-01
-2.295371674830308795e-01
-2.325068894866267333e-01
-2.355481404329463624e-01
-2.386627658890434489e-01
-2.418525794788692618e-01
-2.451193576232554849e-01
-2.484648342013643374e-01
-2.518906951622131851e-01
-2.553985731169446938e-01
-2.589900419443312285e-01
-2.626666114435780019e-01
-2.664297220697359747e-01
-2.702807397879546381e-01
-2.742209510833305552e-01
-2.782515581632363788e-01
-2.823736743886963163e-01
-2.865883199706255047e-01
-2.908964179655209592e-01
-2.952987906035318133e-01
-2.997961559796964437e-01
1.331602368137772219e+00
1.238359967400631811e+00
1.145911362399159250e+00
1.054390473521632288e+00
9.639491701226624576e-01
8.747579256391155855e-01
7.870057928794804702e-01
7.008994390483502812e-01
6.166609661762764150e-01
5.345242634682235705e-01
4.547297093930413037e-01
3.775171754647543843e-01
3.031174831593946850e-01
2.317427159125030889e-01
1.635760536367447948e-01
9.876202159207701781e-02
3.739816357008256958e-02
-2.047089314699773038e-02
-7.485623765781883321e-02
-1.258239747713980339e-01
-1.734911160896517035e-01
-2.180185924545500753e-01
-2.596022409913065210e-01
-2.984627725713400181e-01
-3.348356995744196096e-01
-3.689620359988404208e-01
-4.010803336469171421e-01
-4.314203528285814326e-01
-4.601984326740216069e-01
-4.876144519107812880e-01
-5.138501627210674272e-01
-5.390686307606898930e-01
-5.634145092322800918e-01
-5.870148983273434373e-01
-6.099805797351418590e-01
-6.324074591413982871e-01
-6.543780911923832155e-01
-6.759631977457984942e-01
-6.972231199691060199e-01
-7.182091679256775718e-01
-7.389648483899176057e-01
-7.595269637462312984e-01
