-2.830914282935919069e-01
-2.602908229270138873e-01
-2.361199764755066988e-01
-2.135651888867390324e-01
-1.920234607664857152e-01
-1.721243453824631009e-01
-1.528785258052217655e-01
-1.345975134864231537e-01
-1.163186956187251542e-01
-9.812937635659468860e-02
-7.960428112211251350e-02
-6.093924487766624182e-02
-4.077872293852754376e-02
-2.031735163991142332e-02
1.032392806235115593e-03
2.435018609741403106e-02
4.947774615605633058e-02
7.550681466890619975e-02
1.038686892864482680e-01
1.349417107353596268e-01
1.662435669516148240e-01
2.017083936959355450e-01
2.367437793596593176e-01
2.777192063644253750e-01
3.196639306881441933e-01
3.634653102383481049e-01
4.076457970625558258e-01
4.594482789526872502e-01
5.107741607182160193e-01
5.669981184448545930e-01
6.251930550252227103e-01
6.804905261569523800e-01
7.401383776981028673e-01
8.094977643374127174e-01
8.682181622787896735e-01
9.438159133684548285e-01
1.011946640973354627e+00
1.086046456047294662e+00
1.177974901579892153e+00
1.230888103070201245e+00
1.307363375989040399e+00
1.300173591699485431e+00
1.203666048144797635e-01
1.051489740883926050e-01
9.132923708598290891e-02
8.381783473645036675e-02
7.384294017278029976e-02
6.618424396800191845e-02
6.141477827707333276e-02
5.327440827855767919e-02
4.926455172923045051e-02
4.373941983177100784e-02
3.426338357819155855e-02
3.089508746045627544e-02
2.364746733766522752e-02
1.612203579997984609e-02
1.123201031936597004e-02
5.214842726469523342e-03
-1.806508401932151479e-03
-8.351357568639696319e-03
-1.405869595412985104e-02
-2.050352522178712847e-02
-2.385231083293666565e-02
-2.860770542678953490e-02
-3.422134832571991497e-02
-4.037008421329949664e-02
-4.714510438057799985e-02
-5.283890060608757017e-02
-5.797308659829509409e-02
-6.220637340290605805e-02
-6.563791843199454079e-02
-7.303742861257514485e-02
-7.816531755944906845e-02
-8.612524473386258539e-02
-9.158147079816646163e-02
-9.513628985132091542e-02
-9.840438260507304580e-02
-1.055205536745087297e-01
-1.112147143645692976e-01
-1.145828003034170123e-01
-1.179031367162934746e-01
-1.222216218553293376e-01
-1.328632203903171716e-01
-1.385068102433030801e-01
-1.423961543053565704e-01
-1.475352557348653115e-01
-1.499968004543641431e-01
-1.560145573764009641e-01
-1.576616549230168696e-01
-1.618312070847559014e-01
-1.686575835523216049e-01
-1.733596864174231367e-01
-1.809248289752588001e-01
-1.846467615844895327e-01
-1.883780821358217450e-01
-1.902995832807881094e-01
-1.945698308901885332e-01
-2.012706501271951665e-01
-2.050075446020176717e-01
-2.123376573521192634e-01
-2.167905605901019606e-01
-2.194796324447338409e-01
-2.238351157824742532e-01
-2.262661999648559186e-01
-2.306330143917700304e-01
-2.360930491435186962e-01
-2.390304692549600762e-01
-2.434034440158566459e-01
-2.505945542768326928e-01
-2.539818774979470395e-01
-2.576260588128073126e-01
-2.602283530012028390e-01
-2.672276039823843208e-01
-2.721164846550230276e-01
-2.755242370624786941e-01
-2.765147739584202791e-01
-2.807151286472798768e-01
-2.875759207704032816e-01
-2.898182997303884179e-01
-2.951162649399680094e-01
-2.991155086376049432e-01
-3.038157902881752914e-01
-3.091290723289409903e-01
-3.132422167727383910e-01
-3.162543279007856145e-01
-3.207011389075585805e-01
-3.237235133288287603e-01
-3.272687190785056321e-01
-3.271201923412209167e-01
-3.329684704598801503e-01
-3.384428569719670765e-01
-3.442748954072539780e-01
