2.500499999999999901e+01
2.500499999999999901e+01
2.499200000000000088e+01
2.499599999999999866e+01
2.499200000000000088e+01
2.500499999999999901e+01
2.500499999999999901e+01
2.497400000000000020e+01
2.501399999999999935e+01
2.501399999999999935e+01
2.497899999999999920e+01
2.499599999999999866e+01
2.500900000000000034e+01
2.500000000000000000e+01
2.499599999999999866e+01
2.500499999999999901e+01
2.500499999999999901e+01
2.499599999999999866e+01
2.500000000000000000e+01
2.500499999999999901e+01
2.500900000000000034e+01
2.499599999999999866e+01
2.498699999999999832e+01
2.500900000000000034e+01
2.500900000000000034e+01
2.499200000000000088e+01
2.499200000000000088e+01
2.500000000000000000e+01
2.497899999999999920e+01
2.500000000000000000e+01
2.499599999999999866e+01
2.500900000000000034e+01
2.500499999999999901e+01
2.500499999999999901e+01
2.499200000000000088e+01
2.498699999999999832e+01
2.500900000000000034e+01
2.500499999999999901e+01
2.498699999999999832e+01
2.501399999999999935e+01
2.500499999999999901e+01
2.500900000000000034e+01
2.505300000000000082e+01
2.518900000000000006e+01
2.538200000000000145e+01
2.557000000000000028e+01
2.571499999999999986e+01
2.592500000000000071e+01
2.609600000000000009e+01
2.625900000000000034e+01
2.646000000000000085e+01
2.661799999999999855e+01
2.677199999999999847e+01
2.697800000000000153e+01
2.715299999999999869e+01
2.730300000000000082e+01
2.745200000000000173e+01
2.764099999999999824e+01
2.780300000000000082e+01
2.796499999999999986e+01
2.812800000000000011e+01
2.830799999999999983e+01
2.848799999999999955e+01
2.864999999999999858e+01
2.882100000000000151e+01
2.896199999999999974e+01
2.914199999999999946e+01
2.932600000000000051e+01
2.950199999999999889e+01
2.965099999999999980e+01
2.979200000000000159e+01
2.995400000000000063e+01
3.012099999999999866e+01
3.031400000000000006e+01
3.048100000000000165e+01
3.063899999999999935e+01
3.080999999999999872e+01
3.097700000000000031e+01
3.114399999999999835e+01
3.132000000000000028e+01
3.148300000000000054e+01
3.163700000000000045e+01
3.180399999999999849e+01
3.197599999999999909e+01
3.215200000000000102e+01
3.231400000000000006e+01
3.247299999999999898e+01
3.264900000000000091e+01
3.285099999999999909e+01
3.299199999999999733e+01
3.313700000000000045e+01
3.331300000000000239e+01
3.346699999999999875e+01
3.365200000000000102e+01
3.381400000000000006e+01
3.396800000000000352e+01
3.414399999999999835e+01
3.432000000000000028e+01
3.446600000000000108e+01
3.464600000000000080e+01
3.481799999999999784e+01
3.499000000000000199e+01
3.515200000000000102e+01
3.531099999999999994e+01
3.549099999999999966e+01
3.566299999999999670e+01
3.582999999999999829e+01
3.597099999999999653e+01
3.613900000000000290e+01
3.630199999999999960e+01
3.648199999999999932e+01
3.665400000000000347e+01
3.681700000000000017e+01
3.698499999999999943e+01
3.714800000000000324e+01
3.732000000000000028e+01
3.749199999999999733e+01
3.766799999999999926e+01
3.781799999999999784e+01
3.797299999999999898e+01
3.815299999999999869e+01
3.830799999999999983e+01
3.847999999999999687e+01
3.865200000000000102e+01
3.880599999999999739e+01
3.898199999999999932e+01
3.915500000000000114e+01
3.931300000000000239e+01
3.950300000000000011e+01
3.967099999999999937e+01
3.982099999999999795e+01
3.997099999999999653e+01
