2.000160659238177541e+00
1.900180259889600265e+00
1.800164926059187209e+00
1.700167872199974672e+00
1.600184136734196239e+00
1.500184312431777744e+00
1.400156195058125608e+00
1.300127898364072720e+00
1.200179941968094521e+00
1.100146446505221753e+00
1.000156317877955114e+00
9.002562191751899423e-01
8.001821269442325191e-01
7.001522803825713792e-01
5.999529027579084683e-01
5.001554831576213722e-01
4.000680409880206234e-01
2.999842594325314860e-01
2.002894912625497181e-01
1.004567061101882125e-01
1.302863902847818206e-05
-9.927574954687334863e-02
-1.987067643983698728e-01
-2.993767472544370811e-01
-4.004618816101779832e-01
-4.992532133922333304e-01
-5.985443142140134398e-01
-6.994588606614310367e-01
-8.009088355662588032e-01
-9.015674168424572255e-01
-1.002482560585275184e+00
-1.103393875268339874e+00
-1.201714066452763241e+00
-1.292054449179874220e+00
-1.407332578295673819e+00
-1.500865757654366472e+00
-1.591290368537955802e+00
-1.671738671256437048e+00
-1.801491368175575092e+00
-1.903632324994707581e+00
-1.988742598034588083e+00
-1.998499934711631898e+00
3.023006179420049677e-01
3.022269973305442559e-01
3.011884842274722418e-01
3.015399921159436780e-01
3.024413285024500353e-01
3.021252071074941870e-01
3.018608742842224246e-01
3.016722763266585505e-01
3.019865607706913035e-01
3.015855371300804610e-01
3.010234811978940161e-01
3.018565396186146943e-01
3.005454871529401051e-01
3.004367787334571993e-01
3.001148422423201012e-01
3.007910679877988103e-01
3.024305062316151038e-01
3.014358712872619028e-01
3.007823772313368837e-01
3.006737280991478856e-01
3.000778477656974585e-01
3.013859712091067067e-01
3.017503267943772438e-01
3.009387842452472817e-01
3.012991748058472807e-01
3.009235804795223901e-01
3.009822206432974934e-01
3.003215180922671479e-01
3.019908941387669521e-01
3.006106991458205591e-01
2.997273319766043387e-01
3.007171910138187187e-01
3.006172198065819035e-01
3.008062763931428352e-01
3.017958497569454557e-01
3.020168934392593041e-01
3.015898745013774196e-01
3.021901823442854629e-01
3.016115607081151784e-01
3.010842790815761449e-01
3.013577642807291901e-01
3.012232137205983484e-01
3.009583311619831725e-01
3.020688873713185396e-01
3.016722763266585505e-01
3.021078787357868722e-01
3.026923295103923217e-01
3.014076675997562349e-01
3.013078552268204091e-01
3.006693815684409743e-01
3.006563417153070294e-01
2.997360438712482478e-01
3.007128449180802576e-01
3.012253842217086364e-01
3.015855371300804610e-01
3.020385583341008151e-01
3.009605029873142490e-01
3.010690804085653371e-01
3.013230455460536583e-01
3.006106991458205591e-01
3.013599341094934103e-01
3.018652089065665955e-01
3.011667768838694470e-01
3.016440879879452308e-01
3.015877058211436923e-01
3.016570982177746441e-01
3.015313163335918145e-01
3.010690804085653371e-01
3.014553958441875681e-01
3.009062040955022277e-01
3.006802478136446077e-01
3.012687919660629321e-01
3.002366841173350620e-01
3.012015081128538996e-01
3.010343385870856703e-01
3.015248093830887877e-01
3.018543722695867237e-01
3.016397511580563573e-01
3.011146748320017164e-01
3.016722763266585505e-01
3.004889621707338976e-01
3.005693993539694242e-01
3.008649323968505263e-01
3.017069671551699805e-01
3.012687919660629321e-01
3.011624352849460173e-01
3.006476482623646196e-01
3.006454748719380454e-01
3.002410349807254630e-01
3.014944423249424355e-01
