9.102937164191984287e-01
9.035944908636733830e-01
8.969180506875641390e-01
8.902644629171569957e-01
8.836337937588436553e-01
8.770261085917610000e-01
8.704414719605607642e-01
8.638799475683112128e-01
8.573415982695288262e-01
8.508264860633433235e-01
8.443346720867926924e-01
8.378662166082522234e-01
8.314211790209932174e-01
8.249996178368758093e-01
8.186015906801717978e-01
8.122271542815205914e-01
8.058763644720143837e-01
7.995492761774175561e-01
7.932459434125129771e-01
7.869664192755809751e-01
7.807107559430065402e-01
7.744790046640162018e-01
7.682712157555423582e-01
7.620874385972153942e-01
7.559277216264834731e-01
7.497921123338560090e-01
7.436806572582748132e-01
7.375934019826069221e-01
7.315303911292623251e-01
7.254916683559320401e-01
7.194772763514489800e-01
7.134872568317678354e-01
7.075216505360629737e-01
7.015804972229452430e-01
6.956638356667954604e-01
6.897717036542110325e-01
6.839041379805691490e-01
6.780611744467011093e-01
6.722428478556793374e-01
6.664491920097130873e-01
6.606802397071553923e-01
6.549360227396152645e-01
6.492165718891790283e-01
6.435219169257340166e-01
6.378520866043992932e-01
6.322071086630560721e-01
6.265870098199817217e-01
6.209918157715833553e-01
6.154215511902302316e-01
6.098762397221839660e-01
6.043559039856259973e-01
5.988605655687796459e-01
5.933902450281284269e-01
5.879449618867247374e-01
5.825247346325940212e-01
5.771295807172280856e-01
5.717595165541701219e-01
5.664145575176880998e-01
5.610947179415373132e-01
5.558000111178107439e-01
5.505304492958753571e-01
5.452860436813972145e-01
5.400668044354476338e-01
5.348727406736992762e-01
5.297038604657018368e-01
5.245601708342463310e-01
5.194416777548067632e-01
5.143483861550716130e-01
5.092802999145511489e-01
5.042374218642718953e-01
4.992197537865505352e-01
4.942272964148501924e-01
4.892600494337187578e-01
4.843180114788085411e-01
4.794011801369780224e-01
4.745095519464744283e-01
4.696431223971988533e-01
4.648018859310534823e-01
4.599858359423705245e-01
4.551949647784240827e-01
4.504292637400253430e-01
4.456887230822002000e-01
4.409733320149514801e-01
4.362830787041051539e-01
4.316179502722419237e-01
4.269779327997136886e-01
4.223630113257476060e-01
4.177731698496348067e-01
4.132083913320103163e-01
4.086686576962178519e-01
4.041539498297676558e-01
3.996642475858813714e-01
3.951995297851317868e-01
3.907597742171717292e-01
3.863449576425586063e-01
3.819550557946717606e-01
3.775900433817274693e-01
3.732498940888877570e-01
3.689345805804691292e-01
3.646440745022497820e-01
3.603783464838765660e-01
3.561373661413723690e-01
3.519211020797481382e-01
3.477295218957168199e-01
3.435625921805123273e-01
3.394202785228153663e-01
3.353025455117857323e-01
3.312093567402035754e-01
3.271406748077200777e-01
3.230964613242194305e-01
3.190766769132916680e-01
3.150812812158207965e-01
3.111102328936841133e-01
3.071634896335705411e-01
3.032410081509118172e-01
2.993427441939341405e-01
2.954686525478270598e-01
2.916186870390306551e-01
2.877928005396456212e-01
2.839909449719625889e-01
2.802130713131144035e-01
2.764591295998509723e-01
2.727290689334379015e-01
2.690228374846792558e-01
2.653403824990652193e-01
2.616816503020449880e-01
2.580465863044256736e-01
2.544351350078975504e-01
2.508472400106857014e-01
2.472828440133285344e-01
2.437418888245834747e-01
2.402243153674594733e-01
2.367300636853770790e-01
2.332590729484552428e-01
2.298112814599248266e-01
2.263866266626693158e-01
2.229850451458915972e-01
2.196064726519063315e-01
2.162508440830578915e-01
2.129180935087634230e-01
2.096081541726787512e-01
2.063209584999887714e-01
2.030564381048192701e-01
1.998145237977700384e-01
1.965951455935683323e-01
1.933982327188403794e-01
1.902237136200018164e-01
1.870715159712620645e-01
1.839415666827448059e-01
1.808337919087206480e-01
1.777481170559500057e-01
1.746844667921365057e-01
1.716427650544854189e-01
1.686229350583688114e-01
1.656248993060916996e-01
1.626485795957598735e-01
1.596938970302440308e-01
1.567607720262401416e-01
1.538491243234215711e-01
1.509588729936807983e-01
1.480899364504582039e-01
1.452422324581536806e-01
1.424156781416193729e-01
1.396101899957281067e-01
1.368256838950173415e-01
1.340620751034014013e-01
1.313192782839503747e-01
1.285972075087326583e-01
1.258957762687145376e-01
1.232148974837154187e-01
1.205544835124134767e-01
1.179144461623967410e-01
1.152946967002559386e-01
1.126951458617157925e-01
1.101157038617970041e-01
1.075562804050074067e-01
1.050167846955546852e-01
1.024971254475783716e-01
9.999721089539312380e-02
9.751694880373966423e-02
9.505624647803759264e-02
9.261501077463496490e-02
9.019314811104704732e-02
8.779056447618142911e-02
8.540716544054050008e-02
8.304285616639688061e-02
8.069754141793511470e-02
7.837112557135332558e-02
7.606351262491771459e-02
7.377460620896281185e-02
7.150430959583323198e-02
6.925252570975487520e-02
6.701915713663422758e-02
6.480410613377235451e-02
6.260727463949121441e-02
6.042856428266095425e-02
5.826787639212074182e-02
5.612511200598714611e-02
5.400017188083826303e-02
5.189295650076725802e-02
4.980336608629497980e-02
4.773130060313504619e-02
4.567665977079748280e-02
4.363934307102537713e-02
4.161924975605377913e-02
3.961627885667807353e-02
3.763032919012451044e-02
3.566129936771098713e-02
3.370908780228432100e-02
3.177359271542838648e-02
2.985471214442411009e-02
2.795234394895550548e-02
2.606638581754343667e-02
2.419673527369996247e-02
2.234328968178336469e-02
2.050594625254631778e-02
1.868460204835710806e-02
1.687915398808309889e-02
1.508949885161891408e-02
1.331553328404381370e-02
1.155715379939248159e-02
9.814256784019786961e-03
8.086738499545357770e-03
6.374495085355805744e-03
4.677422560647484691e-03
2.995416825990169802e-03
1.328373664388992270e-03
-3.238112581746713323e-04
-1.961242392746486134e-03
-3.584024307970835790e-03
-5.192261691253469494e-03
-6.786059350540675147e-03
-8.365522216742499184e-03
-9.930755346824637897e-03
-1.148186392760034910e-02
-1.301895328024940159e-02
-1.454212886559577006e-02
-1.605149629017790791e-02
-1.754716131314094235e-02
-1.902922985399009559e-02
-2.049780800123882085e-02
-2.195300202199106099e-02
-2.339491837249527834e-02
-2.482366370971551481e-02
-2.623934490395655669e-02
-2.764206905259477057e-02
-2.903194349495601817e-02
-3.040907582839339623e-02
-3.177357392561319660e-02
-3.312554595330561430e-02
-3.446510039213147164e-02
-3.579234605812842834e-02
-3.710739212559308747e-02
-3.841034815150447951e-02
-3.970132410155506608e-02
-4.098043037785789600e-02
-4.224777784840230699e-02
-4.350347787833380719e-02
-4.474764236313658744e-02
-4.598038376380016862e-02
-4.720181514405828727e-02
-4.841205020978546492e-02
-4.961120335064939796e-02
-5.079938968411271821e-02
-5.197672510188798556e-02
-5.314332631895149484e-02
-5.429931092522650299e-02
-5.544479744005101352e-02
-5.657990536955138927e-02
-5.770475526704615249e-02
-5.881946879661197058e-02
-5.992416879994678924e-02
-6.101897936667365768e-02
-6.210402590823188573e-02
-6.317943523551027007e-02
-6.424533564038278910e-02
-6.530185698131324434e-02
-6.634913077320299390e-02
-6.738729028166205726e-02
-6.841647062189129547e-02
-6.943680886237152405e-02
-7.044844413356075863e-02
-7.145151774181160431e-02
-7.244617328872696160e-02
-7.343255679617891052e-02
-7.441081683722879092e-02
-7.538110467318853702e-02
-7.634357439707875614e-02
-7.729838308374037403e-02
-7.824569094687498783e-02
-7.918566150328644471e-02
-8.011846174461728642e-02
-8.104426231687432425e-02
-8.196323770804843367e-02
-8.287556644414757756e-02
-8.378143129396471711e-02
-8.468101948291355263e-02
-8.557452291627856700e-02
-8.646213841222424867e-02
-8.734406794492730053e-02
-8.822051889819804149e-02
-8.909170432996339761e-02
-8.995784324799613318e-02
-9.081916089727694319e-02
-9.167588905938170440e-02
-9.252826636429588303e-02
-9.337653861505434971e-02
-9.422095912561337383e-02
-9.506178907236143005e-02
-9.589929785967307718e-02
-9.673376349991107126e-02
-9.756547300827743407e-02
-9.839472281290710665e-02
-9.922181918059162775e-02
-1.000470786585085509e-01
-1.008708285323169085e-01
-1.016934073009669315e-01
-1.025151651685466681e-01
-1.033364645534663034e-01
-1.041576806152526846e-01
-1.049792017991921234e-01
-1.058014303990219562e-01
-1.066247831378279304e-01
-1.074496917672515262e-01
-1.082766036850585090e-01
-1.091059825710542636e-01
-1.099383090412605207e-01
-1.107740813201854996e-01
-1.116138159309380262e-01
-1.124580484028284422e-01
-1.133073339959990850e-01
-1.141622484425028200e-01
-1.150233887031186231e-01
-1.158913737390522142e-01
-1.167668452975093446e-01
-1.176504687099661078e-01
-1.185429337017701173e-01
-1.194449552115152691e-01
-1.203572742184111227e-01
-1.212806585756476679e-01
-1.222159038475009452e-01
-1.231638341476700149e-01
-1.241253029760527038e-01
-1.251011940508744424e-01
-1.260924221327658079e-01
-1.270999338370666920e-01
-1.281247084302759298e-01
-1.291677586062184302e-01
-1.302301312371159092e-01
-1.313129080943718219e-01
-1.324172065334733028e-01
-1.335441801370148285e-01
-1.346950193094292869e-01
-1.358709518166005548e-01
-1.370732432631172060e-01
-1.383031974995124203e-01
-1.395621569514398086e-01
-1.408515028623436027e-01
-1.421726554408217491e-01
-1.435270739035381105e-01
-1.449162564042386081e-01
-1.463417398391650692e-01
-1.478050995189528760e-01
-1.493079486969442204e-01
-1.508519379437729957e-01
-1.524387543580758009e-01
-1.540701206032723258e-01
-1.557477937605475649e-01
-1.574735639884743688e-01
-1.592492529801290135e-01
-1.610767122091154580e-01
-1.629578209565994418e-01
-1.648944841123067551e-01
-1.668886297434325483e-01
-1.689422064265776735e-01
-1.710571803391535417e-01
-1.732355321082016952e-01
-1.754792534162305517e-01
-1.777903433655158294e-01
-1.801708046042884148e-01
-1.826226392203791349e-01
-1.851478444101547771e-01
-1.877484079329761468e-01
-1.904263033638828873e-01
-1.931834851597749037e-01
-1.960218835569453033e-01
-1.989433993204285100e-01
-2.019498983682004867e-01
-2.050432062957671941e-01
-2.082251028290856287e-01
-2.114973162359862768e-01
-2.148615177283274280e-01
-2.183193158888985519e-01
-2.218722511586130597e-01
-2.255217904207119650e-01
-2.292693217195297950e-01
-2.331161491517830531e-01
-2.370634879683493346e-01
-2.411124599240355715e-01
-2.452640889119256651e-01
-2.495192969174912234e-01
9.660010670625325258e-01
8.720880381762512457e-01
7.789505813236481391e-01
6.867430616572831603e-01
5.956457701578783404e-01
5.058671492560213867e-01
4.176452402585298929e-01
3.312478647328917503e-01
2.469709598968459208e-01
1.651344479483106975e-01
8.607507744552929385e-02
1.013588083625561326e-02
-6.234771917896848176e-02
-1.310645569634158458e-01
-1.957458602560172289e-01
-2.561829917621163966e-01
-3.122425424730918553e-01
-3.638765861387948108e-01
-4.111264777880380694e-01
-4.541195724443465309e-01
-4.930594037137051022e-01
-5.282108778916128067e-01
-5.598826491473557487e-01
-5.884089413097353116e-01
-6.141327384923042088e-01
-6.373916590534097759e-01
-6.585071577104832929e-01
-6.777771247528678877e-01
-6.954715487447010736e-01
-7.118306904489926090e-01
-7.270651482261768495e-01
-7.413572296881900670e-01
-7.548631339965292675e-01
-7.677155582109855825e-01
-7.800264468845916621e-01
-7.918896949609549596e-01
-8.033836858742630094e-01
-8.145735999967047558e-01
-8.255134658303463491e-01
-8.362479509201485861e-01
-8.468139045873189774e-01
-8.572416729892853304e-01
