14,2.5,14,7.19,10,25,0.1,25,0.01,21.0163261750237
14,2.5,14,7.19,10,25,0.1,25,0.0102329299228075,20.8981890693915
14,2.5,14,7.19,10,25,0.1,25,0.010471285480509,20.7815012618597
14,2.5,14,7.19,10,25,0.1,25,0.0107151930523761,20.6662439535837
14,2.5,14,7.19,10,25,0.1,25,0.0109647819614319,20.5523986111392
14,2.5,14,7.19,10,25,0.1,25,0.0112201845430196,20.4399469623389
14,2.5,14,7.19,10,25,0.1,25,0.0114815362149688,20.3288709921219
14,2.5,14,7.19,10,25,0.1,25,0.0117489755493953,20.2191529385163
14,2.5,14,7.19,10,25,0.1,25,0.0120226443461741,20.1107752886726
14,2.5,14,7.19,10,25,0.1,25,0.0123026877081238,20.0037207749667
14,2.5,14,7.19,10,25,0.1,25,0.0125892541179417,19.8979723711709
14,2.5,14,7.19,10,25,0.1,25,0.0128824955169313,19.7935132886928
14,2.5,14,7.19,10,25,0.1,25,0.0131825673855641,19.6903269728782
14,2.5,14,7.19,10,25,0.1,25,0.0134896288259165,19.5883970993804
14,2.5,14,7.19,10,25,0.1,25,0.0138038426460289,19.4877075705909
14,2.5,14,7.19,10,25,0.1,25,0.0141253754462275,19.3882425121327
14,2.5,14,7.19,10,25,0.1,25,0.0144543977074593,19.2899862694148
14,2.5,14,7.19,10,25,0.1,25,0.0147910838816821,19.1929234042452
14,2.5,14,7.19,10,25,0.1,25,0.0151356124843621,19.0970386915034
14,2.5,14,7.19,10,25,0.1,25,0.0154881661891248,19.002317115869
14,2.5,14,7.19,10,25,0.1,25,0.0158489319246111,18.9087438686077
14,2.5,14,7.19,10,25,0.1,25,0.0162181009735893,18.8163043444112
14,2.5,14,7.19,10,25,0.1,25,0.0165958690743756,18.7249841382924
14,2.5,14,7.19,10,25,0.1,25,0.0169824365246174,18.6347690425322
14,2.5,14,7.19,10,25,0.1,25,0.0173780082874938,18.5456450436796
14,2.5,14,7.19,10,25,0.1,25,0.0177827941003892,18.4575983196019
14,2.5,14,7.19,10,25,0.1,25,0.0181970085860998,18.3706152365851
14,2.5,14,7.19,10,25,0.1,25,0.0186208713666287,18.2846823464838
14,2.5,14,7.19,10,25,0.1,25,0.0190546071796325,18.1997863839186
14,2.5,14,7.19,10,25,0.1,25,0.0194984459975805,18.1159142635213
14,2.5,14,7.19,10,25,0.1,25,0.0199526231496888,18.0330530772257
14,2.5,14,7.19,10,25,0.1,25,0.0204173794466953,17.9511900916046
14,2.5,14,7.19,10,25,0.1,25,0.0208929613085404,17.8703127452507
14,2.5,14,7.19,10,25,0.1,25,0.0213796208950223,17.7904086462019
14,2.5,14,7.19,10,25,0.1,25,0.0218776162394955,17.7114655694086
14,2.5,14,7.19,10,25,0.1,25,0.0223872113856834,17.6334714542441
14,2.5,14,7.19,10,25,0.1,25,0.0229086765276777,17.5564144020551
14,2.5,14,7.19,10,25,0.1,25,0.0234422881531992,17.480282673754
14,2.5,14,7.19,10,25,0.1,25,0.0239883291901949,17.4050646874498
14,2.5,14,7.19,10,25,0.1,25,0.0245470891568503,17.3307490161185
14,2.5,14,7.19,10,25,0.1,25,0.0251188643150958,17.2573243853117
14,2.5,14,7.19,10,25,0.1,25,0.0257039578276886,17.1847796709026
14,2.5,14,7.19,10,25,0.1,25,0.0263026799189538,17.113103896869
14,2.5,14,7.19,10,25,0.1,25,0.0269153480392692,17.0422862331118
14,2.5,14,7.19,10,25,0.1,25,0.0275422870333817,16.97231599331
14,2.5,14,7.19,10,25,0.1,25,0.0281838293126445,16.9031826328091
14,2.5,14,7.19,10,25,0.1,25,0.0288403150312661,16.8348757465448
14,2.5,14,7.19,10,25,0.1,25,0.0295120922666639,16.7673850669991
14,2.5,14,7.19,10,25,0.1,25,0.0301995172040202,16.7007004621903
14,2.5,14,7.19,10,25,0.1,25,0.0309029543251359,16.6348119336939
14,2.5,14,7.19,10,25,0.1,25,0.0316227766016838,16.5697096146961
14,2.5,14,7.19,10,25,0.1,25,0.0323593656929628,16.5053837680781
14,2.5,14,7.19,10,25,0.1,25,0.0331131121482591,16.4418247845297
14,2.5,14,7.19,10,25,0.1,25,0.0338844156139203,16.3790231806945
14,2.5,14,7.19,10,25,0.1,25,0.0346736850452532,16.3169695973428
14,2.5,14,7.19,10,25,0.1,25,0.0354813389233576,16.2556547975737
14,2.5,14,7.19,10,25,0.1,25,0.0363078054770101,16.1950696650454
14,2.5,14,7.19,10,25,0.1,25,0.0371535229097173,16.1352052022328
14,2.5,14,7.19,10,25,0.1,25,0.0380189396320561,16.0760525287127
14,2.5,14,7.19,10,25,0.1,25,0.038904514499428,16.0176028794743
14,2.5,14,7.19,10,25,0.1,25,0.0398107170553497,15.9598476032572
14,2.5,14,7.19,10,25,0.1,25,0.0407380277804113,15.9027781609136
14,2.5,14,7.19,10,25,0.1,25,0.0416869383470335,15.8463861237962
14,2.5,14,7.19,10,25,0.1,25,0.0426579518801593,15.7906631721703
14,2.5,14,7.19,10,25,0.1,25,0.0436515832240166,15.7356010936499
14,2.5,14,7.19,10,25,0.1,25,0.0446683592150963,15.6811917816574
14,2.5,14,7.19,10,25,0.1,25,0.0457088189614875,15.6274272339064
14,2.5,14,7.19,10,25,0.1,25,0.0467735141287198,15.5742995509066
14,2.5,14,7.19,10,25,0.1,25,0.0478630092322639,15.5218009344917
14,2.5,14,7.19,10,25,0.1,25,0.0489778819368446,15.4699236863678
14,2.5,14,7.19,10,25,0.1,25,0.0501187233627272,15.4186602066842
14,2.5,14,7.19,10,25,0.1,25,0.0512861383991365,15.3680029926242
14,2.5,14,7.19,10,25,0.1,25,0.0524807460249773,15.3179446370163
14,2.5,14,7.19,10,25,0.1,25,0.0537031796370253,15.2684778269654
14,2.5,14,7.19,10,25,0.1,25,0.0549540873857625,15.2195953425038
14,2.5,14,7.19,10,25,0.1,25,0.0562341325190349,15.1712900552607
14,2.5,14,7.19,10,25,0.1,25,0.0575439937337157,15.1235549271506
14,2.5,14,7.19,10,25,0.1,25,0.0588843655355589,15.0763830090797
14,2.5,14,7.19,10,25,0.1,25,0.0602559586074358,15.0297674396706
14,2.5,14,7.19,10,25,0.1,25,0.0616595001861482,14.9837014440037
14,2.5,14,7.19,10,25,0.1,25,0.0630957344480193,14.9381783323762
14,2.5,14,7.19,10,25,0.1,25,0.0645654229034656,14.8931914990772
14,2.5,14,7.19,10,25,0.1,25,0.0660693448007596,14.8487344211791
14,2.5,14,7.19,10,25,0.1,25,0.0676082975391982,14.804800657345
14,2.5,14,7.19,10,25,0.1,25,0.0691830970918936,14.7613838466513
14,2.5,14,7.19,10,25,0.1,25,0.0707945784384138,14.718477707425
14,2.5,14,7.19,10,25,0.1,25,0.072443596007499,14.6760760360964
14,2.5,14,7.19,10,25,0.1,25,0.0741310241300918,14.6341727060649
14,2.5,14,7.19,10,25,0.1,25,0.0758577575029184,14.5927616665793
14,2.5,14,7.19,10,25,0.1,25,0.0776247116628692,14.5518369416315
14,2.5,14,7.19,10,25,0.1,25,0.0794328234724281,14.5113926288629
14,2.5,14,7.19,10,25,0.1,25,0.0812830516164099,14.4714228984835
14,2.5,14,7.19,10,25,0.1,25,0.0831763771102671,14.4319219922035
14,2.5,14,7.19,10,25,0.1,25,0.0851138038202377,14.3928842221758
14,2.5,14,7.19,10,25,0.1,25,0.0870963589956081,14.3543039699516
14,2.5,14,7.19,10,25,0.1,25,0.0891250938133746,14.316175685445
14,2.5,14,7.19,10,25,0.1,25,0.091201083935591,14.2784938859096
14,2.5,14,7.19,10,25,0.1,25,0.0933254300796991,14.2412531549249
14,2.5,14,7.19,10,25,0.1,25,0.0954992586021436,14.2044481413926
14,2.5,14,7.19,10,25,0.1,25,0.0977237220955811,14.1680735585416
14,2.5,14,7.19,10,25,0.1,25,0.1,14.1321241829429
14,2.5,14,7.19,10,25,0.1,25,0.102329299228075,14.0965948535324
14,2.5,14,7.19,10,25,0.1,25,0.10471285480509,14.0614804706424
14,2.5,14,7.19,10,25,0.1,25,0.107151930523761,14.0267759950394
14,2.5,14,7.19,10,25,0.1,25,0.109647819614319,13.992476446971
14,2.5,14,7.19,10,25,0.1,25,0.112201845430196,13.9585769052181
14,2.5,14,7.19,10,25,0.1,25,0.114815362149688,13.9250725061542
14,2.5,14,7.19,10,25,0.1,25,0.117489755493953,13.8919584428097
14,2.5,14,7.19,10,25,0.1,25,0.120226443461741,13.8592299639427
14,2.5,14,7.19,10,25,0.1,25,0.123026877081238,13.8268823731139
14,2.5,14,7.19,10,25,0.1,25,0.125892541179417,13.7949110277656
14,2.5,14,7.19,10,25,0.1,25,0.128824955169313,13.7633113383058
14,2.5,14,7.19,10,25,0.1,25,0.131825673855641,13.7320787671941
14,2.5,14,7.19,10,25,0.1,25,0.134896288259165,13.701208828032
14,2.5,14,7.19,10,25,0.1,25,0.138038426460289,13.6706970846537
14,2.5,14,7.19,10,25,0.1,25,0.141253754462275,13.6405391502205
14,2.5,14,7.19,10,25,0.1,25,0.144543977074593,13.6107306863151
14,2.5,14,7.19,10,25,0.1,25,0.147910838816821,13.5812674020366
14,2.5,14,7.19,10,25,0.1,25,0.151356124843621,13.5521450530959
14,2.5,14,7.19,10,25,0.1,25,0.154881661891248,13.5233594409105
14,2.5,14,7.19,10,25,0.1,25,0.158489319246111,13.4949064116969
14,2.5,14,7.19,10,25,0.1,25,0.162181009735893,13.4667818555626
14,2.5,14,7.19,10,25,0.1,25,0.165958690743756,13.4389817055943
14,2.5,14,7.19,10,25,0.1,25,0.169824365246174,13.4115019369431
14,2.5,14,7.19,10,25,0.1,25,0.173780082874938,13.3843385659059
14,2.5,14,7.19,10,25,0.1,25,0.177827941003892,13.3574876490014
14,2.5,14,7.19,10,25,0.1,25,0.181970085860998,13.330945282041
14,2.5,14,7.19,10,25,0.1,25,0.186208713666287,13.3047075991931
14,2.5,14,7.19,10,25,0.1,25,0.190546071796325,13.27877077204
14,2.5,14,7.19,10,25,0.1,25,0.194984459975805,13.253131008627
14,2.5,14,7.19,10,25,0.1,25,0.199526231496888,13.2277845525024
14,2.5,14,7.19,10,25,0.1,25,0.204173794466953,13.2027276817473
14,2.5,14,7.19,10,25,0.1,25,0.208929613085404,13.177956707995
14,2.5,14,7.19,10,25,0.1,25,0.213796208950223,13.1534679754384
14,2.5,14,7.19,10,25,0.1,25,0.218776162394955,13.129257859824
14,2.5,14,7.19,10,25,0.1,25,0.223872113856834,13.1053227674329
14,2.5,14,7.19,10,25,0.1,25,0.229086765276777,13.0816591340456
14,2.5,14,7.19,10,25,0.1,25,0.234422881531992,13.0582634238917
14,2.5,14,7.19,10,25,0.1,25,0.239883291901949,13.0351321285812
14,2.5,14,7.19,10,25,0.1,25,0.245470891568503,13.0122617660179
14,2.5,14,7.19,10,25,0.1,25,0.251188643150958,12.989648879292
14,2.5,14,7.19,10,25,0.1,25,0.257039578276886,12.9672900355525
14,2.5,14,7.19,10,25,0.1,25,0.263026799189538,12.9451818248559
14,2.5,14,7.19,10,25,0.1,25,0.269153480392692,12.923320858991
14,2.5,14,7.19,10,25,0.1,25,0.275422870333817,12.9017037702787
14,2.5,14,7.19,10,25,0.1,25,0.281838293126445,12.8803272103436
14,2.5,14,7.19,10,25,0.1,25,0.288403150312661,12.8591878488571
14,2.5,14,7.19,10,25,0.1,25,0.295120922666639,12.8382823722503
14,2.5,14,7.19,10,25,0.1,25,0.301995172040202,12.8176074823941
14,2.5,14,7.19,10,25,0.1,25,0.309029543251359,12.7971598952451
14,2.5,14,7.19,10,25,0.1,25,0.316227766016838,12.7769363394561
14,2.5,14,7.19,10,25,0.1,25,0.323593656929628,12.7569335549474
14,2.5,14,7.19,10,25,0.1,25,0.331131121482591,12.7371482914389
14,2.5,14,7.19,10,25,0.1,25,0.338844156139203,12.7175773069396
14,2.5,14,7.19,10,25,0.1,25,0.346736850452532,12.6982173661924
14,2.5,14,7.19,10,25,0.1,25,0.354813389233575,12.6790652390723
14,2.5,14,7.19,10,25,0.1,25,0.363078054770101,12.660117698935
14,2.5,14,7.19,10,25,0.1,25,0.371535229097173,12.6413715209143
14,2.5,14,7.19,10,25,0.1,25,0.380189396320561,12.622823480164
14,2.5,14,7.19,10,25,0.1,25,0.389045144994281,12.6044703500441
14,2.5,14,7.19,10,25,0.1,25,0.398107170553497,12.5863089002459
14,2.5,14,7.19,10,25,0.1,25,0.407380277804113,12.5683358948544
14,2.5,14,7.19,10,25,0.1,25,0.416869383470336,12.5505480903454
14,2.5,14,7.19,10,25,0.1,25,0.426579518801593,12.5329422335131
14,2.5,14,7.19,10,25,0.1,25,0.436515832240166,12.5155150593246
14,2.5,14,7.19,10,25,0.1,25,0.446683592150963,12.4982632887001
14,2.5,14,7.19,10,25,0.1,25,0.457088189614875,12.4811836262126
14,2.5,14,7.19,10,25,0.1,25,0.467735141287198,12.4642727577047
14,2.5,14,7.19,10,25,0.1,25,0.478630092322638,12.4475273478192
14,2.5,14,7.19,10,25,0.1,25,0.489778819368446,12.4309440374388
14,2.5,14,7.19,10,25,0.1,25,0.501187233627272,12.4145194410301
14,2.5,14,7.19,10,25,0.1,25,0.512861383991365,12.39825014389
14,2.5,14,7.19,10,25,0.1,25,0.524807460249773,12.3821326992877
14,2.5,14,7.19,10,25,0.1,25,0.537031796370253,12.3661636254988
14,2.5,14,7.19,10,25,0.1,25,0.549540873857625,12.3503394027274
14,2.5,14,7.19,10,25,0.1,25,0.562341325190349,12.3346564699107
14,2.5,14,7.19,10,25,0.1,25,0.575439937337157,12.3191112214003
14,2.5,14,7.19,10,25,0.1,25,0.588843655355589,12.3037000035175
14,2.5,14,7.19,10,25,0.1,25,0.602559586074358,12.2884191109746
14,2.5,14,7.19,10,25,0.1,25,0.616595001861482,12.2732647831587
14,2.5,14,7.19,10,25,0.1,25,0.630957344480193,12.2582332002717
14,2.5,14,7.19,10,25,0.1,25,0.645654229034656,12.2433204793202
14,2.5,14,7.19,10,25,0.1,25,0.660693448007596,12.2285226699508
14,2.5,14,7.19,10,25,0.1,25,0.676082975391982,12.2138357501238
14,2.5,14,7.19,10,25,0.1,25,0.691830970918937,12.1992556216187
14,2.5,14,7.19,10,25,0.1,25,0.707945784384138,12.1847781053668
14,2.5,14,7.19,10,25,0.1,25,0.72443596007499,12.1703989366032
14,2.5,14,7.19,10,25,0.1,25,0.741310241300918,12.1561137598314
14,2.5,14,7.19,10,25,0.1,25,0.758577575029184,12.1419181235955
14,2.5,14,7.19,10,25,0.1,25,0.776247116628692,12.1278074750516
14,2.5,14,7.19,10,25,0.1,25,0.794328234724282,12.1137771543319
14,2.5,14,7.19,10,25,0.1,25,0.8128305161641,12.0998223886964
14,2.5,14,7.19,10,25,0.1,25,0.831763771102671,12.0859382864621
14,2.5,14,7.19,10,25,0.1,25,0.851138038202376,12.0721198307059
14,2.5,14,7.19,10,25,0.1,25,0.87096358995608,12.0583618727322
14,2.5,14,7.19,10,25,0.1,25,0.891250938133745,12.0446591252997
14,2.5,14,7.19,10,25,0.1,25,0.91201083935591,12.0310061555995
14,2.5,14,7.19,10,25,0.1,25,0.933254300796991,12.0173973779786
14,2.5,14,7.19,10,25,0.1,25,0.954992586021436,12.0038270464022
14,2.5,14,7.19,10,25,0.1,25,0.977237220955811,11.9902892466479
14,2.5,14,7.19,10,25,0.1,25,1,11.9767778882263
14,2.5,14,7.19,10,25,0.1,25,1.02329299228075,11.9632866960223
14,2.5,14,7.19,10,25,0.1,25,1.0471285480509,11.949809201651
14,2.5,14,7.19,10,25,0.1,25,1.07151930523761,11.9363387345242
14,2.5,14,7.19,10,25,0.1,25,1.09647819614319,11.9228684126225
14,2.5,14,7.19,10,25,0.1,25,1.12201845430196,11.9093911329689
14,2.5,14,7.19,10,25,0.1,25,1.14815362149688,11.8958995618018
14,2.5,14,7.19,10,25,0.1,25,1.17489755493953,11.8823861244442
14,2.5,14,7.19,10,25,0.1,25,1.20226443461741,11.8688429948677
14,2.5,14,7.19,10,25,0.1,25,1.23026877081238,11.8552620849517
14,2.5,14,7.19,10,25,0.1,25,1.25892541179417,11.8416350334381
14,2.5,14,7.19,10,25,0.1,25,1.28824955169313,11.8279531945833
14,2.5,14,7.19,10,25,0.1,25,1.31825673855641,11.8142076265121
14,2.5,14,7.19,10,25,0.1,25,1.34896288259165,11.8003890792775
14,2.5,14,7.19,10,25,0.1,25,1.38038426460289,11.7864879826349
14,2.5,14,7.19,10,25,0.1,25,1.41253754462275,11.7724944335386
14,2.5,14,7.19,10,25,0.1,25,1.44543977074593,11.758398183372
14,2.5,14,7.19,10,25,0.1,25,1.47910838816821,11.7441886249273
14,2.5,14,7.19,10,25,0.1,25,1.51356124843621,11.7298547791475
14,2.5,14,7.19,10,25,0.1,25,1.54881661891248,11.7153852816542
14,2.5,14,7.19,10,25,0.1,25,1.58489319246111,11.7007683690811
14,2.5,14,7.19,10,25,0.1,25,1.62181009735893,11.6859918652406
14,2.5,14,7.19,10,25,0.1,25,1.65958690743756,11.6710431671533
14,2.5,14,7.19,10,25,0.1,25,1.69824365246174,11.6559092309756
14,2.5,14,7.19,10,25,0.1,25,1.73780082874938,11.640576557862
14,2.5,14,7.19,10,25,0.1,25,1.77827941003892,11.6250311798084
14,2.5,14,7.19,10,25,0.1,25,1.81970085860998,11.6092586455233
14,2.5,14,7.19,10,25,0.1,25,1.86208713666287,11.5932440063824
14,2.5,14,7.19,10,25,0.1,25,1.90546071796325,11.5769718025264
14,2.5,14,7.19,10,25,0.1,25,1.94984459975805,11.5604260491695
14,2.5,14,7.19,10,25,0.1,25,1.99526231496888,11.5435902231924
14,2.5,14,7.19,10,25,0.1,25,2.04173794466953,11.5264472501
14,2.5,14,7.19,10,25,0.1,25,2.08929613085404,11.5089794914335
14,2.5,14,7.19,10,25,0.1,25,2.13796208950223,11.4911687327325
14,2.5,14,7.19,10,25,0.1,25,2.18776162394955,11.4729961721531
14,2.5,14,7.19,10,25,0.1,25,2.23872113856834,11.4544424098558
14,2.5,14,7.19,10,25,0.1,25,2.29086765276777,11.4354874382864
14,2.5,14,7.19,10,25,0.1,25,2.34422881531992,11.4161106334818
14,2.5,14,7.19,10,25,0.1,25,2.39883291901949,11.3962907475453
14,2.5,14,7.19,10,25,0.1,25,2.45470891568503,11.3760059024413
14,2.5,14,7.19,10,25,0.1,25,2.51188643150958,11.3552335852747
14,2.5,14,7.19,10,25,0.1,25,2.57039578276886,11.3339506452266
14,2.5,14,7.19,10,25,0.1,25,2.63026799189538,11.31213329233
14,2.5,14,7.19,10,25,0.1,25,2.69153480392692,11.28975709828
14,2.5,14,7.19,10,25,0.1,25,2.75422870333817,11.2667969994812
14,2.5,14,7.19,10,25,0.1,25,2.81838293126446,11.243227302546
14,2.5,14,7.19,10,25,0.1,25,2.88403150312661,11.219021692467
14,2.5,14,7.19,10,25,0.1,25,2.95120922666639,11.1941532436936
14,2.5,14,7.19,10,25,0.1,25,3.01995172040202,11.168594434352
14,2.5,14,7.19,10,25,0.1,25,3.09029543251359,11.1423171638533
14,2.5,14,7.19,10,25,0.1,25,3.16227766016838,11.115292774141
14,2.5,14,7.19,10,25,0.1,25,3.23593656929628,11.0874920748307
14,2.5,14,7.19,10,25,0.1,25,3.31131121482591,11.0588853724985
14,2.5,14,7.19,10,25,0.1,25,3.38844156139203,11.0294425043737
14,2.5,14,7.19,10,25,0.1,25,3.46736850452532,10.9991328766871
14,2.5,14,7.19,10,25,0.1,25,3.54813389233576,10.9679255079241
14,2.5,14,7.19,10,25,0.1,25,3.63078054770101,10.9357890772188
14,2.5,14,7.19,10,25,0.1,25,3.71535229097172,10.9026919781166
14,2.5,14,7.19,10,25,0.1,25,3.80189396320561,10.8686023779156
14,2.5,14,7.19,10,25,0.1,25,3.8904514499428,10.8334882827768
14,2.5,14,7.19,10,25,0.1,25,3.98107170553497,10.7973176087699
14,2.5,14,7.19,10,25,0.1,25,4.07380277804113,10.7600582589908
14,2.5,14,7.19,10,25,0.1,25,4.16869383470335,10.7216782068556
14,2.5,14,7.19,10,25,0.1,25,4.26579518801593,10.6821455856328
14,2.5,14,7.19,10,25,0.1,25,4.36515832240166,10.6414287842349
14,2.5,14,7.19,10,25,0.1,25,4.46683592150963,10.5994965492384
14,2.5,14,7.19,10,25,0.1,25,4.57088189614875,10.5563180930456
14,2.5,14,7.19,10,25,0.1,25,4.67735141287198,10.5118632080425
14,2.5,14,7.19,10,25,0.1,25,4.78630092322638,10.4661023865394
14,2.5,14,7.19,10,25,0.1,25,4.89778819368446,10.4190069462109
14,2.5,14,7.19,10,25,0.1,25,5.01187233627272,10.3705491606754
14,2.5,14,7.19,10,25,0.1,25,5.12861383991365,10.3207023947777
14,2.5,14,7.19,10,25,0.1,25,5.24807460249773,10.2694412440504
14,2.5,14,7.19,10,25,0.1,25,5.37031796370253,10.216741677751
14,2.5,14,7.19,10,25,0.1,25,5.49540873857625,10.1625811847804
14,2.5,14,7.19,10,25,0.1,25,5.62341325190349,10.1069389217035
14,2.5,14,7.19,10,25,0.1,25,5.75439937337157,10.0497958620082
14,2.5,14,7.19,10,25,0.1,25,5.88843655355589,9.99113494565361
14,2.5,14,7.19,10,25,0.1,25,6.02559586074358,9.93094122788131
14,2.5,14,7.19,10,25,0.1,25,6.16595001861482,9.86920202618886
14,2.5,14,7.19,10,25,0.1,25,6.30957344480194,9.80590706430016
14,2.5,14,7.19,10,25,0.1,25,6.45654229034656,9.74104861190954
14,2.5,14,7.19,10,25,0.1,25,6.60693448007596,9.67462161893167
14,2.5,14,7.19,10,25,0.1,25,6.76082975391982,9.60662384295606
14,2.5,14,7.19,10,25,0.1,25,6.91830970918936,9.53705596858694
14,2.5,14,7.19,10,25,0.1,25,7.07945784384138,9.46592171734604
14,2.5,14,7.19,10,25,0.1,25,7.2443596007499,9.39322794683103
14,2.5,14,7.19,10,25,0.1,25,7.41310241300918,9.31898473785466
14,2.5,14,7.19,10,25,0.1,25,7.58577575029184,9.24320546834163
14,2.5,14,7.19,10,25,0.1,25,7.76247116628692,9.16590687283159
14,2.5,14,7.19,10,25,0.1,25,7.94328234724281,9.08710908652705
14,2.5,14,7.19,10,25,0.1,25,8.12830516164099,9.0068356729354
14,2.5,14,7.19,10,25,0.1,25,8.31763771102671,8.92511363428216
14,2.5,14,7.19,10,25,0.1,25,8.51138038202377,8.84197340401829
14,2.5,14,7.19,10,25,0.1,25,8.7096358995608,8.75744882090558
14,2.5,14,7.19,10,25,0.1,25,8.91250938133746,8.67157708433838
14,2.5,14,7.19,10,25,0.1,25,9.1201083935591,8.58439869074606
14,2.5,14,7.19,10,25,0.1,25,9.33254300796991,8.49595735111412
14,2.5,14,7.19,10,25,0.1,25,9.54992586021436,8.40629988986109
14,2.5,14,7.19,10,25,0.1,25,9.77237220955811,8.31547612550935
14,2.5,14,7.19,10,25,0.1,25,10,8.22353873378748
14,2.5,14,7.19,10,25,0.1,25,10.2329299228075,8.1305430939958
14,2.5,14,7.19,10,25,0.1,25,10.471285480509,8.03654711965316
14,2.5,14,7.19,10,25,0.1,25,10.7151930523761,7.9416110746162
14,2.5,14,7.19,10,25,0.1,25,10.9647819614319,7.84579737602197
14,2.5,14,7.19,10,25,0.1,25,11.2201845430196,7.74917038554541
14,2.5,14,7.19,10,25,0.1,25,11.4815362149688,7.65179619058418
14,2.5,14,7.19,10,25,0.1,25,11.7489755493953,7.55374237708141
14,2.5,14,7.19,10,25,0.1,25,12.0226443461741,7.45507779577201
14,2.5,14,7.19,10,25,0.1,25,12.3026877081238,7.35587232368701
14,2.5,14,7.19,10,25,0.1,25,12.5892541179417,7.256196622775
14,2.5,14,7.19,10,25,0.1,25,12.8824955169313,7.15612189749846
14,2.5,14,7.19,10,25,0.1,25,13.1825673855641,7.0557196532363
14,2.5,14,7.19,10,25,0.1,25,13.4896288259165,6.95506145727483
14,2.5,14,7.19,10,25,0.1,25,13.8038426460289,6.85421870409672
14,2.5,14,7.19,10,25,0.1,25,14.1253754462275,6.75326238658608
14,2.5,14,7.19,10,25,0.1,25,14.4543977074593,6.65226287465698
14,2.5,14,7.19,10,25,0.1,25,14.7910838816821,6.55128970268798
14,2.5,14,7.19,10,25,0.1,25,15.1356124843621,6.45041136700627
14,2.5,14,7.19,10,25,0.1,25,15.4881661891248,6.34969513451788
14,2.5,14,7.19,10,25,0.1,25,15.8489319246111,6.24920686342477
14,2.5,14,7.19,10,25,0.1,25,16.2181009735893,6.14901083681128
14,2.5,14,7.19,10,25,0.1,25,16.5958690743756,6.0491696097216
14,2.5,14,7.19,10,25,0.1,25,16.9824365246174,5.94974387019134
14,2.5,14,7.19,10,25,0.1,25,17.3780082874938,5.85079231454084
14,2.5,14,7.19,10,25,0.1,25,17.7827941003892,5.75237153708813
14,2.5,14,7.19,10,25,0.1,25,18.1970085860998,5.65453593429815
14,2.5,14,7.19,10,25,0.1,25,18.6208713666287,5.5573376232519
14,2.5,14,7.19,10,25,0.1,25,19.0546071796325,5.4608263741975
14,2.5,14,7.19,10,25,0.1,25,19.4984459975805,5.36504955683471
14,2.5,14,7.19,10,25,0.1,25,19.9526231496888,5.27005209988621
14,2.5,14,7.19,10,25,0.1,25,20.4173794466953,5.17587646342347
14,2.5,14,7.19,10,25,0.1,25,20.8929613085404,5.08256262334225
14,2.5,14,7.19,10,25,0.1,25,21.3796208950223,4.99014806732242
14,2.5,14,7.19,10,25,0.1,25,21.8776162394955,4.89866780155929
14,2.5,14,7.19,10,25,0.1,25,22.3872113856834,4.80815436751737
14,2.5,14,7.19,10,25,0.1,25,22.9086765276777,4.71863786793302
14,2.5,14,7.19,10,25,0.1,25,23.4422881531992,4.63014600127772
14,2.5,14,7.19,10,25,0.1,25,23.9883291901949,4.54270410388956
14,2.5,14,7.19,10,25,0.1,25,24.5470891568503,4.45633519898395
14,2.5,14,7.19,10,25,0.1,25,25.1188643150958,4.3710600517667
14,2.5,14,7.19,10,25,0.1,25,25.7039578276886,4.28689722989065
14,2.5,14,7.19,10,25,0.1,25,26.3026799189538,4.20386316852204
14,2.5,14,7.19,10,25,0.1,25,26.9153480392692,4.12197223931096
14,2.5,14,7.19,10,25,0.1,25,27.5422870333817,4.04123682259443
14,2.5,14,7.19,10,25,0.1,25,28.1838293126446,3.96166738219615
14,2.5,14,7.19,10,25,0.1,25,28.8403150312661,3.88327254222601
14,2.5,14,7.19,10,25,0.1,25,29.5120922666639,3.80605916532247
14,2.5,14,7.19,10,25,0.1,25,30.1995172040202,3.73003243182234
14,2.5,14,7.19,10,25,0.1,25,30.9029543251359,3.65519591938374
14,2.5,14,7.19,10,25,0.1,25,31.6227766016838,3.58155168262983
14,2.5,14,7.19,10,25,0.1,25,32.3593656929628,3.50910033242127
14,2.5,14,7.19,10,25,0.1,25,33.1131121482591,3.43784111440577
14,2.5,14,7.19,10,25,0.1,25,33.8844156139203,3.36777198653096
14,2.5,14,7.19,10,25,0.1,25,34.6736850452532,3.29888969524453
14,2.5,14,7.19,10,25,0.1,25,35.4813389233576,3.23118985014018
14,2.5,14,7.19,10,25,0.1,25,36.3078054770101,3.16466699684187
14,2.5,14,7.19,10,25,0.1,25,37.1535229097173,3.09931468794946
14,2.5,14,7.19,10,25,0.1,25,38.0189396320561,3.03512555189882
14,2.5,14,7.19,10,25,0.1,25,38.904514499428,2.97209135961602
14,2.5,14,7.19,10,25,0.1,25,39.8107170553497,2.91020308887044
14,2.5,14,7.19,10,25,0.1,25,40.7380277804113,2.84945098625457
14,2.5,14,7.19,10,25,0.1,25,41.6869383470336,2.78982462673893
14,2.5,14,7.19,10,25,0.1,25,42.6579518801593,2.7313129707696
14,2.5,14,7.19,10,25,0.1,25,43.6515832240166,2.67390441889262
14,2.5,14,7.19,10,25,0.1,25,44.6683592150963,2.61758686390471
14,2.5,14,7.19,10,25,0.1,25,45.7088189614875,2.56234774054313
14,2.5,14,7.19,10,25,0.1,25,46.7735141287198,2.50817407273929
14,2.5,14,7.19,10,25,0.1,25,47.8630092322638,2.45505251847083
14,2.5,14,7.19,10,25,0.1,25,48.9778819368446,2.40296941225596
14,2.5,14,7.19,10,25,0.1,25,50.1187233627273,2.35191080534101
14,2.5,14,7.19,10,25,0.1,25,51.2861383991365,2.30186250363889
14,2.5,14,7.19,10,25,0.1,25,52.4807460249773,2.25281010348081
14,2.5,14,7.19,10,25,0.1,25,53.7031796370253,2.2047390252485
14,2.5,14,7.19,10,25,0.1,25,54.9540873857625,2.15763454495676
14,2.5,14,7.19,10,25,0.1,25,56.2341325190349,2.11148182385923
14,2.5,14,7.19,10,25,0.1,25,57.5439937337157,2.06626593615163
14,2.5,14,7.19,10,25,0.1,25,58.8843655355589,2.02197189484812
14,2.5,14,7.19,10,25,0.1,25,60.2559586074358,1.97858467590669
14,2.5,14,7.19,10,25,0.1,25,61.6595001861482,1.93608924067965
14,2.5,14,7.19,10,25,0.1,25,63.0957344480194,1.89447055676502
14,2.5,14,7.19,10,25,0.1,25,64.5654229034656,1.85371361733339
14,2.5,14,7.19,10,25,0.1,25,66.0693448007596,1.81380345900417
14,2.5,14,7.19,10,25,0.1,25,67.6082975391982,1.77472517834348
14,2.5,14,7.19,10,25,0.1,25,69.1830970918936,1.73646394705434
14,2.5,14,7.19,10,25,0.1,25,70.7945784384138,1.69900502592796
14,2.5,14,7.19,10,25,0.1,25,72.443596007499,1.66233377762312
14,2.5,14,7.19,10,25,0.1,25,74.1310241300918,1.62643567833828
14,2.5,14,7.19,10,25,0.1,25,75.8577575029184,1.59129632843904
14,2.5,14,7.19,10,25,0.1,25,77.6247116628692,1.55690146210125
14,2.5,14,7.19,10,25,0.1,25,79.4328234724281,1.5232369560278
14,2.5,14,7.19,10,25,0.1,25,81.2830516164099,1.49028883729466
14,2.5,14,7.19,10,25,0.1,25,83.1763771102671,1.45804329037959
14,2.5,14,7.19,10,25,0.1,25,85.1138038202377,1.42648666342451
14,2.5,14,7.19,10,25,0.1,25,87.0963589956081,1.3956054737802
14,2.5,14,7.19,10,25,0.1,25,89.1250938133746,1.36538641287969
14,2.5,14,7.19,10,25,0.1,25,91.201083935591,1.33581635048468
14,2.5,14,7.19,10,25,0.1,25,93.3254300796991,1.30688233834683
14,2.5,14,7.19,10,25,0.1,25,95.4992586021436,1.27857161332386
14,2.5,14,7.19,10,25,0.1,25,97.7237220955811,1.25087159998828
14,2.5,14,7.19,10,25,0.1,25,100,1.22376991276451
