2.000165000555002681e+00
1.900175341204491497e+00
1.800174558638744537e+00
1.700176534078884583e+00
1.600160146479957968e+00
1.500176075691582289e+00
1.400176934592056499e+00
1.300175767452689257e+00
1.200155289568145101e+00
1.100136100700128017e+00
1.000160659238177763e+00
9.001594917290702824e-01
8.001883190960784598e-01
7.001046352496641534e-01
6.000925304509178160e-01
5.001719572629028665e-01
4.001838475499488457e-01
3.002867164148950718e-01
2.000402265285826375e-01
1.003050513289693441e-01
5.555414660992596650e-04
-1.000843351534792397e-01
-2.000566822582577342e-01
-2.997013518159412082e-01
-3.994049633440007185e-01
-4.992559554013307754e-01
-5.994464695328939330e-01
-7.003641534698165083e-01
-8.014528749354934423e-01
-8.993090224337036975e-01
-9.999739431127846467e-01
-1.097547264591466343e+00
-1.200315597901091991e+00
-1.297478133445832515e+00
-1.399475780427884342e+00
-1.492386969498227689e+00
-1.602941634826243744e+00
-1.705108505801151697e+00
-1.797498060365544825e+00
-1.907440754819827111e+00
-2.009701556906277720e+00
-2.003272985189389122e+00
2.000165000555002681e+00
1.900180259889600265e+00
1.800178686821724439e+00
1.700184329622197676e+00
1.600167779886418229e+00
1.500160974595483587e+00
1.400189032196156536e+00
1.300132250317435290e+00
1.200168985518656806e+00
1.100125754648569654e+00
1.000143293536894573e+00
9.001665967378571498e-01
8.001263936043256919e-01
7.001081005264940815e-01
6.001459697977056251e-01
5.002090217151078377e-01
4.001579233904483668e-01
3.002693145303563238e-01
2.000868033360863607e-01
1.001361007001280862e-01
-1.581119695373376798e-04
-9.926264974423444631e-02
-2.008318238298493208e-01
-2.996346798821408197e-01
-3.987028650902582072e-01
-5.001796259245087084e-01
-5.997072878754711178e-01
-6.989309195914346073e-01
-7.991659113303331008e-01
-8.989544105868032542e-01
-9.993663924774449647e-01
-1.103961811202863519e+00
-1.200616023269555521e+00
-1.291212101908754573e+00
-1.399006424116019165e+00
-1.502034261220099642e+00
-1.603305595281638185e+00
-1.701515903241736183e+00
-1.798780453748757724e+00
-1.914720127599881749e+00
-1.991404086047992461e+00
-1.978459271432705169e+00
3.007084987788489205e-01
3.009995939861768166e-01
3.003671910620188124e-01
3.013816318009052697e-01
3.018001850283342224e-01
3.012883240356419856e-01
3.016874539051029869e-01
3.006954601001883831e-01
3.013100253049547095e-01
3.020840510957016334e-01
3.019432247116721202e-01
3.012405774257538860e-01
3.007150179713861116e-01
3.001714159353812139e-01
3.008649323968505263e-01
3.011059905489557598e-01
3.018543722695867237e-01
3.015920431707817539e-01
3.015942118293568064e-01
3.016766128317675544e-01
3.012514293889503314e-01
3.005346175353981186e-01
3.006715548392321358e-01
3.011711184393907059e-01
3.000299678823015181e-01
3.011841428455507286e-01
3.014749195233881740e-01
3.012123610523292361e-01
3.010690804085653371e-01
3.015768622575302760e-01
3.008562431183936514e-01
3.011537519568894816e-01
3.007454395760389976e-01
3.011819721383154902e-01
3.015616808136061811e-01
3.013989891735644466e-01
3.016701080578661487e-01
3.013555944411239196e-01
3.011863135419362014e-01
3.005433132511953209e-01
3.002888916014356258e-01
3.008714492416039166e-01
3.007454395760389976e-01
3.019822273593771311e-01
3.016787810680843784e-01
3.022313283002320272e-01
3.017221435213205405e-01
3.012058493211896559e-01
3.010538812036395173e-01
3.003106428676625694e-01
3.006324343009660893e-01
3.007975859410171315e-01
3.008844826377506387e-01
3.017308154924451813e-01
3.003584918190424502e-01
3.015703559894024055e-01
3.017611660278074481e-01
3.012405774257538860e-01
3.012101904861311241e-01
3.021165430080658409e-01
3.008062763931428352e-01
3.001387781657116616e-01
3.010473670958310199e-01
3.008844826377506387e-01
3.010973060922527145e-01
3.020428911833810681e-01
3.007606495792842227e-01
3.016484247745273573e-01
3.020255595268874216e-01
3.007497853456082559e-01
3.014488877560746460e-01
3.012818134433863371e-01
3.020342254415924188e-01
3.010712516801322680e-01
3.008127941181169551e-01
3.006606883765214344e-01
3.016636031865362333e-01
3.020298925058548800e-01
3.011038194510606281e-01
3.012058493211896559e-01
3.008475536660797922e-01
3.003171680351046091e-01
3.014467183716976195e-01
3.019822273593771311e-01
3.012362365645481765e-01
3.006650349942324718e-01
3.017980173980493452e-01
3.006085255704768477e-01
3.014944423249424355e-01
3.004215573830721353e-01
