-1.666195414179635348e-01
-1.324205646280519344e-01
-1.023206865636363122e-01
-7.625770968864772903e-02
-5.414407092252011833e-02
-3.507505577853160111e-02
-1.879998955539470204e-02
-5.053642349464673895e-03
7.461851577618860976e-03
1.847580547407774026e-02
2.909956682354282106e-02
3.950929657776796472e-02
4.973731441091427952e-02
5.980189254029340956e-02
7.053655681975307123e-02
8.170367195086222778e-02
9.290653064463483268e-02
1.050978350961439822e-01
1.185028116370836770e-01
1.323525596889051636e-01
1.467139378337763422e-01
1.642784839233249472e-01
1.817292848826827512e-01
2.007000551822391010e-01
2.211193913728758120e-01
2.423948167439420320e-01
2.667912606816436605e-01
2.935614226758010981e-01
3.239282888837650143e-01
3.514000836414660767e-01
3.836143236613749341e-01
4.174235278557379969e-01
4.556000278529803715e-01
4.917915726421217548e-01
5.360139708276993042e-01
5.737555479922168411e-01
6.316284063844247454e-01
6.814954062134546131e-01
7.297380687917145448e-01
7.934558072013827568e-01
8.523366283986687497e-01
8.558666944436535973e-01
1.796810262448211293e-01
2.647611722085034813e-01
3.529038127401293856e-01
4.362040064505204873e-01
5.082468304512278712e-01
5.690343013957424034e-01
6.207136884981850899e-01
6.632815015691100324e-01
6.982980655243571366e-01
7.259034687882122139e-01
7.483338014000778804e-01
7.655642519649243916e-01
7.816405047233714320e-01
7.938692766830894865e-01
8.037356303303231364e-01
8.128505464375482825e-01
8.210652467089408768e-01
8.285387411173129601e-01
8.368372422271498356e-01
8.437415453876156990e-01
8.513292980781598240e-01
8.567077489686345526e-01
8.670807523798220728e-01
8.744963132680297901e-01
8.812396775172310903e-01
8.934366128280489816e-01
9.026375422677275218e-01
9.124027534816149254e-01
9.250045723039849177e-01
9.370186178302866153e-01
9.502708769050912663e-01
9.704459063996149215e-01
9.816532811437512773e-01
9.900838872871462470e-01
1.013334481174409829e+00
1.038278313579602097e+00
1.056862943706677882e+00
1.083946720376594008e+00
1.104381256204220341e+00
1.147694870228670672e+00
1.143483210670061645e+00
1.140884980265866266e+00
1.277460434377704346e-01
1.212774445658575673e-01
1.085481116246563987e-01
9.480990688891588469e-02
8.429380531747300564e-02
7.428604366298327544e-02
6.353600744733219063e-02
5.701912432276624865e-02
4.319717543638831869e-02
3.266710262936133036e-02
2.416537031994491283e-02
1.481444908705314284e-02
7.209909656732205532e-03
-1.094497214252658198e-03
-1.373538783734873543e-02
-2.287201497732278821e-02
-3.422181822620633251e-02
-4.175012628206215687e-02
-4.874993185012806846e-02
-6.030906028535863717e-02
-6.775155865937854127e-02
-7.622923949144831679e-02
-8.614589779780137957e-02
-9.598974155651403273e-02
-1.042300468560761612e-01
-1.137055977398074152e-01
-1.246157416529937723e-01
-1.305816911072766040e-01
-1.381102940503773358e-01
-1.484285827755357778e-01
-1.584778560306520645e-01
-1.677888087725831756e-01
-1.759366777339666232e-01
-1.835485655850975784e-01
-1.927403830000109508e-01
-2.016864260384350072e-01
-2.096043407315060780e-01
-2.164665859049397789e-01
-2.256261195514175921e-01
-2.346839403804677759e-01
-2.425690468312455550e-01
-2.516948843742034536e-01
-2.597541909291397055e-01
-2.704764174083516548e-01
-2.773463372565571072e-01
-2.865724635771407791e-01
-2.956572688567772333e-01
-3.029695363885299697e-01
-3.103777448756223634e-01
-3.170574933440877818e-01
-3.242088312521648197e-01
-3.308384516597804859e-01
-3.380425737575485923e-01
-3.483779826792067214e-01
-3.531445680071196302e-01
-3.625292837957471148e-01
-3.730225189185172874e-01
-3.784799512690211198e-01
-3.853853781243263277e-01
-3.945430312483972912e-01
-3.996861207654970882e-01
-4.067693312169931019e-01
-4.172141721397710223e-01
-4.258205183828565055e-01
-4.323714532118916876e-01
-4.385193708729485662e-01
-4.442262125515572535e-01
-4.508642615598538184e-01
-4.592452000495528819e-01
-4.673564375489982492e-01
-4.755078114168392878e-01
-4.826615606906542455e-01
-4.890490338203375420e-01
-4.935572074011007060e-01
-5.021708836724410041e-01
-5.092313126665745093e-01
-5.181261577942954943e-01
-5.241066375589803483e-01
-5.286114638035789293e-01
-5.315079288826525250e-01
-5.406904583435299116e-01
-5.470228068273315092e-01
-5.562865190244155045e-01
-5.624063821538914931e-01
-5.706660711350759474e-01
-5.738711511571957802e-01
-5.810494101836449765e-01
-5.852822928529236579e-01
-5.930070269337680555e-01
-6.002761039673355503e-01
