8.405481610147393923e-01
8.349481611157885119e-01
8.293699770734432875e-01
8.238136204309451927e-01
8.182791022661731750e-01
8.127664331946981013e-01
8.072756233727479414e-01
8.018066825000779163e-01
7.963596198227445022e-01
7.909344441357787359e-01
7.855311637857553819e-01
7.801497866732578501e-01
7.747903202552295365e-01
7.694527715472179175e-01
7.641371471254991832e-01
7.588434531290899621e-01
7.535716952616342557e-01
7.483218787931741334e-01
7.430940085617920854e-01
7.378880889751299188e-01
7.327041240117783127e-01
7.275421172225389199e-01
7.224020717315542406e-01
7.172839902373064902e-01
7.121878750134829072e-01
7.071137279097056139e-01
7.020615503521289158e-01
6.970313433438989348e-01
6.920231074654767944e-01
6.870368428748266920e-01
6.820725493074657475e-01
6.771302260763766290e-01
6.722098720717851750e-01
6.673114857607989059e-01
6.624350651869111983e-01
6.575806079693689021e-01
6.527481113024053982e-01
6.479375719543395418e-01
6.431489862665416002e-01
6.383823501522669641e-01
6.336376590953612942e-01
6.289149081488331072e-01
6.242140919333035720e-01
6.195352046353264086e-01
6.148782400055882169e-01
6.102431913569845712e-01
6.056300515625776537e-01
6.010388130534382034e-01
5.964694678163714459e-01
5.919220073915324454e-01
5.873964228699326551e-01
5.828927048908395525e-01
5.784108436390744679e-01
5.739508288422104920e-01
5.695126497676725741e-01
5.650962952197468026e-01
5.607017535364986482e-01
5.563290125866056091e-01
5.519780597661079202e-01
5.476488819950811049e-01
5.433414657142328075e-01
5.390557968814324585e-01
5.347918609681703295e-01
5.305496429559596328e-01
5.263291273326750064e-01
5.221302980888448131e-01
5.179531387138872622e-01
5.137976321923082290e-01
5.096637609998555529e-01
5.055515070996400295e-01
5.014608519382248719e-01
4.973917764416913578e-01
4.933442610116812177e-01
4.893182855214249782e-01
4.853138293117583713e-01
4.813308711871322476e-01
4.773693894116222136e-01
4.734293617049405434e-01
4.695107652384583607e-01
4.656135766312397561e-01
4.617377719460961649e-01
4.578833266856627837e-01
4.540502157885049073e-01
4.502384136252565727e-01
4.464478939947993941e-01
4.426786301204826413e-01
4.389305946463941677e-01
4.352037596336818526e-01
4.314980965569363835e-01
4.278135763006337688e-01
4.241501691556477938e-01
4.205078448158336979e-01
4.168865723746898455e-01
4.132863203220998316e-01
4.097070565411625176e-01
4.061487483051106628e-01
4.026113622743274223e-01
3.990948644934587120e-01
3.955992203886329883e-01
3.921243947647860550e-01
3.886703518030991122e-01
3.852370550585526576e-01
3.818244674575994035e-01
3.784325512959613169e-01
3.750612682365541684e-01
3.717105793075418108e-01
3.683804449005255721e-01
3.650708247688703723e-01
3.617816780261729481e-01
3.585129631448719656e-01
3.552646379550065125e-01
3.520366596431234174e-01
3.488289847513371122e-01
3.456415691765439280e-01
3.424743681697942632e-01
3.393273363358243477e-01
3.362004276327488772e-01
3.330935953719175724e-01
3.300067922179383828e-01
3.269399701888665022e-01
3.238930806565624709e-01
3.208660743472212529e-01
3.178589013420716203e-01
3.148715110782484006e-01
3.119038523498386950e-01
3.089558733091006815e-01
3.060275214678598310e-01
3.031187436990770423e-01
3.002294862385948004e-01
2.973596946870576407e-01
2.945093140120089159e-01
2.916782885501619793e-01
2.888665620098473941e-01
2.860740774736333925e-01
2.833007774011211954e-01
2.805466036319123613e-01
2.778114973887483297e-01
2.750953992808203852e-01
2.723982493072490407e-01
2.697199868607309536e-01
2.670605507313522087e-01
2.644198791105651924e-01
2.617979095953281710e-01
2.591945791924046838e-01
2.566098243228207565e-01
2.540435808264762674e-01
2.514957839669101358e-01
2.489663684362148077e-01
2.464552683600959582e-01
2.439624173030778831e-01
2.414877482738477799e-01
2.390311937307365020e-01
2.365926855873334012e-01
2.341721552182297328e-01
2.317695334648877670e-01
2.293847506416312743e-01
2.270177365417522519e-01
2.246684204437316978e-01
2.223367311175668826e-01
2.200225968312036762e-01
2.177259453570656311e-01
2.154467039786772675e-01
2.131847994973767313e-01
2.109401582391089991e-01
2.087127060612988527e-01
2.065023683597941306e-01
2.043090700758757039e-01
2.021327357033271821e-01
1.999732892955587149e-01
1.978306544727775340e-01
1.957047544292010999e-01
1.935955119403037494e-01
1.915028493700907664e-01
1.894266886783940451e-01
1.873669514281805781e-01
1.853235587928680206e-01
1.832964315636384234e-01
1.812854901567431676e-01
1.792906546207912455e-01
1.773118446440125340e-01
1.753489795614882885e-01
1.734019783623395039e-01
1.714707596968654268e-01
1.695552418836229758e-01
1.676553429164373277e-01
1.657709804713349833e-01
1.639020719133902348e-01
1.620485343034732684e-01
1.602102844048918506e-01
1.583872386899151385e-01
1.565793133461695352e-01
1.547864242828936865e-01
1.530084871370452071e-01
1.512454172792433715e-01
1.494971298195386378e-01
1.477635396129949319e-01
1.460445612650744796e-01
1.443401091368085587e-01
1.426500973497442648e-01
1.409744397906513846e-01
1.393130501159756951e-01
1.376658417560239767e-01
1.360327279188659477e-01
1.344136215939354118e-01
1.328084355553188212e-01
1.312170823647076379e-01
1.296394743740044986e-01
1.280755237275598979e-01
1.265251423640228190e-01
1.249882420177867437e-01
1.234647342200080461e-01
1.219545302991805608e-01
1.204575413812402906e-01
1.189736783891816446e-01
1.175028520421584483e-01
1.160449728540497993e-01
1.145999511314617081e-01
1.131676969711418873e-01
1.117481202567772586e-01
1.103411306551507209e-01
1.089466376116227792e-01
1.075645503449111917e-01
1.061947778411363175e-01
1.048372288470978547e-01
1.034918118627502492e-01
1.021584351328399115e-01
1.008370066376675922e-01
9.952743408293776572e-02
9.822962488865159825e-02
9.694348617700616899e-02
9.566892475925055372e-02
9.440584712145795587e-02
9.315415940916133009e-02
9.191376741080729829e-02
9.068457653997162582e-02
8.946649181628549274e-02
8.825941784501442622e-02
8.706325879523044153e-02
8.587791837651619076e-02
8.470329981413719789e-02
8.353930582261349935e-02
8.238583857762164786e-02
8.124279968615451264e-02
8.011009015485960616e-02
7.898761035648084461e-02
7.787525999431479939e-02
7.677293806460069869e-02
7.568054281674782557e-02
7.459797171131110627e-02
7.352512137561155459e-02
7.246188755690256833e-02
7.140816507297181870e-02
7.036384776007001407e-02
6.932882841804545448e-02
6.830299875256930220e-02
6.728624931431716194e-02
6.627846943498141852e-02
6.527954715997348611e-02
6.428936917767252845e-02
6.330782074507386448e-02
6.233478560967856824e-02
6.137014592746482117e-02
6.041378217677103452e-02
5.946557306791874081e-02
5.852539544838859104e-02
5.759312420336396704e-02
5.666863215144554017e-02
5.575178993532948352e-02
5.484246590724123349e-02
5.394052600890279076e-02
5.304583364580447991e-02
5.215824955554797943e-02
5.127763167001257727e-02
5.040383497109204164e-02
4.953671133974011515e-02
4.867610939805321751e-02
4.782187434410787447e-02
4.697384777926751076e-02
4.613186752765523896e-02
4.529576744748839423e-02
4.446537723395580649e-02
4.364052221331257697e-02
4.282102312785752984e-02
4.200669591144838566e-02
4.119735145520396491e-02
4.039279536303165552e-02
3.959282769661175844e-02
3.879724270946235259e-02
3.800582856970378259e-02
3.721836707113008319e-02
3.643463333219568862e-02
3.565439548251666396e-02
3.487741433648404443e-02
3.410344305358249672e-02
3.333222678500914055e-02
3.256350230618607761e-02
3.179699763476100116e-02
3.103243163369626828e-02
3.026951359905373160e-02
2.950794283208571164e-02
2.874740819526094837e-02
2.798758765186284275e-02
2.722814778881588182e-02
2.646874332241972230e-02
2.570901658669078743e-02
2.494859700404258168e-02
2.418710053807144808e-02
2.342412912824955520e-02
2.265927010637519209e-02
2.189209559467843527e-02
2.112216188553960039e-02
2.034900880284192318e-02
1.957215904505175963e-02
1.879111751020010393e-02
1.800537060303018105e-02
1.721438552467545458e-02
1.641760954533800013e-02
1.561446926056331633e-02
1.480436983183590002e-02
1.398669421236610998e-02
1.316080235909409396e-02
1.232603043211018615e-02
1.148168998287591065e-02
1.062706713282569534e-02
9.761421744152426472e-03
8.883986584803832062e-03
7.993966489968239511e-03
7.090537522593422584e-03
6.172846135759000458e-03
5.240008340025285698e-03
4.291108879192708295e-03
3.325200418240591409e-03
2.341302747555466714e-03
1.338402007926785785e-03
3.154499411599946462e-04
-7.286368284541078948e-04
-1.794977476172411948e-03
-2.884727616294284827e-03
-3.999079892652522214e-03
-5.139264513228583922e-03
-6.306549721600312325e-03
-7.502242197520349147e-03
-8.727687378524435352e-03
-9.984269694083194174e-03
-1.127341270344725012e-02
-1.259657912800087216e-02
-1.395527076863697404e-02
-1.535102829841290123e-02
-1.678543092053732047e-02
-1.826009588159794791e-02
-1.977667782986371192e-02
-2.133686800850325208e-02
-2.294239327366036710e-02
-2.459501492752546106e-02
-2.629652735685423723e-02
-2.804875646781918377e-02
-2.985355790864533537e-02
-3.171281507219182033e-02
-3.362843687149715682e-02
-3.560235528232286173e-02
-3.763652264791213231e-02
-3.973290874252132648e-02
-4.189349759180299032e-02
-4.412028404979936175e-02
-4.641527013415490399e-02
-4.878046112315851529e-02
-5.121786142038455003e-02
-5.372947019498231641e-02
-5.631727680806781350e-02
-5.898325603816684248e-02
-6.172936312122016822e-02
-6.455752862326354091e-02
-6.746965316650269107e-02
-7.046760203207225182e-02
-7.355319966527865128e-02
-7.672822411150374833e-02
-7.999440141318923947e-02
-8.335340000033884811e-02
-8.680682510876661095e-02
-9.035621326180309776e-02
-9.400302685233917488e-02
-9.774864886286908916e-02
-1.015943777615931631e-01
-1.055414226125852423e-01
-1.095908984375461165e-01
-1.137438218656951078e-01
-1.180011071069197587e-01
-1.223635622814069207e-01
-1.268318861366077577e-01
-1.314066651796107210e-01
-1.360883712497777120e-01
-1.408773595529577149e-01
-1.457738671746858505e-01
-1.507780120856543615e-01
-1.558897926483742424e-01
-1.611090876294786478e-01
-1.664356567175532542e-01
-1.718691415418387436e-01
-1.774090671826610288e-01
-1.830548441601158038e-01
-1.888057708833912607e-01
1.165033667840254861e+00
1.162117611280579776e+00
1.159215615924696241e+00
1.156327706925746268e+00
1.153453908580771570e+00
1.150594244324285143e+00
1.147748736722049578e+00
1.144917407465063208e+00
1.142100277363762073e+00
1.139297366342434614e+00
1.136508693433857742e+00
1.133734276774153171e+00
1.130974133597869358e+00
1.128228280233288139e+00
1.125496732097964525e+00
1.122779503694496306e+00
1.120076608606527246e+00
1.117388059494988317e+00
1.114713868094576954e+00
1.112054045210475683e+00
1.109408600715313886e+00
1.106777543546371589e+00
1.104160881703031283e+00
1.101558622244472430e+00
1.098970771287616444e+00
1.096397334005319690e+00
1.093838314624814734e+00
1.091293716426404936e+00
1.088763541742405749e+00
1.086247791956343134e+00
1.083746467502398447e+00
1.081259567865108684e+00
1.078787091579318513e+00
1.076329036230382785e+00
1.073885398454623052e+00
1.071456173940034340e+00
1.069041357427242600e+00
1.066640942710712858e+00
1.064254922640208045e+00
1.061883289122494078e+00
1.059526033123293853e+00
1.057183144669487707e+00
1.054854612851557238e+00
1.052540425826274051e+00
1.050240570819629182e+00
1.047955034130002572e+00
1.045683801131570556e+00
1.043426856277949399e+00
1.041184183106071526e+00
1.038955764240295121e+00
1.036741581396739553e+00
1.034541615387849722e+00
1.032355846127183563e+00
1.030184252634418041e+00
1.028026813040575638e+00
1.025883504593463780e+00
1.023754303663326537e+00
1.021639185748703937e+00
1.019538125482496005e+00
1.017451096638228858e+00
1.015378072136516430e+00
1.013319024051718031e+00
1.011273923618783543e+00
1.009242741240288233e+00
1.007225446493643650e+00
1.005222008138493051e+00
1.003232394124274229e+00
1.001256571597956002e+00
9.992945069119366641e-01
9.973461656321045421e-01
9.954115125460520908e-01
9.934905116714437545e-01
9.915831262645281585e-01
9.896893188287919640e-01
9.878090511237517246e-01
9.859422841738758603e-01
9.840889782776341965e-01
9.822490930166694056e-01
9.804225872650841334e-01
9.786094191988403690e-01
9.768095463052643979e-01
9.750229253926534501e-01
9.732495125999768293e-01
9.714892634066679689e-01
9.697421326425013088e-01
9.680080744975486651e-01
9.662870425322082069e-01
9.645789896873041558e-01
9.628838682942469918e-01
9.612016300852518347e-01
9.595322262036091177e-01
9.578756072139987809e-01
9.562317231128483197e-01
9.546005233387216959e-01
9.529819567827393367e-01
9.513759717990201148e-01
9.497825162151412037e-01
9.482015373426080362e-01
9.466329819873313678e-01
9.450767964601030080e-01
9.435329265870653348e-01
9.420013177201685961e-01
9.404819147476102259e-01
9.389746621042500685e-01
9.374795037819952936e-01
9.359963833401486744e-01
9.345252439157156754e-01
9.330660282336618039e-01
9.316186786171157808e-01
9.301831369975135377e-01
9.287593449246722699e-01
9.273472435767934341e-01
9.259467737703861445e-01
9.245578759701028604e-01
9.231804902984850347e-01
9.218145565456078439e-01
9.204600141786204448e-01
9.191168023511745444e-01
9.177848599127328422e-01
9.164641254177535723e-01
9.151545371347415969e-01
9.138560330551600552e-01
9.125685509021962405e-01
9.112920281393730448e-01
9.100264019790000880e-01
9.087716093904565362e-01
9.075275871082975065e-01
9.062942716401769516e-01
9.050715992745801408e-01
9.038595060883545251e-01
9.026579279540346556e-01
9.014668005469518297e-01
9.002860593521154753e-01
8.991156396708653853e-01
8.979554766272784816e-01
8.968055051743248907e-01
8.956656600997625617e-01
8.945358760317607683e-01
8.934160874442422795e-01
8.923062286619336536e-01
8.912062338651137727e-01
8.901160370940474076e-01
8.890355722530954852e-01
8.879647731144877376e-01
8.869035733217452977e-01
8.858519063927428050e-01
8.848097057223950346e-01
8.837769045849542815e-01
8.827534361359048454e-01
8.817392334134408483e-01
8.807342293395101773e-01
8.797383567204094534e-01
8.787515482469145933e-01
8.777737364939270925e-01
8.768048539196214852e-01
8.758448328640729974e-01
8.748936055473451878e-01
8.739511040670208120e-01
8.730172603951510402e-01
8.720920063746033790e-01
8.711752737147835379e-01
8.702669939867090365e-01
8.693670986174081294e-01
8.684755188836185136e-01
8.675921859047587281e-01
8.667170306351417164e-01
8.658499838554049033e-01
8.649909761631213723e-01
8.641399379625610555e-01
8.632967994535699630e-01
8.624614906195279262e-01
8.616339412143521059e-01
8.608140807485038515e-01
8.600018384739593902e-01
8.591971433681044878e-01
8.583999241165034544e-01
8.576101090945011940e-01
8.568276263476076737e-01
8.560524035706124080e-01
8.552843680853801089e-01
8.545234468172681064e-01
8.537695662701094701e-01
8.530226524997016613e-01
8.522826310857359866e-01
8.515494271021037953e-01
8.508229650855070325e-01
8.501031690023048704e-01
8.493899622135179239e-01
8.486832674379130026e-01
8.479830067130841309e-01
8.472891013544457950e-01
8.466014719120479315e-01
8.459200381251175127e-01
8.452447188742304718e-01
8.445754321310114943e-01
8.439120949052527632e-01
8.432546231893441879e-01
8.426029318998945472e-01
8.419569348164254174e-01
8.413165445170106560e-01
8.406816723107287670e-01
8.400522281667912594e-01
8.394281206402050000e-01
8.388092567938169042e-01
8.381955421165879772e-01
8.375868804379335009e-01
8.369831738379625019e-01
8.363843225534384196e-01
8.357902248792826727e-01
8.352007770654283902e-01
8.346158732088299059e-01
8.340354051404216262e-01
8.334592623068146633e-01
8.328873316465112975e-01
8.323194974604093410e-01
8.317556412763560392e-01
8.311956417075105907e-01
8.306393743042573830e-01
8.300867113994093716e-01
8.295375219464271588e-01
8.289916713503751033e-01
8.284490212913215856e-01
8.279094295398865544e-01
8.273727497646251594e-01
8.268388313309311677e-01
8.263075190911337575e-01
8.257786531654491835e-01
8.252520687134443644e-01
8.247275956956598986e-01
8.242050586250280197e-01
8.236842763077176777e-01
8.231650615730299325e-01
8.226472209919573064e-01
8.221305545840198459e-01
8.216148555119777708e-01
8.210999097640246935e-01
8.205854958230529572e-01
8.200713843225851951e-01
8.195573376889664363e-01
8.190431097694041984e-01
8.185284454454554437e-01
8.180130802315536132e-01
8.174967398581842737e-01
8.169791398393169146e-01
8.164599850237200807e-01
8.159389691297938008e-01
8.154157742635751438e-01
8.148900704195916056e-01
8.143615149642611239e-01
8.138297521015676050e-01
8.132944123207744846e-01
8.127551118259759289e-01
8.122114519473329075e-01
8.116630185338873371e-01
8.111093813279108833e-01
8.105500933208013015e-01
8.099846900906223501e-01
8.094126891214481478e-01
8.088335891047806481e-01
8.082468692233919505e-01
8.076519884180618503e-01
8.070483846377981552e-01
8.064354740742573080e-01
8.058126503812317321e-01
8.051792838802217522e-01
8.045347207532835832e-01
8.038782822245306159e-01
8.032092637318610784e-01
8.025269340907051907e-01
8.018305346518104226e-01
8.011192784553372581e-01
8.003923493837946657e-01
7.996489013166320214e-01
7.988880572895977750e-01
7.981089086622902284e-01
7.973105142976595339e-01
7.964918997575632931e-01
7.956520565188444083e-01
7.947899412147729770e-01
7.939044749070848228e-01
7.929945423942507121e-01
7.920589915620165344e-01
7.910966327826712829e-01
7.901062383699215541e-01
7.890865420966610699e-01
7.880362387833464988e-01
7.869539839650883106e-01
7.858383936459567565e-01
7.846880441493732095e-01
7.835014720737946137e-01
7.822771743632096486e-01
7.810136085022258978e-01
7.797091928457424714e-01
7.783623070933545218e-01
7.769712929187199135e-01
7.755344547641188635e-01
7.740500608103555447e-01
7.725163441319586877e-01
7.709315040473401215e-01
7.692937076731488633e-01
7.676010916915108062e-01
7.658517643381373974e-01
7.640438076184581373e-01
7.621752797579159910e-01
7.602442178914065041e-01
7.582486409955060402e-01
7.561865530656332046e-01
7.540559465386083016e-01
7.518548059592469190e-01
7.495811118876157808e-01
7.472328450414379430e-01
7.448079906658432447e-01
7.423045431202627276e-01
7.397205106697607446e-01
7.370539204655247589e-01
7.343028236966215871e-01
7.314653008924968391e-01
7.285394673531027099e-01
7.255234786809983127e-01
7.224155363873544511e-01
7.192138935415099965e-01
7.159168604316679119e-01
7.125228102024709909e-01
7.090301844336679427e-01
7.054374986228473254e-01
7.017433475343777260e-01
6.979464103762336169e-01
6.940454557663732205e-01
6.900393464507599273e-01
6.859270437360274197e-01
6.817076116011562270e-01
6.773802204543851735e-01
6.729441505038847859e-01
6.683987947134797380e-01
6.637436613178643308e-01
6.589783758753032794e-01
6.541026828396683257e-01
6.491164466378047671e-01
6.440196522425765124e-01
6.388124052364347882e-01
6.334949313649396174e-01
6.280675755842485275e-01
6.225308006111220926e-01
6.168851849883767446e-01
6.111314206829326912e-01
6.052703102375284194e-01
5.993027635008109089e-01
5.932297939637605211e-01
5.870525147332836813e-01
5.807721341762105416e-01
5.743899512689193410e-01
5.679073506892848844e-01
5.613257976886844025e-01
5.546468327823219635e-01
5.478720662962490717e-01
5.410031728090823888e-01
5.340418855256984232e-01
5.269899906190234073e-01
5.198493215745957352e-01
5.126217535707905393e-01
5.053091979255981414e-01
4.979135966386067924e-01
4.904369170544548573e-01
4.828811466715163259e-01
4.752482881169815543e-01
4.675403543068908374e-01
4.597593638070379685e-01
4.519073364080973265e-01
4.439862889257768508e-01
4.359982312344034550e-01
4.279451625399973702e-01
4.198290678967387946e-01
4.116519149686669321e-01
4.034156510365954906e-01
3.951222002484934825e-01
3.867734611100522857e-01
3.783713042107691438e-01
3.699175701796856841e-01
3.614140678638577131e-01
3.528625727217750141e-01
3.442648254231917559e-01
3.356225306462643498e-01
3.269373560624224129e-01
3.182109314990857474e-01
3.094448482701112613e-01
3.006406586637526690e-01
2.917998755778987152e-01
2.829239722924043465e-01
2.740143823684922375e-01
2.650724996653711640e-01
2.560996784644966606e-01
2.470972336921732626e-01
2.380664412315535161e-01
2.290085383154273069e-01
2.199247239916039542e-01
2.108161596530664650e-01
2.016839696255142977e-01
1.925292418053011489e-01
1.833530283412180273e-01
1.741563463539685108e-01
1.649401786876092124e-01
1.273036153246102087e+00
1.198760123864473615e+00
1.127995340377730971e+00
1.061013138314253146e+00
9.980356803827346024e-01
9.392210064578370154e-01
8.846516018572095907e-01
8.343281683858259079e-01
7.881695705672782104e-01
7.460189656171281047e-01
7.076551595814495332e-01
6.728075140907804341e-01
6.411724143584398572e-01
6.124294143502162502e-01
5.862555925259719247e-01
5.623372155540189432e-01
5.403783616421985458e-01
5.201065957093794490e-01
5.012760740344730515e-01
4.836685936582283962e-01
4.670931258119208618e-01
4.513843243277701478e-01
4.364004156393981870e-01
4.220207828267020789e-01
4.081434681324193625e-01
3.946827442387902396e-01
3.815668466134822245e-01
3.687359165339020861e-01
3.561401746314006855e-01
3.437383252023354374e-01
3.314961795096216246e-01
3.193854796518776351e-01
3.073829015832135192e-01
2.954692152379856940e-01
2.836285805295113427e-01
2.718479596133492326e-01
2.601166278106537555e-01
2.484257677045675072e-01
2.367681329883551677e-01
2.251377705657225670e-01
2.135297911363737422e-01
2.019401800280992976e-01
