6,1.5,18,4.85,0,100.04,0.83742
6,1.5,18,4.85,0,79.465,0.90824
6,1.5,18,4.85,0,63.12,0.97449
6,1.5,18,4.85,0,50.139,1.0324
6,1.5,18,4.85,0,39.827,1.082
6,1.5,18,4.85,0,31.635,1.1238
6,1.5,18,4.85,0,25.129,1.1585
6,1.5,18,4.85,0,19.961,1.1861
6,1.5,18,4.85,0,15.854,1.207
6,1.5,18,4.85,0,12.593,1.2253
6,1.5,18,4.85,0,10.004,1.2418
6,1.5,18,4.85,0,7.9463,1.2595
6,1.5,18,4.85,0,6.3118,1.2717
6,1.5,18,4.85,0,5.0138,1.2858
6,1.5,18,4.85,0,3.9822,1.3009
6,1.5,18,4.85,0,3.1635,1.3185
6,1.5,18,4.85,0,2.5116,1.3331
6,1.5,18,4.85,0,1.9962,1.3511
6,1.5,18,4.85,0,1.5858,1.3662
6,1.5,18,4.85,0,1.2597,1.3885
6,1.5,18,4.85,0,1.0003,1.4075
6,1.5,18,4.85,0,0.79472,1.4363
6,1.5,18,4.85,0,0.63191,1.4576
6,1.5,18,4.85,0,0.50175,1.4894
6,1.5,18,4.85,0,0.39892,1.5173
6,1.5,18,4.85,0,0.31624,1.5589
6,1.5,18,4.85,0,0.25162,1.5951
6,1.5,18,4.85,0,0.19979,1.6434
6,1.5,18,4.85,0,0.15845,1.6968
6,1.5,18,4.85,0,0.12578,1.7602
6,1.5,18,4.85,0,0.10036,1.8064
6,1.5,18,4.85,0,0.079796,1.8875
6,1.5,18,4.85,0,0.063502,1.9632
6,1.5,18,4.85,0,0.050236,2.0602
6,1.5,18,4.85,0,0.040055,2.1655
6,1.5,18,4.85,0,0.031626,2.2827
6,1.5,18,4.85,0,0.02497,2.4371
6,1.5,18,4.85,0,0.019916,2.5741
6,1.5,18,4.85,0,0.01556,2.7945
6,1.5,18,4.85,0,0.012434,2.9712
6,1.5,18,4.85,0,0.0099118,3.1871
6,1.5,18,4.85,0,0.0099746,3.2418
6,1.5,18,4.85,0.1,100.04,0.79842
6,1.5,18,4.85,0.1,79.465,0.86348
6,1.5,18,4.85,0.1,63.122,0.92315
6,1.5,18,4.85,0.1,50.139,0.97659
6,1.5,18,4.85,0.1,39.826,1.0198
6,1.5,18,4.85,0.1,31.635,1.057
6,1.5,18,4.85,0.1,25.129,1.0854
6,1.5,18,4.85,0.1,19.96,1.1093
6,1.5,18,4.85,0.1,15.855,1.1308
6,1.5,18,4.85,0.1,12.594,1.1458
6,1.5,18,4.85,0.1,10.003,1.1617
6,1.5,18,4.85,0.1,7.9464,1.1749
6,1.5,18,4.85,0.1,6.3131,1.1877
6,1.5,18,4.85,0.1,5.0145,1.2027
6,1.5,18,4.85,0.1,3.9834,1.2152
6,1.5,18,4.85,0.1,3.1632,1.2297
6,1.5,18,4.85,0.1,2.5143,1.2424
6,1.5,18,4.85,0.1,1.9953,1.2634
6,1.5,18,4.85,0.1,1.5856,1.2794
6,1.5,18,4.85,0.1,1.2595,1.2963
6,1.5,18,4.85,0.1,1.001,1.3209
6,1.5,18,4.85,0.1,0.79508,1.3411
6,1.5,18,4.85,0.1,0.63181,1.3663
6,1.5,18,4.85,0.1,0.5019,1.3945
6,1.5,18,4.85,0.1,0.39867,1.4297
6,1.5,18,4.85,0.1,0.31631,1.4663
6,1.5,18,4.85,0.1,0.25057,1.5136
6,1.5,18,4.85,0.1,0.19989,1.5536
6,1.5,18,4.85,0.1,0.15827,1.6054
6,1.5,18,4.85,0.1,0.1259,1.6638
6,1.5,18,4.85,0.1,0.09987,1.7304
6,1.5,18,4.85,0.1,0.079606,1.7975
6,1.5,18,4.85,0.1,0.062968,1.8816
6,1.5,18,4.85,0.1,0.049981,1.9873
6,1.5,18,4.85,0.1,0.039806,2.0903
6,1.5,18,4.85,0.1,0.031715,2.2054
6,1.5,18,4.85,0.1,0.025129,2.3465
6,1.5,18,4.85,0.1,0.019943,2.4973
6,1.5,18,4.85,0.1,0.015898,2.6603
6,1.5,18,4.85,0.1,0.012283,2.9537
6,1.5,18,4.85,0.1,0.0098427,3.1782
6,1.5,18,4.85,0.1,0.010148,3.1258
6,1.5,18,4.85,1,100.04,0.86831
6,1.5,18,4.85,1,79.465,0.944
6,1.5,18,4.85,1,63.121,1.0143
6,1.5,18,4.85,1,50.138,1.0757
6,1.5,18,4.85,1,39.827,1.1315
6,1.5,18,4.85,1,31.636,1.1773
6,1.5,18,4.85,1,25.127,1.2155
6,1.5,18,4.85,1,19.96,1.2454
6,1.5,18,4.85,1,15.856,1.2706
6,1.5,18,4.85,1,12.595,1.2924
6,1.5,18,4.85,1,10.003,1.31
6,1.5,18,4.85,1,7.9469,1.3288
6,1.5,18,4.85,1,6.3115,1.346
6,1.5,18,4.85,1,5.0135,1.3603
6,1.5,18,4.85,1,3.983,1.3788
6,1.5,18,4.85,1,3.1631,1.3987
6,1.5,18,4.85,1,2.5121,1.4196
6,1.5,18,4.85,1,1.9961,1.4422
6,1.5,18,4.85,1,1.5852,1.468
6,1.5,18,4.85,1,1.2598,1.4946
6,1.5,18,4.85,1,1.0001,1.5278
6,1.5,18,4.85,1,0.79518,1.5643
6,1.5,18,4.85,1,0.63076,1.6086
6,1.5,18,4.85,1,0.50061,1.6583
6,1.5,18,4.85,1,0.39783,1.7115
6,1.5,18,4.85,1,0.31633,1.7757
6,1.5,18,4.85,1,0.25141,1.8383
6,1.5,18,4.85,1,0.19984,1.925
6,1.5,18,4.85,1,0.15883,2.0158
6,1.5,18,4.85,1,0.12575,2.1342
6,1.5,18,4.85,1,0.099885,2.2563
6,1.5,18,4.85,1,0.079731,2.3927
6,1.5,18,4.85,1,0.063038,2.5656
6,1.5,18,4.85,1,0.05025,2.7601
6,1.5,18,4.85,1,0.03957,3.0143
6,1.5,18,4.85,1,0.031802,3.2412
6,1.5,18,4.85,1,0.024866,3.6063
6,1.5,18,4.85,1,0.020185,3.8736
6,1.5,18,4.85,1,0.015824,4.327
6,1.5,18,4.85,1,0.012468,4.8906
6,1.5,18,4.85,1,0.0098175,5.5293
6,1.5,18,4.85,1,0.010325,5.3044
6,1.5,18,4.85,2,100.04,0.76821
6,1.5,18,4.85,2,79.465,0.82485
6,1.5,18,4.85,2,63.121,0.87695
6,1.5,18,4.85,2,50.138,0.92196
6,1.5,18,4.85,2,39.827,0.96185
6,1.5,18,4.85,2,31.635,0.99304
6,1.5,18,4.85,2,25.128,1.0192
6,1.5,18,4.85,2,19.961,1.0393
6,1.5,18,4.85,2,15.855,1.058
6,1.5,18,4.85,2,12.594,1.0744
6,1.5,18,4.85,2,10.004,1.0887
6,1.5,18,4.85,2,7.9458,1.1037
6,1.5,18,4.85,2,6.3119,1.1173
6,1.5,18,4.85,2,5.0138,1.1295
6,1.5,18,4.85,2,3.9824,1.1466
6,1.5,18,4.85,2,3.1635,1.1626
6,1.5,18,4.85,2,2.5122,1.1808
6,1.5,18,4.85,2,1.996,1.2002
6,1.5,18,4.85,2,1.5857,1.2251
6,1.5,18,4.85,2,1.2576,1.2521
6,1.5,18,4.85,2,1.0011,1.2806
6,1.5,18,4.85,2,0.79421,1.3136
6,1.5,18,4.85,2,0.63046,1.3559
6,1.5,18,4.85,2,0.50182,1.3959
6,1.5,18,4.85,2,0.39801,1.4501
6,1.5,18,4.85,2,0.31628,1.5061
6,1.5,18,4.85,2,0.25104,1.5714
6,1.5,18,4.85,2,0.19912,1.6542
6,1.5,18,4.85,2,0.15878,1.7324
6,1.5,18,4.85,2,0.12565,1.8368
6,1.5,18,4.85,2,0.099726,1.9533
6,1.5,18,4.85,2,0.079239,2.0839
6,1.5,18,4.85,2,0.063338,2.2309
6,1.5,18,4.85,2,0.050076,2.4097
6,1.5,18,4.85,2,0.039833,2.6114
6,1.5,18,4.85,2,0.031437,2.8728
6,1.5,18,4.85,2,0.025302,3.1041
6,1.5,18,4.85,2,0.020046,3.462
6,1.5,18,4.85,2,0.015795,3.8787
6,1.5,18,4.85,2,0.012456,4.3627
6,1.5,18,4.85,2,0.0099235,4.8948
6,1.5,18,4.85,2,0.0099693,4.9551
6,1.5,18,4.85,3,100.04,0.76634
6,1.5,18,4.85,3,79.466,0.82413
6,1.5,18,4.85,3,63.121,0.87688
6,1.5,18,4.85,3,50.139,0.92388
6,1.5,18,4.85,3,39.827,0.96489
6,1.5,18,4.85,3,31.636,0.99822
6,1.5,18,4.85,3,25.13,1.0253
6,1.5,18,4.85,3,19.962,1.0461
6,1.5,18,4.85,3,15.854,1.0647
6,1.5,18,4.85,3,12.594,1.0818
6,1.5,18,4.85,3,10.002,1.0971
6,1.5,18,4.85,3,7.9459,1.1091
6,1.5,18,4.85,3,6.3116,1.1254
6,1.5,18,4.85,3,5.0145,1.1385
6,1.5,18,4.85,3,3.9833,1.1529
6,1.5,18,4.85,3,3.1637,1.1705
6,1.5,18,4.85,3,2.5126,1.1888
6,1.5,18,4.85,3,1.9958,1.2094
6,1.5,18,4.85,3,1.5852,1.2313
6,1.5,18,4.85,3,1.2593,1.2563
6,1.5,18,4.85,3,0.99994,1.2862
6,1.5,18,4.85,3,0.79505,1.3159
6,1.5,18,4.85,3,0.6317,1.3554
6,1.5,18,4.85,3,0.50155,1.396
6,1.5,18,4.85,3,0.39825,1.4468
6,1.5,18,4.85,3,0.31666,1.5043
6,1.5,18,4.85,3,0.25051,1.5772
6,1.5,18,4.85,3,0.19949,1.6496
6,1.5,18,4.85,3,0.15816,1.7438
6,1.5,18,4.85,3,0.12607,1.8373
6,1.5,18,4.85,3,0.099872,1.9504
6,1.5,18,4.85,3,0.079115,2.0899
6,1.5,18,4.85,3,0.063128,2.2276
6,1.5,18,4.85,3,0.05023,2.4167
6,1.5,18,4.85,3,0.040041,2.6151
6,1.5,18,4.85,3,0.031726,2.8701
6,1.5,18,4.85,3,0.025207,3.1421
6,1.5,18,4.85,3,0.020252,3.4216
6,1.5,18,4.85,3,0.01572,3.8874
6,1.5,18,4.85,3,0.012786,4.2753
6,1.5,18,4.85,3,0.00988,4.9678
6,1.5,18,4.85,3,0.0096632,5.0902
6,1.5,18,4.85,4,100.04,0.75
6,1.5,18,4.85,4,79.464,0.80644
6,1.5,18,4.85,4,63.121,0.85673
6,1.5,18,4.85,4,50.139,0.90104
6,1.5,18,4.85,4,39.828,0.93765
6,1.5,18,4.85,4,31.636,0.96948
6,1.5,18,4.85,4,25.129,0.99353
6,1.5,18,4.85,4,19.96,1.0139
6,1.5,18,4.85,4,15.856,1.0292
6,1.5,18,4.85,4,12.594,1.0452
6,1.5,18,4.85,4,10.005,1.058
6,1.5,18,4.85,4,7.9465,1.0705
6,1.5,18,4.85,4,6.3122,1.0827
6,1.5,18,4.85,4,5.0144,1.0939
6,1.5,18,4.85,4,3.9814,1.1095
6,1.5,18,4.85,4,3.1637,1.1244
6,1.5,18,4.85,4,2.5133,1.1393
6,1.5,18,4.85,4,1.9963,1.154
6,1.5,18,4.85,4,1.5849,1.1723
6,1.5,18,4.85,4,1.2606,1.1923
6,1.5,18,4.85,4,0.99997,1.2158
6,1.5,18,4.85,4,0.79426,1.2424
6,1.5,18,4.85,4,0.63027,1.271
6,1.5,18,4.85,4,0.50086,1.2985
6,1.5,18,4.85,4,0.39832,1.3307
6,1.5,18,4.85,4,0.31701,1.3675
6,1.5,18,4.85,4,0.25087,1.4203
6,1.5,18,4.85,4,0.19992,1.4678
6,1.5,18,4.85,4,0.15878,1.5191
6,1.5,18,4.85,4,0.12595,1.5874
6,1.5,18,4.85,4,0.10037,1.6531
6,1.5,18,4.85,4,0.079735,1.7404
6,1.5,18,4.85,4,0.063186,1.8391
6,1.5,18,4.85,4,0.050166,1.9533
6,1.5,18,4.85,4,0.041044,2.0226
6,1.5,18,4.85,4,0.031672,2.2222
6,1.5,18,4.85,4,0.025507,2.371
6,1.5,18,4.85,4,0.019443,2.6241
6,1.5,18,4.85,4,0.015346,2.8843
6,1.5,18,4.85,4,0.011883,3.2257
6,1.5,18,4.85,4,0.010426,3.2063
6,1.5,18,4.85,4,0.010547,3.2271
6,1.5,18,4.85,5,100.04,0.77956
6,1.5,18,4.85,5,79.464,0.83913
6,1.5,18,4.85,5,63.121,0.89503
6,1.5,18,4.85,5,50.139,0.9455
6,1.5,18,4.85,5,39.825,0.98591
6,1.5,18,4.85,5,31.635,1.0207
6,1.5,18,4.85,5,25.129,1.0489
6,1.5,18,4.85,5,19.961,1.0715
6,1.5,18,4.85,5,15.856,1.0869
6,1.5,18,4.85,5,12.595,1.1035
6,1.5,18,4.85,5,10.002,1.1197
6,1.5,18,4.85,5,7.9463,1.1316
6,1.5,18,4.85,5,6.3125,1.1463
6,1.5,18,4.85,5,5.0134,1.1607
6,1.5,18,4.85,5,3.9815,1.175
6,1.5,18,4.85,5,3.1635,1.19
6,1.5,18,4.85,5,2.5133,1.2047
6,1.5,18,4.85,5,1.9955,1.2267
6,1.5,18,4.85,5,1.5849,1.2454
6,1.5,18,4.85,5,1.2607,1.2659
6,1.5,18,4.85,5,0.9999,1.2913
6,1.5,18,4.85,5,0.79494,1.3208
6,1.5,18,4.85,5,0.6306,1.3501
6,1.5,18,4.85,5,0.5013,1.3846
6,1.5,18,4.85,5,0.39965,1.4119
6,1.5,18,4.85,5,0.31632,1.4645
6,1.5,18,4.85,5,0.25051,1.5171
6,1.5,18,4.85,5,0.19976,1.571
6,1.5,18,4.85,5,0.1587,1.6301
6,1.5,18,4.85,5,0.12679,1.6939
6,1.5,18,4.85,5,0.10025,1.7735
6,1.5,18,4.85,5,0.079639,1.8736
6,1.5,18,4.85,5,0.063845,1.9676
6,1.5,18,4.85,5,0.050522,2.0894
6,1.5,18,4.85,5,0.03966,2.2578
6,1.5,18,4.85,5,0.031614,2.3795
6,1.5,18,4.85,5,0.02524,2.5888
6,1.5,18,4.85,5,0.019722,2.8145
6,1.5,18,4.85,5,0.015562,3.1071
6,1.5,18,4.85,5,0.012875,3.2483
6,1.5,18,4.85,5,0.0099852,3.6744
6,1.5,18,4.85,5,0.010238,3.6782
6,1.5,18,4.85,6,100.04,0.7372
6,1.5,18,4.85,6,79.464,0.78847
6,1.5,18,4.85,6,63.12,0.83594
6,1.5,18,4.85,6,50.139,0.87711
6,1.5,18,4.85,6,39.826,0.91299
6,1.5,18,4.85,6,31.636,0.94049
6,1.5,18,4.85,6,25.129,0.9646
6,1.5,18,4.85,6,19.96,0.98229
6,1.5,18,4.85,6,15.855,0.99767
6,1.5,18,4.85,6,12.595,1.0136
6,1.5,18,4.85,6,10.004,1.0262
6,1.5,18,4.85,6,7.9463,1.0385
6,1.5,18,4.85,6,6.3121,1.0493
6,1.5,18,4.85,6,5.013,1.0626
6,1.5,18,4.85,6,3.9827,1.0772
6,1.5,18,4.85,6,3.163,1.0935
6,1.5,18,4.85,6,2.512,1.109
6,1.5,18,4.85,6,1.9959,1.1271
6,1.5,18,4.85,6,1.585,1.1471
6,1.5,18,4.85,6,1.2596,1.167
6,1.5,18,4.85,6,1.001,1.1907
6,1.5,18,4.85,6,0.79416,1.2219
6,1.5,18,4.85,6,0.6322,1.2471
6,1.5,18,4.85,6,0.50146,1.2854
6,1.5,18,4.85,6,0.39788,1.3295
6,1.5,18,4.85,6,0.31577,1.3757
6,1.5,18,4.85,6,0.25131,1.4228
6,1.5,18,4.85,6,0.19936,1.4861
6,1.5,18,4.85,6,0.15872,1.5495
6,1.5,18,4.85,6,0.12633,1.622
6,1.5,18,4.85,6,0.099597,1.7256
6,1.5,18,4.85,6,0.079617,1.8096
6,1.5,18,4.85,6,0.06277,1.947
6,1.5,18,4.85,6,0.050485,2.0553
6,1.5,18,4.85,6,0.039662,2.2288
6,1.5,18,4.85,6,0.031713,2.3963
6,1.5,18,4.85,6,0.024874,2.6283
6,1.5,18,4.85,6,0.019876,2.867
6,1.5,18,4.85,6,0.016217,3.0553
6,1.5,18,4.85,6,0.012507,3.4712
6,1.5,18,4.85,6,0.0099262,3.8369
6,1.5,18,4.85,6,0.010245,3.8125
6,1.5,18,4.85,7,100.04,0.71054
6,1.5,18,4.85,7,79.465,0.75886
6,1.5,18,4.85,7,63.122,0.80436
6,1.5,18,4.85,7,50.14,0.8414
6,1.5,18,4.85,7,39.825,0.87474
6,1.5,18,4.85,7,31.636,0.90039
6,1.5,18,4.85,7,25.129,0.92221
6,1.5,18,4.85,7,19.96,0.93788
6,1.5,18,4.85,7,15.856,0.9522
6,1.5,18,4.85,7,12.595,0.96825
6,1.5,18,4.85,7,10.005,0.97896
6,1.5,18,4.85,7,7.9466,0.9902
6,1.5,18,4.85,7,6.3116,1.0042
6,1.5,18,4.85,7,5.0135,1.0169
6,1.5,18,4.85,7,3.9821,1.0315
6,1.5,18,4.85,7,3.1638,1.0448
6,1.5,18,4.85,7,2.5135,1.0602
6,1.5,18,4.85,7,1.9961,1.0795
6,1.5,18,4.85,7,1.5854,1.0981
6,1.5,18,4.85,7,1.2604,1.119
6,1.5,18,4.85,7,1.001,1.1455
6,1.5,18,4.85,7,0.79396,1.1755
6,1.5,18,4.85,7,0.63038,1.2092
6,1.5,18,4.85,7,0.50125,1.2431
6,1.5,18,4.85,7,0.39901,1.2816
6,1.5,18,4.85,7,0.31611,1.3313
6,1.5,18,4.85,7,0.25138,1.3869
6,1.5,18,4.85,7,0.19992,1.4468
6,1.5,18,4.85,7,0.15865,1.5251
6,1.5,18,4.85,7,0.12614,1.6
6,1.5,18,4.85,7,0.10015,1.6959
6,1.5,18,4.85,7,0.079396,1.8054
6,1.5,18,4.85,7,0.063052,1.922
6,1.5,18,4.85,7,0.049971,2.0883
6,1.5,18,4.85,7,0.039956,2.2354
6,1.5,18,4.85,7,0.031785,2.4359
6,1.5,18,4.85,7,0.025135,2.6521
6,1.5,18,4.85,7,0.019792,2.9534
6,1.5,18,4.85,7,0.015466,3.307
6,1.5,18,4.85,7,0.012577,3.6134
6,1.5,18,4.85,7,0.0098296,4.1007
6,1.5,18,4.85,7,0.0099129,4.1141
6,1.5,18,4.85,8,100.04,0.69635
6,1.5,18,4.85,8,79.465,0.74388
6,1.5,18,4.85,8,63.121,0.78789
6,1.5,18,4.85,8,50.137,0.82318
6,1.5,18,4.85,8,39.827,0.85503
6,1.5,18,4.85,8,31.635,0.8807
6,1.5,18,4.85,8,25.129,0.90139
6,1.5,18,4.85,8,19.961,0.91759
6,1.5,18,4.85,8,15.855,0.93104
6,1.5,18,4.85,8,12.593,0.94451
6,1.5,18,4.85,8,10.003,0.95658
6,1.5,18,4.85,8,7.9464,0.96742
6,1.5,18,4.85,8,6.3117,0.97956
6,1.5,18,4.85,8,5.0162,0.99161
6,1.5,18,4.85,8,3.9825,1.0061
6,1.5,18,4.85,8,3.1639,1.0204
6,1.5,18,4.85,8,2.5125,1.0375
6,1.5,18,4.85,8,1.9965,1.0548
6,1.5,18,4.85,8,1.5859,1.0759
6,1.5,18,4.85,8,1.2591,1.0981
6,1.5,18,4.85,8,0.99947,1.1242
6,1.5,18,4.85,8,0.79398,1.1548
6,1.5,18,4.85,8,0.63197,1.1839
6,1.5,18,4.85,8,0.50205,1.2203
6,1.5,18,4.85,8,0.39845,1.2667
6,1.5,18,4.85,8,0.31635,1.3127
6,1.5,18,4.85,8,0.25064,1.3719
6,1.5,18,4.85,8,0.19909,1.4319
6,1.5,18,4.85,8,0.15883,1.5002
6,1.5,18,4.85,8,0.12559,1.596
6,1.5,18,4.85,8,0.099874,1.6758
6,1.5,18,4.85,8,0.07964,1.7898
6,1.5,18,4.85,8,0.06365,1.9056
6,1.5,18,4.85,8,0.049762,2.0818
6,1.5,18,4.85,8,0.040344,2.2178
6,1.5,18,4.85,8,0.031649,2.4332
6,1.5,18,4.85,8,0.024873,2.6959
6,1.5,18,4.85,8,0.0204,2.8668
6,1.5,18,4.85,8,0.015424,3.3443
6,1.5,18,4.85,8,0.012597,3.627
6,1.5,18,4.85,8,0.009639,4.2037
6,1.5,18,4.85,8,0.010146,4.1161
6,1.5,18,4.85,9,100.04,0.71758
6,1.5,18,4.85,9,79.464,0.76939
6,1.5,18,4.85,9,63.119,0.81441
6,1.5,18,4.85,9,50.138,0.85478
6,1.5,18,4.85,9,39.827,0.88849
6,1.5,18,4.85,9,31.635,0.91673
6,1.5,18,4.85,9,25.129,0.93954
6,1.5,18,4.85,9,19.961,0.95781
6,1.5,18,4.85,9,15.854,0.97421
6,1.5,18,4.85,9,12.594,0.98859
6,1.5,18,4.85,9,10.004,1.0034
6,1.5,18,4.85,9,7.9468,1.0155
6,1.5,18,4.85,9,6.3112,1.0286
6,1.5,18,4.85,9,5.0136,1.0424
6,1.5,18,4.85,9,3.9828,1.0561
6,1.5,18,4.85,9,3.1633,1.0736
6,1.5,18,4.85,9,2.5126,1.0904
6,1.5,18,4.85,9,1.9968,1.1113
6,1.5,18,4.85,9,1.5848,1.1327
6,1.5,18,4.85,9,1.2609,1.1542
6,1.5,18,4.85,9,0.99964,1.1843
6,1.5,18,4.85,9,0.79284,1.2175
6,1.5,18,4.85,9,0.63128,1.2483
6,1.5,18,4.85,9,0.50144,1.2882
6,1.5,18,4.85,9,0.39763,1.3368
6,1.5,18,4.85,9,0.31545,1.3885
6,1.5,18,4.85,9,0.25096,1.4468
6,1.5,18,4.85,9,0.19971,1.5096
6,1.5,18,4.85,9,0.15829,1.5898
6,1.5,18,4.85,9,0.12583,1.6751
6,1.5,18,4.85,9,0.10015,1.771
6,1.5,18,4.85,9,0.079405,1.8851
6,1.5,18,4.85,9,0.063306,2.0082
6,1.5,18,4.85,9,0.050155,2.1748
6,1.5,18,4.85,9,0.039554,2.3733
6,1.5,18,4.85,9,0.031963,2.5396
6,1.5,18,4.85,9,0.02485,2.8377
6,1.5,18,4.85,9,0.019631,3.1408
6,1.5,18,4.85,9,0.015923,3.3772
6,1.5,18,4.85,9,0.012608,3.7831
6,1.5,18,4.85,9,0.0098703,4.3232
6,1.5,18,4.85,9,0.0098271,4.3663
6,1.5,18,4.85,10,100.04,0.72144
6,1.5,18,4.85,10,79.465,0.77312
6,1.5,18,4.85,10,63.119,0.82051
6,1.5,18,4.85,10,50.141,0.86145
6,1.5,18,4.85,10,39.826,0.89717
6,1.5,18,4.85,10,31.634,0.92646
6,1.5,18,4.85,10,25.127,0.94981
6,1.5,18,4.85,10,19.959,0.96747
6,1.5,18,4.85,10,15.856,0.9828
6,1.5,18,4.85,10,12.594,0.99824
6,1.5,18,4.85,10,10.005,1.0112
6,1.5,18,4.85,10,7.9466,1.0255
6,1.5,18,4.85,10,6.3108,1.0397
6,1.5,18,4.85,10,5.0152,1.0496
6,1.5,18,4.85,10,3.9818,1.0671
6,1.5,18,4.85,10,3.1641,1.0817
6,1.5,18,4.85,10,2.5118,1.103
6,1.5,18,4.85,10,1.9958,1.1204
6,1.5,18,4.85,10,1.5866,1.1389
6,1.5,18,4.85,10,1.2589,1.1647
6,1.5,18,4.85,10,1.0001,1.1917
6,1.5,18,4.85,10,0.7951,1.2216
6,1.5,18,4.85,10,0.63211,1.2582
6,1.5,18,4.85,10,0.50162,1.3022
6,1.5,18,4.85,10,0.39793,1.3488
6,1.5,18,4.85,10,0.316,1.4061
6,1.5,18,4.85,10,0.25093,1.4636
6,1.5,18,4.85,10,0.19993,1.5248
6,1.5,18,4.85,10,0.15884,1.6075
6,1.5,18,4.85,10,0.12571,1.7027
6,1.5,18,4.85,10,0.09914,1.8268
6,1.5,18,4.85,10,0.079933,1.9134
6,1.5,18,4.85,10,0.063983,2.0389
6,1.5,18,4.85,10,0.050546,2.2086
6,1.5,18,4.85,10,0.040017,2.4053
6,1.5,18,4.85,10,0.031944,2.6017
6,1.5,18,4.85,10,0.024289,2.9645
6,1.5,18,4.85,10,0.019643,3.2424
6,1.5,18,4.85,10,0.016548,3.4095
6,1.5,18,4.85,10,0.01237,4.0519
6,1.5,18,4.85,10,0.010221,4.3813
6,1.5,18,4.85,10,0.0095557,4.7608
6,1.5,18,4.85,11,100.04,0.77268
6,1.5,18,4.85,11,79.464,0.83279
6,1.5,18,4.85,11,63.12,0.88671
6,1.5,18,4.85,11,50.139,0.93564
6,1.5,18,4.85,11,39.826,0.97774
6,1.5,18,4.85,11,31.636,1.0105
6,1.5,18,4.85,11,25.129,1.0384
6,1.5,18,4.85,11,19.961,1.062
6,1.5,18,4.85,11,15.855,1.0805
6,1.5,18,4.85,11,12.594,1.0967
6,1.5,18,4.85,11,10.003,1.112
6,1.5,18,4.85,11,7.9464,1.1243
6,1.5,18,4.85,11,6.3132,1.1405
6,1.5,18,4.85,11,5.0141,1.153
6,1.5,18,4.85,11,3.9825,1.1698
6,1.5,18,4.85,11,3.1631,1.1851
6,1.5,18,4.85,11,2.513,1.2042
6,1.5,18,4.85,11,1.9958,1.2249
6,1.5,18,4.85,11,1.5861,1.2488
6,1.5,18,4.85,11,1.259,1.2763
6,1.5,18,4.85,11,1.0003,1.303
6,1.5,18,4.85,11,0.79419,1.3395
6,1.5,18,4.85,11,0.63169,1.3701
6,1.5,18,4.85,11,0.50169,1.4151
6,1.5,18,4.85,11,0.39868,1.4621
6,1.5,18,4.85,11,0.31643,1.5176
6,1.5,18,4.85,11,0.25114,1.5836
6,1.5,18,4.85,11,0.19955,1.6528
6,1.5,18,4.85,11,0.15871,1.7387
6,1.5,18,4.85,11,0.12565,1.8426
6,1.5,18,4.85,11,0.10039,1.9391
6,1.5,18,4.85,11,0.079502,2.0756
6,1.5,18,4.85,11,0.063113,2.2208
6,1.5,18,4.85,11,0.050227,2.3944
6,1.5,18,4.85,11,0.039673,2.6055
6,1.5,18,4.85,11,0.031464,2.8562
6,1.5,18,4.85,11,0.025082,3.086
6,1.5,18,4.85,11,0.020157,3.4025
6,1.5,18,4.85,11,0.015836,3.7931
6,1.5,18,4.85,11,0.012454,4.3061
6,1.5,18,4.85,11,0.0098467,4.8052
6,1.5,18,4.85,11,0.0098915,4.8564
6,1.5,18,4.85,12,100.04,0.82552
6,1.5,18,4.85,12,79.465,0.89258
6,1.5,18,4.85,12,63.121,0.95608
6,1.5,18,4.85,12,50.14,1.0126
6,1.5,18,4.85,12,39.826,1.0612
6,1.5,18,4.85,12,31.636,1.1018
6,1.5,18,4.85,12,25.129,1.1336
6,1.5,18,4.85,12,19.961,1.163
6,1.5,18,4.85,12,15.854,1.1845
6,1.5,18,4.85,12,12.594,1.203
6,1.5,18,4.85,12,10.004,1.2196
6,1.5,18,4.85,12,7.9457,1.2367
6,1.5,18,4.85,12,6.3131,1.2504
6,1.5,18,4.85,12,5.0128,1.2714
6,1.5,18,4.85,12,3.9831,1.286
6,1.5,18,4.85,12,3.1637,1.3044
6,1.5,18,4.85,12,2.513,1.3236
6,1.5,18,4.85,12,1.9967,1.3461
6,1.5,18,4.85,12,1.5855,1.3729
6,1.5,18,4.85,12,1.2601,1.4017
6,1.5,18,4.85,12,0.99952,1.4323
6,1.5,18,4.85,12,0.79461,1.4688
6,1.5,18,4.85,12,0.63044,1.5128
6,1.5,18,4.85,12,0.50138,1.5532
6,1.5,18,4.85,12,0.39897,1.6029
6,1.5,18,4.85,12,0.31642,1.6615
6,1.5,18,4.85,12,0.25176,1.7287
6,1.5,18,4.85,12,0.19944,1.8156
6,1.5,18,4.85,12,0.15871,1.8967
6,1.5,18,4.85,12,0.1259,2.0018
6,1.5,18,4.85,12,0.099942,2.1263
6,1.5,18,4.85,12,0.079714,2.2495
6,1.5,18,4.85,12,0.063176,2.4278
6,1.5,18,4.85,12,0.050082,2.5883
6,1.5,18,4.85,12,0.039653,2.8058
6,1.5,18,4.85,12,0.031834,3.0202
6,1.5,18,4.85,12,0.024802,3.3655
6,1.5,18,4.85,12,0.019807,3.7162
6,1.5,18,4.85,12,0.015951,4.0709
6,1.5,18,4.85,12,0.01234,4.6304
6,1.5,18,4.85,12,0.0099524,5.0828
6,1.5,18,4.85,12,0.01004,5.18
