2.499599999999999866e+01
2.499200000000000088e+01
2.500900000000000034e+01
2.498699999999999832e+01
2.500499999999999901e+01
2.500000000000000000e+01
2.500000000000000000e+01
2.498699999999999832e+01
2.499200000000000088e+01
2.500900000000000034e+01
2.498300000000000054e+01
2.500499999999999901e+01
2.499200000000000088e+01
2.500499999999999901e+01
2.499200000000000088e+01
2.499599999999999866e+01
2.500499999999999901e+01
2.499200000000000088e+01
2.500000000000000000e+01
2.499599999999999866e+01
2.500900000000000034e+01
2.500499999999999901e+01
2.499599999999999866e+01
2.500900000000000034e+01
2.499599999999999866e+01
2.501399999999999935e+01
2.500000000000000000e+01
2.499599999999999866e+01
2.500499999999999901e+01
2.500000000000000000e+01
2.500000000000000000e+01
2.499200000000000088e+01
2.501399999999999935e+01
2.499599999999999866e+01
2.498699999999999832e+01
2.500000000000000000e+01
2.500499999999999901e+01
2.499599999999999866e+01
2.499200000000000088e+01
2.499599999999999866e+01
2.500900000000000034e+01
2.497899999999999920e+01
2.499599999999999866e+01
2.497400000000000020e+01
2.500900000000000034e+01
2.500900000000000034e+01
2.500499999999999901e+01
2.498699999999999832e+01
2.499599999999999866e+01
2.499200000000000088e+01
2.499599999999999866e+01
2.500000000000000000e+01
2.501800000000000068e+01
2.500000000000000000e+01
2.498300000000000054e+01
2.500000000000000000e+01
2.498300000000000054e+01
2.497400000000000020e+01
2.500499999999999901e+01
2.499200000000000088e+01
2.500900000000000034e+01
2.499599999999999866e+01
2.500900000000000034e+01
2.498300000000000054e+01
2.500499999999999901e+01
2.499599999999999866e+01
2.500499999999999901e+01
2.499599999999999866e+01
2.501800000000000068e+01
2.499599999999999866e+01
2.498699999999999832e+01
2.500499999999999901e+01
2.498699999999999832e+01
2.499200000000000088e+01
2.499599999999999866e+01
2.501800000000000068e+01
2.498300000000000054e+01
2.501399999999999935e+01
2.500000000000000000e+01
2.500499999999999901e+01
2.498699999999999832e+01
2.500000000000000000e+01
2.499599999999999866e+01
2.502199999999999847e+01
2.505699999999999861e+01
2.521099999999999852e+01
2.538599999999999923e+01
2.557400000000000162e+01
2.572800000000000153e+01
2.592099999999999937e+01
2.611400000000000077e+01
2.626699999999999946e+01
2.643400000000000105e+01
2.662699999999999889e+01
2.678900000000000148e+01
2.698699999999999832e+01
2.711400000000000077e+01
2.729799999999999827e+01
2.746499999999999986e+01
2.764900000000000091e+01
2.781599999999999895e+01
2.798699999999999832e+01
2.814999999999999858e+01
2.830799999999999983e+01
2.847899999999999920e+01
2.863700000000000045e+01
2.882100000000000151e+01
2.898400000000000176e+01
2.914199999999999946e+01
2.931299999999999883e+01
2.948000000000000043e+01
2.963299999999999912e+01
2.979599999999999937e+01
2.996300000000000097e+01
3.014300000000000068e+01
3.030099999999999838e+01
3.048100000000000165e+01
3.065700000000000003e+01
3.080999999999999872e+01
3.097299999999999898e+01
3.114399999999999835e+01
3.130300000000000082e+01
3.147400000000000020e+01
3.164600000000000080e+01
3.180000000000000071e+01
3.198000000000000043e+01
3.214699999999999847e+01
3.231000000000000227e+01
3.249000000000000199e+01
3.265699999999999648e+01
3.282000000000000028e+01
3.300000000000000000e+01
3.316299999999999670e+01
3.330799999999999983e+01
3.348400000000000176e+01
3.363799999999999812e+01
3.380100000000000193e+01
3.398199999999999932e+01
3.414900000000000091e+01
3.431600000000000250e+01
3.448299999999999699e+01
3.465100000000000335e+01
3.480899999999999750e+01
3.498499999999999943e+01
3.514399999999999835e+01
3.531499999999999773e+01
3.548700000000000188e+01
3.566299999999999670e+01
3.583500000000000085e+01
3.600200000000000244e+01
3.615200000000000102e+01
3.629699999999999704e+01
3.646500000000000341e+01
3.663700000000000045e+01
3.682200000000000273e+01
3.699399999999999977e+01
3.714800000000000324e+01
3.732399999999999807e+01
3.749199999999999733e+01
3.764600000000000080e+01
3.783100000000000307e+01
3.799000000000000199e+01
3.814900000000000091e+01
3.831199999999999761e+01
3.848400000000000176e+01
3.865200000000000102e+01
3.880199999999999960e+01
3.897800000000000153e+01
3.914099999999999824e+01
3.932200000000000273e+01
3.949900000000000233e+01
3.964900000000000091e+01
3.983400000000000318e+01
4.000200000000000244e+01
