2.122846225161637013e-03
4.110832660620663409e-02
7.537539943773381712e-02
1.053023549447869994e-01
1.297736501200095760e-01
1.509037373881572663e-01
1.681319802656610352e-01
1.831188823172386071e-01
1.947446095293368373e-01
2.052070715112875865e-01
2.139107020102226087e-01
2.227736798261475137e-01
2.302598343877611808e-01
2.385027508053856604e-01
2.460231572030880109e-01
2.526030577592681681e-01
2.594911458190076736e-01
2.686598623668313146e-01
2.753919852891442699e-01
2.839566994348187712e-01
2.920965052981755461e-01
3.018240282474424219e-01
3.107973606589171656e-01
3.213270410758077844e-01
3.313503517547475297e-01
3.420020011209946587e-01
3.566395578668272726e-01
3.653719079235536737e-01
3.836179145190153905e-01
4.012557518214087682e-01
4.154691627655794361e-01
4.293630164953508022e-01
4.502860679791343412e-01
4.738882333160726601e-01
5.003668534068907991e-01
5.162020886332308045e-01
5.290734291738220518e-01
5.725219357006866572e-01
5.888731382996390540e-01
6.396358768118476368e-01
6.626303569858787990e-01
7.171885182025858896e-01
2.261383026375698713e-01
3.045443803970179220e-01
3.788374243425322585e-01
4.472727940051810513e-01
5.083653966423365977e-01
5.618440599800572643e-01
6.065748195589585334e-01
6.444464677543286779e-01
6.743337910282790615e-01
6.985772245611591158e-01
7.171443719609958967e-01
7.327691818130496193e-01
7.448552455420712759e-01
7.551916380979096788e-01
7.631823230735872432e-01
7.701263547773885554e-01
7.757276516561796287e-01
7.820416992521356248e-01
7.883310242794322464e-01
7.945396291361310759e-01
7.987486786031987585e-01
8.052329946209804135e-01
8.114496589745834321e-01
8.175693357013226192e-01
8.225355044688225092e-01
8.303377703132407417e-01
8.356531634953685561e-01
8.438796876828028592e-01
8.512222579597450434e-01
8.579617673188083549e-01
8.675193408209544987e-01
8.737407397739425097e-01
8.834342936830092974e-01
8.907149204869577730e-01
9.098704045369548910e-01
9.260547084181982580e-01
9.270458043086500233e-01
9.507405610332637647e-01
9.497324274902760877e-01
9.577547401956281181e-01
1.011515466132567376e+00
1.027875336277278118e+00
2.825496111384641629e-01
2.790940457842886468e-01
2.634964092169661543e-01
2.521682956897081107e-01
2.450682757183994254e-01
2.331916258794349828e-01
2.253299619230955675e-01
2.164430230963551305e-01
2.060293891381345666e-01
1.943838951968441253e-01
1.872696599132364637e-01
1.757987356105841781e-01
1.669242237827601172e-01
1.560521844273859426e-01
1.486119081410774423e-01
1.367554361164375620e-01
1.283120132937063396e-01
1.181125475176658807e-01
1.091159980757944181e-01
9.747943390982917455e-02
8.817153986435231905e-02
8.096542175099140370e-02
7.254398564364765434e-02
6.226225590710052910e-02
5.353555719892092585e-02
4.183070680709978506e-02
3.560982297770803190e-02
2.571129062585961189e-02
1.942372028533919520e-02
7.615507084804103502e-03
-1.466915604985737781e-03
-1.120656957263015813e-02
-2.057910989092521722e-02
-2.877565718724373750e-02
-3.920825810298995268e-02
-4.617123243571318730e-02
-5.291395086024365535e-02
-6.471245609817345701e-02
-7.583292117333535753e-02
-8.359711695488716843e-02
-8.927316917956713838e-02
-1.005236782885833846e-01
-1.088200485653938177e-01
-1.153343209089213728e-01
-1.262865597503397830e-01
-1.323369174303554441e-01
-1.428153094788944810e-01
-1.521880513109142852e-01
-1.631905813943849981e-01
-1.693927282569047676e-01
-1.785926017656073173e-01
-1.878014787194073054e-01
-1.947418436512204087e-01
-2.039872825378005738e-01
-2.125288985035645173e-01
-2.197503941012664552e-01
-2.269020990474918953e-01
-2.371534515560336509e-01
-2.449220816269434831e-01
-2.538821244255246579e-01
-2.611806103509156651e-01
-2.673200218542683415e-01
-2.752851413179910889e-01
-2.879440715558951869e-01
-2.959155764798923616e-01
-3.047626828883931993e-01
-3.106121046966536237e-01
-3.172035192234018974e-01
-3.249139658139926778e-01
-3.304116539972903888e-01
-3.431326374084667785e-01
-3.455933718952133304e-01
-3.553093762235537412e-01
-3.656859988222952440e-01
-3.751045483773077227e-01
-3.815084168849890434e-01
-3.886123646072954241e-01
-3.959317044064551427e-01
-4.021063561397672514e-01
-4.099209111421660001e-01
-4.195483325639832728e-01
-4.281223733842207668e-01
-4.316668337125182386e-01
-4.395338187393940665e-01
-4.492508060087202493e-01
-4.546186515056381272e-01
-4.623659915750583660e-01
-4.683614452121858673e-01
-4.767674488732178140e-01
-4.869942700782842193e-01
