6.747105776390642795e-01
6.713880080246963367e-01
6.680783823432225876e-01
6.647817476212565246e-01
6.614981502987580253e-01
6.582276362183101526e-01
6.549702506144717828e-01
6.517260381032128347e-01
6.484950426714348737e-01
6.452773076665858643e-01
6.420728757863677361e-01
6.388817890685474232e-01
6.357040888808720425e-01
6.325398159110953156e-01
6.293890101571177897e-01
6.262517109172478502e-01
6.231279567805869668e-01
6.200177856175426161e-01
6.169212345704765399e-01
6.138383400444894500e-01
6.107691376983491738e-01
6.077136624355656824e-01
6.046719483956172203e-01
6.016440289453330870e-01
5.986299366704350700e-01
5.956297033672450780e-01
5.926433600345597519e-01
5.896709368656993799e-01
5.867124632407316742e-01
5.837679677188778449e-01
5.808374780311031937e-01
5.779210210728954467e-01
5.750186228972361535e-01
5.721303087077674876e-01
5.692561028521593292e-01
5.663960288156779654e-01
5.635501092149630686e-01
5.607183657920129516e-01
5.579008194083832084e-01
5.550974900396015155e-01
5.523083967698009245e-01
5.495335577865756438e-01
5.467729903760611965e-01
5.440267109182406191e-01
5.412947348824830307e-01
5.385770768233115735e-01
5.358737503764078314e-01
5.331847682548518375e-01
5.305101422456010019e-01
5.278498832062090695e-01
5.252040010617885502e-01
5.225725048022161756e-01
5.199554024795837170e-01
5.173527012058960484e-01
5.147644071510171226e-01
5.121905255408649715e-01
5.096310606558570599e-01
5.070860158296062181e-01
5.045553934478677061e-01
5.020391949477399640e-01
4.995374208171156627e-01
4.970500705943876052e-01
4.945771428684055393e-01
4.921186352786872109e-01
4.896745445158806609e-01
4.872448663224808185e-01
4.848295954937950625e-01
4.824287258791626343e-01
4.800422503834221866e-01
4.776701609686312966e-01
4.753124486560311168e-01
4.729691035282619915e-01
4.706401147318224898e-01
4.683254704797729651e-01
4.660251580546841410e-01
4.637391638118240622e-01
4.614674731825865739e-01
4.592100706781553354e-01
4.569669398934045335e-01
4.547380635110314095e-01
4.525234233059197697e-01
4.503230001497312007e-01
4.481367740157220503e-01
4.459647239837827293e-01
4.438068282456965052e-01
4.416630641106159549e-01
4.395334080107519692e-01
4.374178355072734781e-01
4.353163212964154538e-01
4.332288392157883639e-01
4.311553622508905170e-01
4.290958625418141437e-01
4.270503113901465420e-01
4.250186792660589075e-01
4.230009358155814025e-01
4.209970498680574158e-01
4.190069894437772891e-01
4.170307217617831852e-01
4.150682132478426545e-01
4.131194295425881791e-01
4.111843355098143138e-01
4.092628952449315904e-01
4.073550720835722450e-01
4.054608286103399406e-01
4.035801266677039867e-01
4.017129273650285048e-01
3.998591910877352662e-01
3.980188775065930384e-01
3.961919455871307227e-01
3.943783535991675637e-01
3.925780591264564912e-01
3.907910190764355418e-01
3.890171896900820325e-01
3.872565265518652100e-01
3.855089845997906051e-01
3.837745181355344259e-01
3.820530808346581653e-01
3.803446257569029765e-01
3.786491053565553822e-01
3.769664714928808169e-01
3.752966754406196759e-01
3.736396679005398735e-01
3.719953990100421382e-01
3.703638183538113249e-01
3.687448749745100840e-01
3.671385173835086113e-01
3.655446935716457069e-01
3.639633510200164235e-01
3.623944367107800324e-01
3.608378971379845868e-01
3.592936783184019767e-01
3.577617258023680913e-01
3.562419846846248683e-01
3.547343996151556267e-01
3.532389148100134602e-01
3.517554740621320342e-01
3.502840207521191740e-01
3.488244978590232526e-01
3.473768479710719892e-01
3.459410132963745554e-01
3.445169356735846011e-01
3.431045565825188159e-01
3.417038171547243652e-01
3.403146581839930351e-01
3.389370201368148705e-01
3.375708431627666428e-01
3.362160671048323723e-01
3.348726315096470785e-01
3.335404756376628699e-01
3.322195384732301027e-01
3.309097587345895541e-01
3.296110748837691728e-01
3.283234251363839062e-01
3.270467474713296130e-01
3.257809796403692837e-01
3.245260591776045200e-01
3.232819234088286087e-01
3.220485094607564158e-01
3.208257542701236087e-01
3.196135945926539268e-01
3.184119670118869538e-01
3.172208079478611165e-01
3.160400536656476356e-01
3.148696402837314334e-01
3.137095037822302812e-01
3.125595800109495781e-01
3.114198046972677658e-01
3.102901134538439409e-01
3.091704417861449450e-01
3.080607250997843827e-01
3.069608987076705153e-01
3.058708978369518161e-01
3.047906576357602981e-01
3.037201131797427900e-01
3.026591994783741635e-01
3.016078514810469069e-01
3.005660040829303825e-01
2.995335921305914972e-01
2.985105504273726229e-01
2.974968137385154421e-01
2.964923167960279993e-01
2.954969943032828561e-01
2.945107809393415210e-01
2.935336113629957167e-01
2.925654202165158257e-01
2.916061421291015199e-01
2.906557117200195273e-01
2.897140636014254866e-01
2.887811323808550656e-01
2.878568526633766278e-01
2.869411590533947343e-01
2.860339861560914909e-01
2.851352685784974139e-01
2.842449409301772145e-01
2.833629378235189011e-01
2.824891938736129871e-01
2.816236436977093138e-01
2.807662219142356697e-01
2.799168631413645469e-01
2.790755019951116633e-01
2.782420730869519243e-01
2.774165110209337315e-01
2.765987503902757050e-01
2.757887257734256692e-01
2.749863717295659704e-01
2.741916227935408124e-01
2.734044134701870687e-01
2.726246782280474235e-01
2.718523514924389151e-01
2.710873676378582897e-01
2.703296609796937977e-01
2.695791657652205631e-01
2.688358161638498278e-01
2.680995462566047038e-01
2.673702900247911796e-01
2.666479813378326291e-01
2.659325539402362937e-01
2.652239414376546534e-01
2.645220772820071065e-01
2.638268947556239308e-01
2.631383269543716708e-01
2.624563067697197605e-01
2.617807668697034740e-01
2.611116396787389049e-01
2.604488573562411813e-01
2.597923517739973431e-01
2.591420544922403146e-01
2.584978967343698475e-01
2.578598093602650909e-01
2.572277228381246728e-01
2.566015672147781701e-01
2.559812720843970268e-01
2.553667665555417465e-01
2.547579792164711976e-01
2.541548380986399791e-01
2.535572706383071862e-01
2.529652036361723089e-01
2.523785632149561087e-01
2.517972747748354334e-01
2.512212629466395453e-01
2.506504515427117052e-01
2.500847635053333740e-01
2.495241208526062515e-01
2.489684446216811897e-01
2.484176548092189574e-01
2.478716703089624274e-01
2.473304088462955075e-01
2.467937869096563930e-01
2.462617196786713869e-01
2.457341209488644596e-01
2.452109030527965250e-01
2.446919767774798082e-01
2.441772512779056270e-01
2.436666339865198039e-01
2.431600305184722366e-01
2.426573445724564404e-01
2.421584778269564309e-01
2.416633298316999690e-01
2.411717978941184670e-01
2.406837769606015032e-01
2.401991594923276185e-01
2.397178353354424418e-01
2.392396915853517436e-01
2.387646124448828400e-01
2.382924790760619915e-01
2.378231694452476730e-01
2.373565581613480968e-01
2.368925163068424378e-01
2.364309112613198482e-01
2.359716065172350052e-01
2.355144614875760711e-01
2.350593313051262956e-01
2.346060666129950179e-01
2.341545133460843919e-01
2.337045125031455006e-01
2.332558999090761087e-01
2.328085059670948198e-01
2.323621554004270950e-01
2.319166669831252137e-01
2.314718532596382605e-01
2.310275202527448668e-01
2.305834671594497176e-01
2.301394860344475046e-01
2.296953614607467609e-01
2.292508702070473747e-01
2.288057808714643038e-01
2.283598535111872607e-01
2.279128392576691142e-01
2.274644799169408538e-01
2.270145075546526059e-01
2.265626440654512908e-01
2.261086007263153896e-01
2.256520777334772854e-01
2.251927637225854262e-01
2.247303352717736347e-01
2.242644563873311403e-01
2.237947779716936425e-01
2.233209372735091847e-01
2.228425573195697562e-01
2.223592463284427001e-01
2.218705971056842141e-01
2.213761864205757435e-01
2.208755743643820435e-01
2.203683036902047698e-01
2.198538991345815041e-01
2.193318667210658046e-01
2.188016930461254006e-01
2.182628445477980406e-01
2.177147667576623258e-01
2.171568835368147543e-01
2.165885962966784539e-01
2.160092832056287049e-01
2.154182983825835007e-01
2.148149710788935240e-01
2.141986048500579831e-01
2.135684767190053901e-01
2.129238363329082617e-01
2.122639051157419188e-01
2.115878754190563260e-01
2.108949096737126883e-01
2.101841395456239270e-01
2.094546650988535763e-01
2.087055539697533491e-01
2.079358405561640977e-01
2.071445252260630254e-01
2.063305735504158689e-01
2.054929155653757167e-01
2.046304450693744170e-01
2.037420189610524290e-01
2.028264566243957179e-01
2.018825393678607694e-01
2.009090099246919336e-01
1.999045720220459510e-01
1.988678900269552352e-01
1.977975886775420189e-01
1.966922529082839044e-01
1.955504277784727574e-01
1.943706185133257658e-01
1.931512906674882069e-01
1.918908704208876215e-01
1.905877450170765375e-01
1.892402633542940582e-01
1.878467367395068033e-01
1.864054398156256009e-01
1.849146116719300736e-01
1.833724571474651954e-01
1.817771483367850438e-01
1.801268263068946662e-01
1.784196030335895578e-01
1.766535635645766489e-01
1.748267684158063273e-01
1.729372562063100360e-01
1.709830465355554607e-01
1.689621431058579704e-01
1.668725370907630789e-01
1.647122107485090026e-01
1.624791412777187305e-01
1.601713049103549724e-01
1.577866812347161474e-01
1.553232577388716507e-01
1.527790345624532586e-01
1.501520294421556656e-01
1.474402828336865978e-01
1.446418631902779695e-01
1.417548723752500572e-01
1.387774511835726809e-01
1.357077849448925788e-01
1.325441091781940639e-01
1.292847152661118215e-01
1.259279561150253302e-01
1.224722517654280307e-01
1.189160949157634373e-01
1.152580563219646193e-01
1.114967900343808577e-01
1.076310384336330445e-01
1.036596370272692413e-01
9.958151896985556473e-02
9.539571927040595145e-02
9.110137865277637137e-02
8.669774703685446948e-02
8.218418661101094258e-02
7.756017446936053217e-02
7.282530479082000019e-02
6.797929054075628474e-02
6.302196468009116370e-02
5.795328087104816700e-02
5.277331367320211436e-02
4.748225822806314417e-02
4.208042943503894490e-02
3.656826062616626294e-02
3.094630175145883857e-02
2.521521709096998312e-02
1.937578251370549245e-02
1.342888230722079357e-02
7.375505605126002340e-03
1.216742442670224085e-03
-5.046220526853670632e-03
-1.141210462007958941e-02
-1.787954397946517685e-02
-2.444709065954375760e-02
-3.111321990526925638e-02
1.013851891508837477e+00
1.011603568015884580e+00
1.009369540850771685e+00
1.007149791456695143e+00
1.004944300378694200e+00
1.002753047268407194e+00
1.000576010889052680e+00
9.984131691206318271e-01
9.962644989653520744e-01
9.941299765532644050e-01
9.920095771481149960e-01
9.899032751534059260e-01
9.878110441186627178e-01
9.857328567459043844e-01
9.836686848963132057e-01
9.816184995970999028e-01
9.795822710485611040e-01
9.775599686313245495e-01
9.755515609137799249e-01
9.735570156596876634e-01
9.715762998359669389e-01
9.696093796206539661e-01
9.676562204110281673e-01
9.657167868319038728e-01
9.637910427440792294e-01
9.618789512529420938e-01
9.599804747172255848e-01
9.580955747579096293e-01
9.562242122672647282e-01
9.543663474180328343e-01
9.525219396727400145e-01
9.506909477931374530e-01
9.488733298497658009e-01
9.470690432316367646e-01
9.452780446560301586e-01
9.435002901783980933e-01
9.417357352023748573e-01
9.399843344898840547e-01
9.382460421713439969e-01
9.365208117559568057e-01
9.348085961420897760e-01
9.331093476277302345e-01
9.314230179210193361e-01
9.297495581508554707e-01
9.280889188775627296e-01
9.264410501036204337e-01
9.248059012844489502e-01
9.231834213392465793e-01
9.215735586618724051e-01
9.199762611317716665e-01
9.183914761249373226e-01
9.168191505249050355e-01
9.152592307337743538e-01
9.137116626832548771e-01
9.121763918457289622e-01
9.106533632453293059e-01
9.091425214690269652e-01
9.076438106777211523e-01
9.061571746173343600e-01
9.046825566298989374e-01
9.032198996646383371e-01
9.017691462890357057e-01
9.003302386998836004e-01
8.989031187343169416e-01
8.974877278808159886e-01
8.960840072901853359e-01
8.946918977864950495e-01
8.933113398779890524e-01
8.919422737679497670e-01
8.905846393655191262e-01
8.892383762964711780e-01
8.879034239139318441e-01
8.865797213090433893e-01
8.852672073215690496e-01
8.839658205504351551e-01
8.826754993642060843e-01
8.813961819114900509e-01
8.801278061312707290e-01
8.788703097631637151e-01
8.776236303575920550e-01
8.763877052858795036e-01
8.751624717502578532e-01
8.739478667937847778e-01
8.727438273101699728e-01
8.715502900535070374e-01
8.703671916479061021e-01
8.691944685970276474e-01
8.680320572935111834e-01
8.668798940282999022e-01
8.657379149998548629e-01
8.646060563232590424e-01
8.634842540392076993e-01
8.623724441228811655e-01
8.612705624927006198e-01
8.601785450189624038e-01
8.590963275323473258e-01
8.580238458323058426e-01
8.569610356953153429e-01
8.559078328830050930e-01
8.548641731501518404e-01
8.538299922525364183e-01
8.528052259546683445e-01
8.517898100373670900e-01
8.507836803052051255e-01
8.497867725938059724e-01
8.487990227769980356e-01
8.478203667738201110e-01
8.468507405553776790e-01
8.458900801515478740e-01
8.449383216575307998e-01
8.439954012402438588e-01
8.430612551445597624e-01
8.421358196993838918e-01
8.412190313235684558e-01
8.403108265316642234e-01
8.394111419395038354e-01
8.385199142696179164e-01
8.376370803564775480e-01
8.367625771515666555e-01
8.358963417282750941e-01
8.350383112866159863e-01
8.341884231577603170e-01
8.333466148083884528e-01
8.325128238448562534e-01
8.316869880171705587e-01
8.308690452227738277e-01
8.300589335101332678e-01
8.292565910821317887e-01
8.284619562992571185e-01
8.276749676825875257e-01
8.268955639165670446e-01
8.261236838515698677e-01
8.253592665062491340e-01
8.246022510696638941e-01
8.238525769031835866e-01
8.231101835421629209e-01
8.223750106973832796e-01
8.216469982562557561e-01
8.209260862837814976e-01
8.202122150232622477e-01
8.195053248967564263e-01
8.188053565052760829e-01
8.181122506287150653e-01
8.174259482255059606e-01
8.167463904319955947e-01
8.160735185615337617e-01
8.154072741032671878e-01
8.147475987206289627e-01
8.140944342495193276e-01
8.134477226961638330e-01
8.128074062346426487e-01
8.121734272040815883e-01
8.115457281054919703e-01
8.109242515982517663e-01
8.103089404962132702e-01
8.096997377634294057e-01
8.090965865094814635e-01
8.084994299844001642e-01
8.079082115731611724e-01
8.073228747897449598e-01
8.067433632707425861e-01
8.061696207684930782e-01
8.056015911437358623e-01
8.050392183577580463e-01
8.044824464640221162e-01
8.039312195992505128e-01
8.033854819739496556e-01
8.028451778623498791e-01
8.023102515917410749e-01
8.017806475311772818e-01
8.012563100795294657e-01
8.007371836528562881e-01
8.002232126710697724e-01
7.997143415438638936e-01
7.992105146558780016e-01
7.987116763510641038e-01
7.982177709162227019e-01
7.977287425636765406e-01
7.972445354130421880e-01
7.967650934720648115e-01
7.962903606164738468e-01
7.958202805688208148e-01
7.953547968762535447e-01
7.948938528871823950e-01
7.944373917267907315e-01
7.939853562713388158e-01
7.935376891212116979e-01
7.930943325726516058e-01
7.926552285881230953e-01
7.922203187652471224e-01
7.917895443042426429e-01
7.913628459738123455e-01
7.909401640753993545e-01
7.905214384057487331e-01
7.901066082176945171e-01
7.896956121790968952e-01
7.892883883298464909e-01
7.888848740368502588e-01
7.884850059469098449e-01
7.880887199374002616e-01
7.876959510646490692e-01
7.873066335099176971e-01
7.869207005228754381e-01
7.865380843624565355e-01
7.861587162349871205e-01
7.857825262294568791e-01
7.854094432498138767e-01
7.850393949441484276e-01
7.846723076306308942e-01
7.843081062200615294e-01
7.839467141348800405e-01
7.835880532244868801e-01
7.832320436767078453e-01
7.828786039252413342e-01
7.825276505529080717e-01
7.821790981905257789e-01
7.818328594112192720e-01
7.814888446199685923e-01
7.811469619381935514e-01
7.808071170831631935e-01
7.804692132420084638e-01
7.801331509401137065e-01
7.797988279036485171e-01
7.794661389159969200e-01
7.791349756678300764e-01
7.788052266005609514e-01
7.784767767429088270e-01
7.781495075402951045e-01
7.778232966767797407e-01
7.774980178892419991e-01
7.771735407734943202e-01
7.768497305820170062e-01
7.765264480129827618e-01
7.762035489902414653e-01
7.758808844339164512e-01
7.755583000212618039e-01
7.752356359374200645e-01
7.749127266157103122e-01
7.745894004670693667e-01
7.742654795982644167e-01
7.739407795184833905e-01
7.736151088339098258e-01
7.732882689298791190e-01
7.729600536402115862e-01
7.726302489033143317e-01
7.722986324046414719e-01
7.719649732051040436e-01
7.716290313550192570e-01
7.712905574931970820e-01
7.709492924307577155e-01
7.706049667192986785e-01
7.702573002030159710e-01
7.699060015544217928e-01
7.695507677932990065e-01
7.691912837885618304e-01
7.688272217427126742e-01
7.684582406586112358e-01
7.680839857883083877e-01
7.677040880637309161e-01
7.673181635090464692e-01
7.669258126345885884e-01
7.665266198122757668e-01
7.661201526325202016e-01
7.657059612426916351e-01
7.652835776672821666e-01
7.648525151100006303e-01
7.644122672381240546e-01
7.639623074495396349e-01
7.635020881230258905e-01
7.630310398524522419e-01
7.625485706657152418e-01
7.620540652293827932e-01
7.615468840401851125e-01
7.610263626046710472e-01
7.604918106085443164e-01
7.599425110774049585e-01
7.593777195308469841e-01
7.587966631321058086e-01
7.581985398357113937e-01
7.575825175358732455e-01
7.569477332186228535e-01
7.562932921210455683e-01
7.556182669012621034e-01
7.549216968231600156e-01
7.542025869602408950e-01
7.534599074233141458e-01
7.526925926171595949e-01
7.518995405316797331e-01
7.510796120734659631e-01
7.502316304441255523e-01
7.493543805721256668e-01
7.484466086053420675e-01
7.475070214719077288e-01
7.465342865173714149e-01
7.455270312265732668e-01
7.444838430390164907e-01
7.434032692668767206e-01
7.422838171251023853e-01
7.411239538833476193e-01
7.399221071497064095e-01
7.386766652963977497e-01
7.373859780376565976e-01
7.360483571701217365e-01
7.346620774859538017e-01
7.332253778687707335e-01
7.317364625822198043e-01
7.301935027606386575e-01
7.285946381107404335e-01
7.269379788326174596e-01
7.252216077675651684e-01
7.234435827792738971e-01
7.216019393738322130e-01
7.196946935626966635e-01
7.177198449713457773e-01
7.156753801947038918e-01
7.135592763986471354e-01
7.113695051649352452e-01
7.091040365748257912e-01
7.067608435243672993e-01
7.043379062619963271e-01
7.018332171365880834e-01
6.992447855415431235e-01
6.965706430378759695e-01
6.938088486366387198e-01
6.909574942183780433e-01
6.880147100647631131e-01
6.849786704750246980e-01
6.818475994375227112e-01
6.786197763245804815e-01
6.752935415767981064e-01
6.718673023413934686e-01
6.683395380277681319e-01
6.647088057424981322e-01
6.609737455653541538e-01
6.571330856277651788e-01
6.531856469554090383e-01
6.491303480373459278e-01
6.449662090853104379e-01
6.406923559484727360e-01
6.363080236511171606e-01
6.318125595233081704e-01
6.272054258976298424e-01
6.224862023485236984e-01
6.176545874545015247e-01
6.127104000675962503e-01
6.076535800786941888e-01
6.024841886718902417e-01
5.972024080655670142e-01
5.918085407425379696e-01
5.863030081761541057e-01
5.806863490637679259e-01
5.749592170832313887e-01
5.691223781921849190e-01
5.631767074936436801e-01
5.571231856948269945e-01
5.509628951891821780e-01
5.446970157941783963e-01
5.383268201795747832e-01
5.318536690225644792e-01
5.252790059273790835e-01
5.186043521476854101e-01
5.118313011503499155e-01
5.049615130589685252e-01
4.979967090149581832e-01
4.909386654929899785e-01
4.837892086062186014e-01
4.765502084350632939e-01
4.692235734113963663e-01
4.618112447877947280e-01
4.543151912191953357e-01
4.467374034817925277e-01
4.390798893514598067e-01
4.313446686613324199e-01
4.235337685555717324e-01
4.156492189536920567e-01
4.076930482372940201e-01
3.996672791685420001e-01
3.915739250473809774e-01
3.834149861122079783e-01
3.751924461866443794e-01
3.669082695730712107e-01
3.585643981918359424e-01
3.501627489633896695e-01
3.417052114291991294e-01
3.331936456059659268e-01
3.246298800666082007e-01
3.160157102404890228e-01
3.073528969245900022e-01
2.986431649966950208e-01
2.898882023211203918e-01
2.810896588371784577e-01
2.722491458202760395e-01
2.633682353054231928e-01
2.544484596628493467e-01
2.454913113154880699e-01
2.364982425881653194e-01
2.274706656785383807e-01
2.184099527400362173e-01
2.093174360673580592e-01
2.001944083753842418e-01
1.910421231627325855e-01
1.356682145918038263e+00
1.272608487288057200e+00
1.191015149762846503e+00
1.112243127153065947e+00
1.036638846878864317e+00
9.645398012747076200e-01
8.962574457392550320e-01
8.320587127116678694e-01
7.721481130772795964e-01
7.166527449713284703e-01
6.656124201735210688e-01
6.189764836918799640e-01
5.766078531631759763e-01
5.382936107766774780e-01
5.037604696503693580e-01
4.726928631674210957e-01
4.447513579371679682e-01
4.195894836261346850e-01
3.968677140471868481e-01
3.762640169349881769e-01
3.574809623706958761e-01
3.402497691890055687e-01
3.243318710733016919e-01
3.095186367628106061e-01
2.956298332296130038e-01
2.825113241094579508e-01
2.700323830957440663e-01
2.580828950679919243e-01
2.465706271757163448e-01
2.354186812977734633e-01
2.245631873477430818e-01
2.139512609116616393e-01
2.035392252304155936e-01
1.932910833136250450e-01
1.831772182563130014e-01
1.731732964878193726e-01
1.632593481342931585e-01
1.534189998020171752e-01
1.436388371252866891e-01
1.339078768685511012e-01
1.242171309133466989e-01
1.145592469095872701e-01
