-1.015883088111877441e-01
-4.304611682891845703e-02
9.757220745086669922e-03
5.635422468185424805e-02
9.643006324768066406e-02
1.299153864383697510e-01
1.570329666137695312e-01
1.782821714878082275e-01
1.944462060928344727e-01
2.064935564994812012e-01
2.154954075813293457e-01
2.225082218647003174e-01
2.284436821937561035e-01
2.340556681156158447e-01
2.399119734764099121e-01
2.463940382003784180e-01
2.537367045879364014e-01
2.621185183525085449e-01
2.716284096240997314e-01
2.823640108108520508e-01
2.944067716598510742e-01
3.078579604625701904e-01
3.225155770778656006e-01
3.388629853725433350e-01
3.567773401737213135e-01
3.757421970367431641e-01
3.965255022048950195e-01
4.189028739929199219e-01
4.426339864730834961e-01
4.681382179260253906e-01
4.945565462112426758e-01
5.241589546203613281e-01
5.533655285835266113e-01
5.854434370994567871e-01
6.185103654861450195e-01
6.526871323585510254e-01
6.905890703201293945e-01
7.247349023818969727e-01
7.593663334846496582e-01
8.001734018325805664e-01
8.389477729797363281e-01
8.364306688308715820e-01
