-1.337179541587829590e-01
-7.484942674636840820e-02
-1.673358678817749023e-02
3.708779811859130859e-02
8.378389477729797363e-02
1.218365132808685303e-01
1.511848568916320801e-01
1.728976666927337646e-01
1.886794269084930420e-01
2.003436684608459473e-01
2.094769477844238281e-01
2.172978520393371582e-01
2.246126234531402588e-01
2.319423854351043701e-01
2.396099865436553955e-01
2.477948069572448730e-01
2.565937638282775879e-01
2.661136686801910400e-01
2.764050066471099854e-01
2.875625491142272949e-01
2.996771931648254395e-01
3.128745555877685547e-01
3.269982337951660156e-01
3.425646126270294189e-01
3.595069050788879395e-01
3.773975968360900879e-01
3.970174789428710938e-01
4.182018041610717773e-01
4.407672584056854248e-01
4.651454389095306396e-01
4.905463159084320068e-01
5.191955566406250000e-01
5.476647019386291504e-01
5.791790485382080078e-01
6.119583845138549805e-01
6.461822390556335449e-01
6.845959424972534180e-01
7.196716070175170898e-01
7.557641267776489258e-01
7.990626692771911621e-01
8.410971164703369141e-01
8.383389115333557129e-01
