-2.033886313438415527e-02
1.742461323738098145e-02
5.480417609214782715e-02
8.949649333953857422e-02
1.196551322937011719e-01
1.443346142768859863e-01
1.635901331901550293e-01
1.782274246215820312e-01
1.894329786300659180e-01
1.983975768089294434e-01
2.061096727848052979e-01
2.132970690727233887e-01
2.204163074493408203e-01
2.277759313583374023e-01
2.355915307998657227e-01
2.440053820610046387e-01
2.531156837940216064e-01
2.630445361137390137e-01
2.738582491874694824e-01
2.856557071208953857e-01
2.985232472419738770e-01
3.125680387020111084e-01
3.275876045227050781e-01
3.440846204757690430e-01
3.619351387023925781e-01
3.806380927562713623e-01
4.009622931480407715e-01
4.226843118667602539e-01
4.455815255641937256e-01
4.700667262077331543e-01
4.953368306159973145e-01
5.235939025878906250e-01
5.514726042747497559e-01
5.821599960327148438e-01
6.139481067657470703e-01
6.470504403114318848e-01
6.841555237770080566e-01
7.180272936820983887e-01
7.528949975967407227e-01
7.947526574134826660e-01
8.354067802429199219e-01
8.327396512031555176e-01
