-1.570480465888977051e-01
-7.125520706176757812e-02
1.496613025665283203e-03
6.022149324417114258e-02
1.049717664718627930e-01
1.368730962276458740e-01
1.579589247703552246e-01
1.708188652992248535e-01
1.782255768775939941e-01
1.827651262283325195e-01
1.865675151348114014e-01
1.911884546279907227e-01
1.975789666175842285e-01
2.061825692653656006e-01
2.170855104923248291e-01
2.300936281681060791e-01
2.448426783084869385e-01
2.609718441963195801e-01
2.780434489250183105e-01
2.957270741462707520e-01
3.137357234954833984e-01
3.318716585636138916e-01
3.496434390544891357e-01
3.674585819244384766e-01
3.850173652172088623e-01
4.018238782882690430e-01
4.185903072357177734e-01
4.351590275764465332e-01
4.514874219894409180e-01
4.680491685867309570e-01
4.845452010631561279e-01
5.026946067810058594e-01
5.206789970397949219e-01
5.409673452377319336e-01
5.629113912582397461e-01
5.871301889419555664e-01
6.163051128387451172e-01
6.450747251510620117e-01
6.770147085189819336e-01
7.186541557312011719e-01
7.626476287841796875e-01
7.596522569656372070e-01
