2.000165000555002681e+00
1.900172062050136557e+00
1.800173870604432791e+00
1.700178266433935770e+00
1.600165598926834409e+00
1.500165093128313032e+00
1.400176934592056499e+00
1.300160536951352253e+00
1.200177202881648419e+00
1.100122305909944975e+00
1.000099876245509778e+00
9.001747946804850020e-01
8.002522994959661018e-01
7.001799987820768179e-01
6.001067088776704805e-01
5.003490144387591210e-01
4.002996232397724730e-01
3.001909974199187259e-01
2.001169386087559288e-01
1.001223059099449753e-01
4.080450618415704936e-04
-9.937783237839879769e-02
-1.995255621956910363e-01
-2.995507051286967481e-01
-4.005973180704151537e-01
-4.999914385829052899e-01
-5.997677648256291016e-01
-6.999417388213152735e-01
-7.991987320333163725e-01
-9.015154869979712382e-01
-1.000983486861526606e+00
-1.098872565915765431e+00
-1.195758994178191426e+00
-1.303940815802645536e+00
-1.396087356989357042e+00
-1.498939367770270925e+00
-1.596546590115053510e+00
-1.703859350528455163e+00
-1.806360678077416848e+00
-1.906441743694244684e+00
-2.008207937816627098e+00
-2.004826982643785005e+00
