-1.222370266914367676e-01
-6.874507665634155273e-02
-2.184420824050903320e-02
1.838397979736328125e-02
5.207645893096923828e-02
7.963413000106811523e-02
1.017242968082427979e-01
1.192501187324523926e-01
1.332322955131530762e-01
1.447244286537170410e-01
1.546624004840850830e-01
1.637920439243316650e-01
1.726971268653869629e-01
1.817861795425415039e-01
1.913061439990997314e-01
2.015692889690399170e-01
2.126838862895965576e-01
2.248567342758178711e-01
2.382139265537261963e-01
2.528789639472961426e-01
2.689786255359649658e-01
2.866968512535095215e-01
3.062438964843750000e-01
3.275623321533203125e-01
3.507881760597229004e-01
3.764263987541198730e-01
4.040653705596923828e-01
4.342901706695556641e-01
4.663341343402862549e-01
5.011986494064331055e-01
5.383280515670776367e-01
5.803765058517456055e-01
6.234265565872192383e-01
6.662714481353759766e-01
7.199962735176086426e-01
7.698748111724853516e-01
8.228062391281127930e-01
8.709689378738403320e-01
9.431644678115844727e-01
1.002480268478393555e+00
1.074436783790588379e+00
1.038625717163085938e+00
