2.000160659238177541e+00
1.900168236338762640e+00
1.800176622735139453e+00
1.700171336972269742e+00
1.600173232237461107e+00
1.500170584444664001e+00
1.400171749801423671e+00
1.300223631265629898e+00
1.200166246363107536e+00
1.100198171834131822e+00
1.000212752176105280e+00
9.001813529231704747e-01
8.000775350406660325e-01
7.001514141540802205e-01
6.001579654820399234e-01
5.001321437720250840e-01
4.002356912269715572e-01
3.001387781657116616e-01
1.998949844105822882e-01
1.001947236705273414e-01
4.342727686266485671e-05
-9.940731530864090060e-02
-2.005340058150129057e-01
-2.999785396902675538e-01
-3.998856567765699532e-01
-4.995576821425101177e-01
-5.998126960123688622e-01
-7.007804376984614336e-01
-8.013016845138086763e-01
-8.992849134269184086e-01
-1.002694452581363249e+00
-1.100525867910219224e+00
-1.196565419083864601e+00
-1.299748980893105310e+00
-1.390805923710090042e+00
-1.493465203884209558e+00
-1.593487070270822814e+00
-1.700385938559756838e+00
-1.805535611793353423e+00
-1.897597169431434416e+00
-2.003664795826580747e+00
-2.044570594658015938e+00
3.013165354742979307e-01
3.012058493211896559e-01
3.015226403779227016e-01
3.020190599773782680e-01
3.019193880358554960e-01
3.001975243852382236e-01
3.003693658455362514e-01
3.010755941907002908e-01
3.010799366578479908e-01
3.015074570384363994e-01
3.012253842217086364e-01
3.007019794884506769e-01
3.007954133008134967e-01
3.005020070503940377e-01
3.022183352615954166e-01
3.011038194510606281e-01
3.013143654286933870e-01
3.000495557453485285e-01
3.022010106053819034e-01
3.009887357283224096e-01
3.011168458756301458e-01
3.007736863009589090e-01
3.018370330879696639e-01
3.007802045150472781e-01
3.007063256929230488e-01
3.014966114709428657e-01
3.018110230174766984e-01
3.016592665515210880e-01
3.012774729943254459e-01
3.002062268530778510e-01
3.008888270162146106e-01
3.011472393469100117e-01
3.012687919660629321e-01
3.003236931045090707e-01
3.006519950105883687e-01
3.015703559894024055e-01
3.007193640453784123e-01
3.005954838899634884e-01
3.017004628358969653e-01
3.017373193571534218e-01
3.008345191616123016e-01
3.012861538490680946e-01
3.013317254899304243e-01
3.018695434856480397e-01
3.011211879303280492e-01
3.005346175353981186e-01
3.013512547293900612e-01
3.018305307163844375e-01
3.015768622575302760e-01
3.002954170956907975e-01
3.007519582140857906e-01
3.005150515382374876e-01
3.020818848817763969e-01
3.005041811589100886e-01
3.018283632375546310e-01
3.016180663589793642e-01
3.011863135419362014e-01
3.005541826511038961e-01
3.015833684281876148e-01
3.008410364627467359e-01
3.021317050686361805e-01
3.014749195233881740e-01
3.007324020064092163e-01
3.009909074016117181e-01
3.012232137205983484e-01
3.012058493211896559e-01
3.005324435792437465e-01
3.016115607081151784e-01
3.014553958441875681e-01
3.015790309919126333e-01
3.011646060898330313e-01
3.011515810977476448e-01
3.017308154924451813e-01
3.026490638227936625e-01
3.020082271787010719e-01
3.007780317878878118e-01
3.009214084695404634e-01
3.009170644169879560e-01
3.004519995503761587e-01
3.010126235372602155e-01
3.017611660278074481e-01
3.015877058211436923e-01
3.016961265689290794e-01
3.008475536660797922e-01
3.009062040955022277e-01
3.010299956639811980e-01
3.020493903762505039e-01
3.013121953722456836e-01
3.019627264733630856e-01
3.008931713512209005e-01
