-2.733029400420856070e-01
-2.516638728093714139e-01
-2.308819985482644110e-01
-2.115282945345683119e-01
-1.932835966082534773e-01
-1.768382361468893993e-01
-1.607551892713246500e-01
-1.451373248030989604e-01
-1.295030415873305030e-01
-1.145986322041762373e-01
-9.886656736189947114e-02
-8.287538717614385819e-02
-6.678562390323643239e-02
-4.951977104884414116e-02
-3.179733185715036270e-02
-1.331558113324776520e-02
6.029388946726631227e-03
2.818070007457781911e-02
5.141109195021423273e-02
7.512340904017542065e-02
1.011694631629750513e-01
1.283895745363552998e-01
1.585464251079940767e-01
1.906173979642411254e-01
2.249084084094550851e-01
2.600904774328659519e-01
2.992457280349395399e-01
3.431229093854124557e-01
3.863294952174080588e-01
4.312994194693514083e-01
4.830735416070453536e-01
5.326894210011571262e-01
5.850239593950470329e-01
6.419517699685930445e-01
6.922598286683707691e-01
7.570253536798032812e-01
8.216438626947966117e-01
8.944500971835206427e-01
9.677435518882462340e-01
1.029623182476236076e+00
1.107583031191321732e+00
1.158106062023636529e+00
5.530951165609087478e-02
4.549118641270546298e-02
3.308583946108447499e-02
2.608771056873399052e-02
1.967697864560899457e-02
1.269384169517216200e-02
5.969421861321545265e-03
-2.070868325190113133e-03
-8.616631834702053599e-03
-1.538043700487516131e-02
-2.256312370018644792e-02
-2.756155827801502409e-02
-3.399021892535925710e-02
-3.985851680493068122e-02
-4.934846957787505928e-02
-5.473432998191340298e-02
-5.859690604575948369e-02
-6.404053760484255953e-02
-7.384644050486562084e-02
-7.824955531009315790e-02
-8.472471909616280383e-02
-9.092827580178651503e-02
-9.889710631711236266e-02
-1.015781627703197104e-01
-1.098887430487727052e-01
-1.174549715699912400e-01
-1.228619916902496528e-01
-1.278699605965955277e-01
-1.326550983034947284e-01
-1.374631503446145930e-01
-1.468757523416488742e-01
-1.515522314185913100e-01
-1.573801527514669119e-01
-1.621938378662005353e-01
-1.686940870939302728e-01
-1.745531093008515777e-01
-1.788357507116912215e-01
-1.858050290269606664e-01
-1.943299426834362575e-01
-1.997016129382493399e-01
-2.026327283478325803e-01
-2.101972621931388618e-01
-2.158015149215590511e-01
-2.201431543921716361e-01
-2.247428101670568834e-01
-2.315387599406672492e-01
-2.385660954248604859e-01
-2.435114704676986652e-01
-2.485061119731353518e-01
-2.522255251152032973e-01
-2.592789680289777077e-01
-2.665234633746393911e-01
-2.725677369105342640e-01
-2.727158172748677667e-01
-2.801038346672314883e-01
-2.846059309995047637e-01
-2.898056031279270250e-01
-2.944125115990349206e-01
-3.008658633688716111e-01
-3.057687184505166189e-01
-3.145780556664415362e-01
-3.174848926656581027e-01
-3.247222099376426141e-01
-3.294257663050456086e-01
-3.346441875985173287e-01
-3.385186021563842962e-01
-3.404231953787661968e-01
-3.487433134866911311e-01
-3.521409364054126079e-01
-3.578590952779037715e-01
-3.611564633557522441e-01
-3.678009316373859749e-01
-3.738619398158332108e-01
-3.801296020228985273e-01
-3.814875088956580784e-01
-3.866741431545017704e-01
-3.900802585634470243e-01
-3.947994988598349519e-01
-3.984843034464239930e-01
-4.062809622889336225e-01
-4.104849104483099809e-01
-4.157547382556777693e-01
-4.188311583718546949e-01
-4.228852118795248805e-01
-4.316644868915099909e-01
-4.347615650504783602e-01
-4.396855928637184996e-01
-4.421488672184403224e-01
-4.460551089955855919e-01
-4.513010960994315868e-01
