-2.856367052961075736e-01
-2.634680508434727453e-01
-2.434247428796408041e-01
-2.241056970024429273e-01
-2.066357401054477183e-01
-1.898212679337608066e-01
-1.745868658188354516e-01
-1.587782239733961098e-01
-1.432771499161724638e-01
-1.282578159859519007e-01
-1.138026636850262702e-01
-9.808963738002862698e-02
-8.228973237821968212e-02
-6.555205105102994423e-02
-4.817696468408801808e-02
-2.982520170869160450e-02
-1.004765273281332805e-02
1.169728811414253757e-02
3.438778358956656733e-02
5.827414668595121833e-02
8.296479377775162201e-02
1.114641515866539589e-01
1.403194516701281314e-01
1.710825773575260222e-01
2.050960475784839865e-01
2.422183202476123620e-01
2.802595886861365404e-01
3.219917475472645063e-01
3.659370228236173417e-01
4.108278278453837973e-01
4.612433375807726277e-01
5.125243073235760116e-01
5.683542872200303409e-01
6.215916758592178182e-01
6.839920864455539817e-01
7.381778342244385005e-01
8.049908234762879200e-01
8.710472613054994762e-01
9.475709490249123457e-01
1.008302024212001324e+00
1.079253622430077719e+00
1.085147812126904476e+00
