-1.732451193018097191e-01
-1.271505754156931900e-01
-8.403062583676658426e-02
-4.610989457917701734e-02
-1.322378849413361271e-02
1.548549815445490925e-02
4.024621505770678564e-02
6.201759885711227022e-02
8.105912300131955239e-02
1.025709018542994844e-01
1.256764103823330980e-01
1.450720377049977416e-01
1.647096635398790643e-01
1.846062666871360336e-01
2.028695877152106586e-01
2.228204813221681679e-01
2.436332445061377694e-01
2.673125578314444750e-01
2.906132849749863412e-01
3.180633349627615680e-01
3.445298112424537429e-01
3.735372311927854239e-01
4.076118200259319924e-01
4.426208526563381040e-01
4.788693860968123439e-01
5.211773254083748030e-01
5.642161530776863554e-01
6.102341753343887287e-01
6.604575427483477812e-01
7.121949694191690439e-01
7.661748123123033327e-01
8.265412566315950560e-01
8.843364794492514225e-01
9.497265764100164542e-01
1.013005850015736842e+00
1.082426300860771962e+00
1.155244917176186048e+00
1.228323349308015677e+00
1.295017011881457902e+00
1.372617466178957413e+00
1.441883576986703552e+00
1.437306531324273440e+00
