-7.262549400329589844e-01
-6.771382093429565430e-01
-6.320374011993408203e-01
-5.908364057540893555e-01
-5.533767938613891602e-01
-5.193774700164794922e-01
-4.885224401950836182e-01
-4.603792726993560791e-01
-4.345302879810333252e-01
-4.104440510272979736e-01
-3.876173794269561768e-01
-3.655724227428436279e-01
-3.437713682651519775e-01
-3.217674195766448975e-01
-2.991891205310821533e-01
-2.756682932376861572e-01
-2.510167658329010010e-01
-2.246797382831573486e-01
-1.968553364276885986e-01
-1.669475138187408447e-01
-1.355006992816925049e-01
-1.019711792469024658e-01
-6.597951054573059082e-02
-2.811482548713684082e-02
1.162502169609069824e-02
5.460879206657409668e-02
9.959074854850769043e-02
1.465543210506439209e-01
1.967844665050506592e-01
2.496235072612762451e-01
3.037918508052825928e-01
3.629533946514129639e-01
4.219000041484832764e-01
4.869606196880340576e-01
5.524618625640869141e-01
6.214704513549804688e-01
6.957713365554809570e-01
7.693696022033691406e-01
8.413522243499755859e-01
9.231719970703125000e-01
1.000085234642028809e+00
9.929569959640502930e-01
