-6.022656708955764771e-02
-2.219701558351516724e-02
1.442508772015571594e-02
4.948322847485542297e-02
8.283333480358123779e-02
1.143765896558761597e-01
1.440097540616989136e-01
1.717030256986618042e-01
1.974240392446517944e-01
2.212384194135665894e-01
2.432177215814590454e-01
2.635426521301269531e-01
2.823653519153594971e-01
2.999517321586608887e-01
3.165341019630432129e-01
3.324978053569793701e-01
3.480583131313323975e-01
3.637178540229797363e-01
3.796488344669342041e-01
3.962881565093994141e-01
4.139884710311889648e-01
4.326946139335632324e-01
4.530907571315765381e-01
4.755655229091644287e-01
4.997272789478302002e-01
5.262166261672973633e-01
5.543988347053527832e-01
5.851517319679260254e-01
6.185188889503479004e-01
6.546020507812500000e-01
6.928818821907043457e-01
7.330929636955261230e-01
7.772117853164672852e-01
8.245356678962707520e-01
8.728997111320495605e-01
9.219642281532287598e-01
9.780066609382629395e-01
1.029755115509033203e+00
1.087842345237731934e+00
1.152883768081665039e+00
1.205265641212463379e+00
1.212034702301025391e+00
