2.520327866077423096e-01
3.408490717411041260e-01
4.316632151603698730e-01
5.228263735771179199e-01
6.121302247047424316e-01
6.970469951629638672e-01
7.748693227767944336e-01
8.431687355041503906e-01
9.001733064651489258e-01
9.452503919601440430e-01
9.789781570434570312e-01
1.002895236015319824e+00
1.019186735153198242e+00
1.030085802078247070e+00
1.037470698356628418e+00
1.042800426483154297e+00
1.047035813331604004e+00
1.050758719444274902e+00
1.054297208786010742e+00
1.057826757431030273e+00
1.061482429504394531e+00
1.065332412719726562e+00
1.069394350051879883e+00
1.073850631713867188e+00
1.078752160072326660e+00
1.084202647209167480e+00
1.090441226959228516e+00
1.097425937652587891e+00
1.105298519134521484e+00
1.114160180091857910e+00
1.124854087829589844e+00
1.136082291603088379e+00
1.148117899894714355e+00
1.163406968116760254e+00
1.177462339401245117e+00
1.196323871612548828e+00
1.213371872901916504e+00
1.233414411544799805e+00
1.262545228004455566e+00
1.279802918434143066e+00
1.305750727653503418e+00
1.312104225158691406e+00
