2.000160659238177541e+00
1.900180259889600265e+00
1.800171118456285857e+00
1.700171336972269742e+00
1.600174322699455587e+00
1.500174702886361899e+00
1.400161380034459668e+00
1.300171415935381214e+00
1.200160768000179790e+00
1.100177482441832666e+00
1.000151976474334292e+00
9.001638640559257443e-01
8.001346508467477303e-01
7.002293677994745336e-01
6.001775940690107225e-01
5.001431271685483626e-01
4.002840730758125964e-01
3.004193828608952566e-01
2.001635071902819751e-01
1.000947150149893716e-01
4.644466609612146117e-04
-9.914695197862467835e-02
-1.991503172250121689e-01
-2.999664090193492338e-01
-3.993472287286649047e-01
-5.009593425527821831e-01
-5.997211104359059242e-01
-6.997045829043092580e-01
-8.013126784062586383e-01
-9.007096397383305142e-01
-9.974063363441116881e-01
-1.097864881212824217e+00
-1.203756022712994644e+00
-1.299967275484606555e+00
-1.409090207571547904e+00
-1.497775051541275992e+00
-1.597427413028174037e+00
-1.696953054340214928e+00
-1.791483401035885992e+00
-1.879080744601102415e+00
-1.985924904449111850e+00
-1.992102932269927740e+00
