2.215104103088378906e-01
3.032447397708892822e-01
3.819018006324768066e-01
4.554562866687774658e-01
5.220002532005310059e-01
5.799443125724792480e-01
6.282508969306945801e-01
6.665941476821899414e-01
6.954541206359863281e-01
7.159383296966552734e-01
7.296189665794372559e-01
7.382118701934814453e-01
7.433854341506958008e-01
7.465769052505493164e-01
7.489430904388427734e-01
7.513300180435180664e-01
7.543141841888427734e-01
7.582665681838989258e-01
7.634198665618896484e-01
7.698454856872558594e-01
7.775496244430541992e-01
7.865561246871948242e-01
7.968970537185668945e-01
8.086346983909606934e-01
8.215067386627197266e-01
8.360335826873779297e-01
8.515337705612182617e-01
8.686873912811279297e-01
8.877198696136474609e-01
9.080042839050292969e-01
9.294198751449584961e-01
9.535312652587890625e-01
9.811077117919921875e-01
1.008167266845703125e+00
1.041235685348510742e+00
1.070003747940063477e+00
1.104359149932861328e+00
1.140793442726135254e+00
1.177313327789306641e+00
1.212759494781494141e+00
1.257971286773681641e+00
1.260648488998413086e+00
