-1.575143272588588605e-01
-1.257002878544556668e-01
-9.837823590664279694e-02
-7.547468343376767530e-02
-5.549018529290847268e-02
-3.933090981081393406e-02
-2.549199164293964801e-02
-1.351490511840571819e-02
-2.121053808674789806e-03
8.016462575086705927e-03
1.765927428376470876e-02
2.813185629317303121e-02
3.763363489407578477e-02
4.811537735990963072e-02
5.821717882571305486e-02
6.956820509215232151e-02
8.203457670276156910e-02
9.618674506421329151e-02
1.100237488725416546e-01
1.258909683036958937e-01
1.430585399416775816e-01
1.590646367929426930e-01
1.781132523146317925e-01
2.001772028816484472e-01
2.224147007007949706e-01
2.495114258965018261e-01
2.745688484372001414e-01
3.034315065135800848e-01
3.356805073123825811e-01
3.706130009940699077e-01
4.044796394162993303e-01
4.402161760801101553e-01
4.867491751333306582e-01
5.297805748010741000e-01
5.737740892620930566e-01
6.201079342767673586e-01
6.698707873799696344e-01
7.226084234349886559e-01
7.872273240433237396e-01
8.445734678520226968e-01
9.008044805432282587e-01
9.166418389669169775e-01
