-2.304134070873260498e-01
-2.087293267250061035e-01
-1.899670958518981934e-01
-1.738579273223876953e-01
-1.600425839424133301e-01
-1.481287479400634766e-01
-1.376926898956298828e-01
-1.283320784568786621e-01
-1.196663975715637207e-01
-1.113336086273193359e-01
-1.030325293540954590e-01
-9.449899196624755859e-02
-8.548825979232788086e-02
-7.579898834228515625e-02
-6.525444984436035156e-02
-5.367988348007202148e-02
-4.093545675277709961e-02
-2.685981988906860352e-02
-1.136475801467895508e-02
5.682706832885742188e-03
2.443492412567138672e-02
4.484885931015014648e-02
6.726732850074768066e-02
9.185874462127685547e-02
1.181891858577728271e-01
1.471543908119201660e-01
1.776644289493560791e-01
2.106224298477172852e-01
2.462909817695617676e-01
2.845155894756317139e-01
3.240842223167419434e-01
3.659703731536865234e-01
4.121527671813964844e-01
4.606105685234069824e-01
5.087305903434753418e-01
5.607844591140747070e-01
6.151468157768249512e-01
6.719417572021484375e-01
7.367340922355651855e-01
7.996782064437866211e-01
8.628066778182983398e-01
8.654323816299438477e-01
