2.000169341828431868e+00
1.900174794680485002e+00
1.800177310765091132e+00
1.700175667898767840e+00
1.600177594069010834e+00
1.500193921764569893e+00
1.400168293239946848e+00
1.300171415935381214e+00
1.200190898141128226e+00
1.100191275479545316e+00
1.000182365388348149e+00
9.001655036671479815e-01
8.001587335737929685e-01
7.001496816919146049e-01
6.002528287684084640e-01
5.001527374126514269e-01
4.002685223550502269e-01
3.001409540933330233e-01
2.001498110670014152e-01
9.973587377903117557e-02
-8.556444130916054328e-05
-9.910057237859971890e-02
-1.998550278209939302e-01
-2.997403206723611713e-01
-4.003723419844510967e-01
-4.989530680845316035e-01
-6.005737757645635000e-01
-6.998503423051997130e-01
-7.993190958360757437e-01
-8.986998195323152583e-01
-9.990109356866029300e-01
-1.099697883811057819e+00
-1.203562359246196811e+00
-1.297710804597383971e+00
-1.394842617530243967e+00
-1.498680513073469056e+00
-1.593178896366638231e+00
-1.708962103213975681e+00
-1.794159822377481950e+00
-1.912825741345760333e+00
-1.986067879288796023e+00
-2.018285563539397032e+00
