-1.033486576384128997e+00
-1.035181004289739581e+00
-1.030858637338341044e+00
-1.023937658614995527e+00
-1.017517099990136842e+00
-1.008761516070996178e+00
-9.995789385343659683e-01
-9.896067479267032230e-01
-9.783642276098980517e-01
-9.638943294102046977e-01
-9.479104131373384812e-01
-9.299140864478588897e-01
-9.115059874627038372e-01
-8.904788229001698863e-01
-8.674233527535430976e-01
-8.421837353017386230e-01
-8.136116117517439017e-01
-7.845237079129396829e-01
-7.515583408552931610e-01
-7.145192055682402232e-01
-6.759666665298987853e-01
-6.346730334265967555e-01
-5.909464949899304598e-01
-5.445855973422437657e-01
-4.954475875134339291e-01
-4.429092467033783342e-01
-3.872129655273886528e-01
-3.313550750108709142e-01
-2.680335065246361448e-01
-2.082314796297035642e-01
-1.410972346630659791e-01
-7.592860461798203731e-02
-9.542152393543253466e-03
6.197241632670293099e-02
1.359844961479565739e-01
2.065074565417241992e-01
2.885264414844367353e-01
3.693438997264184009e-01
4.608452433538671178e-01
5.226880481416967816e-01
5.916210382133191281e-01
5.995730628792069750e-01
