-1.293133258819580078e+00
-1.249840855598449707e+00
-1.206087827682495117e+00
-1.162569999694824219e+00
-1.119903802871704102e+00
-1.077378749847412109e+00
-1.034732341766357422e+00
-9.941450953483581543e-01
-9.546093344688415527e-01
-9.161891341209411621e-01
-8.774542212486267090e-01
-8.406199216842651367e-01
-8.057492375373840332e-01
-7.720071673393249512e-01
-7.396651506423950195e-01
-7.077671289443969727e-01
-6.746168732643127441e-01
-6.417791843414306641e-01
-6.077455282211303711e-01
-5.698912739753723145e-01
-5.264459252357482910e-01
-4.807875156402587891e-01
-4.254603385925292969e-01
-3.638700842857360840e-01
-2.966239154338836670e-01
-2.198880314826965332e-01
-1.350781619548797607e-01
-4.973999410867691040e-02
4.354094713926315308e-02
1.378929018974304199e-01
2.313944101333618164e-01
3.242689669132232666e-01
4.208372235298156738e-01
5.057704448699951172e-01
5.872690081596374512e-01
6.769000887870788574e-01
7.554839253425598145e-01
8.462570309638977051e-01
9.121773242950439453e-01
1.003036022186279297e+00
1.058477759361267090e+00
1.078435540199279785e+00
