-9.068672657012939453e-01
-9.018192291259765625e-01
-8.973748683929443359e-01
-8.923264145851135254e-01
-8.869129419326782227e-01
-8.814348578453063965e-01
-8.754897713661193848e-01
-8.690443634986877441e-01
-8.619988560676574707e-01
-8.533306121826171875e-01
-8.436598777770996094e-01
-8.321329951286315918e-01
-8.194109201431274414e-01
-8.045616149902343750e-01
-7.875239253044128418e-01
-7.670499086380004883e-01
-7.442883849143981934e-01
-7.199132442474365234e-01
-6.909678578376770020e-01
-6.596330404281616211e-01
-6.257877349853515625e-01
-5.877652764320373535e-01
-5.458838343620300293e-01
-5.015982985496520996e-01
-4.536535739898681641e-01
-4.011372029781341553e-01
-3.449182510375976562e-01
-2.855042815208435059e-01
-2.187197208404541016e-01
-1.503017395734786987e-01
-7.316698133945465088e-02
9.350597858428955078e-03
9.528525173664093018e-02
1.888442039489746094e-01
2.852578163146972656e-01
3.747687339782714844e-01
4.688046276569366455e-01
5.526663064956665039e-01
6.371371150016784668e-01
6.893092989921569824e-01
7.403810024261474609e-01
7.419196367263793945e-01
