2.000173683058465102e+00
1.900175887727810098e+00
1.800166990201363948e+00
1.700167006002581749e+00
1.600166689407995557e+00
1.500181566869070116e+00
1.400157923390448422e+00
1.300160536951352253e+00
1.200221026191876206e+00
1.100198171834131822e+00
1.000130268805227152e+00
9.001813529231704747e-01
8.001601096892889675e-01
7.001496816919146049e-01
6.001994025696633095e-01
5.001815668690701155e-01
4.002097701620617176e-01
3.000952573237168353e-01
2.001662463631074806e-01
1.002671293576021111e-01
2.604985473903181437e-04
-9.916877938671871118e-02
-1.991661177080773504e-01
-2.999109588382457003e-01
-3.993319793569432008e-01
-5.004778706589745330e-01
-5.993756783382330200e-01
-6.989265770591561733e-01
-7.995872988027536987e-01
-9.006301736101616218e-01
-9.990022696422062864e-01
-1.097306487641867889e+00
-1.199743573059949719e+00
-1.301507982535077490e+00
-1.397549319422127345e+00
-1.496577057262766353e+00
-1.595251782835383603e+00
-1.693789491832238481e+00
-1.801178022396794143e+00
-1.900975784389107082e+00
-1.997056793123674900e+00
-2.000952147898283684e+00
