-1.575155755884298792e-01
-1.256979675582473310e-01
-9.837823590664279694e-02
-7.547261654096663885e-02
-5.548771787184850202e-02
-3.932948342909985823e-02
-2.549291274289058537e-02
-1.351490511840571819e-02
-2.120180968104588837e-03
8.003671840159350473e-03
1.765927428376470876e-02
2.812371512884016822e-02
3.762566991471908567e-02
4.813092702896743652e-02
5.823616894276727879e-02
6.955710458269491470e-02
8.203098126701199866e-02
9.617978471479850244e-02
1.100170067921120987e-01
1.259039684079236165e-01
1.430460433375877749e-01
1.590556035134873814e-01
1.781132523146317925e-01
2.001662463631074806e-01
2.224042910824556574e-01
2.495163158016626415e-01
2.745734641964708844e-01
3.034336660062042501e-01
3.356785023565659887e-01
3.706056009381485383e-01
4.044745057398534960e-01
4.402161760801101553e-01
4.867562546172685134e-01
5.297767277591891588e-01
5.737764068651706184e-01
6.201048096424800482e-01
6.698745024898025147e-01
7.226092460099325931e-01
7.872266151884304008e-01
8.445765736935669787e-01
9.008039348103694666e-01
9.166434175336195533e-01
