-2.467004954814910889e-01
-2.163810729980468750e-01
-1.899825632572174072e-01
-1.669934093952178955e-01
-1.468841135501861572e-01
-1.291496455669403076e-01
-1.133028045296669006e-01
-9.891477972269058228e-02
-8.559618145227432251e-02
-7.298157364130020142e-02
-6.077305227518081665e-02
-4.872790724039077759e-02
-3.659353405237197876e-02
-2.417559176683425903e-02
-1.129908114671707153e-02
2.220652997493743896e-03
1.652535051107406616e-02
3.179629892110824585e-02
4.812999814748764038e-02
6.569524854421615601e-02
8.466150611639022827e-02
1.050307378172874451e-01
1.271776258945465088e-01
1.513107120990753174e-01
1.770494282245635986e-01
2.053216993808746338e-01
2.351110875606536865e-01
2.673443257808685303e-01
3.023221790790557861e-01
3.399254977703094482e-01
3.790014088153839111e-01
4.205313026905059814e-01
4.664856493473052979e-01
5.148717164993286133e-01
5.630446672439575195e-01
6.152603626251220703e-01
6.698430180549621582e-01
7.268615365028381348e-01
7.918058633804321289e-01
8.547190427780151367e-01
9.175465106964111328e-01
9.201394915580749512e-01
