-5.655258893966674805e-02
-4.648935794830322266e-02
-3.705818951129913330e-02
-2.813409268856048584e-02
-1.960308849811553955e-02
-1.136688888072967529e-02
-3.332540392875671387e-03
4.572734236717224121e-03
1.241309940814971924e-02
2.026139199733734131e-02
2.816472947597503662e-02
3.615327179431915283e-02
4.427985846996307373e-02
5.256529152393341064e-02
6.102769076824188232e-02
6.968997418880462646e-02
7.854847609996795654e-02
8.761404454708099365e-02
9.684522449970245361e-02
1.062329262495040894e-01
1.157582849264144897e-01
1.253164261579513550e-01
1.349740177392959595e-01
1.446989029645919800e-01
1.542428582906723022e-01
1.638546139001846313e-01
1.731169074773788452e-01
1.822766214609146118e-01
1.913531124591827393e-01
2.002681046724319458e-01
2.087651640176773071e-01
2.170868963003158569e-01
2.255996465682983398e-01
2.339195758104324341e-01
2.416693270206451416e-01
2.495760917663574219e-01
2.573921680450439453e-01
2.651573419570922852e-01
2.736073136329650879e-01
2.814898490905761719e-01
2.891627550125122070e-01
2.894770503044128418e-01
