-1.415644705172448004e-01
-8.774445571053542114e-02
-4.174582324788506799e-02
-1.548411095963914087e-03
3.240115623255566957e-02
6.083754740916350046e-02
8.517993859221617559e-02
1.057145105709216132e-01
1.234073231603074333e-01
1.397846642937000117e-01
1.543204848753011449e-01
1.677838767748396076e-01
1.814319560528507569e-01
1.941256617602095391e-01
2.075428139553113782e-01
2.212029080370209178e-01
2.351722804243075171e-01
2.503590016090390113e-01
2.658009528666903654e-01
2.845863751429467681e-01
3.007454395760389976e-01
3.200382185372147026e-01
3.421501742611983143e-01
3.644440500687270434e-01
3.891714022235893689e-01
4.148430400790857342e-01
4.465930812185490151e-01
4.774613188894022975e-01
5.108880209713307918e-01
5.467782536747614053e-01
5.876593403843954899e-01
6.305082171577028882e-01
6.710885684454532818e-01
7.191464238479129412e-01
7.660453261114562595e-01
8.167647899211305518e-01
8.740838703945844612e-01
9.317903295777386630e-01
9.798555498779782935e-01
1.050592404072384856e+00
1.110118127010327527e+00
1.118532563155343551e+00
-1.463547096832875372e-01
-9.192641529114924104e-02
-4.518990094792971896e-02
-4.695258105575072886e-03
2.974891856683682320e-02
5.869547676161597505e-02
8.367458359489915454e-02
1.047396934431174265e-01
1.229396452649915983e-01
1.391798761973161158e-01
1.543509251527283022e-01
1.677632177982272821e-01
1.814634139227060128e-01
1.947751177678275492e-01
2.079411998969802056e-01
2.219564412946521126e-01
2.361819217159647766e-01
2.520540681070621569e-01
2.676081510685479059e-01
2.846156926224127082e-01
3.036366103831922847e-01
3.236521682422069945e-01
3.440108703773045451e-01
3.679128772617651921e-01
3.943606095318800686e-01
4.214723025372875131e-01
4.496742889249795150e-01
4.825034184310790231e-01
5.178672811362727835e-01
5.551960543421191607e-01
5.943803943801105882e-01
6.343462567060909052e-01
6.768261634989907183e-01
7.255653648537334632e-01
7.768282582624514987e-01
8.292252710302155938e-01
8.894344922578295565e-01
9.362387027648855220e-01
1.003387281823422184e+00
1.065217340331655826e+00
1.157354000148774320e+00
1.129509435640546178e+00
-1.649699313316980165e-01
-1.157236079961469349e-01
-7.256547289468506801e-02
-3.458990644946124959e-02
-2.492169942918925473e-03
2.532225342657683925e-02
4.867869745728107406e-02
6.942757767036419891e-02
8.688636041240496710e-02
1.026326259949355835e-01
1.166907434117028242e-01
1.309509929469568068e-01
1.439479987208711620e-01
1.581633948277673951e-01
1.726087684620545293e-01
1.872103996500526502e-01
2.020794410073880609e-01
2.191652218303404842e-01
2.363256047207926425e-01
2.567249601116206592e-01
2.783442569828223911e-01
3.008149666713716974e-01
3.274549794859670793e-01
3.544292373559193576e-01
3.862955932136308834e-01
4.186492505196022229e-01
4.515838198165596507e-01
4.908556562036355264e-01
5.297036274878789142e-01
5.697845977518105620e-01
6.193333790109173398e-01
6.619470216572121979e-01
7.171410399870512542e-01
7.713904972620498901e-01
8.248694227517275879e-01
8.941132707275598612e-01
9.555453668799033240e-01
1.023910606350920682e+00
1.078974907159354402e+00
1.137151477758330254e+00
1.208645555830001994e+00
1.263041613350454062e+00
-1.618034704143101188e-01
-1.145228704781287576e-01
-7.138142408600667288e-02
-3.406865759516478076e-02
-1.775546068219547007e-03
2.677424539022198874e-02
5.024824915443768664e-02
7.052917299395591866e-02
8.870650097361336417e-02
1.042924546017098136e-01
1.198495032115176467e-01
1.335836128541926793e-01
1.478586587317833323e-01
1.617093133987602682e-01
1.765889647648262728e-01
1.918281335331314952e-01
2.080407393075745237e-01
2.254540224310530583e-01
2.448014220292827892e-01
2.641824387940629459e-01
2.877368047683008245e-01
3.141433101515060389e-01
3.408960218419911925e-01
3.710216582734051638e-01
4.040910197053244057e-01
4.391731600134509694e-01
4.778545928977117607e-01
5.215159647563750722e-01
5.647417929267342096e-01
6.129490690451807611e-01
6.621342660642857147e-01
7.119328611162691889e-01
7.671439877800654283e-01
8.316496930449429614e-01
9.021585128661137043e-01
9.524844059673244212e-01
1.015942057262972931e+00
1.079926145718782315e+00
1.177995080473950740e+00
1.248135176492333853e+00
1.295899015964004697e+00
1.298617314920672339e+00
-1.625473000002876367e-01
-1.169145997730734604e-01
-7.551964078603486119e-02
-3.877402629672042911e-02
-7.273329063944840127e-03
2.008769042159114573e-02
4.420254173065402137e-02
6.462643286440809820e-02
8.208490967808775018e-02
9.775692951487621740e-02
1.132713465771790079e-01
1.273089336081172085e-01
1.409979976684362646e-01
1.554696459823140808e-01
1.710708616753094380e-01
1.873204479894005070e-01
2.032505239432959021e-01
2.213568497949855440e-01
2.416635051991561922e-01
2.649664962129125723e-01
2.884593893433470835e-01
3.138735450000212368e-01
3.433238931968546903e-01
3.761734962589421416e-01
4.105309227879651024e-01
4.494614282010703232e-01
4.880555077705850953e-01
5.310686982799983635e-01
5.788855076965842006e-01
6.291536365641936523e-01
6.813127091276988123e-01
7.357050653348820024e-01
7.948942670254177667e-01
8.605086956823555511e-01
9.231097708298006133e-01
9.864877830045073459e-01
1.057882816779053270e+00
1.123086870943633464e+00
1.194189540236157976e+00
1.276041093107286306e+00
1.333838064420423519e+00
1.350432166679486734e+00
-1.664793387008487724e-01
-1.215425491884293968e-01
-8.004374217908143130e-02
-4.327752503744734802e-02
-1.133983843852344117e-02
1.578713228670670932e-02
3.986602617801002224e-02
5.957856304196088026e-02
7.810866292857220061e-02
9.379977701745950691e-02
1.092713613842463544e-01
1.234726925301951606e-01
1.375218457939455796e-01
1.515751491417187957e-01
1.672641525759068215e-01
1.821434904285327561e-01
1.993135297140863904e-01
2.175155281186439138e-01
2.382217936778047163e-01
2.596129893337703609e-01
2.840018678677147523e-01
3.101620652044531079e-01
3.392049067419319330e-01
3.704076026281244993e-01
4.060255347069442466e-01
4.444960402049906167e-01
4.864205601069980234e-01
5.285452068050811025e-01
5.730817313076294051e-01
6.247903664183713790e-01
6.761483421829430629e-01
7.327354312288115734e-01
7.916436388340805097e-01
8.522066436864284000e-01
9.141061083598240877e-01
9.895663851714034953e-01
1.050843580956918988e+00
1.115227631335041103e+00
1.192729098988132952e+00
1.275838638756825461e+00
1.369457065126369999e+00
1.346096625938887792e+00
-1.679524508197282051e-01
-1.237151723408700665e-01
-8.175257024288964947e-02
-4.574349685282234207e-02
-1.362244368077350672e-02
1.356605886874106930e-02
3.799190785839183515e-02
5.797783217765813818e-02
7.604301453829823143e-02
9.306079064386510447e-02
1.078473716905396368e-01
1.225205969072227230e-01
1.370596282670240584e-01
1.512349742797213792e-01
1.668000095149947404e-01
1.831074868767340602e-01
2.001881591237818780e-01
2.188268626467692879e-01
2.397673139016356092e-01
2.624107435602649474e-01
2.874232363488093411e-01
3.173549410455659414e-01
3.464175269407877567e-01
3.814418072636089341e-01
4.188297480677219964e-01
4.583129507838232808e-01
4.987804405105211725e-01
5.466623247322227597e-01
5.963474419915377744e-01
6.474289402956316941e-01
7.016707185170536487e-01
7.580007347068214996e-01
8.172314227626211736e-01
8.812156999060778428e-01
9.488817311790191944e-01
1.013696530084431391e+00
1.091800566112936854e+00
1.152367855812017394e+00
1.227457337533575332e+00
1.286380113436331296e+00
1.394320321905447857e+00
1.399057312786774476e+00
-1.743843660567411524e-01
-1.299509329779353906e-01
-8.808636482901065212e-02
-5.180032126474480580e-02
-1.943082266508319028e-02
7.931183892416846654e-03
3.221167083281776394e-02
5.243613530261324873e-02
7.130747542015329621e-02
8.816444986309664167e-02
1.028794348693779642e-01
1.179106632219935752e-01
1.333983785979714620e-01
1.474753585954693968e-01
1.650364799945653882e-01
1.838248163101109389e-01
2.043099449405370305e-01
2.284388582803450751e-01
2.536093545894813617e-01
2.812947747660231035e-01
3.108249611305087257e-01
3.395369004616363706e-01
3.750231289878903085e-01
4.088604272761984793e-01
4.487619554920170284e-01
4.912005547004273942e-01
5.327709353580374341e-01
5.780647364251124687e-01
6.302305160677451612e-01
6.813615564698430882e-01
7.382310027595929691e-01
7.937128750615524142e-01
8.555579194145509492e-01
9.168733008130690587e-01
9.859220145397834534e-01
1.042662126455416116e+00
1.120603541183832874e+00
1.202515561781529296e+00
1.265442851494833487e+00
1.349966799180301269e+00
1.448381636854660481e+00
1.429923380921844567e+00
-1.636246076513080128e-01
-1.181886773614149178e-01
-7.596481466267290816e-02
-3.845788990725820811e-02
-5.631368664770312026e-03
2.296832576699484388e-02
4.694756258590050690e-02
6.805221211227006906e-02
8.686147135580277179e-02
1.034273973827674747e-01
1.185490908959637157e-01
1.342855082349909135e-01
1.511245900506819062e-01
1.720597235319077101e-01
1.930995421808013590e-01
2.137328587830383819e-01
2.356319582555703729e-01
2.578896722552340148e-01
2.812925023351929288e-01
3.067144607382764621e-01
3.351067123870702935e-01
3.634483836288983638e-01
3.967762788726086898e-01
4.304830232491447806e-01
4.698190715988131982e-01
5.127430806955859399e-01
5.536670388162520107e-01
5.995643270204565889e-01
6.499926183604046726e-01
7.020615741293144696e-01
7.551252416075555640e-01
8.162028416784121720e-01
8.684763297846681551e-01
9.326609377295769221e-01
1.004188055015458270e+00
1.075127062119272559e+00
1.139107371102775934e+00
1.217347054078212532e+00
1.274829561951082324e+00
1.329564648964789431e+00
1.426894962591733984e+00
1.458016552542408917e+00
-1.648277209985372915e-01
-1.190687070078317866e-01
-7.554909812663811175e-02
-3.719753311258814504e-02
-3.688009110503825613e-03
2.546562346948938113e-02
5.016700427871607221e-02
7.290764408947242314e-02
9.162827377329493816e-02
1.096257869360293957e-01
1.316924304111497246e-01
1.536136708308153132e-01
1.733873380960492816e-01
1.929073968085973645e-01
2.125524716071294506e-01
2.328411589904293699e-01
2.553111073416233778e-01
2.775473315259975871e-01
3.020407247641443971e-01
3.297557451266287520e-01
3.575785031810707060e-01
3.877812269060379458e-01
4.207410615133878040e-01
4.576730219882941264e-01
4.953000649368007879e-01
5.367629168301144560e-01
5.812497201822266479e-01
6.280853287534391427e-01
6.789142532750462866e-01
7.326397903273191847e-01
7.882794061864105695e-01
8.460914373714678582e-01
9.059113172224412258e-01
9.703175812888076290e-01
1.036469198915462409e+00
1.109487426615511030e+00
1.175755274725650779e+00
1.255253202697387049e+00
1.327659260115472861e+00
1.408302729900574146e+00
1.490055446978217235e+00
1.495803726740188244e+00
-1.732464136766822538e-01
-1.271529034857339924e-01
-8.402799081853784546e-02
-4.610989457917701734e-02
-1.322199761120884665e-02
1.547711643733104027e-02
4.026204904056925049e-02
6.201759885711227022e-02
8.107714015504455252e-02
1.025674724781419078e-01
1.256764103823330980e-01
1.450875857039934935e-01
1.647066913528547061e-01
1.846204618686863586e-01
2.028586989117424910e-01
2.228230812574047981e-01
2.436258095906041476e-01
2.673195981042496561e-01
2.906066123669014956e-01
3.180675108511650806e-01
3.445258822023629652e-01
3.735390687723872949e-01
4.076067232411614838e-01
4.426224199943807336e-01
4.788693860968123439e-01
5.211760174086883524e-01
5.642197068339328547e-01
6.102352408249411830e-01
6.604594410088664436e-01
7.121915992552999564e-01
7.661755563743062325e-01
8.265393141125714216e-01
8.843342121494143226e-01
9.497275515955340142e-01
1.012988990430653491e+00
1.082411931905720825e+00
1.155260105218709921e+00
1.228320782092992225e+00
1.295023617070496957e+00
1.372608258684773652e+00
1.441882006979954500e+00
1.437311291211405884e+00
-1.565516858817735113e-01
-1.074212618743023290e-01
-6.248361246960767307e-02
-2.204285279994995170e-02
1.198044051084230961e-02
4.222100239038188013e-02
6.783308623431370810e-02
9.073406942045988965e-02
1.151643403396411108e-01
1.400835972363322912e-01
1.617571952617272157e-01
1.813690334764170298e-01
2.008887843300378728e-01
2.191652218303404842e-01
2.381590552118817705e-01
2.571479797133616740e-01
2.783762866241261125e-01
2.999668454242829796e-01
3.230581201287435755e-01
3.477416679604944938e-01
3.752336782597181508e-01
4.053002470276558244e-01
4.353665066126612415e-01
4.697012800530160348e-01
5.074038083878242844e-01
5.466906931842405726e-01
5.873629411421785740e-01
6.328691198314695399e-01
6.807868000556390742e-01
7.326912300685076707e-01
7.889753803248820141e-01
8.424650748443676118e-01
9.094453021247990154e-01
9.691996432357379287e-01
1.028241747077377699e+00
1.093628276133862487e+00
1.168930383631362480e+00
1.230052766370181239e+00
1.288034485208187752e+00
1.397225441008095759e+00
1.475592746785941101e+00
1.504657045878988963e+00
-1.679677954234133075e-01
-1.191801219235124054e-01
-7.520297139836486233e-02
-3.634200834555390003e-02
-2.088323487780292288e-03
2.709670544037840259e-02
5.133392314098053633e-02
7.604665989032644013e-02
1.023616603368102118e-01
1.251916394931922305e-01
1.453611394168614068e-01
1.670986552687162285e-01
1.839044464925321531e-01
2.037343751645895873e-01
2.237943671899855769e-01
2.420541887282506577e-01
2.622160799613521553e-01
2.847825390501073639e-01
3.090890913016834385e-01
3.351207653730318703e-01
3.631868777393735814e-01
3.921462634863916441e-01
4.245778508077238667e-01
4.584807192957132682e-01
4.961752017713744745e-01
5.337517281496284571e-01
5.768640320885409789e-01
6.208416006416475064e-01
6.704147125409845032e-01
7.223994389272532235e-01
7.757989775252318587e-01
8.318646573787007448e-01
8.916060250724231473e-01
9.565741909069130910e-01
1.019618866832750825e+00
1.090261580898155724e+00
1.163313470721262677e+00
1.228733908376136608e+00
1.322729807596032758e+00
1.367426744393851257e+00
1.461022553022186754e+00
1.457406485164125520e+00
-1.896417833735524472e-01
-1.409151668660409140e-01
-9.740593462465786667e-02
-5.909770228858105684e-02
-2.607174969728750374e-02
2.731788423945292251e-03
2.905895008449958794e-02
5.987000410661868360e-02
8.586830149102814280e-02
1.091497774362979872e-01
1.295094356405462055e-01
1.513483955088187338e-01
1.684945371461324115e-01
1.894004697370283985e-01
2.077447443953176764e-01
2.273158362393877530e-01
2.485176333836503493e-01
2.714675341903323713e-01
2.951226828529706081e-01
3.207318769920969315e-01
3.476324522093380831e-01
3.787557284450687733e-01
4.089417336266499281e-01
4.453036733829647265e-01
4.844479014036004449e-01
5.239778555122025505e-01
5.658501789632011114e-01
6.151817332770176394e-01
6.638422129737939770e-01
7.131619678773487570e-01
7.657095240040708850e-01
8.284697705445316362e-01
8.863293858286130922e-01
9.564128925124618652e-01
1.017930232863558881e+00
1.071521172199387140e+00
1.154688669027912562e+00
1.228777507476155328e+00
1.300210578021605334e+00
1.368428216852031865e+00
1.475968846726734451e+00
1.465972912437226716e+00
-1.788777093142159269e-01
-1.274061556069446266e-01
-8.283386634588309205e-02
-4.467840410738300322e-02
-1.187778657059758262e-02
1.577038032983274496e-02
3.860426799072998183e-02
5.831971559443473174e-02
7.499187772366758264e-02
9.000749400432749014e-02
1.041592181432495212e-01
1.181323999209043379e-01
1.307871282405403957e-01
1.439105845379182735e-01
1.571181463718311355e-01
1.707895904463915537e-01
1.868603169689278531e-01
2.021612470193531463e-01
2.183595461759388345e-01
2.368394494739140821e-01
2.568043076789800483e-01
2.789021499725962694e-01
3.027939869132209028e-01
3.283265877310019842e-01
3.562725888031823551e-01
3.863651786783408593e-01
4.200564667088040327e-01
4.577229794368956051e-01
4.960671186812856126e-01
5.335076910669113159e-01
5.758145784022917768e-01
6.250880418153268447e-01
6.724488477740933057e-01
7.315025423246990233e-01
7.825621971235807717e-01
8.384013478726585200e-01
9.138662823330802043e-01
9.610440672687139418e-01
1.046155556115404783e+00
1.093607271370756084e+00
1.186345974330599518e+00
1.177643256879415512e+00
-2.489465721649143370e-01
-2.015061155099470147e-01
-1.594372578666519158e-01
-1.228297202614347799e-01
-9.033487599637593513e-02
-6.136071019924788095e-02
-3.560882820562179946e-02
-1.283757648384502292e-02
8.020726069683981399e-03
2.730882703554599750e-02
4.557331065144757526e-02
6.142608886375535565e-02
7.781832030383709076e-02
9.299418509308450542e-02
1.095684233718997452e-01
1.263197664088054895e-01
1.443375382556598696e-01
1.648701314406200158e-01
1.859470809026385341e-01
2.080461191663797449e-01
2.324700670340672515e-01
2.583379137993504493e-01
2.869345143293895450e-01
3.168108460425829165e-01
3.496698669087932587e-01
3.849981932623968706e-01
4.242771222724004421e-01
4.610090319532126335e-01
5.077654966711232509e-01
5.556843978600294331e-01
6.042476592376500033e-01
6.563684734026405954e-01
7.064540539574529765e-01
7.624992583567261617e-01
8.244571256530726089e-01
8.870870474835752528e-01
9.531418683398754643e-01
1.020340561996834206e+00
1.064734950823220005e+00
1.162794336533901074e+00
1.234454007562709066e+00
1.224556369376852638e+00
-2.568360838929815149e-01
-2.080112704953072655e-01
-1.653104094924795764e-01
-1.268154635517291517e-01
-9.322926585275700950e-02
-6.289302654889736277e-02
-3.774718644056638400e-02
-1.423457617867926288e-02
6.427531671524422223e-03
2.531405942297469680e-02
4.211065132901196245e-02
5.822857299558956146e-02
7.374400411478106154e-02
8.892596319161448493e-02
1.039815059241865902e-01
1.208732280347259297e-01
1.393721137140777888e-01
1.579853366378481949e-01
1.789453087943959630e-01
2.003278269881433038e-01
2.245408316686507422e-01
2.493842690332891132e-01
2.770267087993947830e-01
3.061890504004257108e-01
3.363316281046256351e-01
3.699761348724270316e-01
4.052814587857385686e-01
4.459791846047467812e-01
4.880710357063098304e-01
5.299010981878269355e-01
5.782620465461478787e-01
6.260702610596692308e-01
6.729037885799283858e-01
7.327065000688629537e-01
7.887917797333869885e-01
8.438162223549849905e-01
9.121843132666621612e-01
9.810476052469149222e-01
1.044958957920423703e+00
1.104900040982396137e+00
1.180375365046186120e+00
1.173218329237566415e+00
-2.623343453516297497e-01
-2.132130977284517337e-01
-1.701953081601524920e-01
-1.320236781395918990e-01
-9.904165014823185231e-02
-7.003165624106784393e-02
-4.558863109381472434e-02
-2.272417736911069852e-02
-3.634138673780163472e-03
1.475568293146202296e-02
3.080609434710789366e-02
4.612821976937035717e-02
6.163339743261452008e-02
7.721887491549273008e-02
9.181814312136575562e-02
1.085616413638851585e-01
1.255137959041149609e-01
1.456314152903278314e-01
1.650810268258108837e-01
1.853721433110400996e-01
2.100321067988452639e-01
2.331992415847734812e-01
2.607723745805172744e-01
2.899054173791248412e-01
3.212980275965085508e-01
3.555568721311123670e-01
3.891394940924605694e-01
4.281785453734834324e-01
4.689319048851310900e-01
5.131829617034168178e-01
5.645453443770130919e-01
6.130782297751913301e-01
6.630004023650913902e-01
7.216292779554210890e-01
7.805117288330510883e-01
8.464923663060438530e-01
9.079592580551326675e-01
9.806831581776794815e-01
1.048628222704176771e+00
1.120198696642311642e+00
1.194658620234093638e+00
1.206607325068554282e+00
-2.700240968193525770e-01
-2.221767657918868877e-01
-1.798688480349611429e-01
-1.413352997772534536e-01
-1.084491624724827075e-01
-7.907876464222590718e-02
-5.405503557899873218e-02
-3.177817360342032049e-02
-1.121280867391677427e-02
6.803933077934108675e-03
2.441177388312288157e-02
4.075261639119258372e-02
5.706863328060742674e-02
7.413595179312026939e-02
9.002161384345550021e-02
1.070538670170625151e-01
1.265437424905403452e-01
1.456283096264638643e-01
1.669863175965539681e-01
1.905837959771786161e-01
2.148464961767090897e-01
2.413397430834437751e-01
2.684890447277466508e-01
3.004280808842762496e-01
3.332194872691008336e-01
3.679203233418404939e-01
4.069147043332143054e-01
4.492160462062916859e-01
4.922336098061474985e-01
5.370782747299088777e-01
5.842248996832521968e-01
6.352011624241080678e-01
6.941689306743379362e-01
7.490658101336360453e-01
8.082393396000326913e-01
8.685239475698314227e-01
9.279069959313015481e-01
1.000078165972016153e+00
1.076986139876456416e+00
1.131968140380426702e+00
1.212650959834000730e+00
1.212685558503987071e+00
-2.771013043619556249e-01
-2.303480030669332324e-01
-1.879802041742752450e-01
-1.513737285145003164e-01
-1.184966560949513442e-01
-9.021244441687299720e-02
-6.536926058737613232e-02
-4.563735237236506842e-02
-2.590391817793741974e-02
-9.263889776204863383e-03
7.636843828489296195e-03
2.319894137645497553e-02
3.873934810474891771e-02
5.392315054857502871e-02
6.858656404914080518e-02
8.525132222996484321e-02
1.031877488509427288e-01
1.207153828852121635e-01
1.410952946479104575e-01
1.619696073626038790e-01
1.855109910533060957e-01
2.099517701656751778e-01
2.364893957700812399e-01
2.659822468676399931e-01
2.976642336412695378e-01
3.310687797076882211e-01
3.687683407214208953e-01
4.095882546325743112e-01
4.517818316714580784e-01
4.969033683126531376e-01
5.448490717037711706e-01
5.937710537315596948e-01
6.470512537577610690e-01
7.021693642241482181e-01
7.605853133252269416e-01
8.237571457152280674e-01
8.840977811792795071e-01
9.440980525673930979e-01
1.014428125845158180e+00
1.078482193450290172e+00
1.154375275838571691e+00
1.159416788216739214e+00
-2.727996433757423622e-01
-2.255209910780895943e-01
-1.827923931537816515e-01
-1.441308846588699177e-01
-1.097891925866334994e-01
-8.028558319547304811e-02
-5.345882180270080525e-02
-3.166464324940596042e-02
-1.184029594922721314e-02
7.670980438139796999e-03
2.671299174321793354e-02
4.361767025542460235e-02
6.291650651871311117e-02
7.982858596205288926e-02
9.681967035985940273e-02
1.165512953183980016e-01
1.368505190533191584e-01
1.582810542448556956e-01
1.800312035653687803e-01
2.060320915626433491e-01
2.321470097900349971e-01
2.599043195152694330e-01
2.905376560795994711e-01
3.238973885812265752e-01
3.577462308123592893e-01
3.961609740005069269e-01
4.370383067343548422e-01
4.809263282846876764e-01
5.289937871308411088e-01
5.771021387610500986e-01
6.276648432476212847e-01
6.829316916077400323e-01
7.395588961431638353e-01
7.966679808686839559e-01
8.659379903968723591e-01
9.233828877396812462e-01
9.935667196907181919e-01
1.073700025297831928e+00
1.141158055326633169e+00
1.198835715665109936e+00
1.280915113908537295e+00
1.273607702625568994e+00
-2.732353112658354455e-01
-2.261250966336891544e-01
-1.830445250209253305e-01
-1.446583538023624438e-01
-1.108417784665194084e-01
-8.118727458742115710e-02
-5.536337800483492888e-02
-3.342325170564291320e-02
-1.353461852818336336e-02
5.596583536602800849e-03
2.409142198158398945e-02
4.109252344837494714e-02
5.847537329881789120e-02
7.500284018834582622e-02
9.171618656856179996e-02
1.098855152993874346e-01
1.296544512925608683e-01
1.504340522416246773e-01
1.726408719467788511e-01
1.974680225791846655e-01
2.210332479883828083e-01
2.479487292572545853e-01
2.802276976445616796e-01
3.116330892136786601e-01
3.441563936312067584e-01
3.824979240721117502e-01
4.196220557421230790e-01
4.636377100000069196e-01
5.062925685000894127e-01
5.495635574445879579e-01
5.981676079790608780e-01
6.496687281202712105e-01
7.001652736026132695e-01
7.582455641689375136e-01
8.140743762759062863e-01
8.882654453810172601e-01
9.399912289123304454e-01
1.020502156861949672e+00
1.104056700737985564e+00
1.186405352655566903e+00
1.206599228475916830e+00
1.227086763709122508e+00
-2.561900957111669097e-01
-2.068105022793041425e-01
-1.615022634104650023e-01
-1.209035467955744403e-01
-8.572984857609733389e-02
-5.404814962781460952e-02
-2.620965983831067408e-02
-1.928198675293805358e-03
1.892091788966809851e-02
3.848901938919083859e-02
5.810701976891959053e-02
7.667684570564280155e-02
9.485878090223590076e-02
1.126016504839770643e-01
1.312881669014640262e-01
1.510203125109712274e-01
1.706224994228525138e-01
1.917387719537107238e-01
2.146451923385529759e-01
2.389739491860455034e-01
2.646053443916627779e-01
2.934222246630255881e-01
3.233758719338614696e-01
3.575975664017984057e-01
3.924630394023336799e-01
4.307972034404801698e-01
4.694213970234779598e-01
5.129897355264438907e-01
5.610214374716752106e-01
6.069432193700763367e-01
6.585179371176431706e-01
7.119252736328790521e-01
7.682309906207652750e-01
8.263787024856389385e-01
8.820096821587586344e-01
9.503629068628689502e-01
1.014415522560603078e+00
1.085739984943128844e+00
1.160120235585230253e+00
1.222154385360453066e+00
1.289588952542596756e+00
1.285735040842704846e+00
-2.532366215595023284e-01
-2.025004818188999023e-01
-1.565155660323884479e-01
-1.157876726368342185e-01
-7.931016378219203633e-02
-4.809108476992605269e-02
-1.958117781331697102e-02
3.132964353909929809e-03
2.488365697339152416e-02
4.341729827102117079e-02
6.221709882413872100e-02
7.999117338329059246e-02
9.832524179800859743e-02
1.140101617034616072e-01
1.317822156658187138e-01
1.496316504207745590e-01
1.687890759348320002e-01
1.876053154181485660e-01
2.085380944344165932e-01
2.325565140361951499e-01
2.550504756224090119e-01
2.823728374243804629e-01
3.096152649085829323e-01
3.389104724912901934e-01
3.699501961141839490e-01
4.069351236235052571e-01
4.414390384453356631e-01
4.800055048935713553e-01
5.234017550808732766e-01
5.673063899190780024e-01
6.117010086961810478e-01
6.639118979209625016e-01
7.136845462266815376e-01
7.713684412953858427e-01
8.282460242334032108e-01
8.874102297744000944e-01
9.489545179502207883e-01
1.010227850984466436e+00
1.082505321616767935e+00
1.160603570603865986e+00
1.226050568463486590e+00
1.224095180825108375e+00
-2.047680859333299297e-01
-1.548194518722041391e-01
-1.112719449004390682e-01
-7.425176993033463790e-02
-4.273089518692796407e-02
-1.654015667054754141e-02
6.102194991799149773e-03
2.498207228852321674e-02
4.114388160895204177e-02
5.584830780929968957e-02
6.958300533008870969e-02
8.278537031645007149e-02
9.649289005436105515e-02
1.094840514228171136e-01
1.231784528500829284e-01
1.376135975926017496e-01
1.528446189290366963e-01
1.683088750919033705e-01
1.851453576756500186e-01
2.046462457326772011e-01
2.231219700409077522e-01
2.450583951718814935e-01
2.675143337406168387e-01
2.920455204495525647e-01
3.191456335026158220e-01
3.521690065172995987e-01
3.836627977345971052e-01
4.174384762938804228e-01
4.544652579266228454e-01
4.937799927147554779e-01
5.375534018292830174e-01
5.802268079078962693e-01
6.302671461573319256e-01
6.763249886483585493e-01
7.375695040256282642e-01
8.007500614209072110e-01
8.633549848254784553e-01
9.135653860630817968e-01
9.837466823007076089e-01
1.059703490304321427e+00
1.125991708934408475e+00
1.128260298102111259e+00
-2.784498747643264771e-01
-2.306847204247032823e-01
-1.888789618131736237e-01
-1.525889975803353393e-01
-1.204121605864321432e-01
-9.344678810877120323e-02
-7.027002647779259648e-02
-4.982896600159169437e-02
-3.160064950469602951e-02
-1.532689619464963800e-02
-2.345823631676957567e-04
1.444913050667492697e-02
2.846144526300435282e-02
4.258338715541371694e-02
5.669527273665053713e-02
7.167217030354364193e-02
8.787366010874206323e-02
1.052410091024637701e-01
1.229854541580080313e-01
1.439729397189558058e-01
1.649770771108859668e-01
1.890324771073277899e-01
2.137089638449628515e-01
2.432613427205847223e-01
2.706718501183000836e-01
3.034854906080780568e-01
3.371616426565214875e-01
3.736015418530961307e-01
4.129004991913100553e-01
4.582978333206532695e-01
4.988134925746229853e-01
5.417738840568749881e-01
5.977840098037691119e-01
6.443962412292358888e-01
7.034066013680845275e-01
7.571112143887382961e-01
8.132099119077613736e-01
8.762675044080522335e-01
9.643902289856236543e-01
1.014331491315354050e+00
1.095413464448446339e+00
1.076400113683530169e+00
