1.185551185675665753e+00
1.180025165815068000e+00
1.174519120452758081e+00
1.169033053031039548e+00
1.163566966816492965e+00
1.158120864904635061e+00
1.152694750224411369e+00
1.147288625542524754e+00
1.141902493467589652e+00
1.136536356454116881e+00
1.131190216806318594e+00
1.125864076681734938e+00
1.120557938094678629e+00
1.115271802919493238e+00
1.110005672893625617e+00
1.104759549620506931e+00
1.099533434572242507e+00
1.094327329092107171e+00
1.089141234396845181e+00
1.083975151578771001e+00
1.078829081607671547e+00
1.073703025332508609e+00
1.068596983482915652e+00
1.063510956670496554e+00
1.058444945389914071e+00
1.053398950019778457e+00
1.048372970823326478e+00
1.043367007948896141e+00
1.038381061430193597e+00
1.033415131186353975e+00
1.028469217021794613e+00
1.023543318625861787e+00
1.018637435572270045e+00
1.013751567318336377e+00
1.008885713204008772e+00
1.004039872450688486e+00
9.992140441598498235e-01
9.944082273114563941e-01
9.896224207621762137e-01
9.848566232433942913e-01
9.801108333590305977e-01
9.753850495831548617e-01
9.706792702574129628e-01
9.659934935882528162e-01
9.613277176439648519e-01
9.566819403515298692e-01
9.520561594932812621e-01
9.474503727033831701e-01
9.428645774641279953e-01
9.382987711020532862e-01
9.337529507838852050e-01
9.292271135123081338e-01
9.247212561215651938e-01
9.202353752728931191e-01
9.157694674497947052e-01
9.113235289531517180e-01
9.068975558961839267e-01
9.024915441992559240e-01
8.981054895845369535e-01
8.937393875705180735e-01
8.893932334663892103e-01
8.850670223662838731e-01
8.807607491433904201e-01
8.764744084439413108e-01
8.722079946810777917e-01
8.679615020286013394e-01
8.637349244146114158e-01
8.595282555150378645e-01
8.553414887470708328e-01
8.511746172624957696e-01
8.470276339409340549e-01
8.429005313830015833e-01
8.387933019033820825e-01
8.347059375238287116e-01
8.306384299660927173e-01
8.265907706447892522e-01
8.225629506602035734e-01
8.185549607910433956e-01
8.145667914871435045e-01
8.105984328621287371e-01
8.066498746860394364e-01
8.027211063779265965e-01
7.988121169984224723e-01
7.949228952422906502e-01
7.910534294309643499e-01
7.872037075050742905e-01
7.833737170169793318e-01
7.795634451232953399e-01
7.757728785774384850e-01
7.720020037221816400e-01
7.682508064822334282e-01
7.645192723568433601e-01
7.608073864124409447e-01
7.571151332753124352e-01
7.534424971243232072e-01
7.497894616836890958e-01
7.461560102158041330e-01
7.425421255141290144e-01
7.389477898961469560e-01
7.353729851963914932e-01
7.318176927595523296e-01
7.282818934336641181e-01
7.247655675633837280e-01
7.212686949833609917e-01
7.177912550117084844e-01
7.143332264435754420e-01
7.108945875448299256e-01
7.074753160458548962e-01
7.040753891354634142e-01
7.006947834549367427e-01
6.973334750921896807e-01
6.939914395760693466e-01
6.906686518707904066e-01
6.873650863705100811e-01
6.840807168940508110e-01
6.808155166797695834e-01
6.775694583805818016e-01
6.743425140591408073e-01
6.711346551831799401e-01
6.679458526210164671e-01
6.647760766372234897e-01
6.616252968884728247e-01
6.584934824195515235e-01
6.553806016595536965e-01
6.522866224182531925e-01
6.492115118826569109e-01
6.461552366137434111e-01
6.431177625433871503e-01
6.400990549714719036e-01
6.370990785631951425e-01
6.341177973465637052e-01
6.311551747100848653e-01
6.282111734006518011e-01
6.252857555216260188e-01
6.223788825311177275e-01
6.194905152404647231e-01
6.166206138129098902e-01
6.137691377624800992e-01
6.109360459530635001e-01
6.081212965976884322e-01
6.053248472580016193e-01
6.025466548439472048e-01
5.997866756136442934e-01
5.970448651734646672e-01
5.943211784783073437e-01
5.916155698320709755e-01
5.889279928883216497e-01
5.862584006511553092e-01
5.836067454762523532e-01
5.809729790721240850e-01
5.783570525015468977e-01
5.757589161831836444e-01
5.731785198933890824e-01
5.706158127681967285e-01
5.680707433054835720e-01
5.655432593673119790e-01
5.630333081824414609e-01
5.605408363490106405e-01
5.580657898373839743e-01
5.556081139931585700e-01
5.531677535403283219e-01
5.507446525846008134e-01
5.483387546168605464e-01
5.459500025167766113e-01
5.435783385565474690e-01
5.412237044047779611e-01
5.388860411304828846e-01
5.365652892072142466e-01
5.342613885172996513e-01
5.319742783561934862e-01
5.297038974369275843e-01
5.274501838946598076e-01
5.252130752913095613e-01
5.229925086202760198e-01
5.207884203112288501e-01
5.186007462349671027e-01
5.164294217083340577e-01
5.142743814991831419e-01
5.121355598313842572e-01
5.100128903898630828e-01
5.079063063256623600e-01
5.058157402610180542e-01
5.037411242944374035e-01
5.016823900057723051e-01
4.996394684612749382e-01
4.976122902186254082e-01
4.956007853319207013e-01
4.936048833566138438e-01
4.916245133543898360e-01
4.896596038979670884e-01
4.877100830758123173e-01
4.857758784967536880e-01
4.838569172944817143e-01
4.819531261319208726e-01
4.800644312054587748e-01
4.781907582490194653e-01
4.763320325379620801e-01
4.744881788927928223e-01
4.726591216826694919e-01
4.708447848286858028e-01
4.690450918069151154e-01
4.672599656511952637e-01
4.654893289556376601e-01
4.637331038768384150e-01
4.619912121357744872e-01
4.602635750193592168e-01
4.585501133816413111e-01
4.568507476446190263e-01
4.551653977986505617e-01
4.534939834024337979e-01
4.518364235825313435e-01
4.501926370324144111e-01
4.485625420109980999e-01
4.469460563406419951e-01
4.453430974045826107e-01
4.437535821437724182e-01
4.421774270530893225e-01
4.406145481768877770e-01
4.390648611038540094e-01
4.375282809611321100e-01
4.360047224076829542e-01
4.344940996268384925e-01
4.329963263180106048e-01
4.315113156875131639e-01
4.300389804384541770e-01
4.285792327596534834e-01
4.271319843135372163e-01
4.256971462229624525e-01
4.242746290569195389e-01
4.228643428150598016e-01
4.214661969109919082e-01
4.200801001542924240e-01
4.187059607311660048e-01
4.173436861836972711e-01
4.159931833876248652e-01
4.146543585285725197e-01
4.133271170766663616e-01
4.120113637594606804e-01
4.107070025331004404e-01
4.094139365516359375e-01
4.081320681344081103e-01
4.068612987314155216e-01
4.056015288865734147e-01
4.043526581987689217e-01
4.031145852806128360e-01
4.018872077147871980e-01
4.006704220078778356e-01
3.994641235415820613e-01
3.982682065211738398e-01
3.970825639211054692e-01
3.959070874276164331e-01
3.947416673782222496e-01
3.935861926979402625e-01
3.924405508321123781e-01
3.913046276756761421e-01
3.901783074987254518e-01
3.890614728682045831e-01
3.879540045655628933e-01
3.868557815001978928e-01
3.857666806185059971e-01
3.846865768083496673e-01
3.836153427987472053e-01
3.825528490545812565e-01
3.814989636661135219e-01
3.804535522330890762e-01
3.794164777431998647e-01
3.783876004446752317e-01
3.773667777127517331e-01
3.763538639097741001e-01
3.753487102386611207e-01
3.743511645894703199e-01
3.733610713787798852e-01
3.723782713815996792e-01
3.714026015555155769e-01
3.704338948567575396e-01
3.694719800478801219e-01
3.685166814967259508e-01
3.675678189663418305e-01
3.666252073955039714e-01
3.656886566695013996e-01
3.647579713808177249e-01
3.638329505793448937e-01
3.629133875117541708e-01
3.619990693496408785e-01
3.610897769060580353e-01
3.601852843400416559e-01
3.592853588487324168e-01
3.583897603466886239e-01
3.574982411319886366e-01
3.566105455387132972e-01
3.557264095754054667e-01
3.548455605490996589e-01
3.539677166745233694e-01
3.530925866680734160e-01
3.522198693261827107e-01
3.513492530876980990e-01
3.504804155799104426e-01
3.496130231478886130e-01
3.487467303667940999e-01
3.478811795368713655e-01
3.470160001608469380e-01
3.461508084034916610e-01
3.452852065331494802e-01
3.444187823450721719e-01
3.435511085664536557e-01
3.426817422431135962e-01
3.418102241078392889e-01
3.409360779304747013e-01
3.400588098499141565e-01
3.391779076882558974e-01
3.382928402474645324e-01
3.374030565889968303e-01
3.365079852969717344e-01
3.356070337255876446e-01
3.346995872316382292e-01
3.337850083931314105e-01
3.328626362151835272e-01
3.319317853245493111e-01
3.309917451543381572e-01
3.300417791206876617e-01
3.290811237933890521e-01
3.281089880627099942e-01
3.271245523049132187e-01
3.261269675492595166e-01
3.251153546495667013e-01
3.240888034637188220e-01
3.230463720448398246e-01
3.219870858481967968e-01
3.209099369582510963e-01
3.198138833406554693e-01
3.186978481243752936e-01
3.175607189195132074e-01
3.164013471768187813e-01
3.152185475952815064e-01
3.140110975846128749e-01
3.127777367898447736e-01
3.115171666856777488e-01
3.102280502486109981e-01
3.089090117152760717e-01
3.075586364357577041e-01
3.061754708310227002e-01
3.047580224638835045e-01
3.033047602331812032e-01
3.018141147010814929e-01
3.002844785635337965e-01
2.987142072740107124e-01
2.971016198306634659e-01
2.954449997369231751e-01
2.937425961454014356e-01
2.919926251946353690e-01
2.901932715478074409e-01
2.883426901420123589e-01
2.864390081559589074e-01
2.844803272031405927e-01
2.824647257565256475e-01
2.803902618096434929e-01
2.782549757776275889e-01
2.760568936402710838e-01
2.737940303274988274e-01
2.714643933458220082e-01
2.690659866423661950e-01
2.665968147009226685e-01
2.640548868622125678e-01
2.614382218581670081e-01
2.587448525475466998e-01
2.559728308376771344e-01
2.531202327744850322e-01
2.501851637804237138e-01
2.471657640173087478e-01
2.440602138485804817e-01
2.408667393731208917e-01
2.375836180005192755e-01
2.342091840356302634e-01
2.307418342384832677e-01
2.271800333240793224e-01
2.235223193654330143e-01
2.197673090623945003e-01
2.159137028383654178e-01
2.119602897270282393e-01
2.079059520116673665e-01
2.037496695805722513e-01
1.994905239634109373e-01
1.951277020153095176e-01
1.906604992176983149e-01
1.860883225677220087e-01
1.814106930311766563e-01
1.766272475374548456e-01
1.717377404988200129e-01
1.667420448404513811e-01
1.616401525320041443e-01
1.564321746159019477e-01
1.511183407320994543e-01
1.456989981435984904e-01
1.401746102714656883e-01
1.345457547524394060e-01
1.288131210363477608e-01
1.229775075444369120e-01
1.170398184132697555e-01
1.110010598520546482e-01
1.048623361440564478e-01
9.862484532511436863e-02
1.326760200723865468e+00
1.322924784199972947e+00
1.319099785207807463e+00
1.315285266079362358e+00
1.311481289037046638e+00
1.307687916183755794e+00
1.303905209492856709e+00
1.300133230798085515e+00
1.296372041783361295e+00
1.292621703972519409e+00
1.288882278718965546e+00
1.285153827195253617e+00
1.281436410382588820e+00
1.277730089060263419e+00
1.274034923795018814e+00
1.270350974930348986e+00
1.266678302575734660e+00
1.263016966595825297e+00
1.259367026599559791e+00
1.255728541929235886e+00
1.252101571649531175e+00
1.248486174536476145e+00
1.244882409066385698e+00
1.241290333404749591e+00
1.237710005395089352e+00
1.234141482547780999e+00
1.230584822028850223e+00
1.227040080648743148e+00
1.223507314851074890e+00
1.219986580701363454e+00
1.216477933875747430e+00
1.212981429649697462e+00
1.209497122886721732e+00
1.206025068027069880e+00
1.202565319076441597e+00
1.199117929594702536e+00
1.195682952684610889e+00
1.192260440980561276e+00
1.188850446637350400e+00
1.185453021318963795e+00
1.182068216187396992e+00
1.178696081891507097e+00
1.175336668555903685e+00
1.171990025769883870e+00
1.168656202576412895e+00
1.165335247461159796e+00
1.162027208341586348e+00
1.158732132556100636e+00
1.155450066853275670e+00
1.152181057381137963e+00
1.148925149676532032e+00
1.145682388654567285e+00
1.142452818598145070e+00
1.139236483147580747e+00
1.136033425290315702e+00
1.132843687350730599e+00
1.129667310980061012e+00
1.126504337146422507e+00
1.123354806124947647e+00
1.120218757488039119e+00
1.117096230095748988e+00
1.113987262086279628e+00
1.110891890866618104e+00
1.107810153103307327e+00
1.104742084713352668e+00
1.101687720855279107e+00
1.098647095920330941e+00
1.095620243523827586e+00
1.092607196496675925e+00
1.089607986877044521e+00
1.086622645902200368e+00
1.083651204000517732e+00
1.080693690783659289e+00
1.077750135038933577e+00
1.074820564721833849e+00
1.071905006948761452e+00
1.069003487989936607e+00
1.066116033262501039e+00
1.063242667323816670e+00
1.060383413864959046e+00
1.057538295704416820e+00
1.054707334781991745e+00
1.051890552152908498e+00
1.049087967982132774e+00
1.046299601538905000e+00
1.043525471191485865e+00
1.040765594402124128e+00
1.038019987722241355e+00
1.035288666787841594e+00
1.032571646315143532e+00
1.029868940096441365e+00
1.027180560996193037e+00
1.024506520947338739e+00
1.021846830947849671e+00
1.019201501057513060e+00
1.016570540394946986e+00
1.013953957134854145e+00
1.011351758505508291e+00
1.008763950786480734e+00
1.006190539306601295e+00
1.003631528442158416e+00
1.001086921615337522e+00
9.985567212928952996e-01
9.960409289850749026e-01
9.935395452447552955e-01
9.910525696668409656e-01
9.885800008878852241e-01
9.861218365859512058e-01
9.836780734807056836e-01
9.812487073337485821e-01
9.788337329491709760e-01
9.764331441743477891e-01
9.740469339009550920e-01
9.716750940662173264e-01
9.693176156543767963e-01
9.669744886983868692e-01
9.646457022818237803e-01
9.623312445410167060e-01
9.600311026673902237e-01
9.577452629100190462e-01
9.554737105783894791e-01
9.532164300453657146e-01
9.509734047503550780e-01
9.487446172026710034e-01
9.465300489850874133e-01
9.443296807575809471e-01
9.421434922612568208e-01
9.399714623224523224e-01
9.378135688570145012e-01
9.356697888747455005e-01
9.335400984840109828e-01
9.314244728965045406e-01
9.293228864321650962e-01
9.272353125242374094e-01
9.251617237244719183e-01
9.231020917084569177e-01
9.210563872810746400e-01
9.190245803820770165e-01
9.170066400917709082e-01
9.150025346368062529e-01
9.130122313960603586e-01
9.110356969066089050e-01
9.090728968697741053e-01
9.071237961572466979e-01
9.051883588172638939e-01
9.032665480808433900e-01
9.013583263680581270e-01
8.994636552943424679e-01
8.975824956768222451e-01
8.957148075406562437e-01
8.938605501253784613e-01
8.920196818912302650e-01
8.901921605254712322e-01
8.883779429486567958e-01
8.865769853208697038e-01
8.847892430478935255e-01
8.830146707873152145e-01
8.812532224545431836e-01
8.795048512287257925e-01
8.777695095585590357e-01
8.760471491679645561e-01
8.743377210616268824e-01
8.726411755303710160e-01
8.709574621563664909e-01
8.692865298181383649e-01
8.676283266953718210e-01
8.659828002734873964e-01
8.643498973479735170e-01
8.627295640284526890e-01
8.611217457424653610e-01
8.595263872389471427e-01
8.579434325913818382e-01
8.563728252006055364e-01
8.548145077972401085e-01
8.532684224437322440e-01
8.517345105359748203e-01
8.502127128044822957e-01
8.487029693150971443e-01
8.472052194691973570e-01
8.457194020033789172e-01
8.442454549885820558e-01
8.427833158286310855e-01
8.413329212581577288e-01
8.398942073398721897e-01
8.384671094611509945e-01
8.370515623299024099e-01
8.356474999696755779e-01
8.342548557139730647e-01
8.328735621997279681e-01
8.315035513599022821e-01
8.301447544151651092e-01
8.287971018646042021e-01
8.274605234754246474e-01
8.261349482715852899e-01
8.248203045213223783e-01
8.235165197235073675e-01
8.222235205927829194e-01
8.209412330434210370e-01
8.196695821718414932e-01
8.184084922377298232e-01
8.171578866436887134e-01
8.159176879133545057e-01
8.146878176679104300e-01
8.134681966009190690e-01
8.122587444514011157e-01
8.110593799750775990e-01
8.098700209136928674e-01
8.086905839623326209e-01
8.075209847346429548e-01
8.063611377258603774e-01
8.052109562735502157e-01
8.040703525159529352e-01
8.029392373478310141e-01
8.018175203737032408e-01
8.007051098583536364e-01
7.996019126744899896e-01
7.985078342474285495e-01
7.974227784966726462e-01
7.963466477742484617e-01
7.952793427996553977e-01
7.942207625912834912e-01
7.931708043941427810e-01
7.921293636037448627e-01
7.910963336859690997e-01
7.900716060927404083e-01
7.890550701733380912e-01
7.880466130811474290e-01
7.870461196756615152e-01
7.860534724195271661e-01
7.850685512704298485e-01
7.840912335675950251e-01
7.831213939126842050e-01
7.821589040448476693e-01
7.812036327096955057e-01
7.802554455219310459e-01
7.793142048213915762e-01
7.783797695222239854e-01
7.774519949549197895e-01
7.765307327009214333e-01
7.756158304195049924e-01
7.747071316666344076e-01
7.738044757054717282e-01
7.729076973082221746e-01
7.720166265489809554e-01
7.711310885872402210e-01
7.702509034417085454e-01
7.693758857540823337e-01
7.685058445424063356e-01
7.676405829436475647e-01
7.667798979451022623e-01
7.659235801042501013e-01
7.650714132566611703e-01
7.642231742115600523e-01
7.633786324346421015e-01
7.625375497177405704e-01
7.616996798349368047e-01
7.608647681847071631e-01
7.600325514177004305e-01
7.592027570497471567e-01
7.583751030597023490e-01
7.575492974717310535e-01
7.567250379216626799e-01
7.559020112070437003e-01
7.550798928205424421e-01
7.542583464663741299e-01
7.534370235594394227e-01
7.526155627068987775e-01
7.517935891719343955e-01
7.509707143194903622e-01
7.501465350438228930e-01
7.493206331777452212e-01
7.484925748834981851e-01
7.476619100252501759e-01
7.468281715232925055e-01
7.459908746900745236e-01
7.451495165483136285e-01
7.443035751315064674e-01
7.434525087672763100e-01
7.425957553441064896e-01
7.417327315621400352e-01
7.408628321688627283e-01
7.399854291806426954e-01
7.390998710912619618e-01
7.382054820687610208e-01
7.373015611421043225e-01
7.363873813793946344e-01
7.354621890595801625e-01
7.345252028398460142e-01
7.335756129211390419e-01
7.326125802145484478e-01
7.316352355115577355e-01
7.306426786614920177e-01
7.296339777598092047e-01
7.286081683512246610e-01
7.275642526520185172e-01
7.265011987962380902e-01
7.254179401108998837e-01
7.243133744256874396e-01
7.231863634230408788e-01
7.220357320349536367e-01
7.208602678932010122e-01
7.196587208401404867e-01
7.184298025076363281e-01
7.171721859720648906e-01
7.158845054937449381e-01
7.145653563495071303e-01
7.132132947674642010e-01
7.118268379733500018e-01
7.104044643580723628e-01
7.089446137763425471e-01
7.074456879864052805e-01
7.059060512410016974e-01
7.043240310396997605e-01
7.026979190526747576e-01
7.010259722258441739e-01
6.993064140769936765e-01
6.975374361921342636e-01
6.957171999308088273e-01
6.938438383484030192e-01
6.919154583427102878e-01
6.899301430310318395e-01
6.878859543629752826e-01
6.857809359728107568e-01
6.836131162738056100e-01
6.813805117953050106e-01
6.790811307615601811e-01
6.767129769093297442e-01
6.742740535391947843e-01
6.717623677932756943e-01
6.691759351496840980e-01
6.665127841215765514e-01
6.637709611461425352e-01
6.609485356462665440e-01
6.580436052450124862e-01
6.550543011104861257e-01
6.519787934061187507e-01
6.488152968189883074e-01
6.455620761365156168e-01
6.422174518397895104e-01
6.387798056799074420e-01
6.352475862021468300e-01
6.316193141815096279e-01
6.278935879322895541e-01
6.240690884537803962e-01
6.201445843741726360e-01
6.161189366550184898e-01
6.119911030194804535e-01
6.077601420688448774e-01
6.034252170535547855e-01
5.989855992672158402e-01
5.944406710346975542e-01
5.897899282685166167e-01
5.850329825711386711e-01
5.801695628646140745e-01
5.751995165330271442e-01
5.701228100675101995e-01
5.649395292080240383e-01
5.596498785806190979e-01
5.542541808334543463e-01
5.487528752793284781e-01
5.431465160568773598e-01
5.374357698267637762e-01
5.316214130231367019e-01
5.257043286842854046e-01
5.196855028896850692e-01
5.135660208335439680e-01
5.073470625674050272e-01
5.010298984463967820e-01
4.946158843152507756e-01
4.881064564713055165e-01
4.815031264423089707e-01
4.748074756170058697e-01
4.680211497661947440e-01
4.611458534912756257e-01
4.541833446362159021e-01
4.471354286974802417e-01
4.400039532647375129e-01
4.327908025232177769e-01
4.254978918463905857e-01
4.181271625053115670e-01
4.106805765184923795e-01
4.031601116636169269e-01
3.955677566698100334e-01
3.879055066065901225e-01
3.801753584830441235e-01
3.723793070682734907e-01
3.645193409417316621e-01
3.565974387797541945e-01
3.486155658824244830e-01
3.405756709428468532e-01
3.324796830590468488e-01
3.243295089869736025e-01
3.161270306315439593e-01
3.078741027712653677e-01
2.995725510107761225e-01
2.912241699545650708e-01
2.828307215942635344e-01
2.743939339011325917e-01
2.659154996147933825e-01
2.573970752187623723e-01
2.488402800930329395e-01
9.704795063926423548e-01
9.227882162292331270e-01
8.788551311510048869e-01
8.384797130022235701e-01
8.014175639824885344e-01
7.673944557185279347e-01
7.361201670842622002e-01
7.073009269941907817e-01
6.806496927241713069e-01
6.558939310768614472e-01
6.327809278923531844e-01
6.110808946137097353e-01
5.905882693161828012e-01
5.711216461562541591e-01
5.525227416093094757e-01
5.346547461794518563e-01
5.174003379295323279e-01
5.006595631450668771e-01
4.843477272743156870e-01
4.683933889589250721e-01
4.527365116246145349e-01
4.373267993870650350e-01
4.221222250059202263e-01
4.070877452989233314e-01
3.921941920350897615e-01
3.774173224063452903e-01
3.627370116050715465e-01
3.481365699755997190e-01
3.336021680641433895e-01
3.191223542517359069e-01
3.046876512434010809e-01
2.902902193277364651e-01
2.759235759071360650e-01
2.615823622697776019e-01
2.472621499010864143e-01
2.329592798052948222e-01
2.186707293296770160e-01
2.043940018646526191e-01
1.901270355453325844e-01
1.758681277185938363e-01
1.616158724788120948e-01
1.473691090285227101e-01
