2.000151976474334070e+00
1.900174794680485002e+00
1.800180062873997677e+00
1.700186061946153515e+00
1.600191769719005785e+00
1.500177448492463483e+00
1.400171749801423671e+00
1.300190997419918837e+00
1.200147071790513165e+00
1.100177482441832666e+00
1.000208411336593217e+00
9.001742481557908349e-01
8.001367151328230287e-01
7.002250374084589835e-01
6.002375648108372319e-01
5.001870579771285907e-01
4.001682932399469039e-01
3.000909049996393629e-01
2.002374587932128081e-01
1.000809189101611457e-01
2.040704536936119111e-04
-1.004924773797359200e-01
-2.003824176828634396e-01
-2.999542786872540501e-01
-4.001191103161266804e-01
-4.988037579729113213e-01
-5.984529957001538669e-01
-6.997763687343702133e-01
-7.995818236168698023e-01
-8.993469107200442458e-01
-9.989459445682795646e-01
-1.097751186929023959e+00
-1.204147778392239632e+00
-1.300392051549714045e+00
-1.395655126372799870e+00
-1.504162993882895538e+00
-1.604430749562558267e+00
-1.691935259075981524e+00
-1.802248177933899909e+00
-1.897497690814547777e+00
-1.993196066922065857e+00
-1.999934860713038942e+00
