2.000173683058465102e+00
1.900176434250441027e+00
1.800177998793952794e+00
1.700181731123307616e+00
1.600163417956298240e+00
1.500174702886361899e+00
1.400192488592576057e+00
1.300167064374471604e+00
1.200166246363107536e+00
1.100142997930908084e+00
1.000134610425851944e+00
9.001436416752049974e-01
8.001986391529648524e-01
7.002414926646121085e-01
6.001983121706396807e-01
5.001033110344931254e-01
4.002667944628154895e-01
3.002975922386540431e-01
2.001196780753126125e-01
1.002705769463781149e-01
3.038997848124583463e-04
-9.966783482238274205e-02
-2.002887351130855365e-01
-2.999447479497189817e-01
-3.995585965882775259e-01
-4.991120233225888048e-01
-6.006378364883342424e-01
-7.010160002666158130e-01
-8.010269276122879978e-01
-9.001916440002828423e-01
-1.002180847563836963e+00
-1.103307371587741281e+00
-1.201544796518945413e+00
-1.301611470774423296e+00
-1.399963097078287477e+00
-1.498691466759493718e+00
-1.601292836649037543e+00
-1.704024086063347543e+00
-1.794400510399990711e+00
-1.901598577729922912e+00
-1.994193387693313779e+00
-1.996647193174911239e+00
