-1.415644705172448004e-01
-8.774445571053542114e-02
-4.174582324788506799e-02
-1.548411095963914087e-03
3.240115623255566957e-02
6.083754740916350046e-02
8.517993859221617559e-02
1.057145105709216132e-01
1.234073231603074333e-01
1.397846642937000117e-01
1.543204848753011449e-01
1.677838767748396076e-01
1.814319560528507569e-01
1.941256617602095391e-01
2.075428139553113782e-01
2.212029080370209178e-01
2.351722804243075171e-01
2.503590016090390113e-01
2.658009528666903654e-01
2.845863751429467681e-01
3.007454395760389976e-01
3.200382185372147026e-01
3.421501742611983143e-01
3.644440500687270434e-01
3.891714022235893689e-01
4.148430400790857342e-01
4.465930812185490151e-01
4.774613188894022975e-01
5.108880209713307918e-01
5.467782536747614053e-01
5.876593403843954899e-01
6.305082171577028882e-01
6.710885684454532818e-01
7.191464238479129412e-01
7.660453261114562595e-01
8.167647899211305518e-01
8.740838703945844612e-01
9.317903295777386630e-01
9.798555498779782935e-01
1.050592404072384856e+00
1.110118127010327527e+00
1.118532563155343551e+00
