-8.801494240760803223e-01
-7.550154328346252441e-01
-6.411362290382385254e-01
-5.381088852882385254e-01
-4.455114006996154785e-01
-3.627305626869201660e-01
-2.891793847084045410e-01
-2.241807579994201660e-01
-1.669963002204895020e-01
-1.168938279151916504e-01
-7.306081056594848633e-02
-3.480345010757446289e-02
-1.246750354766845703e-03
2.823036909103393555e-02
5.450969934463500977e-02
7.822579145431518555e-02
9.987729787826538086e-02
1.203121542930603027e-01
1.398708224296569824e-01
1.590254902839660645e-01
1.783956885337829590e-01
1.979648470878601074e-01
2.182933688163757324e-01
2.396773695945739746e-01
2.618053555488586426e-01
2.856552004814147949e-01
3.105282187461853027e-01
3.369714617729187012e-01
3.652409911155700684e-01
3.931905627250671387e-01
4.240681529045104980e-01
4.564928412437438965e-01
4.898681044578552246e-01
5.250443816184997559e-01
5.622629523277282715e-01
5.958413481712341309e-01
6.357797980308532715e-01
6.782702803611755371e-01
7.126335501670837402e-01
7.725514769554138184e-01
8.141145110130310059e-01
8.060526251792907715e-01
