-8.454330102074133491e-01
-8.457404020810995737e-01
-8.432570645244922281e-01
-8.397205947293144845e-01
-8.362246041848735434e-01
-8.324227572273676934e-01
-8.269070129029969518e-01
-8.213654462064108319e-01
-8.170634806211218848e-01
-8.107455663545364288e-01
-8.035060199604406872e-01
-7.954296703962043802e-01
-7.884336410355037295e-01
-7.776451580122919482e-01
-7.673494308327465374e-01
-7.565774607361509529e-01
-7.452489612173838207e-01
-7.290557780885971173e-01
-7.124625089385304699e-01
-6.958974083683439060e-01
-6.765849410273615527e-01
-6.555821803320047714e-01
-6.355109171275962199e-01
-6.091302185242014611e-01
-5.824867892323234431e-01
-5.551794787324896285e-01
-5.221454071022881838e-01
-4.906496007022167483e-01
-4.522905051947965771e-01
-4.120074520867133550e-01
-3.737099438832623410e-01
-3.305148280595007759e-01
-2.858538900667524918e-01
-2.454185229754050346e-01
-1.909341130816205045e-01
-1.406413076352289182e-01
-8.503890238265809920e-02
-2.309180473687235877e-02
3.733086293853354887e-02
1.084161745733928095e-01
1.634804164806794025e-01
1.722642362719531417e-01
