-7.939825654029846191e-01
-7.897658348083496094e-01
-7.858257293701171875e-01
-7.821853160858154297e-01
-7.783427834510803223e-01
-7.741336822509765625e-01
-7.698694467544555664e-01
-7.646041512489318848e-01
-7.578994631767272949e-01
-7.512466311454772949e-01
-7.441034317016601562e-01
-7.362094521522521973e-01
-7.281365394592285156e-01
-7.200719118118286133e-01
-7.119528055191040039e-01
-7.041201591491699219e-01
-6.960647106170654297e-01
-6.862438917160034180e-01
-6.760454177856445312e-01
-6.648114323616027832e-01
-6.515144109725952148e-01
-6.361931562423706055e-01
-6.175232529640197754e-01
-5.960235595703125000e-01
-5.721691250801086426e-01
-5.441797375679016113e-01
-5.121038556098937988e-01
-4.765540063381195068e-01
-4.351605176925659180e-01
-3.890260756015777588e-01
-3.384676575660705566e-01
-2.811899781227111816e-01
-2.195360660552978516e-01
-1.524150073528289795e-01
-7.878346741199493408e-02
-4.115086048841476440e-03
7.540678232908248901e-02
1.550001204013824463e-01
2.341024279594421387e-01
3.204339742660522461e-01
3.902130126953125000e-01
3.908542692661285400e-01
