2.000173683058465102e+00
1.900164957130761723e+00
1.800173870604432791e+00
1.700184329622197676e+00
1.600177594069010834e+00
1.500181566869070116e+00
1.400157923390448422e+00
1.300160536951352253e+00
1.200193637141200087e+00
1.100198171834131822e+00
1.000130268805227152e+00
9.001485607193440153e-01
8.001050616680598360e-01
7.003402111105261341e-01
6.002648215015859989e-01
5.001952945090409886e-01
4.001752063353897770e-01
3.000952573237168353e-01
2.000566659722143315e-01
1.004394752791080009e-01
5.208409361856700635e-04
-9.943625420507606893e-02
-1.992760500238481558e-01
-2.997983474491826006e-01
-3.993428717106777270e-01
-4.993930779340129966e-01
-5.977902199552547202e-01
-7.001224123289468970e-01
-8.000803484094323181e-01
-9.008029446200795931e-01
-1.000838998244062417e+00
-1.099321601968045625e+00
-1.198219104747066277e+00
-1.298259367562787592e+00
-1.401023563113482640e+00
-1.497054221595321977e+00
-1.597962272283748320e+00
-1.700776076633417233e+00
-1.797838752980646770e+00
-1.899250474310140158e+00
-1.989572827282950707e+00
-2.004255148923669516e+00
