-1.655538625401284658e-01
-1.264294746252881685e-01
-9.269615116603056870e-02
-6.489597884855043131e-02
-4.128325673618756658e-02
-2.261939418816518235e-02
-7.495083455890865463e-03
4.321373782642578230e-03
1.481444908705314284e-02
2.341708984110485101e-02
3.217537696136285597e-02
3.897762233269189136e-02
4.692417423003496929e-02
5.419157679643179376e-02
6.201759885711227022e-02
6.977906088151410169e-02
7.849306816657292130e-02
8.802971784271369782e-02
9.836679643933102235e-02
1.108253100549647374e-01
1.223469662550785292e-01
1.373541113707329175e-01
1.527163111064087087e-01
1.708482036433093543e-01
1.898551137896142826e-01
2.128265861012333393e-01
2.366631987034095164e-01
2.628069230005636858e-01
2.909467847343060742e-01
3.231489300840411083e-01
3.579157985791299734e-01
3.948192745733982156e-01
4.356214303748582872e-01
4.771502067200666941e-01
5.282351714972637335e-01
5.707063532938463357e-01
6.240757311456827106e-01
6.779444034305927014e-01
7.251272350645286968e-01
7.955185339371734221e-01
8.688853198041034398e-01
8.566261938717963931e-01
