2.338466048240661621e-01
2.627105116844177246e-01
2.843420505523681641e-01
2.996688485145568848e-01
3.095673918724060059e-01
3.148401379585266113e-01
3.162251114845275879e-01
3.143804669380187988e-01
3.098903298377990723e-01
3.032726645469665527e-01
2.949841618537902832e-01
2.854251265525817871e-01
2.749304175376892090e-01
2.638368010520935059e-01
2.523595690727233887e-01
2.407694458961486816e-01
2.293034195899963379e-01
2.180859446525573730e-01
2.073284983634948730e-01
1.971697211265563965e-01
1.877599358558654785e-01
1.792435050010681152e-01
1.717516779899597168e-01
1.654005646705627441e-01
1.602779030799865723e-01
1.564537882804870605e-01
1.541524529457092285e-01
1.533818840980529785e-01
1.542623639106750488e-01
1.568880677223205566e-01
1.613832116127014160e-01
1.678265929222106934e-01
1.764982342720031738e-01
1.867732405662536621e-01
2.003152966499328613e-01
2.142472863197326660e-01
2.321515679359436035e-01
2.512665390968322754e-01
2.711668610572814941e-01
2.980106472969055176e-01
3.286359906196594238e-01
3.254993557929992676e-01
