-7.568724751472473145e-01
-7.431949973106384277e-01
-7.347949147224426270e-01
-7.307947278022766113e-01
-7.303934693336486816e-01
-7.328720688819885254e-01
-7.375864386558532715e-01
-7.439723610877990723e-01
-7.515353560447692871e-01
-7.598550915718078613e-01
-7.685694098472595215e-01
-7.773472666740417480e-01
-7.859284281730651855e-01
-7.940509915351867676e-01
-8.015541434288024902e-01
-8.082302212715148926e-01
-8.139161467552185059e-01
-8.184749484062194824e-01
-8.217667937278747559e-01
-8.236715197563171387e-01
-8.240897059440612793e-01
-8.229078650474548340e-01
-8.200311064720153809e-01
-8.153237700462341309e-01
-8.087797760963439941e-01
-8.002244830131530762e-01
-7.897937893867492676e-01
-7.767361998558044434e-01
-7.617225050926208496e-01
-7.442548871040344238e-01
-7.245060801506042480e-01
-7.026485800743103027e-01
-6.782231926918029785e-01
-6.509205698966979980e-01
-6.200894713401794434e-01
-5.886675715446472168e-01
-5.528731942176818848e-01
-5.134212374687194824e-01
-4.733712077140808105e-01
-4.285716414451599121e-01
-3.860973715782165527e-01
-3.789622187614440918e-01
