2.643640041351318359e-01
2.941369414329528809e-01
3.219720721244812012e-01
3.478369116783142090e-01
3.717131614685058594e-01
3.935843706130981445e-01
4.134597778320312500e-01
4.313554167747497559e-01
4.473352432250976562e-01
4.614742994308471680e-01
4.738830924034118652e-01
4.847207069396972656e-01
4.942005276679992676e-01
5.025344491004943848e-01
5.100432634353637695e-01
5.170112848281860352e-01
5.237569212913513184e-01
5.306568741798400879e-01
5.380232334136962891e-01
5.461850762367248535e-01
5.554267764091491699e-01
5.659879446029663086e-01
5.780566930770874023e-01
5.917754173278808594e-01
6.073092818260192871e-01
6.249768733978271484e-01
6.442263126373291016e-01
6.655439138412475586e-01
6.887817978858947754e-01
7.139634490013122559e-01
7.411838769912719727e-01
7.702594399452209473e-01
8.017828464508056641e-01
8.334044218063354492e-01
8.696678876876831055e-01
9.029114842414855957e-01
9.415992498397827148e-01
9.793598651885986328e-01
1.015811681747436523e+00
1.061502218246459961e+00
1.109901785850524902e+00
1.105100035667419434e+00
