2.283532470464706421e-01
2.592351436614990234e-01
2.884789109230041504e-01
3.159992098808288574e-01
3.417198061943054199e-01
3.655657768249511719e-01
3.874900341033935547e-01
4.074453115463256836e-01
4.254146218299865723e-01
4.414138793945312500e-01
4.554790258407592773e-01
4.676496386528015137e-01
4.780417680740356445e-01
4.867570400238037109e-01
4.940183758735656738e-01
5.000069141387939453e-01
5.049695968627929688e-01
5.091899633407592773e-01
5.129659175872802734e-01
5.165973901748657227e-01
5.204215049743652344e-01
5.247295498847961426e-01
5.297890305519104004e-01
5.358933210372924805e-01
5.431423783302307129e-01
5.517991781234741211e-01
5.617735385894775391e-01
5.737703442573547363e-01
5.871365070343017578e-01
6.022694110870361328e-01
6.189464926719665527e-01
6.369401216506958008e-01
6.565400362014770508e-01
6.778697371482849121e-01
7.012873888015747070e-01
7.244824767112731934e-01
7.501473426818847656e-01
7.775769829750061035e-01
8.045849204063415527e-01
8.338787555694580078e-01
8.608347177505493164e-01
8.652899265289306641e-01
