1.224059429405780497e-01
1.572118984669491903e-01
1.888638266951027656e-01
2.161659022859931112e-01
2.405791985934217503e-01
2.620997149295379303e-01
2.800431392054633095e-01
2.965094304735607644e-01
3.111836077314170113e-01
3.239344686804525031e-01
3.355722264507110530e-01
3.470000213598163907e-01
3.586656750768346669e-01
3.698390124567570436e-01
3.810681274169886446e-01
3.932241163612972823e-01
4.048337166199380555e-01
4.176178174300695933e-01
4.314779525097514612e-01
4.463989039766350087e-01
4.607490451108299245e-01
4.781478706432734649e-01
4.951001032850803063e-01
5.154154741915129012e-01
5.363715547400966788e-01
5.588309235647749285e-01
5.828278210834706430e-01
6.091598974512023590e-01
6.372414903048927437e-01
6.665329559684752825e-01
7.014289540336989814e-01
7.339824593044255163e-01
7.717028365134762646e-01
8.125965402135555404e-01
8.521572026681564216e-01
9.040644269632891472e-01
9.428703257149093631e-01
9.919677310981825924e-01
1.029923266447061225e+00
1.090459101315001345e+00
1.133714506663430877e+00
1.161930722774905833e+00
