2.000173683058465102e+00
1.900178073814207114e+00
1.800179374848406066e+00
1.700171336972269742e+00
1.600172141772728596e+00
1.500185685206622876e+00
1.400173478071845556e+00
1.300182294646900605e+00
1.200160768000179790e+00
1.100163688966043996e+00
1.000186706488199739e+00
9.001649571307617226e-01
8.001353389431963281e-01
7.001713369722696312e-01
6.001786845200531850e-01
5.002021581663106398e-01
3.999625783001902191e-01
2.998775876710531030e-01
2.001361145117796503e-01
9.941818995843239304e-02
5.251786540546386339e-04
-9.961812197007563485e-02
-1.999217767723850681e-01
-2.995861976310073005e-01
-4.000285503537898690e-01
-5.006195055400334271e-01
-5.992220493467708131e-01
-7.004447637616365574e-01
-8.014446268279118435e-01
-9.014670247447374996e-01
-1.000065583418440207e+00
-1.099700615640399670e+00
-1.201390093149706573e+00
-1.301814170447850971e+00
-1.396537333628661948e+00
-1.506699522616055553e+00
-1.603140120898016718e+00
-1.697439644313999185e+00
-1.798288876857773388e+00
-1.887415105156875716e+00
-1.997488368715091722e+00
-1.999635345768545847e+00
