1.300000000000000000e+01 3.500000000000000000e+00 1.800000000000000000e+01 3.000000000000000000e+00 1.000000000000000000e+00 2.500000000000000000e+01 0.000000000000000000e+00 2.500000000000000000e+01 5.826653919238378165e-02 1.099210303585795856e-02 5.839185028617144280e-01 1.156683191970884366e+02
1.300000000000000000e+01 3.500000000000000000e+00 1.800000000000000000e+01 3.000000000000000000e+00 1.000000000000000000e+00 2.500000000000000000e+01 1.000000000000000056e-01 2.500000000000000000e+01 6.263300765968748962e-02 1.163814634666193726e-02 6.024265334830060103e-01 1.136178476074760653e+02
1.300000000000000000e+01 3.500000000000000000e+00 1.800000000000000000e+01 3.000000000000000000e+00 1.000000000000000000e+00 2.500000000000000000e+01 1.000000000000000000e+00 2.500000000000000000e+01 7.438271728474865618e-02 1.564883175340447963e-02 5.576436694620491297e-01 1.194327905817547588e+02
1.300000000000000000e+01 3.500000000000000000e+00 1.800000000000000000e+01 3.000000000000000000e+00 1.000000000000000000e+00 2.500000000000000000e+01 2.000000000000000000e+00 2.500000000000000000e+01 8.241320088163051061e-02 1.844084338590668004e-02 5.390935014696683902e-01 1.249491482952342238e+02
1.300000000000000000e+01 3.500000000000000000e+00 1.800000000000000000e+01 3.000000000000000000e+00 1.000000000000000000e+00 2.500000000000000000e+01 3.000000000000000000e+00 2.500000000000000000e+01 9.275554613055936315e-02 2.292801449234849187e-02 5.337257523263407855e-01 1.272824134231753987e+02
1.300000000000000000e+01 3.500000000000000000e+00 1.800000000000000000e+01 3.000000000000000000e+00 1.000000000000000000e+00 2.500000000000000000e+01 4.000000000000000000e+00 2.500000000000000000e+01 9.872826686329050361e-02 2.566942136320560230e-02 5.128166706498914484e-01 1.322222133932168333e+02
1.300000000000000000e+01 3.500000000000000000e+00 1.800000000000000000e+01 3.000000000000000000e+00 1.000000000000000000e+00 2.500000000000000000e+01 5.000000000000000000e+00 2.500000000000000000e+01 1.054775295707877092e-01 3.002174045989036699e-02 5.048505229818129880e-01 1.362418377864820798e+02
1.300000000000000000e+01 3.500000000000000000e+00 1.800000000000000000e+01 3.000000000000000000e+00 1.000000000000000000e+00 2.500000000000000000e+01 6.000000000000000000e+00 2.500000000000000000e+01 1.123346475755369056e-01 3.063094928126841587e-02 5.234133184820041196e-01 1.335421211867912348e+02
1.300000000000000000e+01 3.500000000000000000e+00 1.800000000000000000e+01 3.000000000000000000e+00 1.000000000000000000e+00 2.500000000000000000e+01 7.000000000000000000e+00 2.500000000000000000e+01 1.202505946882324039e-01 3.357982788212954262e-02 5.356636961747258674e-01 1.334840649363518708e+02
1.300000000000000000e+01 3.500000000000000000e+00 1.800000000000000000e+01 3.000000000000000000e+00 1.000000000000000000e+00 2.500000000000000000e+01 8.000000000000000000e+00 2.500000000000000000e+01 1.287123675444994397e-01 3.444029704908202483e-02 6.007937373146947646e-01 1.256614443406064083e+02
1.300000000000000000e+01 3.500000000000000000e+00 1.800000000000000000e+01 3.000000000000000000e+00 1.000000000000000000e+00 2.500000000000000000e+01 9.000000000000000000e+00 2.500000000000000000e+01 1.317263614154922102e-01 3.471259151344563421e-02 6.134393099985095965e-01 1.245180894236354163e+02
1.300000000000000000e+01 3.500000000000000000e+00 1.800000000000000000e+01 3.000000000000000000e+00 1.000000000000000000e+00 2.500000000000000000e+01 1.000000000000000000e+01 2.500000000000000000e+01 1.329801537419057489e-01 4.089535702771041059e-02 5.437088359708593943e-01 1.331897767926319602e+02
1.300000000000000000e+01 3.500000000000000000e+00 1.800000000000000000e+01 3.000000000000000000e+00 1.000000000000000000e+00 2.500000000000000000e+01 1.100000000000000000e+01 2.500000000000000000e+01 1.409519024732102110e-01 4.515738647318023880e-02 5.379222429313591514e-01 1.358076134209878205e+02
1.300000000000000000e+01 3.500000000000000000e+00 1.800000000000000000e+01 3.000000000000000000e+00 1.000000000000000000e+00 2.500000000000000000e+01 1.200000000000000000e+01 2.500000000000000000e+01 1.480035913379817991e-01 4.643246815066559563e-02 5.689694021883979769e-01 1.330942510808522172e+02
1.300000000000000000e+01 3.500000000000000000e+00 1.800000000000000000e+01 3.000000000000000000e+00 1.000000000000000000e+00 3.500000000000000000e+01 1.000000000000000056e-01 2.500000000000000000e+01 5.499943847177490852e-02 1.173740562807967791e-02 5.302613852703167430e-01 1.143064027242524219e+02
1.300000000000000000e+01 3.500000000000000000e+00 1.800000000000000000e+01 3.000000000000000000e+00 1.000000000000000000e+00 3.500000000000000000e+01 1.000000000000000000e+00 2.500000000000000000e+01 8.676903285361126095e-02 3.182581704234044295e-02 4.558535564782513205e-01 1.264465409298489078e+02
1.300000000000000000e+01 3.500000000000000000e+00 1.800000000000000000e+01 3.000000000000000000e+00 1.000000000000000000e+00 3.500000000000000000e+01 2.000000000000000000e+00 2.500000000000000000e+01 8.274852706738133890e-02 2.808416096401789019e-02 4.475603068616616498e-01 1.265893279245747749e+02
1.300000000000000000e+01 3.500000000000000000e+00 1.800000000000000000e+01 3.000000000000000000e+00 1.000000000000000000e+00 3.500000000000000000e+01 3.000000000000000000e+00 2.500000000000000000e+01 7.505463231691011927e-02 2.528352339698702878e-02 4.327044237502845614e-01 1.297870379241566638e+02
1.300000000000000000e+01 3.500000000000000000e+00 1.800000000000000000e+01 3.000000000000000000e+00 1.000000000000000000e+00 3.500000000000000000e+01 4.000000000000000000e+00 2.500000000000000000e+01 6.883522457850377307e-02 2.343060792385065483e-02 4.271358739951706673e-01 1.317130749901689057e+02
1.300000000000000000e+01 3.500000000000000000e+00 1.800000000000000000e+01 3.000000000000000000e+00 1.000000000000000000e+00 3.500000000000000000e+01 5.000000000000000000e+00 2.500000000000000000e+01 5.776766554093293315e-02 2.086844160826473171e-02 4.104951285550918483e-01 1.336652683996338169e+02
1.300000000000000000e+01 3.500000000000000000e+00 1.800000000000000000e+01 3.000000000000000000e+00 1.000000000000000000e+00 3.500000000000000000e+01 6.000000000000000000e+00 2.500000000000000000e+01 5.616613913090406918e-02 2.054885452535026857e-02 4.038804828200777131e-01 1.380151966029906703e+02
1.300000000000000000e+01 3.500000000000000000e+00 1.800000000000000000e+01 3.000000000000000000e+00 1.000000000000000000e+00 3.500000000000000000e+01 7.000000000000000000e+00 2.500000000000000000e+01 5.276761756895087530e-02 1.891966334528794036e-02 4.201868864072637044e-01 1.358939066879759707e+02
1.300000000000000000e+01 3.500000000000000000e+00 1.800000000000000000e+01 3.000000000000000000e+00 1.000000000000000000e+00 3.500000000000000000e+01 8.000000000000000000e+00 2.500000000000000000e+01 5.162564821942372539e-02 1.719754696652509018e-02 4.648533727294567042e-01 1.290090186922461442e+02
1.300000000000000000e+01 3.500000000000000000e+00 1.800000000000000000e+01 3.000000000000000000e+00 1.000000000000000000e+00 3.500000000000000000e+01 9.000000000000000000e+00 2.500000000000000000e+01 5.036734956534560936e-02 1.631045775695505462e-02 5.094752806958453561e-01 1.240237584972445433e+02
1.300000000000000000e+01 3.500000000000000000e+00 1.800000000000000000e+01 3.000000000000000000e+00 1.000000000000000000e+00 4.000000000000000000e+01 1.000000000000000056e-01 2.500000000000000000e+01 5.212168242646408878e-02 1.211404948835825834e-02 5.303466830210648020e-01 1.127183534382438381e+02
1.300000000000000000e+01 3.500000000000000000e+00 1.800000000000000000e+01 3.000000000000000000e+00 1.000000000000000000e+00 4.000000000000000000e+01 1.000000000000000000e+00 2.500000000000000000e+01 3.831502829258015552e-02 1.232678472447323870e-02 4.551308455500017724e-01 1.154776944434798764e+02
