2.000000000000000000e+00 2.500000000000000000e+00 1.800000000000000000e+01 4.110000000000000320e+00 1.000000000000000000e+00 2.500000000000000000e+01 0.000000000000000000e+00 2.500000000000000000e+01 3.005744019622813568e-02 6.191742346318029888e-03 6.953761893004218875e-01 1.191873840859899332e+02
2.000000000000000000e+00 2.500000000000000000e+00 1.800000000000000000e+01 4.110000000000000320e+00 1.000000000000000000e+00 2.500000000000000000e+01 1.000000000000000056e-01 2.500000000000000000e+01 3.472361379882049626e-02 7.643153042451222845e-03 6.896312778926567688e-01 1.162950383708086406e+02
2.000000000000000000e+00 2.500000000000000000e+00 1.800000000000000000e+01 4.110000000000000320e+00 1.000000000000000000e+00 2.500000000000000000e+01 1.000000000000000000e+00 2.500000000000000000e+01 4.530550303488101171e-02 1.134327593771167209e-02 6.867051867927778108e-01 1.182193309941478390e+02
2.000000000000000000e+00 2.500000000000000000e+00 1.800000000000000000e+01 4.110000000000000320e+00 1.000000000000000000e+00 2.500000000000000000e+01 2.000000000000000000e+00 2.500000000000000000e+01 5.126886831870325345e-02 1.409140130025021698e-02 6.613863657728457079e-01 1.254725315959251759e+02
2.000000000000000000e+00 2.500000000000000000e+00 1.800000000000000000e+01 4.110000000000000320e+00 1.000000000000000000e+00 2.500000000000000000e+01 3.000000000000000000e+00 2.500000000000000000e+01 5.643575288450430882e-02 1.768899232892562345e-02 6.088498930883263771e-01 1.365168770832514440e+02
2.000000000000000000e+00 2.500000000000000000e+00 1.800000000000000000e+01 4.110000000000000320e+00 1.000000000000000000e+00 2.500000000000000000e+01 4.000000000000000000e+00 2.500000000000000000e+01 7.743955125353241264e-02 2.440369872684455821e-02 6.280477689158008303e-01 1.331394049213949415e+02
2.000000000000000000e+00 2.500000000000000000e+00 1.800000000000000000e+01 4.110000000000000320e+00 1.000000000000000000e+00 2.500000000000000000e+01 5.000000000000000000e+00 2.500000000000000000e+01 8.829191849445883200e-02 2.620321632503652687e-02 6.547373092329912270e-01 1.262963845122738178e+02
2.000000000000000000e+00 2.500000000000000000e+00 1.800000000000000000e+01 4.110000000000000320e+00 1.000000000000000000e+00 2.500000000000000000e+01 6.000000000000000000e+00 2.500000000000000000e+01 9.053517558410151267e-02 2.603757048154564657e-02 7.215521181840773846e-01 1.186147660269078443e+02
2.000000000000000000e+00 2.500000000000000000e+00 1.800000000000000000e+01 4.110000000000000320e+00 1.000000000000000000e+00 2.500000000000000000e+01 7.000000000000000000e+00 2.500000000000000000e+01 1.143834989304284289e-01 3.187521322345454600e-02 7.252492096924982867e-01 1.214966856679862275e+02
2.000000000000000000e+00 2.500000000000000000e+00 1.800000000000000000e+01 4.110000000000000320e+00 1.000000000000000000e+00 2.500000000000000000e+01 8.000000000000000000e+00 2.500000000000000000e+01 1.194056849957838562e-01 3.285681079997249121e-02 8.000934409899811417e-01 1.102021591948739569e+02
2.000000000000000000e+00 2.500000000000000000e+00 1.800000000000000000e+01 4.110000000000000320e+00 1.000000000000000000e+00 2.500000000000000000e+01 9.000000000000000000e+00 2.500000000000000000e+01 1.072131356390411128e-01 3.190523152359947545e-02 7.603471912407867572e-01 1.141355347963983746e+02
2.000000000000000000e+00 2.500000000000000000e+00 1.800000000000000000e+01 4.110000000000000320e+00 1.000000000000000000e+00 3.500000000000000000e+01 1.000000000000000056e-01 2.500000000000000000e+01 3.286420239867693383e-02 9.037989074584418248e-03 6.166581825267729577e-01 1.248624685805925481e+02
2.000000000000000000e+00 2.500000000000000000e+00 1.800000000000000000e+01 4.110000000000000320e+00 1.000000000000000000e+00 3.500000000000000000e+01 1.000000000000000000e+00 2.500000000000000000e+01 5.914305341511960634e-02 2.478821311341561362e-02 5.948828856531195308e-01 1.275133923924725821e+02
2.000000000000000000e+00 2.500000000000000000e+00 1.800000000000000000e+01 4.110000000000000320e+00 1.000000000000000000e+00 3.500000000000000000e+01 2.000000000000000000e+00 2.500000000000000000e+01 5.938758460588777766e-02 2.064665462529657880e-02 5.814806482835411794e-01 1.298190009496211701e+02
2.000000000000000000e+00 2.500000000000000000e+00 1.800000000000000000e+01 4.110000000000000320e+00 1.000000000000000000e+00 3.500000000000000000e+01 3.000000000000000000e+00 2.500000000000000000e+01 4.467485911372781615e-02 1.555437492122146992e-02 5.780345404042173119e-01 1.256641293690115333e+02
2.000000000000000000e+00 2.500000000000000000e+00 1.800000000000000000e+01 4.110000000000000320e+00 1.000000000000000000e+00 3.500000000000000000e+01 4.000000000000000000e+00 2.500000000000000000e+01 5.615725402634175190e-02 1.883062169288596266e-02 5.707133904948038516e-01 1.234296992427705817e+02
2.000000000000000000e+00 2.500000000000000000e+00 1.800000000000000000e+01 4.110000000000000320e+00 1.000000000000000000e+00 3.500000000000000000e+01 5.000000000000000000e+00 2.500000000000000000e+01 8.929663046935765180e-02 3.331036711639079329e-02 5.859535319318096569e-01 1.133192831569234897e+02
2.000000000000000000e+00 2.500000000000000000e+00 1.800000000000000000e+01 4.110000000000000320e+00 1.000000000000000000e+00 3.500000000000000000e+01 6.000000000000000000e+00 2.500000000000000000e+01 9.424389805490029914e-02 3.067317696875648814e-02 6.196701290604802459e-01 1.095189897039673923e+02
2.000000000000000000e+00 2.500000000000000000e+00 1.800000000000000000e+01 4.110000000000000320e+00 1.000000000000000000e+00 4.000000000000000000e+01 1.000000000000000056e-01 2.500000000000000000e+01 3.242006947805298189e-02 1.052457717404653437e-02 6.097277337629983807e-01 1.230744827100509582e+02
2.000000000000000000e+00 2.500000000000000000e+00 1.800000000000000000e+01 4.110000000000000320e+00 1.000000000000000000e+00 4.000000000000000000e+01 1.000000000000000000e+00 2.500000000000000000e+01 2.791324376477088975e-02 1.024892072867222836e-02 5.828103535797523049e-01 1.236093535339323637e+02
