3.000000000000000000e+00 2.500000000000000000e+00 1.200000000000000000e+01 3.109999999999999876e+00 1.000000000000000000e+00 2.500000000000000000e+01 0.000000000000000000e+00 2.500000000000000000e+01 7.205387986890965379e-03 2.297670851905131428e-04 1.520047007140453932e+00 4.797930642645924593e+01
3.000000000000000000e+00 2.500000000000000000e+00 1.200000000000000000e+01 3.109999999999999876e+00 1.000000000000000000e+00 2.500000000000000000e+01 1.000000000000000056e-01 2.500000000000000000e+01 9.289850734746973870e-03 3.513285996108450604e-04 1.562976064879798344e+00 4.637268747920391121e+01
3.000000000000000000e+00 2.500000000000000000e+00 1.200000000000000000e+01 3.109999999999999876e+00 1.000000000000000000e+00 2.500000000000000000e+01 1.000000000000000000e+00 2.500000000000000000e+01 2.590210794257186144e-02 2.394016470103288441e-03 1.397451912680585995e+00 5.031585854733842922e+01
3.000000000000000000e+00 2.500000000000000000e+00 1.200000000000000000e+01 3.109999999999999876e+00 1.000000000000000000e+00 2.500000000000000000e+01 2.000000000000000000e+00 2.500000000000000000e+01 3.073483712178459726e-02 2.617388245278240433e-03 1.428995846117572244e+00 4.964672024602371891e+01
3.000000000000000000e+00 2.500000000000000000e+00 1.200000000000000000e+01 3.109999999999999876e+00 1.000000000000000000e+00 2.500000000000000000e+01 3.000000000000000000e+00 2.500000000000000000e+01 4.449542893169544655e-02 5.074749981522241882e-03 1.432678440634890027e+00 4.929797712655930297e+01
3.000000000000000000e+00 2.500000000000000000e+00 1.200000000000000000e+01 3.109999999999999876e+00 1.000000000000000000e+00 2.500000000000000000e+01 4.000000000000000000e+00 2.500000000000000000e+01 4.591850699453980944e-02 5.999923494340642094e-03 1.367096891868903930e+00 5.068680668878397455e+01
3.000000000000000000e+00 2.500000000000000000e+00 1.200000000000000000e+01 3.109999999999999876e+00 1.000000000000000000e+00 2.500000000000000000e+01 5.000000000000000000e+00 2.500000000000000000e+01 4.753072702106075909e-02 6.134818518919615826e-03 1.404273170858058029e+00 4.923317519776555429e+01
3.000000000000000000e+00 2.500000000000000000e+00 1.200000000000000000e+01 3.109999999999999876e+00 1.000000000000000000e+00 2.500000000000000000e+01 6.000000000000000000e+00 2.500000000000000000e+01 4.429957681785068324e-02 4.689682032133823952e-03 1.524607108694936430e+00 4.599877043818776912e+01
3.000000000000000000e+00 2.500000000000000000e+00 1.200000000000000000e+01 3.109999999999999876e+00 1.000000000000000000e+00 2.500000000000000000e+01 7.000000000000000000e+00 2.500000000000000000e+01 4.383031690564731520e-02 4.530329404555999417e-03 1.543944242456389393e+00 4.526407030685343358e+01
3.000000000000000000e+00 2.500000000000000000e+00 1.200000000000000000e+01 3.109999999999999876e+00 1.000000000000000000e+00 2.500000000000000000e+01 8.000000000000000000e+00 2.500000000000000000e+01 4.160878994653827156e-02 3.478614491282616683e-03 1.625396967228178946e+00 4.318284177248366973e+01
3.000000000000000000e+00 2.500000000000000000e+00 1.200000000000000000e+01 3.109999999999999876e+00 1.000000000000000000e+00 2.500000000000000000e+01 9.000000000000000000e+00 2.500000000000000000e+01 4.121960381253653161e-02 3.893279613849554011e-03 1.690132787740092235e+00 4.192099879472841195e+01
3.000000000000000000e+00 2.500000000000000000e+00 1.200000000000000000e+01 3.109999999999999876e+00 1.000000000000000000e+00 3.500000000000000000e+01 1.000000000000000056e-01 2.500000000000000000e+01 1.408083431688567089e-02 8.968046565382969959e-04 1.409854015682108885e+00 4.965670178969742210e+01
3.000000000000000000e+00 2.500000000000000000e+00 1.200000000000000000e+01 3.109999999999999876e+00 1.000000000000000000e+00 3.500000000000000000e+01 1.000000000000000000e+00 2.500000000000000000e+01 1.063005195989030760e-02 5.587694660544872960e-04 1.298721154934137978e+00 4.931636866421302301e+01
3.000000000000000000e+00 2.500000000000000000e+00 1.200000000000000000e+01 3.109999999999999876e+00 1.000000000000000000e+00 3.500000000000000000e+01 2.000000000000000000e+00 2.500000000000000000e+01 1.445109067828886928e-02 6.626706755858968734e-04 1.401344280930772790e+00 4.494743770202811106e+01
3.000000000000000000e+00 2.500000000000000000e+00 1.200000000000000000e+01 3.109999999999999876e+00 1.000000000000000000e+00 3.500000000000000000e+01 3.000000000000000000e+00 2.500000000000000000e+01 4.334566858763455599e-02 4.373155314996157728e-03 1.408629549226503075e+00 4.321123778996886244e+01
3.000000000000000000e+00 2.500000000000000000e+00 1.200000000000000000e+01 3.109999999999999876e+00 1.000000000000000000e+00 3.500000000000000000e+01 4.000000000000000000e+00 2.500000000000000000e+01 5.308112967732392384e-02 5.254163604435424517e-03 1.371735215653515194e+00 4.308050597424473693e+01
3.000000000000000000e+00 2.500000000000000000e+00 1.200000000000000000e+01 3.109999999999999876e+00 1.000000000000000000e+00 3.500000000000000000e+01 5.000000000000000000e+00 2.500000000000000000e+01 3.792608582364298542e-02 2.923136395319270164e-03 1.310230434807094557e+00 4.421665724606550185e+01
3.000000000000000000e+00 2.500000000000000000e+00 1.200000000000000000e+01 3.109999999999999876e+00 1.000000000000000000e+00 3.500000000000000000e+01 6.000000000000000000e+00 2.500000000000000000e+01 6.525166038860663598e-02 6.391852161501176965e-03 1.424189962864755188e+00 4.054727983063989427e+01
3.000000000000000000e+00 2.500000000000000000e+00 1.200000000000000000e+01 3.109999999999999876e+00 1.000000000000000000e+00 4.000000000000000000e+01 1.000000000000000056e-01 2.500000000000000000e+01 9.835378358037161206e-03 4.815703785696623385e-04 1.378736783767915863e+00 4.993685416394162502e+01
3.000000000000000000e+00 2.500000000000000000e+00 1.200000000000000000e+01 3.109999999999999876e+00 1.000000000000000000e+00 4.000000000000000000e+01 1.000000000000000000e+00 2.500000000000000000e+01 1.563420937881954131e-02 8.484505529746666497e-04 1.331885770422126747e+00 4.511882492040007975e+01
