5.000000000000000000e+00 1.500000000000000000e+00 1.800000000000000000e+01 1.096000000000000085e+01 1.000000000000000000e+00 2.500000000000000000e+01 0.000000000000000000e+00 2.500000000000000000e+01 9.260728092396197653e-03 3.249833739755736417e-04 1.802145472705435569e+00 6.724673978661384410e+01
5.000000000000000000e+00 1.500000000000000000e+00 1.800000000000000000e+01 1.096000000000000085e+01 1.000000000000000000e+00 2.500000000000000000e+01 1.000000000000000056e-01 2.500000000000000000e+01 1.223470218713651469e-02 6.205418984042143649e-04 1.662345731386820846e+00 7.113720070849913668e+01
5.000000000000000000e+00 1.500000000000000000e+00 1.800000000000000000e+01 1.096000000000000085e+01 1.000000000000000000e+00 2.500000000000000000e+01 1.000000000000000000e+00 2.500000000000000000e+01 2.744538767120574541e-02 2.807454581600588028e-03 1.482739256688983431e+00 7.776525822028335710e+01
5.000000000000000000e+00 1.500000000000000000e+00 1.800000000000000000e+01 1.096000000000000085e+01 1.000000000000000000e+00 2.500000000000000000e+01 2.000000000000000000e+00 2.500000000000000000e+01 4.085578927646538183e-02 5.195219079342061619e-03 1.320964144108751404e+00 8.510026007507903500e+01
5.000000000000000000e+00 1.500000000000000000e+00 1.800000000000000000e+01 1.096000000000000085e+01 1.000000000000000000e+00 2.500000000000000000e+01 3.000000000000000000e+00 2.500000000000000000e+01 4.804339653210099037e-02 6.962680197150072914e-03 1.195795897246245465e+00 9.157060749876059447e+01
5.000000000000000000e+00 1.500000000000000000e+00 1.800000000000000000e+01 1.096000000000000085e+01 1.000000000000000000e+00 2.500000000000000000e+01 4.000000000000000000e+00 2.500000000000000000e+01 5.219677909072317767e-02 8.398875030537489295e-03 1.109736320519250752e+00 9.738524178119426722e+01
5.000000000000000000e+00 1.500000000000000000e+00 1.800000000000000000e+01 1.096000000000000085e+01 1.000000000000000000e+00 2.500000000000000000e+01 5.000000000000000000e+00 2.500000000000000000e+01 6.222146901248559736e-02 1.113936378418611817e-02 1.057940450572024904e+00 1.006340506469566378e+02
5.000000000000000000e+00 1.500000000000000000e+00 1.800000000000000000e+01 1.096000000000000085e+01 1.000000000000000000e+00 2.500000000000000000e+01 6.000000000000000000e+00 2.500000000000000000e+01 6.844092157733761006e-02 1.250176853738782512e-02 1.003338674325294777e+00 1.046439701890170682e+02
5.000000000000000000e+00 1.500000000000000000e+00 1.800000000000000000e+01 1.096000000000000085e+01 1.000000000000000000e+00 2.500000000000000000e+01 7.000000000000000000e+00 2.500000000000000000e+01 7.721032673047001360e-02 1.407541794626743226e-02 9.957321093261672917e-01 1.048749406577743599e+02
5.000000000000000000e+00 1.500000000000000000e+00 1.800000000000000000e+01 1.096000000000000085e+01 1.000000000000000000e+00 2.500000000000000000e+01 8.000000000000000000e+00 2.500000000000000000e+01 1.008258094146106121e-01 2.193497237577801684e-02 9.622013386112685529e-01 1.058994663279115258e+02
5.000000000000000000e+00 1.500000000000000000e+00 1.800000000000000000e+01 1.096000000000000085e+01 1.000000000000000000e+00 2.500000000000000000e+01 9.000000000000000000e+00 2.500000000000000000e+01 8.830098233798588936e-02 1.644662133005359017e-02 1.070183442742126179e+00 9.789785087254112739e+01
5.000000000000000000e+00 1.500000000000000000e+00 1.800000000000000000e+01 1.096000000000000085e+01 1.000000000000000000e+00 3.500000000000000000e+01 1.000000000000000056e-01 2.500000000000000000e+01 1.712643023581073010e-02 1.201742492971558107e-03 1.512912111969654028e+00 7.747276623405682017e+01
5.000000000000000000e+00 1.500000000000000000e+00 1.800000000000000000e+01 1.096000000000000085e+01 1.000000000000000000e+00 3.500000000000000000e+01 1.000000000000000000e+00 2.500000000000000000e+01 6.207430644705214107e-02 1.223143120609937462e-02 1.074769443262351798e+00 9.627752355319607602e+01
5.000000000000000000e+00 1.500000000000000000e+00 1.800000000000000000e+01 1.096000000000000085e+01 1.000000000000000000e+00 3.500000000000000000e+01 2.000000000000000000e+00 2.500000000000000000e+01 9.831635600587951274e-02 2.378529186609434909e-02 1.025278593915233127e+00 9.991687267616070756e+01
5.000000000000000000e+00 1.500000000000000000e+00 1.800000000000000000e+01 1.096000000000000085e+01 1.000000000000000000e+00 3.500000000000000000e+01 3.000000000000000000e+00 2.500000000000000000e+01 1.413669738232481432e-01 3.120552416137023499e-02 8.426453411073289157e-01 1.147490349234865619e+02
5.000000000000000000e+00 1.500000000000000000e+00 1.800000000000000000e+01 1.096000000000000085e+01 1.000000000000000000e+00 3.500000000000000000e+01 4.000000000000000000e+00 2.500000000000000000e+01 1.284814397037694622e-01 3.325760001393440746e-02 8.090265993468523931e-01 1.200048982829798945e+02
5.000000000000000000e+00 1.500000000000000000e+00 1.800000000000000000e+01 1.096000000000000085e+01 1.000000000000000000e+00 3.500000000000000000e+01 5.000000000000000000e+00 2.500000000000000000e+01 1.389982304682675363e-01 3.856263375254220804e-02 7.904721166380137554e-01 1.162636592131280366e+02
5.000000000000000000e+00 1.500000000000000000e+00 1.800000000000000000e+01 1.096000000000000085e+01 1.000000000000000000e+00 3.500000000000000000e+01 6.000000000000000000e+00 2.500000000000000000e+01 1.363730567724439346e-01 3.400212812463387912e-02 7.544218141227855279e-01 1.232069542604121324e+02
5.000000000000000000e+00 1.500000000000000000e+00 1.800000000000000000e+01 1.096000000000000085e+01 1.000000000000000000e+00 4.000000000000000000e+01 1.000000000000000056e-01 2.500000000000000000e+01 2.350227010870176159e-02 2.122270552792349108e-03 1.540082406184498875e+00 7.601156384098612762e+01
5.000000000000000000e+00 1.500000000000000000e+00 1.800000000000000000e+01 1.096000000000000085e+01 1.000000000000000000e+00 4.000000000000000000e+01 1.000000000000000000e+00 2.500000000000000000e+01 5.267936649713300667e-02 1.227283880976304253e-02 9.392184515717505455e-01 1.044465271898793901e+02
