6.000000000000000000e+00 1.500000000000000000e+00 1.800000000000000000e+01 4.849999999999999645e+00 1.000000000000000000e+00 2.500000000000000000e+01 0.000000000000000000e+00 2.500000000000000000e+01 3.327370358774395243e-05 2.794411457784917729e-08 1.190435383898241772e+00 8.748307018164223336e+01
6.000000000000000000e+00 1.500000000000000000e+00 1.800000000000000000e+01 4.849999999999999645e+00 1.000000000000000000e+00 2.500000000000000000e+01 1.000000000000000056e-01 2.500000000000000000e+01 3.441399438475212236e-04 3.026118126081556170e-06 1.105494251800573480e+00 9.251975237733566360e+01
6.000000000000000000e+00 1.500000000000000000e+00 1.800000000000000000e+01 4.849999999999999645e+00 1.000000000000000000e+00 2.500000000000000000e+01 1.000000000000000000e+00 2.500000000000000000e+01 2.976184619898347705e-03 2.148724705703930482e-04 9.972132841758996058e-01 1.005478044487818039e+02
6.000000000000000000e+00 1.500000000000000000e+00 1.800000000000000000e+01 4.849999999999999645e+00 1.000000000000000000e+00 2.500000000000000000e+01 2.000000000000000000e+00 2.500000000000000000e+01 3.957881480212810388e-03 3.236696665682714524e-04 1.054001241397608757e+00 9.653576246576042763e+01
6.000000000000000000e+00 1.500000000000000000e+00 1.800000000000000000e+01 4.849999999999999645e+00 1.000000000000000000e+00 2.500000000000000000e+01 3.000000000000000000e+00 2.500000000000000000e+01 6.360657768378130683e-03 8.162111035465713371e-04 9.558550921183071036e-01 1.057566334533282060e+02
6.000000000000000000e+00 1.500000000000000000e+00 1.800000000000000000e+01 4.849999999999999645e+00 1.000000000000000000e+00 2.500000000000000000e+01 4.000000000000000000e+00 2.500000000000000000e+01 9.413106666858794824e-03 1.820987613371904956e-03 9.096346696170518609e-01 1.090932363632214646e+02
6.000000000000000000e+00 1.500000000000000000e+00 1.800000000000000000e+01 4.849999999999999645e+00 1.000000000000000000e+00 2.500000000000000000e+01 5.000000000000000000e+00 2.500000000000000000e+01 9.991361725055103449e-03 2.042721547479642297e-03 8.866000811583233387e-01 1.106073797548867077e+02
6.000000000000000000e+00 1.500000000000000000e+00 1.800000000000000000e+01 4.849999999999999645e+00 1.000000000000000000e+00 2.500000000000000000e+01 6.000000000000000000e+00 2.500000000000000000e+01 9.348583816807920499e-03 1.511405543870081303e-03 9.265744033668683599e-01 1.061990738114833590e+02
6.000000000000000000e+00 1.500000000000000000e+00 1.800000000000000000e+01 4.849999999999999645e+00 1.000000000000000000e+00 2.500000000000000000e+01 7.000000000000000000e+00 2.500000000000000000e+01 1.171077205565240753e-02 2.420674796312027865e-03 9.368797798458764481e-01 1.049086118089794297e+02
6.000000000000000000e+00 1.500000000000000000e+00 1.800000000000000000e+01 4.849999999999999645e+00 1.000000000000000000e+00 2.500000000000000000e+01 8.000000000000000000e+00 2.500000000000000000e+01 1.214181442712791714e-02 2.298685391976418302e-03 1.030695860092292415e+00 9.902617645354267495e+01
6.000000000000000000e+00 1.500000000000000000e+00 1.800000000000000000e+01 4.849999999999999645e+00 1.000000000000000000e+00 2.500000000000000000e+01 9.000000000000000000e+00 2.500000000000000000e+01 1.209036989112854954e-02 1.916960600377271007e-03 1.133913214193416064e+00 9.263598968996140570e+01
6.000000000000000000e+00 1.500000000000000000e+00 1.800000000000000000e+01 4.849999999999999645e+00 1.000000000000000000e+00 2.500000000000000000e+01 1.000000000000000000e+01 2.500000000000000000e+01 1.308439583979348342e-02 2.044673286396792022e-03 1.218374208930981251e+00 8.908671964067616500e+01
6.000000000000000000e+00 1.500000000000000000e+00 1.800000000000000000e+01 4.849999999999999645e+00 1.000000000000000000e+00 2.500000000000000000e+01 1.100000000000000000e+01 2.500000000000000000e+01 1.284099980397779284e-02 2.458850306288562493e-03 1.004967962821419647e+00 1.032334568950317362e+02
6.000000000000000000e+00 1.500000000000000000e+00 1.800000000000000000e+01 4.849999999999999645e+00 1.000000000000000000e+00 2.500000000000000000e+01 1.200000000000000000e+01 2.500000000000000000e+01 1.353064913096302391e-02 2.837771589251580906e-03 1.013911058568389034e+00 1.006492472477795985e+02
6.000000000000000000e+00 1.500000000000000000e+00 1.800000000000000000e+01 4.849999999999999645e+00 1.000000000000000000e+00 3.500000000000000000e+01 1.000000000000000056e-01 2.500000000000000000e+01 1.191413435361221573e-03 4.730073813052904086e-05 1.002074317872282849e+00 9.970429424104413840e+01
6.000000000000000000e+00 1.500000000000000000e+00 1.800000000000000000e+01 4.849999999999999645e+00 1.000000000000000000e+00 3.500000000000000000e+01 1.000000000000000000e+00 2.500000000000000000e+01 7.671228298324672679e-03 1.753319047734125391e-03 8.650249138173856656e-01 1.115309996941386004e+02
6.000000000000000000e+00 1.500000000000000000e+00 1.800000000000000000e+01 4.849999999999999645e+00 1.000000000000000000e+00 3.500000000000000000e+01 2.000000000000000000e+00 2.500000000000000000e+01 9.458040681886714651e-03 2.590254509383882464e-03 9.011668051203226559e-01 1.077881544977323927e+02
6.000000000000000000e+00 1.500000000000000000e+00 1.800000000000000000e+01 4.849999999999999645e+00 1.000000000000000000e+00 3.500000000000000000e+01 3.000000000000000000e+00 2.500000000000000000e+01 8.749394262637988362e-03 2.509171278850086395e-03 8.580890903880310505e-01 1.118337689741440499e+02
6.000000000000000000e+00 1.500000000000000000e+00 1.800000000000000000e+01 4.849999999999999645e+00 1.000000000000000000e+00 3.500000000000000000e+01 4.000000000000000000e+00 2.500000000000000000e+01 8.026456907144652320e-03 1.939206049443864543e-03 8.989648399913521271e-01 1.074573459135476554e+02
6.000000000000000000e+00 1.500000000000000000e+00 1.800000000000000000e+01 4.849999999999999645e+00 1.000000000000000000e+00 3.500000000000000000e+01 5.000000000000000000e+00 2.500000000000000000e+01 6.509601004792919809e-03 1.518179704389721607e-03 9.009223548400459025e-01 1.073734819308979098e+02
6.000000000000000000e+00 1.500000000000000000e+00 1.800000000000000000e+01 4.849999999999999645e+00 1.000000000000000000e+00 3.500000000000000000e+01 6.000000000000000000e+00 2.500000000000000000e+01 8.040683217876321009e-03 2.267818732902826540e-03 9.208853429516992151e-01 1.023811624171078591e+02
6.000000000000000000e+00 1.500000000000000000e+00 1.800000000000000000e+01 4.849999999999999645e+00 1.000000000000000000e+00 3.500000000000000000e+01 7.000000000000000000e+00 2.500000000000000000e+01 8.114384508354888226e-03 2.567932456065680213e-03 8.835155546183374176e-01 1.059191257090369760e+02
6.000000000000000000e+00 1.500000000000000000e+00 1.800000000000000000e+01 4.849999999999999645e+00 1.000000000000000000e+00 3.500000000000000000e+01 8.000000000000000000e+00 2.500000000000000000e+01 4.859366797863140519e-03 8.840403878194180720e-04 1.025771116173362252e+00 9.356646357561410809e+01
6.000000000000000000e+00 1.500000000000000000e+00 1.800000000000000000e+01 4.849999999999999645e+00 1.000000000000000000e+00 3.500000000000000000e+01 9.000000000000000000e+00 2.500000000000000000e+01 4.718104314938242894e-03 6.172879506831652208e-04 1.093853928656289609e+00 8.976598237762534893e+01
6.000000000000000000e+00 1.500000000000000000e+00 1.800000000000000000e+01 4.849999999999999645e+00 1.000000000000000000e+00 4.000000000000000000e+01 1.000000000000000056e-01 2.500000000000000000e+01 6.393180366179862517e-04 1.532250873270690761e-05 9.906248380132961495e-01 1.000972415785153942e+02
6.000000000000000000e+00 1.500000000000000000e+00 1.800000000000000000e+01 4.849999999999999645e+00 1.000000000000000000e+00 4.000000000000000000e+01 1.000000000000000000e+00 2.500000000000000000e+01 9.273720849467537164e-06 6.473040992105438818e-09 7.889383887706533649e-01 1.158156798073553091e+02
