1.500000000000000000e+01 3.500000000000000000e+00 1.200000000000000000e+01 9.460000000000000853e+00 1.000000000000000000e+00 2.500000000000000000e+01 0.000000000000000000e+00 2.500000000000000000e+01 1.121291280462661799e-01 2.306021213745745868e-02 5.560184017226234010e-01 1.150166655737737784e+02
1.500000000000000000e+01 3.500000000000000000e+00 1.200000000000000000e+01 9.460000000000000853e+00 1.000000000000000000e+00 2.500000000000000000e+01 1.000000000000000056e-01 2.500000000000000000e+01 1.211059271626726552e-01 2.443425616710559467e-02 5.672425627159096706e-01 1.117665610393338227e+02
1.500000000000000000e+01 3.500000000000000000e+00 1.200000000000000000e+01 9.460000000000000853e+00 1.000000000000000000e+00 2.500000000000000000e+01 1.000000000000000000e+00 2.500000000000000000e+01 2.784631297008999251e-01 7.271561137144999520e-02 5.117452036702737628e-01 1.317350656839022065e+02
1.500000000000000000e+01 3.500000000000000000e+00 1.200000000000000000e+01 9.460000000000000853e+00 1.000000000000000000e+00 2.500000000000000000e+01 2.000000000000000000e+00 2.500000000000000000e+01 4.368294827846714856e-01 1.209115203684045792e-01 5.375854620635031056e-01 1.299215424991049304e+02
1.500000000000000000e+01 3.500000000000000000e+00 1.200000000000000000e+01 9.460000000000000853e+00 1.000000000000000000e+00 2.500000000000000000e+01 3.000000000000000000e+00 2.500000000000000000e+01 4.152927682747900029e-01 1.148225935256439456e-01 5.341340022426412926e-01 1.314981673032546610e+02
1.500000000000000000e+01 3.500000000000000000e+00 1.200000000000000000e+01 9.460000000000000853e+00 1.000000000000000000e+00 2.500000000000000000e+01 4.000000000000000000e+00 2.500000000000000000e+01 4.196763202391160519e-01 1.258650802003564717e-01 5.229475282105070510e-01 1.326695396931869766e+02
1.500000000000000000e+01 3.500000000000000000e+00 1.200000000000000000e+01 9.460000000000000853e+00 1.000000000000000000e+00 2.500000000000000000e+01 5.000000000000000000e+00 2.500000000000000000e+01 2.554499669453038635e-01 7.046554119052084175e-02 5.099828364109784129e-01 1.317836402517023373e+02
1.500000000000000000e+01 3.500000000000000000e+00 1.200000000000000000e+01 9.460000000000000853e+00 1.000000000000000000e+00 2.500000000000000000e+01 6.000000000000000000e+00 2.500000000000000000e+01 4.408333657785088455e-01 1.080246907617719021e-01 5.497424719777529445e-01 1.287993837943598123e+02
1.500000000000000000e+01 3.500000000000000000e+00 1.200000000000000000e+01 9.460000000000000853e+00 1.000000000000000000e+00 2.500000000000000000e+01 7.000000000000000000e+00 2.500000000000000000e+01 4.730170609870165688e-01 1.019520788919496823e-01 5.837665819771491460e-01 1.215059039687300526e+02
1.500000000000000000e+01 3.500000000000000000e+00 1.200000000000000000e+01 9.460000000000000853e+00 1.000000000000000000e+00 2.500000000000000000e+01 8.000000000000000000e+00 2.500000000000000000e+01 5.711817055563539469e-01 1.254699300738133516e-01 6.114948619606285218e-01 1.211263736893751997e+02
1.500000000000000000e+01 3.500000000000000000e+00 1.200000000000000000e+01 9.460000000000000853e+00 1.000000000000000000e+00 2.500000000000000000e+01 9.000000000000000000e+00 2.500000000000000000e+01 5.414993403594152710e-01 1.226573997434614594e-01 6.156651202207891194e-01 1.162072820060500362e+02
1.500000000000000000e+01 3.500000000000000000e+00 1.200000000000000000e+01 9.460000000000000853e+00 1.000000000000000000e+00 2.500000000000000000e+01 1.000000000000000000e+01 2.500000000000000000e+01 5.018284406324196034e-01 1.199708692494247941e-01 5.882886645404656889e-01 1.175744333112678248e+02
1.500000000000000000e+01 3.500000000000000000e+00 1.200000000000000000e+01 9.460000000000000853e+00 1.000000000000000000e+00 2.500000000000000000e+01 1.100000000000000000e+01 2.500000000000000000e+01 6.425458002123014545e-01 1.338430243064436809e-01 6.402246827482843683e-01 1.100894554290452021e+02
1.500000000000000000e+01 3.500000000000000000e+00 1.200000000000000000e+01 9.460000000000000853e+00 1.000000000000000000e+00 2.500000000000000000e+01 1.200000000000000000e+01 2.500000000000000000e+01 6.549070160018530817e-01 1.524849949425715057e-01 5.709287061764197757e-01 1.187387747035057828e+02
1.500000000000000000e+01 3.500000000000000000e+00 1.200000000000000000e+01 9.460000000000000853e+00 1.000000000000000000e+00 3.500000000000000000e+01 1.000000000000000056e-01 2.500000000000000000e+01 1.552840043492236255e-01 3.647849304820760530e-02 4.985334476928025560e-01 1.148856686578235866e+02
1.500000000000000000e+01 3.500000000000000000e+00 1.200000000000000000e+01 9.460000000000000853e+00 1.000000000000000000e+00 3.500000000000000000e+01 1.000000000000000000e+00 2.500000000000000000e+01 2.743683607936864277e-01 9.537107567603908542e-02 4.379644663155018991e-01 1.308031320960327832e+02
1.500000000000000000e+01 3.500000000000000000e+00 1.200000000000000000e+01 9.460000000000000853e+00 1.000000000000000000e+00 3.500000000000000000e+01 2.000000000000000000e+00 2.500000000000000000e+01 2.859367912530843547e-01 9.391635356882988006e-02 4.578402291936345958e-01 1.262282179797501982e+02
1.500000000000000000e+01 3.500000000000000000e+00 1.200000000000000000e+01 9.460000000000000853e+00 1.000000000000000000e+00 3.500000000000000000e+01 3.000000000000000000e+00 2.500000000000000000e+01 3.321706126788701585e-01 9.251872219498991079e-02 4.735044276285444997e-01 1.236050161568225150e+02
1.500000000000000000e+01 3.500000000000000000e+00 1.200000000000000000e+01 9.460000000000000853e+00 1.000000000000000000e+00 3.500000000000000000e+01 4.000000000000000000e+00 2.500000000000000000e+01 2.419878138640032539e-01 7.375896554181693432e-02 4.604266676405603942e-01 1.239336130498476933e+02
1.500000000000000000e+01 3.500000000000000000e+00 1.200000000000000000e+01 9.460000000000000853e+00 1.000000000000000000e+00 3.500000000000000000e+01 5.000000000000000000e+00 2.500000000000000000e+01 2.887401591283216273e-01 7.922256248470938012e-02 4.663239389854042516e-01 1.243245882211202513e+02
1.500000000000000000e+01 3.500000000000000000e+00 1.200000000000000000e+01 9.460000000000000853e+00 1.000000000000000000e+00 3.500000000000000000e+01 6.000000000000000000e+00 2.500000000000000000e+01 2.575298257513802813e-01 5.540960978890807631e-02 4.774373999003952984e-01 1.234125696252674942e+02
1.500000000000000000e+01 3.500000000000000000e+00 1.200000000000000000e+01 9.460000000000000853e+00 1.000000000000000000e+00 3.500000000000000000e+01 7.000000000000000000e+00 2.500000000000000000e+01 2.863191345201645532e-01 7.457977186073749820e-02 4.902393049796136548e-01 1.156055363880968656e+02
1.500000000000000000e+01 3.500000000000000000e+00 1.200000000000000000e+01 9.460000000000000853e+00 1.000000000000000000e+00 3.500000000000000000e+01 8.000000000000000000e+00 2.500000000000000000e+01 2.720921140629151136e-01 7.274842157829319866e-02 5.245883203647266901e-01 1.090260384642387663e+02
1.500000000000000000e+01 3.500000000000000000e+00 1.200000000000000000e+01 9.460000000000000853e+00 1.000000000000000000e+00 3.500000000000000000e+01 9.000000000000000000e+00 2.500000000000000000e+01 3.274181550376984440e-01 7.260958843459830447e-02 5.307670560253977543e-01 1.093145319861179274e+02
1.500000000000000000e+01 3.500000000000000000e+00 1.200000000000000000e+01 9.460000000000000853e+00 1.000000000000000000e+00 4.000000000000000000e+01 1.000000000000000056e-01 2.500000000000000000e+01 1.207442066329709185e-01 3.150970798444729937e-02 4.660932059987909493e-01 1.158080593005748824e+02
1.500000000000000000e+01 3.500000000000000000e+00 1.200000000000000000e+01 9.460000000000000853e+00 1.000000000000000000e+00 4.000000000000000000e+01 1.000000000000000000e+00 2.500000000000000000e+01 2.428035799734811206e-01 8.851895747809379600e-02 4.437136705666043790e-01 1.267202660150752109e+02
