1.700000000000000000e+01 3.500000000000000000e+00 1.800000000000000000e+01 9.560000000000000497e+00 1.000000000000000000e+00 2.500000000000000000e+01 0.000000000000000000e+00 2.500000000000000000e+01 1.026676051288613056e-01 5.791366564793731797e-03 1.874201609385856893e+00 7.872609041241408079e+01
1.700000000000000000e+01 3.500000000000000000e+00 1.800000000000000000e+01 9.560000000000000497e+00 1.000000000000000000e+00 2.500000000000000000e+01 1.000000000000000056e-01 2.500000000000000000e+01 1.063055508101571345e-01 5.921991134493875819e-03 1.907467163107957164e+00 7.843112712580915513e+01
1.700000000000000000e+01 3.500000000000000000e+00 1.800000000000000000e+01 9.560000000000000497e+00 1.000000000000000000e+00 2.500000000000000000e+01 1.000000000000000000e+00 2.500000000000000000e+01 1.558262399797549769e-01 9.662761164113575774e-03 1.967443961392264296e+00 7.594397554793535221e+01
1.700000000000000000e+01 3.500000000000000000e+00 1.800000000000000000e+01 9.560000000000000497e+00 1.000000000000000000e+00 2.500000000000000000e+01 2.000000000000000000e+00 2.500000000000000000e+01 2.251281910882720894e-01 1.627282231972859705e-02 1.928555244520986811e+00 7.752385071971724528e+01
1.700000000000000000e+01 3.500000000000000000e+00 1.800000000000000000e+01 9.560000000000000497e+00 1.000000000000000000e+00 2.500000000000000000e+01 3.000000000000000000e+00 2.500000000000000000e+01 2.441955347444937363e-01 1.938147068702278375e-02 1.824597386889914352e+00 7.878436782409423245e+01
1.700000000000000000e+01 3.500000000000000000e+00 1.800000000000000000e+01 9.560000000000000497e+00 1.000000000000000000e+00 2.500000000000000000e+01 4.000000000000000000e+00 2.500000000000000000e+01 2.883626272370001242e-01 2.309833232135427572e-02 1.813884051737054692e+00 7.827631467533720411e+01
1.700000000000000000e+01 3.500000000000000000e+00 1.800000000000000000e+01 9.560000000000000497e+00 1.000000000000000000e+00 2.500000000000000000e+01 5.000000000000000000e+00 2.500000000000000000e+01 3.068645217915095813e-01 2.263373358916287437e-02 1.864085262663018217e+00 7.525929169424067311e+01
1.700000000000000000e+01 3.500000000000000000e+00 1.800000000000000000e+01 9.560000000000000497e+00 1.000000000000000000e+00 2.500000000000000000e+01 6.000000000000000000e+00 2.500000000000000000e+01 3.186632917065090886e-01 2.373419308836544062e-02 1.871643316329564932e+00 7.402051105812218168e+01
1.700000000000000000e+01 3.500000000000000000e+00 1.800000000000000000e+01 9.560000000000000497e+00 1.000000000000000000e+00 2.500000000000000000e+01 7.000000000000000000e+00 2.500000000000000000e+01 3.197978350078338750e-01 2.425665119294362349e-02 1.794378680931496772e+00 7.573612385648014822e+01
1.700000000000000000e+01 3.500000000000000000e+00 1.800000000000000000e+01 9.560000000000000497e+00 1.000000000000000000e+00 2.500000000000000000e+01 8.000000000000000000e+00 2.500000000000000000e+01 3.487871288828809924e-01 2.537270594337526219e-02 1.825752599933643472e+00 7.343392789475893778e+01
1.700000000000000000e+01 3.500000000000000000e+00 1.800000000000000000e+01 9.560000000000000497e+00 1.000000000000000000e+00 2.500000000000000000e+01 9.000000000000000000e+00 2.500000000000000000e+01 3.520351671287382800e-01 2.525357837591224452e-02 1.885262361384608898e+00 7.173935675665022416e+01
1.700000000000000000e+01 3.500000000000000000e+00 1.800000000000000000e+01 9.560000000000000497e+00 1.000000000000000000e+00 2.500000000000000000e+01 1.000000000000000000e+01 2.500000000000000000e+01 3.383922879818026530e-01 2.392049053856237784e-02 1.834799338810295222e+00 7.170537795287562233e+01
1.700000000000000000e+01 3.500000000000000000e+00 1.800000000000000000e+01 9.560000000000000497e+00 1.000000000000000000e+00 2.500000000000000000e+01 1.100000000000000000e+01 2.500000000000000000e+01 3.866189251080824896e-01 2.954650031007610700e-02 1.732877461096606675e+00 7.427368921279163771e+01
1.700000000000000000e+01 3.500000000000000000e+00 1.800000000000000000e+01 9.560000000000000497e+00 1.000000000000000000e+00 2.500000000000000000e+01 1.200000000000000000e+01 2.500000000000000000e+01 4.130188560236853768e-01 2.861069744083954980e-02 1.679638685251962027e+00 7.642114870122929915e+01
1.700000000000000000e+01 3.500000000000000000e+00 1.800000000000000000e+01 9.560000000000000497e+00 1.000000000000000000e+00 3.500000000000000000e+01 1.000000000000000056e-01 2.500000000000000000e+01 1.242389369108281016e-01 9.371843997912021607e-03 1.547957883761080566e+00 8.182662566030421658e+01
1.700000000000000000e+01 3.500000000000000000e+00 1.800000000000000000e+01 9.560000000000000497e+00 1.000000000000000000e+00 3.500000000000000000e+01 1.000000000000000000e+00 2.500000000000000000e+01 1.653578967511184494e-01 1.490471719364894199e-02 1.470187545629612291e+00 8.064091545497609559e+01
1.700000000000000000e+01 3.500000000000000000e+00 1.800000000000000000e+01 9.560000000000000497e+00 1.000000000000000000e+00 3.500000000000000000e+01 2.000000000000000000e+00 2.500000000000000000e+01 1.380824309834047803e-01 1.225872811767803050e-02 1.379798324665765241e+00 8.377146342367720422e+01
1.700000000000000000e+01 3.500000000000000000e+00 1.800000000000000000e+01 9.560000000000000497e+00 1.000000000000000000e+00 3.500000000000000000e+01 3.000000000000000000e+00 2.500000000000000000e+01 1.118722218206300578e-01 9.244275511108401844e-03 1.379656964351003934e+00 8.314101979603596249e+01
1.700000000000000000e+01 3.500000000000000000e+00 1.800000000000000000e+01 9.560000000000000497e+00 1.000000000000000000e+00 3.500000000000000000e+01 4.000000000000000000e+00 2.500000000000000000e+01 9.881455725576016036e-02 9.114972169615986886e-03 1.316678165826021818e+00 8.487015742485345982e+01
1.700000000000000000e+01 3.500000000000000000e+00 1.800000000000000000e+01 9.560000000000000497e+00 1.000000000000000000e+00 3.500000000000000000e+01 5.000000000000000000e+00 2.500000000000000000e+01 8.820467758189787233e-02 7.744156180042871540e-03 1.332262538222715342e+00 8.334231113731657103e+01
1.700000000000000000e+01 3.500000000000000000e+00 1.800000000000000000e+01 9.560000000000000497e+00 1.000000000000000000e+00 3.500000000000000000e+01 6.000000000000000000e+00 2.500000000000000000e+01 8.455509056179644212e-02 6.908471624627710028e-03 1.312955742143499638e+00 8.335247035628677281e+01
1.700000000000000000e+01 3.500000000000000000e+00 1.800000000000000000e+01 9.560000000000000497e+00 1.000000000000000000e+00 3.500000000000000000e+01 7.000000000000000000e+00 2.500000000000000000e+01 9.560754295513529399e-02 8.372345791059832010e-03 1.312966109422427641e+00 8.346869122574705102e+01
1.700000000000000000e+01 3.500000000000000000e+00 1.800000000000000000e+01 9.560000000000000497e+00 1.000000000000000000e+00 3.500000000000000000e+01 8.000000000000000000e+00 2.500000000000000000e+01 8.041413577379152855e-02 5.804722924476868329e-03 1.429787691027962770e+00 7.763025084600913317e+01
1.700000000000000000e+01 3.500000000000000000e+00 1.800000000000000000e+01 9.560000000000000497e+00 1.000000000000000000e+00 3.500000000000000000e+01 9.000000000000000000e+00 2.500000000000000000e+01 4.926590170557676451e-02 2.583517170154259190e-03 1.369120480904748582e+00 7.974780224028981479e+01
1.700000000000000000e+01 3.500000000000000000e+00 1.800000000000000000e+01 9.560000000000000497e+00 1.000000000000000000e+00 4.000000000000000000e+01 1.000000000000000056e-01 2.500000000000000000e+01 1.059884567246975884e-01 8.356729247696703666e-03 1.444394723594675689e+00 8.363984665142764641e+01
1.700000000000000000e+01 3.500000000000000000e+00 1.800000000000000000e+01 9.560000000000000497e+00 1.000000000000000000e+00 4.000000000000000000e+01 1.000000000000000000e+00 2.500000000000000000e+01 7.972271770829775228e-02 6.301506437972115293e-03 1.415891174727897051e+00 8.072684074327894166e+01
