8.000000000000000000e+00 2.500000000000000000e+00 1.800000000000000000e+01 8.449999999999999289e+00 1.000000000000000000e+00 2.500000000000000000e+01 0.000000000000000000e+00 2.500000000000000000e+01 2.711065610089402611e-02 8.503716732271016099e-04 1.878082322125801173e+00 7.778316368198771613e+01
8.000000000000000000e+00 2.500000000000000000e+00 1.800000000000000000e+01 8.449999999999999289e+00 1.000000000000000000e+00 2.500000000000000000e+01 1.000000000000000056e-01 2.500000000000000000e+01 3.569076106423896277e-02 1.316771321146381624e-03 1.925647875528836206e+00 7.508564293290797309e+01
8.000000000000000000e+00 2.500000000000000000e+00 1.800000000000000000e+01 8.449999999999999289e+00 1.000000000000000000e+00 2.500000000000000000e+01 1.000000000000000000e+00 2.500000000000000000e+01 6.707148229581250121e-02 3.765727628823656303e-03 1.831636339325688478e+00 7.735981120183134863e+01
8.000000000000000000e+00 2.500000000000000000e+00 1.800000000000000000e+01 8.449999999999999289e+00 1.000000000000000000e+00 2.500000000000000000e+01 2.000000000000000000e+00 2.500000000000000000e+01 9.183564457203496900e-02 6.150324514222926808e-03 1.863479437964489893e+00 7.600102642134602604e+01
8.000000000000000000e+00 2.500000000000000000e+00 1.800000000000000000e+01 8.449999999999999289e+00 1.000000000000000000e+00 2.500000000000000000e+01 3.000000000000000000e+00 2.500000000000000000e+01 9.934511616903063391e-02 6.735002901047337787e-03 1.852274095940597221e+00 7.635653765239084123e+01
8.000000000000000000e+00 2.500000000000000000e+00 1.800000000000000000e+01 8.449999999999999289e+00 1.000000000000000000e+00 2.500000000000000000e+01 4.000000000000000000e+00 2.500000000000000000e+01 1.097996803186063186e-01 8.421836487502609714e-03 1.770313765581559728e+00 7.802678670241535031e+01
8.000000000000000000e+00 2.500000000000000000e+00 1.800000000000000000e+01 8.449999999999999289e+00 1.000000000000000000e+00 2.500000000000000000e+01 5.000000000000000000e+00 2.500000000000000000e+01 1.145453752983260909e-01 8.847848712557171424e-03 1.829084517651275998e+00 7.569637879006722869e+01
8.000000000000000000e+00 2.500000000000000000e+00 1.800000000000000000e+01 8.449999999999999289e+00 1.000000000000000000e+00 2.500000000000000000e+01 6.000000000000000000e+00 2.500000000000000000e+01 1.089443919434591734e-01 7.487642509943936986e-03 1.843893460161342812e+00 7.508166295889846253e+01
8.000000000000000000e+00 2.500000000000000000e+00 1.800000000000000000e+01 8.449999999999999289e+00 1.000000000000000000e+00 2.500000000000000000e+01 7.000000000000000000e+00 2.500000000000000000e+01 1.090347118182020125e-01 6.960264080241085338e-03 1.944586754881712398e+00 7.308963704150508534e+01
8.000000000000000000e+00 2.500000000000000000e+00 1.800000000000000000e+01 8.449999999999999289e+00 1.000000000000000000e+00 2.500000000000000000e+01 8.000000000000000000e+00 2.500000000000000000e+01 1.117043982520118384e-01 7.403411149441208039e-03 1.955729032912170595e+00 7.227270470187112039e+01
8.000000000000000000e+00 2.500000000000000000e+00 1.800000000000000000e+01 8.449999999999999289e+00 1.000000000000000000e+00 2.500000000000000000e+01 9.000000000000000000e+00 2.500000000000000000e+01 1.127682191978565118e-01 7.465030186980969873e-03 1.968508595416724294e+00 7.197377956558013068e+01
8.000000000000000000e+00 2.500000000000000000e+00 1.800000000000000000e+01 8.449999999999999289e+00 1.000000000000000000e+00 2.500000000000000000e+01 1.000000000000000000e+01 2.500000000000000000e+01 1.088565781707997449e-01 6.968618361176126541e-03 1.968397131593570881e+00 7.128029815361065857e+01
8.000000000000000000e+00 2.500000000000000000e+00 1.800000000000000000e+01 8.449999999999999289e+00 1.000000000000000000e+00 2.500000000000000000e+01 1.100000000000000000e+01 2.500000000000000000e+01 1.068616143028437993e-01 6.517051656571792861e-03 1.990054615086766177e+00 7.161502864972455029e+01
8.000000000000000000e+00 2.500000000000000000e+00 1.800000000000000000e+01 8.449999999999999289e+00 1.000000000000000000e+00 2.500000000000000000e+01 1.200000000000000000e+01 2.500000000000000000e+01 1.061208193854454862e-01 6.717935191939083950e-03 1.918768056117264198e+00 7.236608157072225822e+01
8.000000000000000000e+00 2.500000000000000000e+00 1.800000000000000000e+01 8.449999999999999289e+00 1.000000000000000000e+00 3.500000000000000000e+01 1.000000000000000056e-01 2.500000000000000000e+01 4.137946431380878920e-02 2.064937973427882767e-03 1.633382785899923917e+00 8.046001419083738426e+01
8.000000000000000000e+00 2.500000000000000000e+00 1.800000000000000000e+01 8.449999999999999289e+00 1.000000000000000000e+00 3.500000000000000000e+01 1.000000000000000000e+00 2.500000000000000000e+01 4.276450979231771754e-02 2.244647448459202721e-03 1.681008767744480492e+00 7.740770399100566124e+01
8.000000000000000000e+00 2.500000000000000000e+00 1.800000000000000000e+01 8.449999999999999289e+00 1.000000000000000000e+00 3.500000000000000000e+01 2.000000000000000000e+00 2.500000000000000000e+01 3.944220363855244216e-02 1.875403173840606286e-03 1.839496561254156726e+00 7.235913724203557251e+01
8.000000000000000000e+00 2.500000000000000000e+00 1.800000000000000000e+01 8.449999999999999289e+00 1.000000000000000000e+00 3.500000000000000000e+01 3.000000000000000000e+00 2.500000000000000000e+01 2.346597396178329298e-02 6.778178526809508497e-04 1.979883935882518209e+00 6.888909932910790701e+01
8.000000000000000000e+00 2.500000000000000000e+00 1.800000000000000000e+01 8.449999999999999289e+00 1.000000000000000000e+00 3.500000000000000000e+01 4.000000000000000000e+00 2.500000000000000000e+01 8.892544583390060708e-03 1.129176403056320055e-04 1.969836845324155261e+00 6.878059250965851845e+01
8.000000000000000000e+00 2.500000000000000000e+00 1.800000000000000000e+01 8.449999999999999289e+00 1.000000000000000000e+00 3.500000000000000000e+01 5.000000000000000000e+00 2.500000000000000000e+01 1.842683164978908827e-02 4.697380740266154930e-04 1.907029133313186797e+00 6.929685557922671535e+01
8.000000000000000000e+00 2.500000000000000000e+00 1.800000000000000000e+01 8.449999999999999289e+00 1.000000000000000000e+00 3.500000000000000000e+01 6.000000000000000000e+00 2.500000000000000000e+01 1.872378056960610770e-02 4.386441466630586206e-04 2.008942290704325728e+00 6.717171756400958316e+01
8.000000000000000000e+00 2.500000000000000000e+00 1.800000000000000000e+01 8.449999999999999289e+00 1.000000000000000000e+00 3.500000000000000000e+01 7.000000000000000000e+00 2.500000000000000000e+01 1.552329190559986749e-02 3.104038464245562068e-04 1.989301709817479225e+00 6.699490000193181061e+01
8.000000000000000000e+00 2.500000000000000000e+00 1.800000000000000000e+01 8.449999999999999289e+00 1.000000000000000000e+00 3.500000000000000000e+01 8.000000000000000000e+00 2.500000000000000000e+01 1.153974850147920783e-02 2.027045129191495931e-04 2.154903817134578681e+00 6.401244658301969537e+01
8.000000000000000000e+00 2.500000000000000000e+00 1.800000000000000000e+01 8.449999999999999289e+00 1.000000000000000000e+00 3.500000000000000000e+01 9.000000000000000000e+00 2.500000000000000000e+01 1.227242207317424949e-02 1.803106695428269290e-04 2.111206891965659249e+00 6.334832715446512452e+01
8.000000000000000000e+00 2.500000000000000000e+00 1.800000000000000000e+01 8.449999999999999289e+00 1.000000000000000000e+00 4.000000000000000000e+01 1.000000000000000056e-01 2.500000000000000000e+01 3.193173526189285738e-02 1.477053694058705346e-03 1.634260103757628979e+00 7.885506600287600065e+01
8.000000000000000000e+00 2.500000000000000000e+00 1.800000000000000000e+01 8.449999999999999289e+00 1.000000000000000000e+00 4.000000000000000000e+01 1.000000000000000000e+00 2.500000000000000000e+01 1.247362497148696292e-02 2.557577949184874910e-04 1.848425920009423074e+00 7.061732813465536651e+01
