9.000000000000000000e+00 2.500000000000000000e+00 1.400000000000000000e+01 5.490000000000000213e+00 1.000000000000000000e+00 2.500000000000000000e+01 0.000000000000000000e+00 2.500000000000000000e+01 9.987192193180005617e-03 3.464557042529570197e-04 1.469415506813845917e+00 6.478486069404725356e+01
9.000000000000000000e+00 2.500000000000000000e+00 1.400000000000000000e+01 5.490000000000000213e+00 1.000000000000000000e+00 2.500000000000000000e+01 1.000000000000000056e-01 2.500000000000000000e+01 1.146447051097254644e-02 4.212655100968021316e-04 1.458694915402066306e+00 6.419002212436588195e+01
9.000000000000000000e+00 2.500000000000000000e+00 1.400000000000000000e+01 5.490000000000000213e+00 1.000000000000000000e+00 2.500000000000000000e+01 1.000000000000000000e+00 2.500000000000000000e+01 2.693197741681840895e-02 2.058859487518605036e-03 1.360002494953716612e+00 6.743937336133146232e+01
9.000000000000000000e+00 2.500000000000000000e+00 1.400000000000000000e+01 5.490000000000000213e+00 1.000000000000000000e+00 2.500000000000000000e+01 2.000000000000000000e+00 2.500000000000000000e+01 4.032786174586400207e-02 3.671770974915000707e-03 1.364403161367775175e+00 6.781724768581202056e+01
9.000000000000000000e+00 2.500000000000000000e+00 1.400000000000000000e+01 5.490000000000000213e+00 1.000000000000000000e+00 2.500000000000000000e+01 3.000000000000000000e+00 2.500000000000000000e+01 5.526280423572949019e-02 6.695948071033130944e-03 1.300512311579225422e+00 7.040827557528780289e+01
9.000000000000000000e+00 2.500000000000000000e+00 1.400000000000000000e+01 5.490000000000000213e+00 1.000000000000000000e+00 2.500000000000000000e+01 4.000000000000000000e+00 2.500000000000000000e+01 6.184784953086985837e-02 8.574832494638862102e-03 1.207360432206573408e+00 7.364205349812158374e+01
9.000000000000000000e+00 2.500000000000000000e+00 1.400000000000000000e+01 5.490000000000000213e+00 1.000000000000000000e+00 2.500000000000000000e+01 5.000000000000000000e+00 2.500000000000000000e+01 6.740698396256949998e-02 9.742840845082811896e-03 1.205910965656703748e+00 7.361617295668177974e+01
9.000000000000000000e+00 2.500000000000000000e+00 1.400000000000000000e+01 5.490000000000000213e+00 1.000000000000000000e+00 2.500000000000000000e+01 6.000000000000000000e+00 2.500000000000000000e+01 7.415849175782973646e-02 1.038601742512623716e-02 1.235533655279979603e+00 7.146436013172147739e+01
9.000000000000000000e+00 2.500000000000000000e+00 1.400000000000000000e+01 5.490000000000000213e+00 1.000000000000000000e+00 2.500000000000000000e+01 7.000000000000000000e+00 2.500000000000000000e+01 7.418729074465013618e-02 1.130819894986800911e-02 1.207620144749038449e+00 7.308967874574412349e+01
9.000000000000000000e+00 2.500000000000000000e+00 1.400000000000000000e+01 5.490000000000000213e+00 1.000000000000000000e+00 2.500000000000000000e+01 8.000000000000000000e+00 2.500000000000000000e+01 7.703401582678415238e-02 1.176387566795633610e-02 1.242535733679925425e+00 7.085534744342841407e+01
9.000000000000000000e+00 2.500000000000000000e+00 1.400000000000000000e+01 5.490000000000000213e+00 1.000000000000000000e+00 2.500000000000000000e+01 9.000000000000000000e+00 2.500000000000000000e+01 7.707196084725964624e-02 1.015345386477628509e-02 1.352174098577698880e+00 6.647905875563500899e+01
9.000000000000000000e+00 2.500000000000000000e+00 1.400000000000000000e+01 5.490000000000000213e+00 1.000000000000000000e+00 2.500000000000000000e+01 1.000000000000000000e+01 2.500000000000000000e+01 8.646530348878589400e-02 1.324013335295015636e-02 1.232058919775287809e+00 7.033885741303676298e+01
9.000000000000000000e+00 2.500000000000000000e+00 1.400000000000000000e+01 5.490000000000000213e+00 1.000000000000000000e+00 2.500000000000000000e+01 1.100000000000000000e+01 2.500000000000000000e+01 8.025658333095475605e-02 1.310336636073694550e-02 1.169397282222189416e+00 7.261906790670562373e+01
9.000000000000000000e+00 2.500000000000000000e+00 1.400000000000000000e+01 5.490000000000000213e+00 1.000000000000000000e+00 2.500000000000000000e+01 1.200000000000000000e+01 2.500000000000000000e+01 8.531688138921489362e-02 1.292810266240218553e-02 1.204259300779875419e+00 7.100613595113377130e+01
9.000000000000000000e+00 2.500000000000000000e+00 1.400000000000000000e+01 5.490000000000000213e+00 1.000000000000000000e+00 3.500000000000000000e+01 1.000000000000000056e-01 2.500000000000000000e+01 1.821244602464622275e-02 1.105174757473070812e-03 1.345887796487206467e+00 6.681686686465002367e+01
9.000000000000000000e+00 2.500000000000000000e+00 1.400000000000000000e+01 5.490000000000000213e+00 1.000000000000000000e+00 3.500000000000000000e+01 1.000000000000000000e+00 2.500000000000000000e+01 2.789723607757621515e-02 2.644233510544991006e-03 1.129620497853500716e+00 7.156022482810503504e+01
9.000000000000000000e+00 2.500000000000000000e+00 1.400000000000000000e+01 5.490000000000000213e+00 1.000000000000000000e+00 3.500000000000000000e+01 2.000000000000000000e+00 2.500000000000000000e+01 2.198838885747478322e-02 1.622764232689810626e-03 1.141362024279101606e+00 6.968368700923298320e+01
9.000000000000000000e+00 2.500000000000000000e+00 1.400000000000000000e+01 5.490000000000000213e+00 1.000000000000000000e+00 3.500000000000000000e+01 3.000000000000000000e+00 2.500000000000000000e+01 1.845179899329263407e-02 1.119545281375922130e-03 1.155602373680355788e+00 6.733657492795489929e+01
9.000000000000000000e+00 2.500000000000000000e+00 1.400000000000000000e+01 5.490000000000000213e+00 1.000000000000000000e+00 3.500000000000000000e+01 4.000000000000000000e+00 2.500000000000000000e+01 2.178059028336343239e-02 1.607337268445974132e-03 1.088022100067616238e+00 6.971257453857217001e+01
9.000000000000000000e+00 2.500000000000000000e+00 1.400000000000000000e+01 5.490000000000000213e+00 1.000000000000000000e+00 3.500000000000000000e+01 5.000000000000000000e+00 2.500000000000000000e+01 2.049996237626383611e-02 1.367400564372900362e-03 1.045522695818068337e+00 7.067158874696760051e+01
9.000000000000000000e+00 2.500000000000000000e+00 1.400000000000000000e+01 5.490000000000000213e+00 1.000000000000000000e+00 3.500000000000000000e+01 6.000000000000000000e+00 2.500000000000000000e+01 5.889994419297051031e-02 5.817682826166903354e-03 1.062758199399270520e+00 6.866355887433716987e+01
9.000000000000000000e+00 2.500000000000000000e+00 1.400000000000000000e+01 5.490000000000000213e+00 1.000000000000000000e+00 3.500000000000000000e+01 7.000000000000000000e+00 2.500000000000000000e+01 6.239824231102608643e-02 5.724371889803903102e-03 1.051042523071392010e+00 6.892442672991931829e+01
9.000000000000000000e+00 2.500000000000000000e+00 1.400000000000000000e+01 5.490000000000000213e+00 1.000000000000000000e+00 3.500000000000000000e+01 8.000000000000000000e+00 2.500000000000000000e+01 1.205504490455311384e-03 7.359761477365722726e-06 1.176331269612291175e+00 6.517300758712856634e+01
9.000000000000000000e+00 2.500000000000000000e+00 1.400000000000000000e+01 5.490000000000000213e+00 1.000000000000000000e+00 3.500000000000000000e+01 9.000000000000000000e+00 2.500000000000000000e+01 1.080887788160667107e-02 3.644930107005173170e-04 1.208156007744548122e+00 6.287898960634407075e+01
9.000000000000000000e+00 2.500000000000000000e+00 1.400000000000000000e+01 5.490000000000000213e+00 1.000000000000000000e+00 4.000000000000000000e+01 1.000000000000000056e-01 2.500000000000000000e+01 1.538352326336833720e-02 9.591129196524494915e-04 1.281414084522069396e+00 6.781619046942012119e+01
9.000000000000000000e+00 2.500000000000000000e+00 1.400000000000000000e+01 5.490000000000000213e+00 1.000000000000000000e+00 4.000000000000000000e+01 1.000000000000000000e+00 2.500000000000000000e+01 4.405720866651918755e-03 1.066919512167086026e-04 1.109075947741629209e+00 7.008304531329358156e+01
