1.800000000000000000e+01 3.500000000000000000e+00 1.800000000000000000e+01 6.599999999999999645e+00 1.000000000000000000e+00 2.500000000000000000e+01 0.000000000000000000e+00 2.500000000000000000e+01 8.247142873988133616e-02 1.033874888937358349e-02 1.329797262206832364e+00 8.397303262116786016e+01
1.800000000000000000e+01 3.500000000000000000e+00 1.800000000000000000e+01 6.599999999999999645e+00 1.000000000000000000e+00 2.500000000000000000e+01 1.000000000000000056e-01 2.500000000000000000e+01 5.805786903712650826e-02 2.745581298708499318e-03 2.625523829141877652e+00 5.223223221851085896e+01
1.800000000000000000e+01 3.500000000000000000e+00 1.800000000000000000e+01 6.599999999999999645e+00 1.000000000000000000e+00 2.500000000000000000e+01 1.000000000000000000e+00 2.500000000000000000e+01 1.281866859683757909e-01 2.242659594211082741e-02 1.283323698171884963e+00 8.569166889416489141e+01
1.800000000000000000e+01 3.500000000000000000e+00 1.800000000000000000e+01 6.599999999999999645e+00 1.000000000000000000e+00 2.500000000000000000e+01 2.000000000000000000e+00 2.500000000000000000e+01 1.588057617337541583e-01 3.390210051281128401e-02 1.217419081416660775e+00 9.044109839416820762e+01
1.800000000000000000e+01 3.500000000000000000e+00 1.800000000000000000e+01 6.599999999999999645e+00 1.000000000000000000e+00 2.500000000000000000e+01 3.000000000000000000e+00 2.500000000000000000e+01 1.763663709387748302e-01 4.251511705721489065e-02 1.173246993234349889e+00 9.379274276369180541e+01
1.800000000000000000e+01 3.500000000000000000e+00 1.800000000000000000e+01 6.599999999999999645e+00 1.000000000000000000e+00 2.500000000000000000e+01 4.000000000000000000e+00 2.500000000000000000e+01 1.827510812750838820e-01 4.378524027239039107e-02 1.180409922298356618e+00 9.210652926682504926e+01
1.800000000000000000e+01 3.500000000000000000e+00 1.800000000000000000e+01 6.599999999999999645e+00 1.000000000000000000e+00 2.500000000000000000e+01 5.000000000000000000e+00 2.500000000000000000e+01 1.855687805202246299e-01 4.117640284984247501e-02 1.227290156566383628e+00 8.935285265780180453e+01
1.800000000000000000e+01 3.500000000000000000e+00 1.800000000000000000e+01 6.599999999999999645e+00 1.000000000000000000e+00 2.500000000000000000e+01 6.000000000000000000e+00 2.500000000000000000e+01 2.254506616955844756e-01 4.767303143324519432e-02 1.255727442460284227e+00 8.786132301086647090e+01
1.800000000000000000e+01 3.500000000000000000e+00 1.800000000000000000e+01 6.599999999999999645e+00 1.000000000000000000e+00 2.500000000000000000e+01 7.000000000000000000e+00 2.500000000000000000e+01 2.224368873041939754e-01 4.105840854375619742e-02 1.163108618035911590e+00 9.530317180218735018e+01
1.800000000000000000e+01 3.500000000000000000e+00 1.800000000000000000e+01 6.599999999999999645e+00 1.000000000000000000e+00 2.500000000000000000e+01 8.000000000000000000e+00 2.500000000000000000e+01 2.348499151559495512e-01 3.860524577606327945e-02 1.236043414772944438e+00 8.821567857320191308e+01
1.800000000000000000e+01 3.500000000000000000e+00 1.800000000000000000e+01 6.599999999999999645e+00 1.000000000000000000e+00 2.500000000000000000e+01 9.000000000000000000e+00 2.500000000000000000e+01 2.239668599450412856e-01 3.203919498082119510e-02 1.280662222494457714e+00 8.347857969232013886e+01
1.800000000000000000e+01 3.500000000000000000e+00 1.800000000000000000e+01 6.599999999999999645e+00 1.000000000000000000e+00 2.500000000000000000e+01 1.000000000000000000e+01 2.500000000000000000e+01 2.415233642745202580e-01 3.382352068384175681e-02 1.207786722435777227e+00 8.631418562869752975e+01
1.800000000000000000e+01 3.500000000000000000e+00 1.800000000000000000e+01 6.599999999999999645e+00 1.000000000000000000e+00 2.500000000000000000e+01 1.100000000000000000e+01 2.500000000000000000e+01 2.316322277817681741e-01 2.734696096442501556e-02 1.319941291800502237e+00 8.036335650050939705e+01
1.800000000000000000e+01 3.500000000000000000e+00 1.800000000000000000e+01 6.599999999999999645e+00 1.000000000000000000e+00 2.500000000000000000e+01 1.200000000000000000e+01 2.500000000000000000e+01 2.334391402750848332e-01 2.877234896490565852e-02 1.265176065240770642e+00 7.941973548731205312e+01
1.800000000000000000e+01 3.500000000000000000e+00 1.800000000000000000e+01 6.599999999999999645e+00 1.000000000000000000e+00 3.500000000000000000e+01 1.000000000000000056e-01 2.500000000000000000e+01 9.959400202368651200e-02 2.003673227417901437e-02 1.155932976492558106e+00 8.973199952927572554e+01
1.800000000000000000e+01 3.500000000000000000e+00 1.800000000000000000e+01 6.599999999999999645e+00 1.000000000000000000e+00 3.500000000000000000e+01 1.000000000000000000e+00 2.500000000000000000e+01 9.384316572853812488e-02 1.465864535541050451e-02 1.060563234860988358e+00 8.541791970857721594e+01
1.800000000000000000e+01 3.500000000000000000e+00 1.800000000000000000e+01 6.599999999999999645e+00 1.000000000000000000e+00 3.500000000000000000e+01 2.000000000000000000e+00 2.500000000000000000e+01 7.722111140039755739e-02 1.163826015063684771e-02 1.032485846871427970e+00 8.640468075677929960e+01
1.800000000000000000e+01 3.500000000000000000e+00 1.800000000000000000e+01 6.599999999999999645e+00 1.000000000000000000e+00 3.500000000000000000e+01 3.000000000000000000e+00 2.500000000000000000e+01 7.106921571617297317e-02 1.258091437869324203e-02 1.045517847162623637e+00 8.741054655131128470e+01
1.800000000000000000e+01 3.500000000000000000e+00 1.800000000000000000e+01 6.599999999999999645e+00 1.000000000000000000e+00 3.500000000000000000e+01 4.000000000000000000e+00 2.500000000000000000e+01 8.006763358244395334e-02 1.308330603176210971e-02 9.857076862061826539e-01 8.717502065263791167e+01
1.800000000000000000e+01 3.500000000000000000e+00 1.800000000000000000e+01 6.599999999999999645e+00 1.000000000000000000e+00 3.500000000000000000e+01 5.000000000000000000e+00 2.500000000000000000e+01 7.148732072307684149e-02 1.092586757043756407e-02 1.009918062137202810e+00 8.613367140799996946e+01
1.800000000000000000e+01 3.500000000000000000e+00 1.800000000000000000e+01 6.599999999999999645e+00 1.000000000000000000e+00 3.500000000000000000e+01 6.000000000000000000e+00 2.500000000000000000e+01 7.824667658162343109e-02 1.190444131189449806e-02 1.077157190768969652e+00 8.187594313790616241e+01
1.800000000000000000e+01 3.500000000000000000e+00 1.800000000000000000e+01 6.599999999999999645e+00 1.000000000000000000e+00 3.500000000000000000e+01 7.000000000000000000e+00 2.500000000000000000e+01 8.149282916047750902e-02 1.189143823167082559e-02 1.064013378232941953e+00 8.183470938078141899e+01
1.800000000000000000e+01 3.500000000000000000e+00 1.800000000000000000e+01 6.599999999999999645e+00 1.000000000000000000e+00 3.500000000000000000e+01 8.000000000000000000e+00 2.500000000000000000e+01 7.509644972554951892e-02 1.018357673182701539e-02 1.198900405011096293e+00 7.445797761164293149e+01
1.800000000000000000e+01 3.500000000000000000e+00 1.800000000000000000e+01 6.599999999999999645e+00 1.000000000000000000e+00 3.500000000000000000e+01 9.000000000000000000e+00 2.500000000000000000e+01 8.768196985158227541e-02 1.255143262132429882e-02 1.185950593132570230e+00 7.314137859490986671e+01
1.800000000000000000e+01 3.500000000000000000e+00 1.800000000000000000e+01 6.599999999999999645e+00 1.000000000000000000e+00 4.000000000000000000e+01 1.000000000000000056e-01 2.500000000000000000e+01 8.641341921967971018e-02 1.890068735406824629e-02 1.096871195103814589e+00 9.174495574456784652e+01
1.800000000000000000e+01 3.500000000000000000e+00 1.800000000000000000e+01 6.599999999999999645e+00 1.000000000000000000e+00 4.000000000000000000e+01 1.000000000000000000e+00 2.500000000000000000e+01 5.267993299797013584e-02 9.095888757960857163e-03 9.919441801188098040e-01 9.022508817996475727e+01
