1.100000000000000000e+01 3.500000000000000000e+00 1.200000000000000000e+01 4.450000000000000178e+00 1.000000000000000000e+00 2.500000000000000000e+01 0.000000000000000000e+00 2.500000000000000000e+01 1.340615047292303963e-02 2.803718815034272893e-04 2.505011814205908127e+00 3.560271162895785579e+01
1.100000000000000000e+01 3.500000000000000000e+00 1.200000000000000000e+01 4.450000000000000178e+00 1.000000000000000000e+00 2.500000000000000000e+01 1.000000000000000056e-01 2.500000000000000000e+01 2.300894216918525359e-02 8.040257202268641379e-04 2.542107946198181700e+00 3.462087192420202797e+01
1.100000000000000000e+01 3.500000000000000000e+00 1.200000000000000000e+01 4.450000000000000178e+00 1.000000000000000000e+00 2.500000000000000000e+01 1.000000000000000000e+00 2.500000000000000000e+01 4.267594616279435371e-02 2.090399958170285899e-03 2.368326017348568069e+00 3.527018153090474328e+01
1.100000000000000000e+01 3.500000000000000000e+00 1.200000000000000000e+01 4.450000000000000178e+00 1.000000000000000000e+00 2.500000000000000000e+01 2.000000000000000000e+00 2.500000000000000000e+01 4.701380796158471931e-02 2.416401131025036619e-03 2.197730862761866799e+00 3.680513622487722358e+01
1.100000000000000000e+01 3.500000000000000000e+00 1.200000000000000000e+01 4.450000000000000178e+00 1.000000000000000000e+00 2.500000000000000000e+01 3.000000000000000000e+00 2.500000000000000000e+01 4.714444221034752580e-02 2.786467824839267138e-03 1.921943453594012530e+00 4.068160579665487120e+01
1.100000000000000000e+01 3.500000000000000000e+00 1.200000000000000000e+01 4.450000000000000178e+00 1.000000000000000000e+00 2.500000000000000000e+01 4.000000000000000000e+00 2.500000000000000000e+01 4.695570439836616039e-02 3.367256641060745181e-03 1.680707940793660704e+00 4.496190682290811935e+01
1.100000000000000000e+01 3.500000000000000000e+00 1.200000000000000000e+01 4.450000000000000178e+00 1.000000000000000000e+00 2.500000000000000000e+01 5.000000000000000000e+00 2.500000000000000000e+01 4.582823801571467293e-02 3.605959391356661214e-03 1.537794105216514495e+00 4.826660903263676516e+01
1.100000000000000000e+01 3.500000000000000000e+00 1.200000000000000000e+01 4.450000000000000178e+00 1.000000000000000000e+00 2.500000000000000000e+01 6.000000000000000000e+00 2.500000000000000000e+01 5.750058436612537349e-02 5.631379372786238235e-03 1.453800085771312478e+00 4.980347894930420694e+01
1.100000000000000000e+01 3.500000000000000000e+00 1.200000000000000000e+01 4.450000000000000178e+00 1.000000000000000000e+00 2.500000000000000000e+01 7.000000000000000000e+00 2.500000000000000000e+01 5.595394758050376005e-02 4.898734986359398746e-03 1.480126644802576719e+00 4.950620774851111605e+01
1.100000000000000000e+01 3.500000000000000000e+00 1.200000000000000000e+01 4.450000000000000178e+00 1.000000000000000000e+00 2.500000000000000000e+01 8.000000000000000000e+00 2.500000000000000000e+01 4.971235045465771663e-02 4.234362012021763988e-03 1.449874983684343865e+00 5.014575997276009645e+01
1.100000000000000000e+01 3.500000000000000000e+00 1.200000000000000000e+01 4.450000000000000178e+00 1.000000000000000000e+00 2.500000000000000000e+01 9.000000000000000000e+00 2.500000000000000000e+01 5.191791251867661217e-02 4.929333748157294082e-03 1.377260199924649653e+00 5.200648689568203054e+01
1.100000000000000000e+01 3.500000000000000000e+00 1.200000000000000000e+01 4.450000000000000178e+00 1.000000000000000000e+00 2.500000000000000000e+01 1.000000000000000000e+01 2.500000000000000000e+01 5.745191587468290173e-02 6.898712651872696000e-03 1.282936913736931972e+00 5.430147971094639558e+01
1.100000000000000000e+01 3.500000000000000000e+00 1.200000000000000000e+01 4.450000000000000178e+00 1.000000000000000000e+00 2.500000000000000000e+01 1.100000000000000000e+01 2.500000000000000000e+01 4.937739214277825361e-02 5.589653950665685045e-03 1.155999202790515046e+00 5.913562952895976110e+01
1.100000000000000000e+01 3.500000000000000000e+00 1.200000000000000000e+01 4.450000000000000178e+00 1.000000000000000000e+00 2.500000000000000000e+01 1.200000000000000000e+01 2.500000000000000000e+01 4.370780727815226641e-02 4.795045504530470737e-03 1.096309830680705311e+00 6.049077172705009531e+01
1.100000000000000000e+01 3.500000000000000000e+00 1.200000000000000000e+01 4.450000000000000178e+00 1.000000000000000000e+00 3.500000000000000000e+01 1.000000000000000056e-01 2.500000000000000000e+01 1.084418107844076218e-02 2.526595765595107679e-04 2.204612783846021440e+00 3.732456474623795373e+01
1.100000000000000000e+01 3.500000000000000000e+00 1.200000000000000000e+01 4.450000000000000178e+00 1.000000000000000000e+00 3.500000000000000000e+01 1.000000000000000000e+00 2.500000000000000000e+01 1.076807157043280228e-04 2.054497705294977550e-08 2.808852884025367036e+00 2.740589447651709065e+01
1.100000000000000000e+01 3.500000000000000000e+00 1.200000000000000000e+01 4.450000000000000178e+00 1.000000000000000000e+00 3.500000000000000000e+01 2.000000000000000000e+00 2.500000000000000000e+01 8.039980666985080404e-05 1.336860244727233749e-08 3.153124198994524452e+00 2.416414220648375633e+01
1.100000000000000000e+01 3.500000000000000000e+00 1.200000000000000000e+01 4.450000000000000178e+00 1.000000000000000000e+00 3.500000000000000000e+01 3.000000000000000000e+00 2.500000000000000000e+01 7.571900372616013897e-05 1.341687960731974272e-08 3.261038801696654499e+00 2.336853121965015134e+01
1.100000000000000000e+01 3.500000000000000000e+00 1.200000000000000000e+01 4.450000000000000178e+00 1.000000000000000000e+00 3.500000000000000000e+01 4.000000000000000000e+00 2.500000000000000000e+01 6.437895821131967011e-05 1.276217709289539926e-08 3.034217784132322127e+00 2.491306742012188735e+01
1.100000000000000000e+01 3.500000000000000000e+00 1.200000000000000000e+01 4.450000000000000178e+00 1.000000000000000000e+00 3.500000000000000000e+01 5.000000000000000000e+00 2.500000000000000000e+01 6.023965866197578123e-05 1.310856512226621362e-08 2.993089411797341004e+00 2.524485685047519468e+01
1.100000000000000000e+01 3.500000000000000000e+00 1.200000000000000000e+01 4.450000000000000178e+00 1.000000000000000000e+00 3.500000000000000000e+01 6.000000000000000000e+00 2.500000000000000000e+01 5.867862352637587264e-05 1.305664265593975415e-08 3.050248210851426833e+00 2.489383546752299381e+01
1.100000000000000000e+01 3.500000000000000000e+00 1.200000000000000000e+01 4.450000000000000178e+00 1.000000000000000000e+00 3.500000000000000000e+01 7.000000000000000000e+00 2.500000000000000000e+01 5.691093479565090263e-05 1.307145058859759956e-08 3.052958617972629352e+00 2.492675908172690313e+01
1.100000000000000000e+01 3.500000000000000000e+00 1.200000000000000000e+01 4.450000000000000178e+00 1.000000000000000000e+00 3.500000000000000000e+01 8.000000000000000000e+00 2.500000000000000000e+01 5.849072951624734173e-05 1.343162026046229585e-08 2.990381268602718468e+00 2.528434453917808611e+01
1.100000000000000000e+01 3.500000000000000000e+00 1.200000000000000000e+01 4.450000000000000178e+00 1.000000000000000000e+00 3.500000000000000000e+01 9.000000000000000000e+00 2.500000000000000000e+01 1.928141189428966840e-04 9.619416041495298941e-08 3.100185374779230063e+00 2.399551896446394039e+01
1.100000000000000000e+01 3.500000000000000000e+00 1.200000000000000000e+01 4.450000000000000178e+00 1.000000000000000000e+00 4.000000000000000000e+01 1.000000000000000056e-01 2.500000000000000000e+01 6.879928168708859815e-03 1.206151699217894446e-04 2.336670602157731036e+00 3.456724401843565886e+01
1.100000000000000000e+01 3.500000000000000000e+00 1.200000000000000000e+01 4.450000000000000178e+00 1.000000000000000000e+00 4.000000000000000000e+01 1.000000000000000000e+00 2.500000000000000000e+01 4.019013128919723954e-05 6.730317192449319919e-09 3.586437872506327285e+00 2.124739542920792701e+01
