1.000000000000000000e+00 2.500000000000000000e+00 1.800000000000000000e+01 3.709999999999999964e+00 1.000000000000000000e+00 2.500000000000000000e+01 0.000000000000000000e+00 2.500000000000000000e+01 2.675842163885011615e-02 3.676611657881467821e-03 9.013396016165097224e-01 9.672261971396666524e+01
1.000000000000000000e+00 2.500000000000000000e+00 1.800000000000000000e+01 3.709999999999999964e+00 1.000000000000000000e+00 2.500000000000000000e+01 1.000000000000000056e-01 2.500000000000000000e+01 3.037684211021618452e-02 4.182571438419824261e-03 9.238841233142639497e-01 9.392841018001534792e+01
1.000000000000000000e+00 2.500000000000000000e+00 1.800000000000000000e+01 3.709999999999999964e+00 1.000000000000000000e+00 2.500000000000000000e+01 1.000000000000000000e+00 2.500000000000000000e+01 5.069361426993257425e-02 1.050296193639010944e-02 8.388995409003529025e-01 1.017990854539934276e+02
1.000000000000000000e+00 2.500000000000000000e+00 1.800000000000000000e+01 3.709999999999999964e+00 1.000000000000000000e+00 2.500000000000000000e+01 2.000000000000000000e+00 2.500000000000000000e+01 6.492285568664124540e-02 1.533452241574462249e-02 8.633585445031063399e-01 1.024351327970083645e+02
1.000000000000000000e+00 2.500000000000000000e+00 1.800000000000000000e+01 3.709999999999999964e+00 1.000000000000000000e+00 2.500000000000000000e+01 3.000000000000000000e+00 2.500000000000000000e+01 7.721250480039021369e-02 1.845073982266276502e-02 9.181873600006454916e-01 9.874332599748082373e+01
1.000000000000000000e+00 2.500000000000000000e+00 1.800000000000000000e+01 3.709999999999999964e+00 1.000000000000000000e+00 2.500000000000000000e+01 4.000000000000000000e+00 2.500000000000000000e+01 7.919809638927000073e-02 1.942452249094661632e-02 9.532817814298901737e-01 9.579451676690337081e+01
1.000000000000000000e+00 2.500000000000000000e+00 1.800000000000000000e+01 3.709999999999999964e+00 1.000000000000000000e+00 2.500000000000000000e+01 5.000000000000000000e+00 2.500000000000000000e+01 7.989196595381864441e-02 2.055989273520730798e-02 9.224139141880486337e-01 9.773219872966407706e+01
1.000000000000000000e+00 2.500000000000000000e+00 1.800000000000000000e+01 3.709999999999999964e+00 1.000000000000000000e+00 2.500000000000000000e+01 6.000000000000000000e+00 2.500000000000000000e+01 7.361709149762285520e-02 1.549586860762230955e-02 1.019938081988874146e+00 9.064640675276605464e+01
1.000000000000000000e+00 2.500000000000000000e+00 1.800000000000000000e+01 3.709999999999999964e+00 1.000000000000000000e+00 2.500000000000000000e+01 7.000000000000000000e+00 2.500000000000000000e+01 7.776274148661355134e-02 1.608139017930287906e-02 1.081171831688707119e+00 8.530568928889891822e+01
1.000000000000000000e+00 2.500000000000000000e+00 1.800000000000000000e+01 3.709999999999999964e+00 1.000000000000000000e+00 2.500000000000000000e+01 8.000000000000000000e+00 2.500000000000000000e+01 8.466840009988207960e-02 1.613143344007084146e-02 1.140193850400782916e+00 8.228565787404852472e+01
1.000000000000000000e+00 2.500000000000000000e+00 1.800000000000000000e+01 3.709999999999999964e+00 1.000000000000000000e+00 2.500000000000000000e+01 9.000000000000000000e+00 2.500000000000000000e+01 7.530500931903150175e-02 1.250011540230633322e-02 1.201019192436769245e+00 7.765457737246511272e+01
1.000000000000000000e+00 2.500000000000000000e+00 1.800000000000000000e+01 3.709999999999999964e+00 1.000000000000000000e+00 3.500000000000000000e+01 1.000000000000000056e-01 2.500000000000000000e+01 2.431993576783586519e-02 3.782111049289049731e-03 8.563030518683510950e-01 9.904649630681926453e+01
1.000000000000000000e+00 2.500000000000000000e+00 1.800000000000000000e+01 3.709999999999999964e+00 1.000000000000000000e+00 3.500000000000000000e+01 1.000000000000000000e+00 2.500000000000000000e+01 2.477693629841692946e-02 4.486028378032358432e-03 8.997245538763243289e-01 9.447889389096226864e+01
1.000000000000000000e+00 2.500000000000000000e+00 1.800000000000000000e+01 3.709999999999999964e+00 1.000000000000000000e+00 3.500000000000000000e+01 2.000000000000000000e+00 2.500000000000000000e+01 2.212181373766353154e-02 2.593674499853593218e-03 1.067570261528066444e+00 8.145028991144930330e+01
1.000000000000000000e+00 2.500000000000000000e+00 1.800000000000000000e+01 3.709999999999999964e+00 1.000000000000000000e+00 3.500000000000000000e+01 3.000000000000000000e+00 2.500000000000000000e+01 6.036518330784246267e-02 1.107150118535615846e-02 1.159942046820070960e+00 7.446199505292588583e+01
1.000000000000000000e+00 2.500000000000000000e+00 1.800000000000000000e+01 3.709999999999999964e+00 1.000000000000000000e+00 3.500000000000000000e+01 4.000000000000000000e+00 2.500000000000000000e+01 3.341659463827273413e-02 4.046177099634284957e-03 1.153402846334971033e+00 7.595052328352733184e+01
1.000000000000000000e+00 2.500000000000000000e+00 1.800000000000000000e+01 3.709999999999999964e+00 1.000000000000000000e+00 3.500000000000000000e+01 5.000000000000000000e+00 2.500000000000000000e+01 4.069310368066458850e-02 4.285953337161529930e-03 1.155554356803326188e+00 7.218163859674024252e+01
1.000000000000000000e+00 2.500000000000000000e+00 1.800000000000000000e+01 3.709999999999999964e+00 1.000000000000000000e+00 3.500000000000000000e+01 6.000000000000000000e+00 2.500000000000000000e+01 7.615063856388881725e-02 8.642505041549508604e-03 1.200113246769817232e+00 6.996168225739933177e+01
1.000000000000000000e+00 2.500000000000000000e+00 1.800000000000000000e+01 3.709999999999999964e+00 1.000000000000000000e+00 4.000000000000000000e+01 1.000000000000000056e-01 2.500000000000000000e+01 1.984360110418625922e-02 3.307939988775210338e-03 8.578245184344469587e-01 9.890882601675957631e+01
1.000000000000000000e+00 2.500000000000000000e+00 1.800000000000000000e+01 3.709999999999999964e+00 1.000000000000000000e+00 4.000000000000000000e+01 1.000000000000000000e+00 2.500000000000000000e+01 1.118506874149982622e-02 1.051161039735015734e-03 1.005823425781052993e+00 8.546669800793421246e+01
