4.000000000000000000e+00 3.500000000000000000e+00 1.200000000000000000e+01 5.000000000000000000e+00 1.000000000000000000e+00 2.500000000000000000e+01 0.000000000000000000e+00 2.500000000000000000e+01 4.560507891520915180e-02 4.160319512173771273e-03 1.214136752489394677e+00 5.870328435160593017e+01
4.000000000000000000e+00 3.500000000000000000e+00 1.200000000000000000e+01 5.000000000000000000e+00 1.000000000000000000e+00 2.500000000000000000e+01 1.000000000000000056e-01 2.500000000000000000e+01 5.096137297714120606e-02 5.121960356024857219e-03 1.212665529771686845e+00 5.768238553269839741e+01
4.000000000000000000e+00 3.500000000000000000e+00 1.200000000000000000e+01 5.000000000000000000e+00 1.000000000000000000e+00 2.500000000000000000e+01 1.000000000000000000e+00 2.500000000000000000e+01 8.376348176427561576e-02 1.348412641415364099e-02 1.076860032699347158e+00 6.374657502180322410e+01
4.000000000000000000e+00 3.500000000000000000e+00 1.200000000000000000e+01 5.000000000000000000e+00 1.000000000000000000e+00 2.500000000000000000e+01 2.000000000000000000e+00 2.500000000000000000e+01 1.167418808172522304e-01 2.399502939855890915e-02 1.066117921555333581e+00 6.483460452398854557e+01
4.000000000000000000e+00 3.500000000000000000e+00 1.200000000000000000e+01 5.000000000000000000e+00 1.000000000000000000e+00 2.500000000000000000e+01 3.000000000000000000e+00 2.500000000000000000e+01 1.369518009547570081e-01 3.213373334819769056e-02 1.038252675260512792e+00 6.701338937485675729e+01
4.000000000000000000e+00 3.500000000000000000e+00 1.200000000000000000e+01 5.000000000000000000e+00 1.000000000000000000e+00 2.500000000000000000e+01 4.000000000000000000e+00 2.500000000000000000e+01 1.371437018504393368e-01 3.331852268340051992e-02 1.030631085606064756e+00 6.673981604323427064e+01
4.000000000000000000e+00 3.500000000000000000e+00 1.200000000000000000e+01 5.000000000000000000e+00 1.000000000000000000e+00 2.500000000000000000e+01 5.000000000000000000e+00 2.500000000000000000e+01 1.545609972863413173e-01 3.896263249123799177e-02 1.011686390028437854e+00 6.787592905256707354e+01
4.000000000000000000e+00 3.500000000000000000e+00 1.200000000000000000e+01 5.000000000000000000e+00 1.000000000000000000e+00 2.500000000000000000e+01 6.000000000000000000e+00 2.500000000000000000e+01 1.670183797704345441e-01 3.417320889711827903e-02 9.597929234184284786e-01 7.008904855739028505e+01
4.000000000000000000e+00 3.500000000000000000e+00 1.200000000000000000e+01 5.000000000000000000e+00 1.000000000000000000e+00 2.500000000000000000e+01 7.000000000000000000e+00 2.500000000000000000e+01 1.633127750134735212e-01 2.726856054889581493e-02 9.925079375111254265e-01 6.765654487172537301e+01
4.000000000000000000e+00 3.500000000000000000e+00 1.200000000000000000e+01 5.000000000000000000e+00 1.000000000000000000e+00 2.500000000000000000e+01 8.000000000000000000e+00 2.500000000000000000e+01 1.834975949090835723e-01 2.958116313324254953e-02 1.005305519453416396e+00 6.379800854288660616e+01
4.000000000000000000e+00 3.500000000000000000e+00 1.200000000000000000e+01 5.000000000000000000e+00 1.000000000000000000e+00 2.500000000000000000e+01 9.000000000000000000e+00 2.500000000000000000e+01 1.665754809387720581e-01 2.587634945139960507e-02 9.889061261813755221e-01 6.357223054774850368e+01
4.000000000000000000e+00 3.500000000000000000e+00 1.200000000000000000e+01 5.000000000000000000e+00 1.000000000000000000e+00 2.500000000000000000e+01 1.000000000000000000e+01 2.500000000000000000e+01 1.702025230700847658e-01 2.460204455638170806e-02 1.088587939544243710e+00 5.782131920182553131e+01
4.000000000000000000e+00 3.500000000000000000e+00 1.200000000000000000e+01 5.000000000000000000e+00 1.000000000000000000e+00 2.500000000000000000e+01 1.100000000000000000e+01 2.500000000000000000e+01 1.669820895842333286e-01 2.464136881611111995e-02 1.043592079560207830e+00 5.905114247838130126e+01
4.000000000000000000e+00 3.500000000000000000e+00 1.200000000000000000e+01 5.000000000000000000e+00 1.000000000000000000e+00 2.500000000000000000e+01 1.200000000000000000e+01 2.500000000000000000e+01 1.681049922327111368e-01 2.612793583125960772e-02 9.974675924231584112e-01 5.759679034392546271e+01
4.000000000000000000e+00 3.500000000000000000e+00 1.200000000000000000e+01 5.000000000000000000e+00 1.000000000000000000e+00 3.500000000000000000e+01 1.000000000000000056e-01 2.500000000000000000e+01 7.272749714836579393e-02 1.272613123909405175e-02 1.069255418604864616e+00 6.261363036942289995e+01
4.000000000000000000e+00 3.500000000000000000e+00 1.200000000000000000e+01 5.000000000000000000e+00 1.000000000000000000e+00 3.500000000000000000e+01 1.000000000000000000e+00 2.500000000000000000e+01 8.664629719852956491e-02 1.392221250536884725e-02 8.670551839421331008e-01 6.205020213714317379e+01
4.000000000000000000e+00 3.500000000000000000e+00 1.200000000000000000e+01 5.000000000000000000e+00 1.000000000000000000e+00 3.500000000000000000e+01 2.000000000000000000e+00 2.500000000000000000e+01 6.994802513893239038e-02 9.610522096920037782e-03 8.706981033144249871e-01 6.036630927805246927e+01
4.000000000000000000e+00 3.500000000000000000e+00 1.200000000000000000e+01 5.000000000000000000e+00 1.000000000000000000e+00 3.500000000000000000e+01 3.000000000000000000e+00 2.500000000000000000e+01 8.106251793274243944e-02 1.593584897167632519e-02 8.682069817205912976e-01 6.074430361495345210e+01
4.000000000000000000e+00 3.500000000000000000e+00 1.200000000000000000e+01 5.000000000000000000e+00 1.000000000000000000e+00 3.500000000000000000e+01 4.000000000000000000e+00 2.500000000000000000e+01 8.253816446013950703e-02 1.338576662796486794e-02 8.254312564311387934e-01 6.219739625585687293e+01
4.000000000000000000e+00 3.500000000000000000e+00 1.200000000000000000e+01 5.000000000000000000e+00 1.000000000000000000e+00 3.500000000000000000e+01 5.000000000000000000e+00 2.500000000000000000e+01 7.139975589773084330e-02 1.259950105665175180e-02 8.104003921939392230e-01 6.391013641580327942e+01
4.000000000000000000e+00 3.500000000000000000e+00 1.200000000000000000e+01 5.000000000000000000e+00 1.000000000000000000e+00 3.500000000000000000e+01 6.000000000000000000e+00 2.500000000000000000e+01 1.045371587939263325e-01 1.817684518943618599e-02 8.086887819820973711e-01 6.207097321982436711e+01
4.000000000000000000e+00 3.500000000000000000e+00 1.200000000000000000e+01 5.000000000000000000e+00 1.000000000000000000e+00 3.500000000000000000e+01 7.000000000000000000e+00 2.500000000000000000e+01 8.507820997640425098e-02 1.285539070547647711e-02 8.128349178656358864e-01 6.199763650621270727e+01
4.000000000000000000e+00 3.500000000000000000e+00 1.200000000000000000e+01 5.000000000000000000e+00 1.000000000000000000e+00 3.500000000000000000e+01 8.000000000000000000e+00 2.500000000000000000e+01 1.002474520241563027e-01 1.340900634524166968e-02 8.619604911772761335e-01 5.880558155178980684e+01
4.000000000000000000e+00 3.500000000000000000e+00 1.200000000000000000e+01 5.000000000000000000e+00 1.000000000000000000e+00 3.500000000000000000e+01 9.000000000000000000e+00 2.500000000000000000e+01 7.775294150206168986e-02 9.743940217941560178e-03 9.074065064913456879e-01 5.637514044603578611e+01
4.000000000000000000e+00 3.500000000000000000e+00 1.200000000000000000e+01 5.000000000000000000e+00 1.000000000000000000e+00 4.000000000000000000e+01 1.000000000000000056e-01 2.500000000000000000e+01 6.210420277516393028e-02 1.090363975700170407e-02 9.902388642475554725e-01 6.429060932690597951e+01
4.000000000000000000e+00 3.500000000000000000e+00 1.200000000000000000e+01 5.000000000000000000e+00 1.000000000000000000e+00 4.000000000000000000e+01 1.000000000000000000e+00 2.500000000000000000e+01 5.380241790750317499e-02 8.518367997950804238e-03 8.119274776723702791e-01 6.487339217087126997e+01
