7.000000000000000000e+00 1.500000000000000000e+00 1.200000000000000000e+01 5.209999999999999964e+00 1.000000000000000000e+00 2.500000000000000000e+01 0.000000000000000000e+00 2.500000000000000000e+01 1.608153066023909616e-05 6.142668373954052186e-09 1.434744158112281953e+00 6.285331468086945250e+01
7.000000000000000000e+00 1.500000000000000000e+00 1.200000000000000000e+01 5.209999999999999964e+00 1.000000000000000000e+00 2.500000000000000000e+01 1.000000000000000056e-01 2.500000000000000000e+01 1.652113516770192803e-05 6.180496781027500219e-09 1.404487511686401513e+00 6.345932157635115800e+01
7.000000000000000000e+00 1.500000000000000000e+00 1.200000000000000000e+01 5.209999999999999964e+00 1.000000000000000000e+00 2.500000000000000000e+01 1.000000000000000000e+00 2.500000000000000000e+01 2.303227422606468622e-05 6.844458999566427337e-09 1.356451411480447122e+00 6.573970344279750577e+01
7.000000000000000000e+00 1.500000000000000000e+00 1.200000000000000000e+01 5.209999999999999964e+00 1.000000000000000000e+00 2.500000000000000000e+01 2.000000000000000000e+00 2.500000000000000000e+01 3.807376648268245845e-05 1.381250824827873203e-08 1.362206654179477061e+00 6.600521224037490242e+01
7.000000000000000000e+00 1.500000000000000000e+00 1.200000000000000000e+01 5.209999999999999964e+00 1.000000000000000000e+00 2.500000000000000000e+01 3.000000000000000000e+00 2.500000000000000000e+01 6.020098704939691459e-05 2.746447136381391374e-08 1.300472287847002528e+00 6.882185017814791195e+01
7.000000000000000000e+00 1.500000000000000000e+00 1.200000000000000000e+01 5.209999999999999964e+00 1.000000000000000000e+00 2.500000000000000000e+01 4.000000000000000000e+00 2.500000000000000000e+01 2.471490200970594131e-03 4.774633605308942208e-05 1.224666599685260371e+00 7.192241913301806733e+01
7.000000000000000000e+00 1.500000000000000000e+00 1.200000000000000000e+01 5.209999999999999964e+00 1.000000000000000000e+00 2.500000000000000000e+01 5.000000000000000000e+00 2.500000000000000000e+01 2.618066179335798438e-03 5.178870797362122858e-05 1.231636839576049081e+00 7.062081990116996622e+01
7.000000000000000000e+00 1.500000000000000000e+00 1.200000000000000000e+01 5.209999999999999964e+00 1.000000000000000000e+00 2.500000000000000000e+01 6.000000000000000000e+00 2.500000000000000000e+01 1.609340650221113833e-03 1.813265101069383434e-05 1.254127552915281774e+00 7.028348833217118852e+01
7.000000000000000000e+00 1.500000000000000000e+00 1.200000000000000000e+01 5.209999999999999964e+00 1.000000000000000000e+00 3.500000000000000000e+01 1.000000000000000056e-01 2.500000000000000000e+01 1.853190267908644273e-05 6.568659838279700125e-09 1.335836374463059251e+00 6.472295057441914423e+01
7.000000000000000000e+00 1.500000000000000000e+00 1.200000000000000000e+01 5.209999999999999964e+00 1.000000000000000000e+00 3.500000000000000000e+01 1.000000000000000000e+00 2.500000000000000000e+01 1.794411617850322216e-05 6.554384812673674787e-09 1.262936927442912305e+00 6.404312247989210505e+01
7.000000000000000000e+00 1.500000000000000000e+00 1.200000000000000000e+01 5.209999999999999964e+00 1.000000000000000000e+00 3.500000000000000000e+01 2.000000000000000000e+00 2.500000000000000000e+01 3.119346905555708815e-05 6.553780629303673777e-09 1.229154555704896179e+00 6.036254047207417273e+01
7.000000000000000000e+00 1.500000000000000000e+00 1.200000000000000000e+01 5.209999999999999964e+00 1.000000000000000000e+00 3.500000000000000000e+01 3.000000000000000000e+00 2.500000000000000000e+01 4.387483486145704603e-05 1.271390193124943835e-08 1.224745882456850898e+00 5.896162320686281078e+01
7.000000000000000000e+00 1.500000000000000000e+00 1.200000000000000000e+01 5.209999999999999964e+00 1.000000000000000000e+00 3.500000000000000000e+01 4.000000000000000000e+00 2.500000000000000000e+01 2.874853653711539891e-05 6.511363004335635196e-09 1.223701690996623181e+00 5.837847753337218393e+01
7.000000000000000000e+00 1.500000000000000000e+00 1.200000000000000000e+01 5.209999999999999964e+00 1.000000000000000000e+00 3.500000000000000000e+01 5.000000000000000000e+00 2.500000000000000000e+01 1.775756907740344559e-06 3.634145873121497061e-09 1.112139202173403119e+00 7.274227121481378333e+01
7.000000000000000000e+00 1.500000000000000000e+00 1.200000000000000000e+01 5.209999999999999964e+00 1.000000000000000000e+00 3.500000000000000000e+01 6.000000000000000000e+00 2.500000000000000000e+01 2.582432312436822031e-06 4.350576565670394302e-09 1.181529912746610123e+00 6.839074554463181244e+01
7.000000000000000000e+00 1.500000000000000000e+00 1.200000000000000000e+01 5.209999999999999964e+00 1.000000000000000000e+00 4.000000000000000000e+01 1.000000000000000056e-01 2.500000000000000000e+01 1.553847608892766630e-05 6.331365431933022592e-09 1.336474477865283728e+00 6.305299821421361628e+01
7.000000000000000000e+00 1.500000000000000000e+00 1.200000000000000000e+01 5.209999999999999964e+00 1.000000000000000000e+00 4.000000000000000000e+01 1.000000000000000000e+00 2.500000000000000000e+01 1.212343920387048968e-05 4.774197481793862607e-09 1.206332603973900186e+00 6.033450828506007468e+01
