2.000160659238177541e+00
1.900179166853279256e+00
1.800175934704097758e+00
1.700173935533351166e+00
1.600172141772728596e+00
1.500169211622085497e+00
1.400182119320791729e+00
1.300186646055208950e+00
1.200171724656929895e+00
1.100153343571698583e+00
1.000169341828431646e+00
9.001403622814923011e-01
8.001848790226192554e-01
7.000985709486786668e-01
6.001634179562983507e-01
5.001225330722017803e-01
4.000922419263780450e-01
3.001300743462051446e-01
2.001415931857030428e-01
1.003119458771097178e-01
5.211221115820731869e-05
-1.001417582564506220e-01
-1.999190240354946912e-01
-2.999204888342881237e-01
-3.993145521591758840e-01
-5.000037987527737871e-01
-5.994050293844626065e-01
-6.993501783580853282e-01
-7.987913840019317258e-01
-8.989578520287081487e-01
-9.981624841832384964e-01
-1.098611977879409674e+00
-1.198718431039268006e+00
-1.299138858012528042e+00
-1.400002367859827901e+00
-1.502429065628069882e+00
-1.600987740125832559e+00
-1.699648032727544722e+00
-1.807993198450940753e+00
-1.906697411911373763e+00
-1.990476869443831065e+00
-1.968555177732298267e+00
