2.000169341828431868e+00
1.900169875933478192e+00
1.800175934704097758e+00
1.700174801716923367e+00
1.600165598926834409e+00
1.500165093128313032e+00
1.400175206335389833e+00
1.300201875640955684e+00
1.200182681037265331e+00
1.100129203359808239e+00
1.000173683058464880e+00
9.001594917290702824e-01
8.002598664468230094e-01
7.002371623944937395e-01
6.001732322374611073e-01
5.003023552113597949e-01
4.001250839000979331e-01
3.000517321200420473e-01
1.999141701160928042e-01
1.003533108675991742e-01
-1.442097081282626124e-04
-9.955421380614315474e-02
-2.000890382733561679e-01
-2.994243407435686066e-01
-4.001540300447284926e-01
-4.998857048397827851e-01
-5.988476984260737712e-01
-7.005428234746245986e-01
-7.998091018588717738e-01
-9.023887335694686929e-01
-9.958764687608380184e-01
-1.097996020193286348e+00
-1.208819016308738670e+00
-1.297434198443564446e+00
-1.392784172692137057e+00
-1.497114245082195705e+00
-1.586127144275146117e+00
-1.706789972422119162e+00
-1.794143601017083256e+00
-1.904049969419030708e+00
-2.025839845777760218e+00
-2.014322094153022213e+00
