-4.207236170768737793e-01
-4.009991288185119629e-01
-3.829423785209655762e-01
-3.664992451667785645e-01
-3.516703248023986816e-01
-3.382604718208312988e-01
-3.265071511268615723e-01
-3.157039284706115723e-01
-3.059388995170593262e-01
-2.962855696678161621e-01
-2.863507866859436035e-01
-2.753544449806213379e-01
-2.627944350242614746e-01
-2.481529116630554199e-01
-2.312346398830413818e-01
-2.113166749477386475e-01
-1.885552108287811279e-01
-1.654291450977325439e-01
-1.388485729694366455e-01
-1.129401028156280518e-01
-8.550038933753967285e-02
-5.663457512855529785e-02
-2.620837092399597168e-02
6.588786840438842773e-03
4.343777894973754883e-02
8.468696475028991699e-02
1.308713257312774658e-01
1.843840777873992920e-01
2.432679235935211182e-01
3.102813363075256348e-01
3.767756819725036621e-01
4.545745551586151123e-01
5.439122915267944336e-01
6.181991696357727051e-01
6.999785304069519043e-01
7.906426191329956055e-01
8.680561184883117676e-01
9.726600050926208496e-01
1.047357797622680664e+00
1.139606952667236328e+00
1.239181756973266602e+00
1.229899644851684570e+00
