-1.179407421140068329e-01
-7.328825138692451890e-02
-3.548910812663162717e-02
-4.423153934124176428e-03
2.159445154462361766e-02
4.263850616433238067e-02
5.877134865005305409e-02
7.109367343857948829e-02
8.250173007612447706e-02
9.051199331908214851e-02
9.866102804139353921e-02
1.060582420425639077e-01
1.112288982341556598e-01
1.176656283588276286e-01
1.227367192090122600e-01
1.304495649180100192e-01
1.356382384555190057e-01
1.416535461024802933e-01
1.478957343465238938e-01
1.543996251591601976e-01
1.617841264899216036e-01
1.703057294971760394e-01
1.786000117303873369e-01
1.883434085911723233e-01
1.986103565531068815e-01
2.089785172762535226e-01
2.205604604614284925e-01
2.349624854808416152e-01
2.479364601850903849e-01
2.617599406424563346e-01
2.763308067177750460e-01
2.972789102331133138e-01
3.139072748091768505e-01
3.361534182188912756e-01
3.608716212494605946e-01
3.754953494008657078e-01
4.001337261119973232e-01
4.268754605381333000e-01
4.874834105419431074e-01
4.904346772519675435e-01
5.116748495808208785e-01
5.217119672518054641e-01
-1.212559439686977797e-01
-7.633536516841921138e-02
-3.865722839400119459e-02
-7.162494314640064155e-03
1.791773080340543917e-02
3.868373196948958481e-02
5.522538385381958043e-02
6.767331464180956213e-02
7.838430874818995420e-02
8.628862902168223104e-02
9.424746005877407407e-02
1.011453793675239216e-01
1.072710380156170623e-01
1.132579627707138992e-01
1.194109667592856833e-01
1.262061111813062020e-01
1.317180852351968467e-01
1.384921671499758367e-01
1.443936031806425935e-01
1.517772890311622769e-01
1.585705416932585154e-01
1.669833609495832705e-01
1.764009453444563558e-01
1.875404610460936761e-01
1.964249139491952845e-01
2.074512412172515030e-01
2.202598029826648152e-01
2.349043315951510613e-01
2.468726416614724917e-01
2.633827548923924899e-01
2.806739592619275081e-01
2.991039781180471757e-01
3.237078186154847548e-01
3.432431167655042858e-01
3.633242349975711605e-01
3.883072826185742787e-01
4.189290725135089710e-01
4.342654305603044773e-01
4.868638485670725435e-01
5.293764492243400177e-01
5.268701879617746497e-01
5.704436945887594312e-01
-1.253077541198922285e-01
-8.115481469730279063e-02
-4.378833439430186020e-02
-1.281252708025665613e-02
1.302692357674273965e-02
3.316631950910747112e-02
5.019021865128429211e-02
6.292402091410911891e-02
7.284521934107728025e-02
8.150932775822325449e-02
8.994041849863473881e-02
9.600573971511283666e-02
1.036155999307099423e-01
1.093456459327238062e-01
1.149910756982530924e-01
1.227432666910251435e-01
1.299378975984659956e-01
1.366096018363892051e-01
1.446800442636283490e-01
1.527774147972451035e-01
1.616105403808613117e-01
1.710474293626942921e-01
1.831986420297386509e-01
1.935364260012069348e-01
2.088523441868800345e-01
2.228516795177853949e-01
2.335950743467069546e-01
2.533622398330686032e-01
2.704901739763139745e-01
2.909423397549867341e-01
3.112260315236470842e-01
3.362335215971156144e-01
3.600156108126819077e-01
3.874948274740721010e-01
4.166055626982670956e-01
4.497467611581082436e-01
4.836500476313651542e-01
5.179305407648022719e-01
5.507418625386402145e-01
6.038996694435805335e-01
6.603123012173740536e-01
6.647632226732042016e-01
-1.353180825864635506e-01
-9.338324311611685691e-02
-5.790211935242431385e-02
-2.799166538558248152e-02
-3.782188933392236461e-03
1.644413670143409292e-02
3.217537696136285597e-02
4.456327750739932925e-02
5.446749938920711354e-02
6.350974353163203745e-02
7.061777061902980990e-02
7.767670786497155033e-02
8.376053994983652384e-02
9.118140174062680514e-02
9.683357045209914360e-02
1.037626833180627789e-01
1.113801471604064369e-01
1.191997837832609597e-01
1.283152452887194872e-01
1.378002052316306958e-01
1.485193659179732395e-01
1.592904077362491677e-01
1.719983509253732168e-01
1.830789969672587947e-01
2.011594264542504451e-01
2.143881294529375037e-01
2.325056649424399047e-01
2.550480616347658991e-01
2.776229648351731805e-01
2.993634543305334628e-01
3.228082947996570029e-01
3.543850696346285134e-01
3.801497123015669111e-01
4.152689017006584993e-01
4.533168108384231787e-01
4.850097929903809391e-01
5.206485725835318101e-01
5.619691051802828685e-01
6.220491878163049160e-01
6.632088859838172201e-01
7.064224640919944953e-01
7.168035452296249721e-01
-1.641984915327408256e-01
-1.245075515427549462e-01
-9.086991652449089019e-02
-6.290657993712836515e-02
-3.992802410786601419e-02
-2.193229554415785862e-02
-7.355038125516718053e-03
4.089114638299772876e-03
1.355764002483148684e-02
2.208178718791876244e-02
2.991515879515663917e-02
3.594977953667410908e-02
4.320110717982054288e-02
4.952812227771819648e-02
5.618805519638843393e-02
6.489206670623710871e-02
7.157642149853034319e-02
8.135450997462718992e-02
8.995807095192054348e-02
9.982561188844686628e-02
1.105324739216346219e-01
1.236785417567499296e-01
1.380183396142630747e-01
1.539976866927995625e-01
1.703614742905547597e-01
1.906901933518949099e-01
2.082021060888923636e-01
2.330265861285898688e-01
2.586133408027438407e-01
2.869232986545700581e-01
3.151113978444208819e-01
3.459752479150448590e-01
3.792837571478783198e-01
4.165872572408101937e-01
4.575912610382983359e-01
4.953278301082368329e-01
5.418387447133734547e-01
5.909354130431060392e-01
6.377408272204185824e-01
6.920030577403314398e-01
7.393183384380156431e-01
7.624107037136764742e-01
-1.751806303090488737e-01
-1.364356678995670147e-01
-1.038740910487499780e-01
-7.609157359958919342e-02
-5.424591825303661657e-02
-3.624805063706078995e-02
-2.181902639144667547e-02
-1.055997186843847004e-02
-1.371493799425625411e-03
7.726446706651612754e-03
1.561539408857041261e-02
2.187122616757056215e-02
2.956638650086592171e-02
3.650114290296565395e-02
4.417115923714176606e-02
5.131462879598928245e-02
5.988513855969788968e-02
6.848642312823212397e-02
7.795988658152210038e-02
8.920190339076462804e-02
1.023891075916263105e-01
1.145709552463018144e-01
1.303627204954103669e-01
1.466209902507235596e-01
1.628540387042100857e-01
1.844188467936474507e-01
2.061698929193338248e-01
2.315842657335268617e-01
2.567922862521148653e-01
2.871565250678894121e-01
3.183346842261365328e-01
3.524430166587528279e-01
3.864169144894565311e-01
4.293775595800236600e-01
4.685216041108105078e-01
5.103439013899120358e-01
5.590311722764510494e-01
6.115385077173256523e-01
6.633644759449199846e-01
7.190767688953929593e-01
7.922452655484468753e-01
7.796549222987383398e-01
-1.771163170592064129e-01
-1.384046607642364646e-01
-1.063425255104111233e-01
-7.897509196472447812e-02
-5.762530907085099130e-02
-3.971192143800443553e-02
-2.551363800827813680e-02
-1.448730434147807618e-02
-4.082386496072318120e-03
4.132134963235467064e-03
1.241115419302390825e-02
1.875873348532405144e-02
2.575222164469251687e-02
3.201806846015401581e-02
3.946567619121268966e-02
4.860880777545927012e-02
5.716382695466123987e-02
6.535560128996514839e-02
7.551046452441369239e-02
8.654134207113241273e-02
9.936291686893042319e-02
1.140235223495657396e-01
1.280889475313960468e-01
1.470298109021372923e-01
1.659680416742490561e-01
1.846147838517435136e-01
2.103158439431767335e-01
2.342539949432991542e-01
2.618146075960656183e-01
2.898586307688090224e-01
3.239200490180573766e-01
3.584107862063365957e-01
3.939558118052592373e-01
4.329083892232222230e-01
4.848306356366444692e-01
5.272018390377204433e-01
5.841841726968395321e-01
6.246172294565930372e-01
6.842437523706264013e-01
7.388392001302975798e-01
8.027805645213031971e-01
7.993619189737628528e-01
-1.877479423385886859e-01
-1.495565645905366503e-01
-1.174857076452309329e-01
-9.149943258490239595e-02
-6.965981499479358130e-02
-5.091068776566938514e-02
-3.750612444717769944e-02
-2.558871780585917494e-02
-1.505434533943209550e-02
-7.088325898873238350e-03
7.290025387823667819e-04
8.182707857652937386e-03
1.492776136464239560e-02
2.206114846370637456e-02
3.056329312840039628e-02
3.753804549928710377e-02
4.697874510121833463e-02
5.563821860638060168e-02
6.718620601189689845e-02
7.898576954525590721e-02
9.300119668474912671e-02
1.066327889201156703e-01
1.237079408258738439e-01
1.406431498259980983e-01
1.588266977393198720e-01
1.803954327162635707e-01
2.059266845441485583e-01
2.312681982964413796e-01
2.581414156360720691e-01
2.924576612861750080e-01
3.245705172188353416e-01
3.663295505191058732e-01
4.022183808722000764e-01
4.369144548747726509e-01
4.855269439094517803e-01
5.364170213448101743e-01
5.840065131222798023e-01
6.429351630226122216e-01
6.939334973765372006e-01
7.452075591670463961e-01
8.048091064569663500e-01
8.382885522123341149e-01
-1.917498545346212058e-01
-1.553321244894077802e-01
-1.239023000299489669e-01
-9.789045292668906162e-02
-7.646689345287233097e-02
-5.947355429904886692e-02
-4.505257569492708558e-02
-3.424390412259144950e-02
-2.410427277171152058e-02
-1.575270558158358911e-02
-7.805818387705502209e-03
9.327308093819104478e-04
7.892803021334987915e-03
1.522558967385514994e-02
2.319482431425356345e-02
3.257847192431195804e-02
4.152295396345211109e-02
5.181600339009018175e-02
6.240146069572771736e-02
7.552871334185883023e-02
8.910286810571010907e-02
1.056532229237276688e-01
1.221863780230926649e-01
1.412584535515148398e-01
1.646234618567354036e-01
1.867445017166859400e-01
2.109976607380445179e-01
2.396347701872069968e-01
2.709698207330817898e-01
3.030404613782548551e-01
3.373953603901486131e-01
3.760383169808999559e-01
4.165855930700536613e-01
4.621538258215793227e-01
5.068539513201929525e-01
5.573555934385970856e-01
6.111878082700674675e-01
6.770948037911705963e-01
7.222553950041640247e-01
8.048798966584723713e-01
8.469411160063270438e-01
8.456665934642949578e-01
-1.828625253816738572e-01
-1.443603246519415684e-01
-1.123956386822472786e-01
-8.477697921040697193e-02
-6.248963046954408157e-02
-4.371580512071222141e-02
-3.031297122777980302e-02
-1.796497881088482754e-02
-7.378449500687890919e-03
1.781292267354071248e-03
8.783218109974519697e-03
1.661136760942113696e-02
2.320305839962747904e-02
3.176787092602724460e-02
3.961634622807728989e-02
4.741117161438002797e-02
5.648940621457402417e-02
6.791109286426857961e-02
7.753141635459509518e-02
9.029333131011021973e-02
1.036463889479078276e-01
1.191766794138565955e-01
1.341292751540181516e-01
1.545609049358212805e-01
1.740830780718081727e-01
1.976195890690090606e-01
2.224927648862734531e-01
2.517720160634174809e-01
2.798607822493539565e-01
3.124291403756941365e-01
3.479658642293925741e-01
3.873097236581910519e-01
4.298265396241363057e-01
4.628410517121564483e-01
5.197177660831543422e-01
5.667343844753267579e-01
6.151164161723071677e-01
6.760677748616741312e-01
7.243201162184954578e-01
7.953989000980274948e-01
8.603104504606974290e-01
8.690004256838929075e-01
-1.655513192442145676e-01
-1.264323798868814963e-01
-9.269346304311743001e-02
-6.489396169354194610e-02
-4.128373434002419184e-02
-2.261985170168709369e-02
-7.494199747561270698e-03
4.317073815990172397e-03
1.481864636532965150e-02
2.340474474006782116e-02
3.215521238878106536e-02
3.897365216661645426e-02
4.692027604826493059e-02
5.419541025538826551e-02
6.199877337402983496e-02
6.976796576026347840e-02
7.847494348815273191e-02
8.801198683318209315e-02
9.835640815175167306e-02
1.108320395988888485e-01
1.223404127956151388e-01
1.373636075019396552e-01
1.527285325323611276e-01
1.708511340955136959e-01
1.898551137896142826e-01
2.128239256270104407e-01
2.366707537751006341e-01
2.628092942443326363e-01
2.909556745564647606e-01
3.231509937259992582e-01
3.579138936910455926e-01
3.948105259561743852e-01
4.356166519305929574e-01
4.771574444186045261e-01
5.282351714972637335e-01
5.707028522224825151e-01
6.240726349287386565e-01
6.779462267761864336e-01
7.251305063273056906e-01
7.955206202815179317e-01
8.688829703868296006e-01
8.566280063736770867e-01
-2.249359489815062896e-01
-1.903655527446550255e-01
-1.619346048290274676e-01
-1.373386038602425196e-01
-1.179988659524236344e-01
-1.022256034141708209e-01
-8.951166690802901671e-02
-7.855544449927569228e-02
-6.868556171026687918e-02
-6.076587791338283751e-02
-5.357721298835707580e-02
-4.561998574518600497e-02
-3.902624597211133001e-02
-3.179219175490114596e-02
-2.305928715773391396e-02
-1.464314436608723895e-02
-6.148192057799788633e-03
3.512230756303196151e-03
1.488579730150310990e-02
2.792420891560825832e-02
4.290612760251936997e-02
5.744547800226861012e-02
7.609769160617987915e-02
9.597092234371461250e-02
1.168965135589007109e-01
1.418509576737032873e-01
1.674945616357215172e-01
1.964801677001480895e-01
2.276270782520769531e-01
2.638017079163111900e-01
3.006193933384128658e-01
3.407157118335695789e-01
3.815175871419905773e-01
4.308197512246784711e-01
4.787266211787848946e-01
5.271270138391762616e-01
5.910968995181399288e-01
6.386858929218872660e-01
6.915800695483474980e-01
7.599011680803645641e-01
8.296362829114046766e-01
8.315754544529880832e-01
-2.112802693943501564e-01
-1.753282229123266645e-01
-1.452641283268745476e-01
-1.198635203789845671e-01
-9.973449175195805982e-02
-8.283859636670017068e-02
-6.904435009244994093e-02
-5.775823535845639456e-02
-4.898953965520435466e-02
-4.027763357812148837e-02
-3.225364144657548449e-02
-2.494382329965631750e-02
-1.780522761517800562e-02
-9.996098518107570871e-03
-2.010653399017568385e-03
6.350500269948218535e-03
1.585413365325026233e-02
2.490006107473168029e-02
3.684838213722332889e-02
5.026759093249546367e-02
6.401972977111775043e-02
7.890610573878860390e-02
9.865064678950996591e-02
1.160927932140378288e-01
1.386121214338217889e-01
1.609514788833556198e-01
1.854231537625487536e-01
2.133530391709019813e-01
2.478407495247482439e-01
2.791260201776782912e-01
3.199862533993586000e-01
3.544119548694874555e-01
4.001994013028912778e-01
4.387384885165589998e-01
4.876402825447136991e-01
5.352928538762544708e-01
6.031541197684993083e-01
6.440188641499612343e-01
7.021762618794145094e-01
7.816175270911608353e-01
8.289059699722619579e-01
8.570199332295940220e-01
-2.450877535678200880e-01
-2.115777751834127252e-01
-1.836287626261946804e-01
-1.595984097056726281e-01
-1.406593193839473233e-01
-1.246631918074225936e-01
-1.113432130710104301e-01
-1.001171474254684696e-01
-8.968515356549214279e-02
-8.094911728720030619e-02
-7.301276534324380174e-02
-6.470892757443813537e-02
-5.657671818773461758e-02
-4.791792100191037684e-02
-3.892838064680143040e-02
-2.952666670165073060e-02
-1.938268368002952005e-02
-8.305759117176262848e-03
4.312773806763302645e-03
1.825516016772575287e-02
3.312205732830526134e-02
5.019021865128429211e-02
6.931652384724716620e-02
8.999690382371110242e-02
1.133951272380236408e-01
1.383563894377429215e-01
1.657486815594142460e-01
1.957059747470984157e-01
2.312477989478393114e-01
2.645770060532651180e-01
3.037121505561108936e-01
3.464155709456883669e-01
3.897453480666592807e-01
4.397557274442574493e-01
4.847580985481517168e-01
5.433030126365636647e-01
6.026523990693964938e-01
6.638789402179077204e-01
7.045099913228081157e-01
7.880509401457151952e-01
8.508397563145382314e-01
8.569251543830503914e-01
-1.390735488489887040e-01
-9.598269926685847053e-02
-5.900714818750166235e-02
-2.826226309475701748e-02
-3.244980983091413137e-03
1.617224905959222664e-02
3.245355249502372003e-02
4.414369769495133516e-02
5.348948350458232470e-02
6.301418351891276137e-02
6.994175676942766817e-02
7.541555831082268069e-02
8.244426138606973653e-02
8.808999786087369499e-02
9.451305367975142147e-02
1.006255320863423258e-01
1.071047762142508381e-01
1.146943661047347546e-01
1.214515032532413608e-01
1.287416576378464794e-01
1.371704786763173756e-01
1.465435187328735511e-01
1.550778136429515897e-01
1.678458478089633055e-01
1.779576046387124078e-01
1.905109827517749155e-01
2.026408654909628848e-01
2.214559698414966527e-01
2.368847595416785912e-01
2.564964543240227934e-01
2.753689494602573617e-01
2.923956435813245824e-01
3.135318830615350660e-01
3.443608304124424757e-01
3.599871744412915797e-01
3.979365343022848722e-01
4.269680874941480520e-01
4.704325432841149346e-01
4.792441009448241140e-01
5.269953934175171106e-01
5.956802619580922054e-01
5.975076091695209479e-01
-1.582558424665326258e-01
-1.155722715572878173e-01
-7.901937123636165738e-02
-4.942486557975359768e-02
-2.558641455160591202e-02
-6.360558416444167876e-03
8.842797950799435175e-03
2.109415747706152450e-02
2.983812855213548512e-02
3.797599089002268169e-02
4.606182433595921305e-02
5.227059665674871347e-02
5.959749372513798577e-02
6.487710573746686971e-02
7.123744843167338636e-02
7.674236168121313650e-02
8.469421844439248281e-02
9.185329500420807980e-02
9.859873680750828873e-02
1.074338450271873219e-01
1.158400779571527733e-01
1.265729482480682511e-01
1.366825250977314055e-01
1.470081406793879164e-01
1.603304473438980360e-01
1.746528124242490154e-01
1.864562419018803152e-01
2.034843620652070084e-01
2.234440198096154517e-01
2.400972470502337752e-01
2.608962409320533804e-01
2.804827604303284372e-01
3.103363858940292319e-01
3.337273091726953855e-01
3.671545704774553109e-01
3.846132319871144456e-01
4.186128107215576488e-01
4.570078892364455303e-01
5.081471020024560525e-01
5.567534502763628046e-01
5.893619574113522219e-01
5.737729304559163745e-01
-1.732638881150501131e-01
-1.322273757494221158e-01
-9.745485133168031722e-02
-6.882751486575262867e-02
-4.660567507025890899e-02
-2.769022166969651796e-02
-1.306398126926044435e-02
-2.211838807393229790e-03
7.269705712595660868e-03
1.446593350447762140e-02
2.200335481749882138e-02
2.789570054496551960e-02
3.388595265172629489e-02
3.972733281649033082e-02
4.594463115647338947e-02
5.144967121345809385e-02
5.833870122855647211e-02
6.387354495058192305e-02
7.191513019837972309e-02
7.852931525434617144e-02
8.684369258490068355e-02
9.644072150454924275e-02
1.042856229570618548e-01
1.140903194153730510e-01
1.271080393563106536e-01
1.380562648470317899e-01
1.500376481246429861e-01
1.652176086231431917e-01
1.797470648818583483e-01
1.996701744344994978e-01
2.150080015198987116e-01
2.346387474994672817e-01
2.570398604933801789e-01
2.817898810670563803e-01
3.061761752311134566e-01
3.324626989311871283e-01
3.565363791549691630e-01
4.015831817965695993e-01
4.273627493479641992e-01
4.478492500495247497e-01
5.077304207002745207e-01
4.956983252195489853e-01
-2.099901406185736008e-01
-1.711391115862835877e-01
-1.392614292355337513e-01
-1.113768871411136563e-01
-9.001363347338116327e-02
-7.276929073521863633e-02
-5.841850949030986950e-02
-4.695151006273255712e-02
-3.766902791425610214e-02
-2.906903260851006338e-02
-2.143422334947919783e-02
-1.445093474776123869e-02
-7.878782710425361741e-03
-1.240377482638675309e-03
5.678035320845223333e-03
1.241537476243289272e-02
2.104864760718913250e-02
2.927417552910938428e-02
3.607369749950131016e-02
4.644053266196460777e-02
5.517566430954391060e-02
6.632592536203779643e-02
7.851119208861641330e-02
9.117788123802349209e-02
1.036395471327177936e-01
1.183639442634409067e-01
1.359463895555831359e-01
1.548376796455590010e-01
1.734601664622316686e-01
1.983601259305724229e-01
2.214690102688947337e-01
2.442795954072252140e-01
2.696320086403519722e-01
3.010408528903140146e-01
3.374013514989971374e-01
3.709347814468366145e-01
4.096017840556876455e-01
4.489226404968311157e-01
4.893663673057266350e-01
5.347607373112002183e-01
5.831193917435685270e-01
5.785165818137751881e-01
-2.234637049137073450e-01
-1.850223111656527919e-01
-1.517517490626471011e-01
-1.244878835089609920e-01
-1.008549840639278855e-01
-8.137737070865895539e-02
-6.543136032036293848e-02
-5.155622388148265595e-02
-4.015614334125984508e-02
-2.849871072675109335e-02
-1.786676785963177416e-02
-8.619732825900953271e-03
7.159953612748563628e-04
1.134626103749420030e-02
2.079204820125859360e-02
3.164271808604181974e-02
4.213824172315952521e-02
5.408806061199015330e-02
6.662405098342613630e-02
8.020786197123586092e-02
9.541346444844638064e-02
1.121792110923458263e-01
1.308899525373642958e-01
1.488092656681136161e-01
1.714456068359727636e-01
1.946919084326232119e-01
2.214272795228520441e-01
2.502833488398806261e-01
2.822436111150691818e-01
3.171541237990275208e-01
3.519315198931263766e-01
3.925158129316843048e-01
4.351560818024953203e-01
4.793362888803807120e-01
5.258581849881307502e-01
5.822031786788967045e-01
6.356767237040696905e-01
6.857489021635029269e-01
7.494332856087668748e-01
8.142775690099794961e-01
8.790281770649180926e-01
8.768820570670773362e-01
-2.478554799576493384e-01
-2.111976258147174046e-01
-1.802639645426832860e-01
-1.534903179434988219e-01
-1.311933925942478929e-01
-1.126060924836832788e-01
-9.772290397937863360e-02
-8.425413356420746736e-02
-7.211300047353023934e-02
-6.086179575023518279e-02
-5.121110186616633503e-02
-4.003897319410548716e-02
-3.091086337678156104e-02
-2.092988560905695294e-02
-1.042427298590364003e-02
3.603149099686077687e-04
1.201423741804139543e-02
2.414483037783465499e-02
3.728702319011544669e-02
5.048802633959830616e-02
6.831947026341396445e-02
8.653422540612772107e-02
1.041626349733531659e-01
1.219994965596560982e-01
1.432834173483348017e-01
1.694040177341998854e-01
1.963005673010704555e-01
2.219824917215555138e-01
2.547244658648177840e-01
2.921430514548966628e-01
3.248604437339591700e-01
3.615144128182299910e-01
4.067632312910091641e-01
4.546177484327534879e-01
4.981933474008470308e-01
5.516378263112839964e-01
6.026556518258004980e-01
6.547472014439517096e-01
7.299718594666225746e-01
7.711139814889456101e-01
8.535668086944663280e-01
8.722804224171997189e-01
-2.674663233849131627e-01
-2.323425722519144865e-01
-2.020099290529106251e-01
-1.756808276239393840e-01
-1.529483130694707371e-01
-1.339254286910593617e-01
-1.180632671318411070e-01
-1.027881607557169369e-01
-8.852012047880014611e-02
-7.694518425507961001e-02
-6.440608545214916714e-02
-5.237025261564548506e-02
-4.024952105017448600e-02
-2.778095690527900355e-02
-1.477792146291365821e-02
-1.153714340153474743e-03
1.201846184651953788e-02
2.730067042816093290e-02
4.391609237709711427e-02
6.181424044247445931e-02
8.295044262839135207e-02
1.031740506540956004e-01
1.289676156314619460e-01
1.531591182107872595e-01
1.848957566185464307e-01
2.134619724711059596e-01
2.467176423687539311e-01
2.836336081934633380e-01
3.236810248814677160e-01
3.679333536747868560e-01
4.143197443016163883e-01
4.662149473299879721e-01
5.151410158690682417e-01
5.723998927512680135e-01
6.335260210328174102e-01
6.923056961496446560e-01
7.542879278760978856e-01
8.234703165897767629e-01
8.907562519182181671e-01
9.518642792020844956e-01
1.021081746167319837e+00
9.906961791787946003e-01
-2.591645817092637638e-01
-2.246590219272474320e-01
-1.942402734721477842e-01
-1.676060628158168586e-01
-1.442797949648750577e-01
-1.248084678030728784e-01
-1.082128529784780885e-01
-9.258487678951676791e-02
-7.777502128738550402e-02
-6.474320587564254270e-02
-5.170736219839536935e-02
-3.962198968267455212e-02
-2.674788203554393298e-02
-1.329766885084778492e-02
1.780242451034082338e-04
1.452473887767080814e-02
2.857938547185457159e-02
4.580395758429731817e-02
6.371606009489862166e-02
8.265613950968643542e-02
1.040122690125666327e-01
1.277428072039963614e-01
1.523036361730583654e-01
1.793391876027905230e-01
2.088066980833083452e-01
2.424221548554493511e-01
2.767535336782817046e-01
3.151219086901620448e-01
3.548956047110605194e-01
3.997100553560166136e-01
4.486213073270484131e-01
5.021142606666694208e-01
5.518609193522795442e-01
6.087559562350867148e-01
6.665675846347467459e-01
7.296385279924957334e-01
7.879943355542701200e-01
8.491724038457937329e-01
9.216313399898000691e-01
9.888874517431589517e-01
1.067111790185615972e+00
1.061324282977594402e+00
-2.254261052808515797e-01
-1.886314671229046003e-01
-1.586674391147179231e-01
-1.339946006678789103e-01
-1.140928621996367270e-01
-1.002976592481313045e-01
-8.826087943224915355e-02
-8.034985302388851502e-02
-7.419097215484593555e-02
-6.847399008925426911e-02
-6.380002796656351893e-02
-6.036195663283169810e-02
-5.684296009717668130e-02
-5.318482825981581119e-02
-5.079106846132591668e-02
-4.700909535495942371e-02
-4.361783778455326915e-02
-4.077442951831065920e-02
-3.747582356594204162e-02
-3.415650693441889263e-02
-3.102279746918890774e-02
-2.517202764421432037e-02
-2.238383874109049765e-02
-1.784006918262564037e-02
-1.234043720077751712e-02
-6.175943587596560529e-03
-1.767260747665824966e-03
4.931537198205871581e-03
1.080859751220635684e-02
1.803440270452827399e-02
2.680282746919174577e-02
3.537769978343214411e-02
4.249281930850058731e-02
5.249771497420505778e-02
6.841964968377356460e-02
7.301778352618878976e-02
8.320869078764220328e-02
8.924787638321227123e-02
9.573757392585557913e-02
1.144742032958105116e-01
1.438981124272980805e-01
1.342153697222387143e-01
-2.735857913192736857e-01
-2.373671933693031200e-01
-2.070881692015323350e-01
-1.812180639447560082e-01
-1.603434948926642234e-01
-1.429402296081151158e-01
-1.283266746453895768e-01
-1.158903091468254515e-01
-1.045934778439546325e-01
-9.439784198585932096e-02
-8.505950384844675194e-02
-7.602275701458614809e-02
-6.736695557760588593e-02
-5.863766428823885546e-02
-4.894238527858891380e-02
-3.997659060602283543e-02
-3.044524744267195632e-02
-1.999253560796096854e-02
-9.511965370741202325e-03
3.533770042913415323e-03
1.706256967443571873e-02
3.074136062694621946e-02
4.685790038087959269e-02
6.423704187405755717e-02
8.353486822318119398e-02
1.071624660910120708e-01
1.291192643438037746e-01
1.554666098815342679e-01
1.852927818088986323e-01
2.129675679177296665e-01
2.494576333056231776e-01
2.861599524565002217e-01
3.297557451266287520e-01
3.668225110901414121e-01
4.123311638453504568e-01
4.638258248521697769e-01
5.184362863467367744e-01
5.616594036183435446e-01
6.349878453275086265e-01
6.840271486566922299e-01
7.479258201270845285e-01
7.708394978920428686e-01
-1.539518950122190644e-01
-1.122212756313720194e-01
-7.633795392356508558e-02
-4.616253835431816110e-02
-2.275209331074047256e-02
-3.388959328184890703e-03
1.128702367626979210e-02
2.319482431425356345e-02
3.147309862044574136e-02
3.949343512593356254e-02
4.657319766200533617e-02
5.185454670258414500e-02
5.797403196080851834e-02
6.495564507432946555e-02
6.943868149096384113e-02
7.559440273624183637e-02
8.187275261856935549e-02
8.833457795533326828e-02
9.617630449825857741e-02
1.034855777883939981e-01
1.106469391345818315e-01
1.188927253736216244e-01
1.294707566206239890e-01
1.371894787630272838e-01
1.489726345092048931e-01
1.604085000895821567e-01
1.730084335953063768e-01
1.894987356180027616e-01
2.016073921220202236e-01
2.166540441369929626e-01
2.334986867778319763e-01
2.554100099187952000e-01
2.726745597541158084e-01
2.925019542252502158e-01
3.270195411754999726e-01
3.387054443032551099e-01
3.858403363448000278e-01
4.102270597914648431e-01
4.376427683315790573e-01
4.804841170352969759e-01
5.278682463734447605e-01
4.956553251478455491e-01
-1.785559118599536477e-01
-1.366009962896314045e-01
-1.015320714961338439e-01
-7.120844406608700661e-02
-4.751365600967197289e-02
-2.769623923613701022e-02
-1.291899702515904649e-02
1.867064881996226256e-04
1.046533027470454916e-02
1.875457411434319765e-02
2.709670544037840259e-02
3.406266328238354707e-02
4.157820771440493002e-02
4.760581776406318938e-02
5.421841029856819261e-02
6.093569305520910723e-02
6.791852133642499456e-02
7.529141888330244392e-02
8.435818233047288894e-02
9.146294952566344505e-02
1.004015650441432012e-01
1.109666085839159516e-01
1.219011055846991598e-01
1.312368049155039629e-01
1.454947450664550723e-01
1.559005569384657730e-01
1.727955191189616269e-01
1.868800872183846717e-01
2.043994697783812764e-01
2.212342226459143579e-01
2.440493967644851991e-01
2.646572932099774955e-01
2.880501469490976407e-01
3.155526344868559430e-01
3.429868969875817797e-01
3.708275477843759327e-01
4.053685610564019548e-01
4.241021462854729362e-01
4.617985575251092878e-01
5.005259994597303086e-01
5.388287566585345800e-01
5.241792453050444500e-01
