2.164113610948535937e-01
2.991672261048972103e-01
3.715407085441924107e-01
4.336322455563356715e-01
4.862618293319460050e-01
5.296471907921881384e-01
5.645145672764659839e-01
5.925165071056733845e-01
6.151417013781890208e-01
6.341567211611819355e-01
6.497699089720331278e-01
6.632890453492886751e-01
6.749318340855631204e-01
6.847448521181237480e-01
6.948893714208700390e-01
7.053504628857119041e-01
7.159022748901712196e-01
7.260022369174345958e-01
7.357768920229517118e-01
7.472680551547357108e-01
7.595870206308741324e-01
7.736036226329230381e-01
7.864213180720238672e-01
8.033396490549078450e-01
8.183130077815365944e-01
8.385972528166564244e-01
8.604038945285983342e-01
8.805460759350253186e-01
9.059808881699896732e-01
9.307962629833002044e-01
9.577820231115877769e-01
9.846776027324716241e-01
1.021106568432121664e+00
1.058114617842380589e+00
1.099894628587874346e+00
1.137834987619995131e+00
1.174980942370255077e+00
1.227344140186767962e+00
1.269433549797857275e+00
1.298538699307815847e+00
1.361899631590071102e+00
1.440460394107297537e+00
