1.398790864012364743e-01
1.718141810511465417e-01
2.032233252909053933e-01
2.316224841065794571e-01
2.571503820570008036e-01
2.797581728024730596e-01
3.001605369513523081e-01
3.187935047932968224e-01
3.352371869097285351e-01
3.509067155378632341e-01
3.655441400294693888e-01
3.791422866473207476e-01
3.925034996817464705e-01
4.070848357577676047e-01
4.211924683057491348e-01
4.357647592603794973e-01
4.518785023335040174e-01
4.691295373944083802e-01
4.876756062599847397e-01
5.079772413914500628e-01
5.275267920195002569e-01
5.507785185642563031e-01
5.743669923302694436e-01
6.012340469164473289e-01
6.298171960185158236e-01
6.616802007837302435e-01
6.934719238588585855e-01
7.295292496271744698e-01
7.677197115374557734e-01
8.070680119599007440e-01
8.500087205852170369e-01
8.943880698302449916e-01
9.414567697058749962e-01
9.865388541787977195e-01
1.048130927028967374e+00
1.097569639431371202e+00
1.153509989300837590e+00
1.226135722473645107e+00
1.276737459201161329e+00
1.351564415204104641e+00
1.413148824714316465e+00
1.427469879551812149e+00
