-1.715982198715209961e+00
-1.833814859390258789e+00
-1.954563856124877930e+00
-2.077942609786987305e+00
-2.203599691390991211e+00
-2.331265211105346680e+00
-2.460562944412231445e+00
-2.591203451156616211e+00
-2.722794771194458008e+00
-2.855031728744506836e+00
-2.987534046173095703e+00
-3.119974613189697266e+00
-3.251993656158447266e+00
-3.383399009704589844e+00
-3.513314723968505859e+00
-3.642029285430908203e+00
-3.768898010253906250e+00
-3.893480777740478516e+00
-4.015817642211914062e+00
-4.135523319244384766e+00
-4.251308917999267578e+00
-4.364190101623535156e+00
-4.472628116607666016e+00
-4.577880382537841797e+00
-4.677680969238281250e+00
-4.773704051971435547e+00
-4.864137172698974609e+00
-4.949627399444580078e+00
-5.029776096343994141e+00
-5.103178977966308594e+00
-5.171223640441894531e+00
-5.233242034912109375e+00
-5.288256645202636719e+00
-5.334455013275146484e+00
-5.379606723785400391e+00
-5.413233280181884766e+00
-5.440040111541748047e+00
-5.463119983673095703e+00
-5.474143505096435547e+00
-5.479616641998291016e+00
-5.476869583129882812e+00
-5.476429462432861328e+00
