2.000160659238177541e+00
1.900179713371783707e+00
1.800179374848406066e+00
1.700184329622197676e+00
1.600148150855865703e+00
1.500155483157621372e+00
1.400135454533740331e+00
1.300145305915870075e+00
1.200174463777927025e+00
1.100167137376062199e+00
1.000217092972230271e+00
9.002698795076954363e-01
8.000596417972172247e-01
7.001860619461536261e-01
6.002560995466640348e-01
5.002625536733303901e-01
4.004585485435853687e-01
3.004172083278304206e-01
1.999881641846777136e-01
1.004946115323198524e-01
3.950282679178880835e-04
-9.990609845660165800e-02
-2.002694500335119865e-01
-3.004996118056719734e-01
-4.005842094701243528e-01
-5.010336743406892390e-01
-5.997608527479303397e-01
-6.981846418625956563e-01
-7.995270755541313834e-01
-9.009446681538093582e-01
-1.006230570826931903e+00
-1.101872933350833694e+00
-1.199946552189588900e+00
-1.296952067008234399e+00
-1.406121613748827492e+00
-1.495135120992290068e+00
-1.604928840847183347e+00
-1.695119729990264057e+00
-1.807669549901679940e+00
-1.872156880760993181e+00
-2.019574817326679650e+00
-2.005146800400223750e+00
