1.397172808647155762e-01
2.338128983974456787e-01
3.291151821613311768e-01
4.235995411872863770e-01
5.150850415229797363e-01
6.011909842491149902e-01
6.797854304313659668e-01
7.489464282989501953e-01
8.073219656944274902e-01
8.542348146438598633e-01
8.896707296371459961e-01
9.143960475921630859e-01
9.297789931297302246e-01
9.374995827674865723e-01
9.395753145217895508e-01
9.379315376281738281e-01
9.343018531799316406e-01
9.300659894943237305e-01
9.262257814407348633e-01
9.234472513198852539e-01
9.219667911529541016e-01
9.218324422836303711e-01
9.228945374488830566e-01
9.249000549316406250e-01
9.275596141815185547e-01
9.306236505508422852e-01
9.338089227676391602e-01
9.370157122611999512e-01
9.402710199356079102e-01
9.434700012207031250e-01
9.467816352844238281e-01
9.498690366744995117e-01
9.532251358032226562e-01
9.568595886230468750e-01
9.614854454994201660e-01
9.657968878746032715e-01
9.719213247299194336e-01
9.777146577835083008e-01
9.860141277313232422e-01
9.913411140441894531e-01
1.005161881446838379e+00
1.003706574440002441e+00
