8.732701600831482835e-02
1.491205381825279064e-01
2.038430316361913852e-01
2.512633732908098882e-01
2.909956765044431903e-01
3.243030374868343668e-01
3.519836622291602213e-01
3.747648378924841039e-01
3.925175719388913631e-01
4.081822817453376606e-01
4.210508363969461265e-01
4.309984815190481267e-01
4.397431055399929622e-01
4.488932890207041893e-01
4.566650770468382858e-01
4.639616349218269598e-01
4.715249349879243046e-01
4.790856071952112050e-01
4.862915957716923421e-01
4.932279464211345998e-01
5.007577544710373196e-01
5.085499182448840472e-01
5.176510745214442100e-01
5.247919351521512787e-01
5.339753084092084823e-01
5.432122620306647498e-01
5.542868055369069014e-01
5.673804836431095566e-01
5.749602427103431834e-01
5.871641055850490565e-01
6.032580757409964356e-01
6.125094230277380314e-01
6.311240187125842782e-01
6.493679651013419818e-01
6.567716509414369686e-01
6.789115243432773950e-01
6.998125863373018118e-01
7.167260093921775654e-01
7.498213115092481340e-01
7.644429060836360756e-01
7.572084520370327976e-01
7.869472362904695872e-01
