2.000165000555002681e+00
1.900172608577581856e+00
1.800173870604432791e+00
1.700172203161024465e+00
1.600176503615230450e+00
1.500162347444099709e+00
1.400185575772228574e+00
1.300164888577665767e+00
1.200190898141128226e+00
1.100167137376062199e+00
1.000225774434322812e+00
9.001354431444921200e-01
8.001332746505798177e-01
7.001955896043978722e-01
6.001459697977056251e-01
5.002872585056347132e-01
4.003687283440074407e-01
3.003215180922671479e-01
2.001936371412000870e-01
9.998088404138766316e-02
0.000000000000000000e+00
-9.976181312165785520e-02
-1.995723187139988031e-01
-3.002923218899479774e-01
-4.002904621461911838e-01
-4.992573264123715826e-01
-5.998023268643722927e-01
-6.992393504207158328e-01
-7.992862660359867366e-01
-9.014704861549187598e-01
-1.000546251554825128e+00
-1.098558026257179243e+00
-1.199122839493168780e+00
-1.302725311589494117e+00
-1.402443020670945284e+00
-1.498843477669913993e+00
-1.599684827153030175e+00
-1.707300996956070405e+00
-1.785908874820496983e+00
-1.901910309636047680e+00
-2.012350267174215279e+00
-2.005415400775561796e+00
2.000169341828431868e+00
1.900170968993182941e+00
1.800176622735139453e+00
1.700164407400037714e+00
1.600169960835049698e+00
1.500181566869070116e+00
1.400178662841845778e+00
1.300158361121844131e+00
1.200174463777927025e+00
1.100174034113956090e+00
1.000173683058464880e+00
9.001955621092513349e-01
8.001573574539365685e-01
7.001730693480515688e-01
6.001405171043835418e-01
5.001774484924633724e-01
4.001665649488918564e-01
3.001170182898695860e-01
2.001141991249189289e-01
1.004773822051187870e-01
4.037061738828112397e-04
-9.943188594619678522e-02
-1.996713491375175786e-01
-2.998572482258589633e-01
-3.995139174873917898e-01
-4.996907828231525461e-01
-5.999561612990024217e-01
-6.995393030794568867e-01
-8.002448227465253083e-01
-9.005369058355892076e-01
-9.997829070277698404e-01
-1.099501237244119745e+00
-1.199573693981921041e+00
-1.298634099545459053e+00
-1.398912831326958095e+00
-1.502891968222312968e+00
-1.601063994165214055e+00
-1.698924405809299820e+00
-1.800387417574349724e+00
-1.895676804327181886e+00
-1.999084604046653224e+00
-2.002675225125345015e+00
2.000169341828431868e+00
1.900169875933478192e+00
1.800178686821724439e+00
1.700171336972269742e+00
1.600162327466922996e+00
1.500173330076802092e+00
1.400189032196156536e+00
1.300210578021605334e+00
1.200264845080475817e+00
1.100146446505221753e+00
1.000212752176105280e+00
9.001441882384163540e-01
8.002729363241353200e-01
7.003254913623087052e-01
6.001612369748094977e-01
5.004162498025059858e-01
4.001510100198880648e-01
3.006302608344009752e-01
2.003004446723097298e-01
1.003119458771097178e-01
5.338539598200156078e-04
-1.006271499752752069e-01
-1.998784231929227884e-01
-2.995082910645125440e-01
-3.989248013727769160e-01
-4.991216173106042819e-01
-5.982342539651535063e-01
-6.993197521863554478e-01
-7.995161267697334928e-01
-9.005714471203958293e-01
-9.975920107047419050e-01
-1.101031966555947594e+00
-1.201229232472518449e+00
-1.295441129404425018e+00
-1.389348352571683654e+00
-1.500421504576036957e+00
-1.597822904653098730e+00
-1.696620324531030510e+00
-1.786447713316693608e+00
-1.924241417234116680e+00
-1.979729895611813228e+00
-2.023124324750930292e+00
2.000160659238177541e+00
1.900164957130761723e+00
1.800180750898499271e+00
1.700183463457628497e+00
1.600172141772728596e+00
1.500171957262902867e+00
1.400189032196156536e+00
1.300193173085924414e+00
1.200163507190282086e+00
1.100163688966043996e+00
1.000199729527405212e+00
9.001589451851181867e-01
8.001380913180888843e-01
7.000925065630126953e-01
6.001274303610864003e-01
5.000717301254640201e-01
4.000697696711991158e-01
3.001801189263968994e-01
2.002456748607239490e-01
9.975313254789114348e-02
4.774613744552315669e-04
-9.893146520880197192e-02
-1.997676503701097395e-01
-2.999378166356068132e-01
-4.009284414218063364e-01
-4.996290300122127603e-01
-6.002501538874448483e-01
-6.995001670690058626e-01
-7.993683451898965231e-01
-9.008997264161066054e-01
-1.000806364398351356e+00
-1.101932790174997345e+00
-1.202347513821690805e+00
-1.299190750007273021e+00
-1.399297125660692087e+00
-1.502176404674979260e+00
-1.600203447650735411e+00
-1.695571949636826670e+00
-1.798925301933431475e+00
-1.906046279879311411e+00
-1.997687037594592097e+00
-1.987745035716663722e+00
2.000169341828431868e+00
1.900172608577581856e+00
1.800173182569031027e+00
1.700181731123307616e+00
1.600166689407995557e+00
1.500174702886361899e+00
1.400175206335389833e+00
1.300160536951352253e+00
1.200155289568145101e+00
1.100194723670527397e+00
1.000199729527405212e+00
9.001480141616355901e-01
8.001477244928481003e-01
7.001410192774194519e-01
6.001765036152303390e-01
5.000538790305555370e-01
4.000438387009975783e-01
3.001975243852382236e-01
2.000840636621520063e-01
9.959777893163938856e-02
2.778595628392006313e-04
-1.005154673057690878e-01
-1.996383364872245103e-01
-3.002108207401733009e-01
-4.004127417250956111e-01
-5.004874948677189295e-01
-5.999008437674986371e-01
-6.999722086014619205e-01
-7.987886514128483828e-01
-9.008409634678246070e-01
-1.002336262538518152e+00
-1.100412569484803482e+00
-1.199453374516731508e+00
-1.300747795955716768e+00
-1.397881382874132994e+00
-1.495831005694104210e+00
-1.597912370090907475e+00
-1.695802547528599824e+00
-1.799992654225656130e+00
-1.897144554283436202e+00
-2.000362352720003400e+00
-2.001174180959714111e+00
2.000165000555002681e+00
1.900175341204491497e+00
1.800177310765091132e+00
1.700160942572458200e+00
1.600188498456228903e+00
1.500199412716419767e+00
1.400201129463277905e+00
1.300169240160376605e+00
1.200141593185703126e+00
1.100184379015446634e+00
1.000160659238177763e+00
9.001146728406429487e-01
8.002020791174312420e-01
7.001540128343705094e-01
6.000587184882686387e-01
5.001829396525935278e-01
4.001389113565901878e-01
3.003476175202740017e-01
2.000731047935837281e-01
1.003188403157989350e-01
5.208409361856700635e-04
-9.959463326124039229e-02
-1.995950111916333369e-01
-3.001804784746043842e-01
-4.006552191217101488e-01
-4.997456815830772503e-01
-5.979123700909074746e-01
-6.999156235682602034e-01
-7.994285464300100452e-01
-8.994571499875353426e-01
-9.980587059800516414e-01
-1.101760929898548236e+00
-1.200075957891868494e+00
-1.301274137773171136e+00
-1.398813819054583796e+00
-1.498517609604897993e+00
-1.600568582065941658e+00
-1.700922196157271582e+00
-1.807577521519776242e+00
-1.903708863078600544e+00
-1.993713703003483717e+00
-1.994420566154179841e+00
2.000169341828431868e+00
1.900168236338762640e+00
1.800173182569031027e+00
1.700173069348051680e+00
1.600167779886418229e+00
1.500154110287306386e+00
1.400144096539274630e+00
1.300188821743013534e+00
1.200166246363107536e+00
1.100146446505221753e+00
1.000165000555002903e+00
9.001944691114424080e-01
8.001339627492088935e-01
7.001730693480515688e-01
6.002866256225818375e-01
5.001747028863620104e-01
4.001302692478745926e-01
3.001931730859244696e-01
2.001552895681451005e-01
1.000464267305953003e-01
5.642161653756039242e-04
-1.001248039789893324e-01
-2.001675288366061567e-01
-2.999083597847095883e-01
-3.983777809273777448e-01
-4.996866656959013109e-01
-5.999112152679645371e-01
-6.999090950003606926e-01
-8.022784777731347683e-01
-8.978167891142238011e-01
-1.001302228088494006e+00
-1.099502875597654361e+00
-1.201250631100911237e+00
-1.301334108253141997e+00
-1.400083102286492132e+00
-1.497835174743095354e+00
-1.595895278532418526e+00
-1.701972649347987865e+00
-1.797737880116792697e+00
-1.900391862431515699e+00
-1.999101939594636335e+00
-1.973581146081708759e+00
2.000165000555002681e+00
1.900169329402594087e+00
1.800183502985605921e+00
1.700172203161024465e+00
1.600165598926834409e+00
1.500206276308605480e+00
1.400185575772228574e+00
1.300175767452689257e+00
1.200193637141200087e+00
1.100146446505221753e+00
1.000147635027314408e+00
9.002365475415016194e-01
8.002591785476477204e-01
7.000665153795380125e-01
5.999616308040094381e-01
5.000964458148379199e-01
4.006260481321254341e-01
3.000016727425543483e-01
1.999223923018610682e-01
1.000188310144319442e-01
8.685021164894765936e-05
-9.947447834458231219e-02
-1.992602455407967432e-01
-3.006809631927902515e-01
-4.018575895026134659e-01
-4.994836025281362279e-01
-6.003781893282635895e-01
-6.999286809984905933e-01
-7.984390218832628783e-01
-8.998535534947782466e-01
-1.001297872123696253e+00
-1.101553470407959701e+00
-1.195247397849539484e+00
-1.302429808816038426e+00
-1.398713741676672839e+00
-1.498365712691466678e+00
-1.603858213818636580e+00
-1.692771467165711696e+00
-1.788545719786079236e+00
-1.896658176198700474e+00
-2.007758066558884558e+00
-1.993812166460838808e+00
2.000169341828431868e+00
1.900170422463674402e+00
1.800170430416523804e+00
1.700173935533351166e+00
1.600175413158711812e+00
1.500162347444099709e+00
1.400145824919745818e+00
1.300177943194993135e+00
1.200190898141128226e+00
1.100132652043660730e+00
1.000165000555002903e+00
9.001890040811357796e-01
8.000864813859426272e-01
7.002250374084589835e-01
6.001296115123546659e-01
5.001568560235966077e-01
4.002892565256642166e-01
3.003737153798998194e-01
2.003333032441411421e-01
1.000119318114023187e-01
3.906892499100880116e-04
-9.960118812195971338e-02
-2.001324128836824146e-01
-3.000296655265884960e-01
-3.990826191860248895e-01
-4.984272861182213465e-01
-6.005339589956556479e-01
-7.018327334787770599e-01
-7.989690391825492455e-01
-9.016401290581120831e-01
-9.963714697849144208e-01
-1.101015525514960292e+00
-1.189653881124752122e+00
-1.298972845283440147e+00
-1.399992549831528432e+00
-1.506675813197665637e+00
-1.594254197507427806e+00
-1.715673058017690655e+00
-1.800028277852220748e+00
-1.909696085735041793e+00
-1.988827242628662839e+00
-1.993418446502702501e+00
2.000165000555002681e+00
1.900173701630408996e+00
1.800171118456285857e+00
1.700177400257274041e+00
1.600161236974809498e+00
1.500162347444099709e+00
1.400170021524124175e+00
1.300149657694800398e+00
1.200149811067001471e+00
1.100201619970359257e+00
1.000130268805227152e+00
9.001906435974486032e-01
8.001869430699646291e-01
7.001349554844671363e-01
6.001470603281549021e-01
5.000579985791218096e-01
4.001371829486046749e-01
3.001627127699594832e-01
2.001443324967472071e-01
1.003360759336959923e-01
-1.033743887332356679e-04
-9.971045036831591157e-02
-2.001909410494251140e-01
-3.002359630805199742e-01
-3.997558934273698350e-01
-4.998582457408264901e-01
-5.987925218941861916e-01
-6.994023424694204571e-01
-7.995489739510351912e-01
-9.020801244625008541e-01
-9.996874204881553982e-01
-1.101185446293116987e+00
-1.200082153812937813e+00
-1.303123992230660777e+00
-1.401865258591570296e+00
-1.498664083062424046e+00
-1.602454509856060083e+00
-1.700035331375844727e+00
-1.808035067172777177e+00
-1.899953573269404616e+00
-1.994785157273530452e+00
-2.009222187937556470e+00
2.000169341828431868e+00
1.900168236338762640e+00
1.800171806494957671e+00
1.700169604589577332e+00
1.600177594069010834e+00
1.500158228885231981e+00
1.400164836650959144e+00
1.300149657694800398e+00
1.200171724656929895e+00
1.100170585758699637e+00
1.000147635027314408e+00
9.002682402904813586e-01
8.001552932659761197e-01
7.001574777172360209e-01
6.003095187715238312e-01
5.001719572629028665e-01
4.003082619791711871e-01
3.001997000185464559e-01
2.001772028816484472e-01
9.994293375239389488e-02
4.254001802063994849e-04
-9.984542719125939769e-02
-2.004189318042949031e-01
-3.002706445592438489e-01
-3.999598246734432094e-01
-4.991572539789093654e-01
-6.000218600204888508e-01
-6.990394970126857510e-01
-8.011313147592858952e-01
-9.000536160842960154e-01
-1.001524440246397862e+00
-1.098009626089164081e+00
-1.202560022392511918e+00
-1.300006268210498472e+00
-1.396338247995208004e+00
-1.498097627980817359e+00
-1.607132527326997185e+00
-1.705315579148175331e+00
-1.808015527933610533e+00
-1.911399730248946272e+00
-1.989814569699884572e+00
-1.982732872763607768e+00
2.000169341828431868e+00
1.900174248155790835e+00
1.800178686821724439e+00
1.700178266433935770e+00
1.600171051305258052e+00
1.500188430743295331e+00
1.400163108346148322e+00
1.300175767452689257e+00
1.200133375148899839e+00
1.100132652043660730e+00
1.000165000555002903e+00
9.001780738142071137e-01
8.001036853781260394e-01
7.002293677994745336e-01
6.002800845012251640e-01
5.001280249267145983e-01
4.001924885925759456e-01
3.001213703522593867e-01
2.002730606299091831e-01
1.002016199703591737e-01
-2.692709262650176983e-05
-1.001428521035315211e-01
-2.000931690019916165e-01
-3.000894643951169116e-01
-3.999576430839122398e-01
-4.996304022015093937e-01
-5.990840022357889483e-01
-6.991502739545422118e-01
-7.993218317647750037e-01
-9.006992737665370230e-01
-1.000127266928713343e+00
-1.100366054535836247e+00
-1.202618878655988377e+00
-1.301968215860018097e+00
-1.398491913197656311e+00
-1.505041591943280022e+00
-1.601159330546287451e+00
-1.709905259718047521e+00
-1.791134231401525279e+00
-1.894142518544662535e+00
-1.994116259769730171e+00
-1.995111404008499623e+00
2.000169341828431868e+00
1.900173701630408996e+00
1.800175934704097758e+00
1.700168738395639867e+00
1.600168870362102869e+00
1.500177448492463483e+00
1.400173478071845556e+00
1.300173591699485431e+00
1.200174463777927025e+00
1.100174034113956090e+00
1.000182365388348149e+00
9.001753412044913860e-01
8.001470364160228055e-01
7.001843296221976765e-01
6.001819558567529356e-01
5.002049035988460624e-01
4.001855757722286300e-01
3.002780155597859491e-01
2.001580287928009516e-01
1.000947150149893716e-01
1.172436829288385637e-04
-9.975361653027436937e-02
-1.998405783679139680e-01
-2.995576302672357527e-01
-3.995716742678688260e-01
-4.998115692567047796e-01
-6.003366601844460915e-01
-6.996763068954909848e-01
-7.993218317647750037e-01
-8.994571499875353426e-01
-9.980803243941165359e-01
-1.100382471007779195e+00
-1.200846995954496066e+00
-1.299656325491808762e+00
-1.398337570035052657e+00
-1.500931815489205512e+00
-1.603561769442401364e+00
-1.700767354634704187e+00
-1.798354388303726070e+00
-1.894854434990421499e+00
-2.009488882592521897e+00
-1.984212867713293305e+00
2.000165000555002681e+00
1.900168782871022310e+00
1.800169054333730090e+00
1.700170470781787291e+00
1.600160146479957968e+00
1.500178821289005038e+00
1.400163108346148322e+00
1.300156185281435173e+00
1.200155289568145101e+00
1.100163688966043996e+00
1.000173683058464880e+00
9.001900970926987045e-01
8.002213424149295928e-01
7.000717137406737844e-01
6.001285209380897712e-01
5.004423178574899378e-01
3.997930928002790263e-01
2.999341922766860513e-01
2.002812760239318368e-01
9.980490473969393095e-02
-1.581119695373376798e-04
-9.974378082481004382e-02
-1.999816531168953637e-01
-2.992997433825676512e-01
-4.006912746196680808e-01
-5.007089105539715979e-01
-5.998887439966592572e-01
-6.996719569036851105e-01
-7.994066541044189123e-01
-9.024823999290532139e-01
-9.997785662750308111e-01
-1.104980993765462882e+00
-1.202376580516371973e+00
-1.298804303535233684e+00
-1.403773587181995186e+00
-1.490081415190123382e+00
-1.602663210800069127e+00
-1.700048392405741682e+00
-1.810877602778079964e+00
-1.910416314776455904e+00
-1.995077050703474297e+00
-1.975391203873442025e+00
2.000165000555002681e+00
1.900178073814207114e+00
1.800171806494957671e+00
1.700168738395639867e+00
1.600171051305258052e+00
1.500181566869070116e+00
1.400171749801423671e+00
1.300171415935381214e+00
1.200188159123781961e+00
1.100139549329210320e+00
1.000247477330344248e+00
9.001873645586334627e-01
8.002048310693865574e-01
7.001929911728786982e-01
6.001928601344558301e-01
5.002364748256389326e-01
4.002598828251293650e-01
3.000647901391729211e-01
2.000292665537702907e-01
1.000222805748469529e-01
3.429571904429636075e-04
-1.000099698470825471e-01
-2.000064319502283250e-01
-3.000513308321261507e-01
-4.006388312484896463e-01
-4.993656499636929258e-01
-5.991789049106894804e-01
-6.998329356255285072e-01
-8.006206061360147119e-01
-8.997880357852170441e-01
-9.991626194624660950e-01
-1.099359270078733575e+00
-1.196023543893931063e+00
-1.299637277298339111e+00
-1.400428029093526927e+00
-1.507535758321555175e+00
-1.597332892279568650e+00
-1.702788994656397659e+00
-1.800820973948873416e+00
-1.884955604741586743e+00
-1.981682381673015358e+00
-2.011161115968456592e+00
2.000169341828431868e+00
1.900163317517476136e+00
1.800171118456285857e+00
1.700173069348051680e+00
1.600169960835049698e+00
1.500178821289005038e+00
1.400187303987631138e+00
1.300201875640955684e+00
1.200133375148899839e+00
1.100187827261185136e+00
1.000156317877955114e+00
9.002059454512441050e-01
8.002234062889852506e-01
7.002137781897380675e-01
6.000292672145173256e-01
4.999742267432877307e-01
4.003894577312338554e-01
2.998492826013699486e-01
2.001361145117796503e-01
1.001774824418325688e-01
3.646542314541680149e-04
-1.002993006088891415e-01
-2.003452177729019568e-01
-3.005855056545768678e-01
-4.000405511910713474e-01
-5.010846127265219385e-01
-5.969635993405159047e-01
-7.027188994633424279e-01
-8.007935208383422099e-01
-8.982907223129960039e-01
-9.960313649476717490e-01
-1.101786732054755857e+00
-1.202318449072270701e+00
-1.304800356242378001e+00
-1.397732682552101480e+00
-1.501871474420914954e+00
-1.594903050768449404e+00
-1.700887297474053650e+00
-1.805108415939995714e+00
-1.883601484938359327e+00
-2.016907099556321192e+00
-1.994369119113351019e+00
2.000173683058465102e+00
1.900165503667148093e+00
1.800173870604432791e+00
1.700162674989703193e+00
1.600168870362102869e+00
1.500148618762647157e+00
1.400164836650959144e+00
1.300188821743013534e+00
1.200182681037265331e+00
1.100174034113956090e+00
1.000147635027314408e+00
9.001600382723344840e-01
8.000403713259317540e-01
7.001288916068485468e-01
6.002146678685413850e-01
5.002790237176805155e-01
3.998726554554948298e-01
3.001409540933330233e-01
2.001141991249189289e-01
9.961504318912224598e-02
-2.363204831563466782e-04
-9.902364772779963242e-02
-1.993324011226615400e-01
-3.000062682104984724e-01
-3.990586707235116437e-01
-4.989352577602687022e-01
-6.000114858773816229e-01
-7.001158806517612243e-01
-8.002694992704049159e-01
-8.999777194251530332e-01
-1.000575386884266171e+00
-1.099271382902089700e+00
-1.199571631081670864e+00
-1.299778426935442432e+00
-1.400289370519294918e+00
-1.501955619300349376e+00
-1.601330988789180010e+00
-1.705245075008706257e+00
-1.797040590071630417e+00
-1.887348086471840602e+00
-1.998876631427012107e+00
-2.007341345264602506e+00
2.000165000555002681e+00
1.900164957130761723e+00
1.800173182569031027e+00
1.700175667898767840e+00
1.600178684520053185e+00
1.500185685206622876e+00
1.400164836650959144e+00
1.300156185281435173e+00
1.200171724656929895e+00
1.100222308212827960e+00
1.000195388557727494e+00
9.001950156106908185e-01
8.001380913180888843e-01
7.001748017169232563e-01
6.001263397813443312e-01
5.003037276131310218e-01
4.000645836010207623e-01
3.001583611218441860e-01
2.001196780753126125e-01
9.961849595826476056e-02
4.340774793185928982e-04
-9.959681820382092210e-02
-1.991915370827605225e-01
-3.004735867201570598e-01
-4.000590985918963116e-01
-5.000793407686495717e-01
-6.011905360896894202e-01
-6.997459126906249161e-01
-8.002475645132727244e-01
-9.002089005746706230e-01
-1.001347097068649106e+00
-1.098314509923319360e+00
-1.200815273025629848e+00
-1.298829364578321766e+00
-1.406885690522353904e+00
-1.495291326151156452e+00
-1.595116701407423010e+00
-1.702887585166594553e+00
-1.812439799641496707e+00
-1.898675744319589631e+00
-2.013208118518933887e+00
-1.997985211420615581e+00
2.000165000555002681e+00
1.900167143272180059e+00
1.800162861907199874e+00
1.700162674989703193e+00
1.600175413158711812e+00
1.500177448492463483e+00
1.400182119320791729e+00
1.300195348741030932e+00
1.200174463777927025e+00
1.100153343571698583e+00
1.000195388557727494e+00
9.001245115294487231e-01
8.002013911267178425e-01
7.000847093712956326e-01
6.000848957217044255e-01
5.001252790081391897e-01
4.001337261119973232e-01
3.001453059158700198e-01
2.002593679611782418e-01
1.001016129030606328e-01
-3.158469126126599736e-04
-1.001860612670663203e-01
-1.994526870727057755e-01
-2.999664090193492338e-01
-4.003712501517253664e-01
-4.998074509842400648e-01
-6.006084020094166753e-01
-6.993045398998115614e-01
-7.996037247745745313e-01
-9.004125799522819662e-01
-1.001035288161652437e+00
-1.101154197806508472e+00
-1.200414797976066650e+00
-1.300457104972596367e+00
-1.397260869096071723e+00
-1.499489089473662995e+00
-1.603865191417606972e+00
-1.700667064237477710e+00
-1.800628838608509641e+00
-1.894670383017624582e+00
-1.991889750210913634e+00
-2.008451868148934949e+00
2.000169341828431868e+00
1.900171515522003585e+00
1.800166990201363948e+00
1.700165273602613381e+00
1.600183046296843603e+00
1.500170584444664001e+00
1.400173478071845556e+00
1.300158361121844131e+00
1.200179941968094521e+00
1.100156792063862632e+00
1.000165000555002903e+00
9.001551193581951438e-01
8.001607977454018306e-01
7.002163764968896142e-01
6.001808654139242361e-01
5.002556909705018207e-01
4.003687283440074407e-01
3.002149291465393555e-01
2.002949680019619483e-01
1.001154083505349929e-01
4.774613744552315669e-04
-1.001959069943142988e-01
-2.002226184052245395e-01
-3.001102659317577137e-01
-3.992753435208696855e-01
-4.993368524590369173e-01
-5.993187084399224096e-01
-6.989634899676478996e-01
-8.002475645132727244e-01
-8.993813574852854709e-01
-1.000121619482455149e+00
-1.102053077913192292e+00
-1.200501616632977830e+00
-1.301561028047775626e+00
-1.400917509228897684e+00
-1.498790062367924225e+00
-1.601337925902037940e+00
-1.704989593408041015e+00
-1.802129753387155198e+00
-1.898837417785158355e+00
-1.998876631427012107e+00
-1.999587616093547515e+00
2.000169341828431868e+00
1.900166596737857150e+00
1.800169742375671955e+00
1.700183463457628497e+00
1.600175413158711812e+00
1.500187057977128591e+00
1.400183847549948846e+00
1.300149657694800398e+00
1.200174463777927025e+00
1.100180930742329366e+00
1.000221433724969078e+00
9.001906435974486032e-01
8.001951991612508142e-01
7.001297578802635480e-01
6.001481508558657030e-01
5.001115491548306924e-01
4.001060704285452907e-01
3.001344262777628780e-01
2.002730606299091831e-01
9.972897007944193926e-02
5.338539598200156078e-04
-9.898164498193483263e-02
-2.006325664820367283e-01
-2.995887947572596910e-01
-4.003898116813808805e-01
-4.992066018861555654e-01
-5.995656319904764109e-01
-7.006038495834019386e-01
-7.985236719590695920e-01
-9.004609246778272347e-01
-9.993663924774449647e-01
-1.101137203959425381e+00
-1.201165042912752723e+00
-1.298198094245888612e+00
-1.399695931868767174e+00
-1.500776320348961912e+00
-1.609561260792510273e+00
-1.696380657787064594e+00
-1.806163297395970480e+00
-1.898889028371513410e+00
-1.990077670466935400e+00
-2.005459817169250591e+00
2.000165000555002681e+00
1.900162770978338633e+00
1.800172494532539469e+00
1.700161808781944561e+00
1.600172141772728596e+00
1.500169211622085497e+00
1.400175206335389833e+00
1.300151833567913195e+00
1.200155289568145101e+00
1.100115408350534896e+00
1.000112901888685180e+00
9.001704224636744023e-01
8.002722484456616936e-01
7.000595841345647052e-01
6.001208868415546238e-01
5.002515732967508510e-01
3.998363351819621547e-01
3.002780155597859491e-01
2.002347200695013540e-01
1.005187314421426004e-01
1.085600510348161207e-04
-9.926483301723454389e-02
-1.995702558202810672e-01
-2.999109588382457003e-01
-3.985343128241828903e-01
-4.995275000335145932e-01
-5.983324157623126638e-01
-6.985662981621360013e-01
-7.980787609900176216e-01
-8.975114106484398668e-01
-9.991279442141345335e-01
-1.100463468019338587e+00
-1.199513186312813673e+00
-1.306131532817273566e+00
-1.393477834505230550e+00
-1.508019527316214692e+00
-1.597246982174109542e+00
-1.712283346393563832e+00
-1.787998942487710075e+00
-1.906193224384825413e+00
-1.977604624900375141e+00
-2.001114090222385844e+00
2.000169341828431868e+00
1.900172062050136557e+00
1.800168366290697985e+00
1.700162674989703193e+00
1.600174322699455587e+00
1.500188430743295331e+00
1.400166564948891912e+00
1.300186646055208950e+00
1.200147071790513165e+00
1.100187827261185136e+00
1.000165000555002903e+00
9.001671432721801702e-01
8.001181362049054613e-01
7.001748017169232563e-01
6.001961313643794371e-01
5.001966672491728882e-01
4.002322351743708984e-01
3.001518335679132510e-01
2.002182873645362293e-01
1.005083945019620284e-01
4.731231799591077724e-04
-1.001401174909950370e-01
-1.997470125939624641e-01
-2.997489808931053101e-01
-3.994855867804737448e-01
-4.992518423941766370e-01
-6.009877401258325591e-01
-6.995827916721695239e-01
-8.002338558526242984e-01
-9.006992737665370230e-01
-1.000468421976323574e+00
-1.098185452604907075e+00
-1.199453374516731508e+00
-1.297578942307320515e+00
-1.399938009271262329e+00
-1.501452372355190690e+00
-1.599589813870930577e+00
-1.698993891189418015e+00
-1.795703621038875930e+00
-1.917035206222248434e+00
-2.006444299840257628e+00
-2.001810433362442687e+00
2.000173683058465102e+00
1.900173701630408996e+00
1.800164238009614781e+00
1.700178266433935770e+00
1.600180865413924236e+00
1.500115668156399407e+00
1.400161380034459668e+00
1.300160536951352253e+00
1.200138853857380505e+00
1.100208516160684269e+00
1.000195388557727494e+00
9.001676898058152965e-01
8.002502357592139459e-01
7.001600763612442213e-01
6.001372454555291558e-01
5.000827150499477236e-01
4.001458249197456518e-01
3.003976370402720586e-01
2.001415931857030428e-01
9.967028420160996272e-02
4.991516969420595976e-04
-1.004454065662087059e-01
-1.998935620463678786e-01
-3.003452191182484632e-01
-3.998911098669898356e-01
-4.996454965699250184e-01
-5.987114940700944965e-01
-7.014962455330384650e-01
-7.998227971183515805e-01
-8.991884907811912298e-01
-9.997872478238948313e-01
-1.099525267048750310e+00
-1.199700925101175430e+00
-1.299106861039530880e+00
-1.398209354756734690e+00
-1.504006337744013599e+00
-1.606962074839351606e+00
-1.701627313734396463e+00
-1.790208947696891872e+00
-1.914181594883788806e+00
-1.976389549376175392e+00
-1.973372777879239814e+00
2.000165000555002681e+00
1.900173155104339262e+00
1.800180062873997677e+00
1.700182597291331810e+00
1.600186317600688302e+00
1.500174702886361899e+00
1.400170021524124175e+00
1.300177943194993135e+00
1.200174463777927025e+00
1.100142997930908084e+00
1.000212752176105280e+00
9.001911901015108297e-01
8.001711184562857460e-01
7.001176298952097588e-01
6.002964371198973303e-01
5.001678387951676852e-01
3.999366409287967716e-01
3.001170182898695860e-01
2.000922826321071823e-01
9.980490473969393095e-02
4.644466609612146117e-04
-9.908311310654414894e-02
-1.998343858923304628e-01
-2.998581144733558079e-01
-4.000078224159020479e-01
-5.009029139501240957e-01
-6.007694503237659411e-01
-6.998372872300404612e-01
-8.008649025356682216e-01
-9.002641262209687412e-01
-1.000178966196112684e+00
-1.100543385280743580e+00
-1.201699555015896204e+00
-1.296019457737271230e+00
-1.402109644758804174e+00
-1.494723823183621736e+00
-1.605276969910408802e+00
-1.701234227738120497e+00
-1.796113513385782401e+00
-1.894179958751124992e+00
-1.997384751453131324e+00
-2.002702755609628404e+00
2.000165000555002681e+00
1.900179713371783707e+00
1.800181438921910848e+00
1.700177400257274041e+00
1.600169960835049698e+00
1.500160974595483587e+00
1.400156195058125608e+00
1.300147481810785877e+00
1.200144332496747124e+00
1.100160240528644362e+00
1.000151976474334292e+00
9.001398157134659073e-01
8.001552932659761197e-01
7.003211619296489943e-01
6.000499923931469359e-01
5.005342295660790697e-01
4.004188226695157282e-01
3.001605369513523081e-01
2.002840144540713740e-01
1.008803694326719097e-01
-2.862944079460799456e-04
-1.005548814391509782e-01
-2.004134200420676637e-01
-3.001085324323158332e-01
-3.987822704355450942e-01
-5.013283736379996469e-01
-5.991219608171926003e-01
-7.004229757207793838e-01
-8.004285593999307391e-01
-9.001398783908501899e-01
-1.000899050927975820e+00
-1.101814731873456576e+00
-1.198988910440810463e+00
-1.303174616831173971e+00
-1.399165360400793423e+00
-1.501905958055640422e+00
-1.608966040363203565e+00
-1.704740863518320326e+00
-1.798122413063820924e+00
-1.892572937379901399e+00
-1.989649152457420689e+00
-2.007286578137756905e+00
