2.000173683058465102e+00
1.900170422463674402e+00
1.800166990201363948e+00
1.700184329622197676e+00
1.600177594069010834e+00
1.500167838795167574e+00
1.400175206335389833e+00
1.300182294646900605e+00
1.200166246363107536e+00
1.100163688966043996e+00
1.000173683058464880e+00
9.001321636888707234e-01
8.000775350406660325e-01
7.001929911728786982e-01
6.001666894079954462e-01
5.001129221596942731e-01
4.002270510439016049e-01
3.002040512524661309e-01
2.001662463631074806e-01
9.995673424118266259e-02
1.736830584648996938e-04
-9.949086114859184704e-02
-2.001978272345745768e-01
-2.997030836908677331e-01
-3.999423722640332857e-01
-4.989407377822485112e-01
-5.988752893210294026e-01
-6.984925429615636006e-01
-8.005190851376441374e-01
-8.996983959861460933e-01
-1.000612787336150777e+00
-1.098138631160825218e+00
-1.199585383935097616e+00
-1.297388545209053445e+00
-1.399833310592004443e+00
-1.499105170603763471e+00
-1.608235934915559051e+00
-1.688161406823812438e+00
-1.803492208060304192e+00
-1.903159479668610432e+00
-1.998309545767847251e+00
-1.977324238046272553e+00
