2.000169341828431868e+00
1.900172608577581856e+00
1.800171118456285857e+00
1.700178266433935770e+00
1.600168870362102869e+00
1.500169211622085497e+00
1.400189032196156536e+00
1.300193173085924414e+00
1.200166246363107536e+00
1.100218860240854246e+00
1.000186706488199739e+00
9.001846320073751961e-01
8.001958871617734781e-01
7.001722031610244645e-01
6.002332035815644007e-01
5.001678387951676852e-01
4.000542112748741164e-01
3.001061379430888798e-01
2.001936371412000870e-01
1.003360759336959923e-01
3.472966853635024720e-04
-9.947229401740742549e-02
-2.001847435761445471e-01
-2.997507129579773388e-01
-4.001311136561425674e-01
-4.998911968679186635e-01
-5.991616483363016998e-01
-7.007608132506195631e-01
-7.991604414543054258e-01
-8.999328776329378332e-01
-9.983225241811694017e-01
-1.098426172722980709e+00
-1.199956875697247183e+00
-1.297828049142288886e+00
-1.399946735300635847e+00
-1.502059098469382237e+00
-1.596435112282051261e+00
-1.698295200940430627e+00
-1.797222975817575286e+00
-1.897940374009006170e+00
-1.990706362570051846e+00
-2.003902243058929056e+00
