-2.392022060800194985e-02
-4.271376336988784439e-03
1.438191201357387657e-02
3.109323387897071009e-02
4.578441598387365807e-02
5.870306454695941450e-02
6.926098628474651464e-02
8.125366871722240758e-02
9.101238541642449331e-02
1.002636817414576664e-01
1.110742337580998829e-01
1.205212862598003670e-01
1.314454252073931073e-01
1.441132061510863593e-01
1.558034875560619370e-01
1.679432129999021972e-01
1.828253544024454058e-01
1.987917523372193795e-01
2.151271063214378054e-01
2.341526875920960649e-01
2.527171410575309585e-01
2.729804254282830467e-01
2.978064541808775334e-01
3.218737898198077430e-01
3.489548443806675948e-01
3.787666221193645710e-01
4.091906396769927068e-01
4.456244387457667377e-01
4.807655762868010552e-01
5.203144983770234822e-01
5.606083466918538871e-01
6.046806359299566891e-01
6.522801933740532965e-01
7.012596387808527343e-01
7.528118273354392764e-01
8.115971221560673854e-01
8.599406700487265409e-01
9.230221504654978482e-01
9.831276672463403754e-01
1.046502968298408831e+00
1.101990952517063693e+00
1.121412099847956201e+00
