-1.635593056678771973e+00
-1.571251273155212402e+00
-1.503103852272033691e+00
-1.430209279060363770e+00
-1.353371024131774902e+00
-1.272392630577087402e+00
-1.187751412391662598e+00
-1.099532961845397949e+00
-1.008184790611267090e+00
-9.144452810287475586e-01
-8.176740407943725586e-01
-7.212861776351928711e-01
-6.234230995178222656e-01
-5.265506505966186523e-01
-4.329190254211425781e-01
-3.442527055740356445e-01
-2.611953020095825195e-01
-1.886113882064819336e-01
-1.307559013366699219e-01
-9.122693538665771484e-02
-8.272981643676757812e-02
-1.106318235397338867e-01
-1.817806959152221680e-01
-2.958945035934448242e-01
-4.362953901290893555e-01
-5.765064954757690430e-01
-6.979154348373413086e-01
-7.892994880676269531e-01
-8.539592027664184570e-01
-8.979753255844116211e-01
-9.232863187789916992e-01
-9.410051107406616211e-01
-9.450279474258422852e-01
-9.402433633804321289e-01
-9.288107156753540039e-01
-9.060181379318237305e-01
-8.827365636825561523e-01
-8.488937616348266602e-01
-8.143843412399291992e-01
-7.783256769180297852e-01
-7.404645681381225586e-01
-7.361024618148803711e-01
