2.000169341828431868e+00
1.900176434250441027e+00
1.800170430416523804e+00
1.700182597291331810e+00
1.600163417956298240e+00
1.500184312431777744e+00
1.400161380034459668e+00
1.300162712769959539e+00
1.200163507190282086e+00
1.100187827261185136e+00
1.000134610425851944e+00
9.001720620501366676e-01
8.001277698222983847e-01
7.002674733786591332e-01
6.002103064093280427e-01
5.002927482775263446e-01
4.003980946838984756e-01
3.003628414623121801e-01
2.002867528669438901e-01
1.002188602408542878e-01
8.243766056055041496e-04
-1.000099698470825471e-01
-1.997160577684600202e-01
-2.998702421197363965e-01
-4.004880918225359743e-01
-4.992271651692195555e-01
-6.000184019452519113e-01
-7.000984633261764234e-01
-7.975825272155031564e-01
-8.995949884341111202e-01
-1.001261283744182329e+00
-1.099409499309022653e+00
-1.200811825020806634e+00
-1.295323670139970629e+00
-1.401670286665223752e+00
-1.500303297040766148e+00
-1.609672624018192444e+00
-1.688381744731820566e+00
-1.796325397484361819e+00
-1.907317945393037339e+00
-1.982820528492600598e+00
-1.993491172224709951e+00
