-8.949458889197434153e-02
-3.767423804509290736e-02
6.371899252066662994e-03
4.209094283142490733e-02
7.184520112940913361e-02
9.629809548643815387e-02
1.159897297482649636e-01
1.312785369917791878e-01
1.441194391633919270e-01
1.568397951317560546e-01
1.650750875123086214e-01
1.746586221895667368e-01
1.827056064434668392e-01
1.911826415338135077e-01
1.998593515658453612e-01
2.080891556378257068e-01
2.169519367650143693e-01
2.272180447711872053e-01
2.373778300924123119e-01
2.471333093462139696e-01
2.575825875813800847e-01
2.710605680353374569e-01
2.846404981747057139e-01
2.990778038427285845e-01
3.170306587792846020e-01
3.305476939877500242e-01
3.506142997999961985e-01
3.718525790917424634e-01
3.916336532000654902e-01
4.144886722369520715e-01
4.430798409029860774e-01
4.704031399576940053e-01
5.014906023974577964e-01
5.266274188935327061e-01
5.711997220209817927e-01
6.025840855566114707e-01
6.532607660371457792e-01
6.711580264459121592e-01
7.241201512126899109e-01
7.793677410736876698e-01
8.027798806032170331e-01
8.250266948264901590e-01
