1.128060106540026641e+00
1.121625355815877523e+00
1.115212879616529262e+00
1.108822723218336748e+00
1.102454931152355933e+00
1.096109547203170553e+00
1.089786614407826537e+00
1.083486175054871437e+00
1.077208270683496449e+00
1.070952942082777026e+00
1.064720229291009179e+00
1.058510171595140159e+00
1.052322807530288173e+00
1.046158174879348035e+00
1.040016310672680078e+00
1.033897251187881894e+00
1.027801031949632016e+00
1.021727687729611533e+00
1.015677252546491660e+00
1.009649759665991464e+00
1.003645241600996219e+00
9.976637301117357026e-01
9.917052562060194587e-01
9.857698501395247836e-01
9.798575414161332375e-01
9.739683587883133375e-01
9.681023302575464395e-01
9.622594830747903671e-01
9.564398437409790121e-01
9.506434380075546864e-01
9.448702908770293396e-01
9.391204266035704240e-01
9.333938686936095186e-01
9.276906399064706044e-01
9.220107622550136606e-01
9.163542570062904735e-01
9.107211446822112144e-01
9.051114450602163464e-01
8.995251771739538604e-01
8.939623593139557345e-01
8.884230090283132819e-01
8.829071431233463940e-01
8.774147776642683416e-01
8.719459279758356995e-01
8.665006086429913879e-01
8.610788335114879510e-01
8.556806156884960712e-01
8.503059675431933195e-01
8.449549007073308138e-01
8.396274260757764507e-01
8.343235538070326029e-01
8.290432933237260604e-01
8.237866533130702162e-01
8.185536417272946119e-01
8.133442657840437295e-01
8.081585319667422551e-01
8.029964460249250369e-01
7.978580129745312943e-01
7.927432370981619680e-01
7.876521219452997657e-01
7.825846703324897957e-01
7.775408843434822304e-01
7.725207653293333365e-01
7.675243139084693134e-01
7.625515299667062763e-01
7.576024126572334927e-01
7.526769604005519865e-01
7.477751708843777267e-01
7.428970410634988530e-01
7.380425671595989279e-01
7.332117446610357803e-01
7.284045683225859324e-01
7.236210321651473931e-01
7.188611294754080339e-01
7.141248528054763289e-01
7.094121939724774561e-01
7.047231440581162021e-01
7.000576934082052283e-01
6.954158316321650268e-01
6.907975476024923456e-01
6.862028294542008577e-01
6.816316645842368516e-01
6.770840396508690517e-01
6.725599405730575686e-01
6.680593525298011981e-01
6.635822599594674021e-01
6.591286465591064125e-01
6.546984952837507921e-01
6.502917883457058901e-01
6.459085072138283090e-01
6.415486326128024830e-01
6.372121445224090408e-01
6.328990221767970548e-01
6.286092440637546241e-01
6.243427879239864531e-01
6.200996307503979788e-01
6.158797487873911569e-01
6.116831175301725709e-01
6.075097117240796374e-01
6.033595053639253525e-01
5.992324716933669082e-01
5.951285832042988444e-01
5.910478116362771761e-01
5.869901279759733859e-01
5.829555024566664967e-01
5.789439045577714493e-01
5.749553030044103341e-01
5.709896657670292530e-01
5.670469600610608119e-01
5.631271523466414575e-01
5.592302083283801073e-01
5.553560929551859537e-01
5.515047704201564427e-01
5.476762041605292008e-01
5.438703568577000214e-01
5.400871904373112375e-01
5.363266660694120391e-01
5.325887441686948387e-01
5.288733843948086877e-01
5.251805456527556260e-01
5.215101860933679667e-01
5.178622631138745103e-01
5.142367333585530220e-01
5.106335527194753032e-01
5.070526763373451873e-01
5.034940586024317932e-01
4.999576531556015335e-01
4.964434128894475440e-01
4.929512899495237521e-01
4.894812357356799759e-01
4.860332009035028267e-01
4.826071353658631380e-01
4.792029882945713082e-01
4.758207081221416113e-01
4.724602425436668085e-01
4.691215385188036713e-01
4.658045422738714136e-01
4.625091993040612581e-01
4.592354543757600216e-01
4.559832515289874433e-01
4.527525340799459230e-01
4.495432446236846125e-01
4.463553250368760827e-01
4.431887164807067347e-01
4.400433594038784535e-01
4.369191935457223397e-01
4.338161579394223533e-01
4.307341909153488690e-01
4.276732301044988693e-01
4.246332124420439946e-01
4.216140741709810125e-01
4.186157508458861476e-01
4.156381773367678889e-01
4.126812878330185508e-01
4.097450158474590931e-01
4.068292942204764229e-01
4.039340551242485700e-01
4.010592300670547949e-01
3.982047498976661326e-01
3.953705448098132624e-01
3.925565443467267102e-01
3.897626774057447729e-01
3.869888722429845052e-01
3.842350564780704913e-01
3.815011570989157996e-01
3.787871004665488428e-01
3.760928123199813733e-01
3.734182177811093406e-01
3.707632413596413934e-01
3.681278069580470880e-01
3.655118378765168652e-01
3.629152568179271898e-01
3.603379858928019153e-01
3.577799466242603810e-01
3.552410599529456370e-01
3.527212462419203609e-01
3.502204252815239172e-01
3.477385162941762919e-01
3.452754379391230755e-01
3.428311083171056151e-01
3.404054449749482347e-01
3.379983649100484211e-01
3.356097845747579300e-01
3.332396198806422682e-01
3.308877862026031735e-01
3.285541983828527135e-01
3.262387707347206289e-01
3.239414170462824871e-01
3.216620505837911592e-01
3.194005840948946906e-01
3.171569298116245772e-01
3.149309994531345192e-01
3.127227042281721103e-01
3.105319548372642569e-01
3.083586614745938426e-01
3.062027338295494339e-01
3.040640810879230993e-01
3.019426119327361380e-01
2.998382345446658492e-01
2.977508566020520275e-01
2.956803852804538724e-01
2.936267272517331106e-01
2.915897886826339658e-01
2.895694752328306087e-01
2.875656920524142790e-01
2.855783437787836609e-01
2.836073345329109263e-01
2.816525679149464167e-01
2.797139469991261063e-01
2.777913743279458725e-01
2.758847519055633302e-01
2.739939811903874256e-01
2.721189630868125486e-01
2.702595979360561951e-01
2.684157855060499420e-01
2.665874249803421581e-01
2.647744149459576590e-01
2.629766533801662920e-01
2.611940376361040483e-01
2.594264644271943587e-01
2.576738298103052327e-01
2.559360291675885635e-01
2.542129571869317095e-01
2.525045078409595134e-01
2.508105743645147601e-01
2.491310492305477131e-01
2.474658241243376244e-01
2.458147899159686955e-01
2.441778366309796389e-01
2.425548534191007133e-01
2.409457285209895550e-01
2.393503492328757087e-01
2.377686018690126357e-01
2.362003717218431609e-01
2.346455430197677550e-01
2.331039988824105402e-01
2.315756212732676400e-01
2.300602909496193282e-01
2.285578874095841873e-01
2.270682888361837681e-01
2.255913720382884124e-01
2.241270123882992682e-01
2.226750837564273333e-01
2.212354584414133463e-01
2.198080070975345912e-01
2.183925986577350820e-01
2.169891002527066792e-01
2.155973771257474469e-01
2.142172925432119790e-01
2.128487077003623773e-01
2.114914816224233995e-01
2.101454710606342202e-01
2.088105303830847803e-01
2.074865114601134042e-01
2.061732635440386152e-01
2.048706331429841487e-01
2.035784638885531905e-01
2.022965963970951297e-01
2.010248681243022584e-01
1.997631132128621367e-01
1.985111623328845165e-01
1.972688425148132751e-01
1.960359769745208813e-01
1.948123849302782762e-01
1.935978814112817303e-01
1.923922770574086061e-01
1.911953779098673478e-01
1.900069851923961162e-01
1.888268950826571257e-01
1.876548984734653647e-01
1.864907807234829074e-01
1.853343213970013725e-01
1.841852939924309984e-01
1.830434656591054809e-01
1.819085969020079740e-01
1.807804412740217914e-01
1.796587450552988574e-01
1.785432469193456162e-01
1.774336775854181147e-01
1.763297594568229709e-01
1.752312062447207164e-01
1.741377225770344983e-01
1.730490035920713987e-01
1.719647345164749264e-01
1.708845902271374506e-01
1.698082347967155292e-01
1.687353210224106781e-01
1.676654899376981145e-01
1.665983703067134558e-01
1.655335781010345009e-01
1.644707159586336620e-01
1.634093726248129208e-01
1.623491223749829737e-01
1.612895244191961674e-01
1.602301222884059406e-01
1.591704432024861615e-01
1.581099974201254088e-01
1.570482775707839063e-01
1.559847579690031294e-01
1.549188939114483909e-01
1.538501209571873085e-01
1.527778541918197175e-01
1.517014874762175336e-01
1.506203926807725968e-01
1.495339189062179497e-01
1.484413916922528720e-01
1.473421122154000840e-01
1.462353564777162107e-01
1.451203744882034463e-01
1.439963894389988674e-01
1.428625968786713940e-01
1.417181638852228753e-01
1.405622282416722768e-01
1.393938976174049493e-01
1.382122487587837401e-01
1.370163266928528523e-01
1.358051439483138056e-01
1.345776797983181672e-01
1.333328795299935920e-01
1.320696537460143150e-01
1.307868777039219443e-01
1.294833906993099748e-01
1.281579954993972981e-01
1.268094578339269418e-01
1.254365059507396851e-01
1.240378302437740304e-01
1.226120829616368368e-01
1.211578780052672277e-01
1.196737908235623593e-01
1.181583584161656764e-01
1.166100794528907303e-01
1.150274145195046976e-01
1.134087864997695705e-01
1.117525811037684974e-01
1.100571475525865955e-01
1.083207994293818033e-01
1.065418157067543059e-01
1.047184419600835359e-01
1.028488917761601062e-01
1.009313483659628752e-01
9.896396638982435379e-02
9.694487400247707443e-02
9.487217512457357671e-02
9.274395194620461969e-02
9.055826766672540884e-02
8.831316947380039861e-02
8.600669176302694341e-02
8.363685959776592793e-02
8.120169240693281276e-02
7.869920791645541869e-02
7.612742630793423171e-02
7.348437459572793040e-02
7.076809121128316282e-02
6.797663078102131329e-02
6.510806908155065964e-02
6.216050815338312885e-02
5.913208155177042402e-02
5.602095971073964981e-02
5.282535539397512081e-02
4.954352920387034009e-02
4.617379511794243024e-02
4.271452601986914371e-02
3.916415919074447971e-02
3.552120172478916149e-02
3.178423583272663860e-02
2.795192399539812161e-02
2.402301392994951254e-02
1.999634333113629869e-02
1.587084435093474161e-02
1.164554778078358797e-02
7.319586902350723977e-03
2.892200974787844346e-03
-1.637261671090728225e-03
-6.269340958333524498e-03
-1.100446283242734365e-02
-1.584293749260289735e-02
-2.078495810162401744e-02
-2.583059998561975171e-02
-3.097982033116993342e-02
-3.623245838237638961e-02
-4.158823613614862080e-02
-4.704675952944115114e-02
-5.260752010779908699e-02
-5.826989716033685596e-02
-6.403316030228321798e-02
-6.989647248250768774e-02
-7.585889339006371412e-02
-8.191938323078976070e-02
-8.807680684241422919e-02
-9.432993811447616672e-02
-1.006774646776758403e-01
-1.071179928260629632e-01
-1.136500526347007517e-01
-1.202721032351640601e-01
-1.269825382113529133e-01
-1.337796910786830940e-01
-1.406618408106331819e-01
-1.476272173779465957e-01
-1.546740072673676303e-01
-1.618003589486844140e-01
-1.690043882609319759e-01
1.124878349675666023e+00
1.031645466210212359e+00
9.392945984915851421e-01
8.479915667551668479e-01
7.579273373692129168e-01
6.693193042080184396e-01
5.824115181447380163e-01
4.974733908244281522e-01
4.147963625088556539e-01
3.346880606197816244e-01
2.574636235421793318e-01
1.834341522709394545e-01
1.128926822021045356e-01
4.609859330620489498e-02
-1.673810367454404979e-02
-7.547080196191569001e-02
-1.300267897768993264e-01
-1.804126645740299628e-01
-2.267138360181987500e-01
-2.690881954915328444e-01
-3.077549218736048697e-01
-3.429800389190246768e-01
-3.750606045754294460e-01
-4.043092923707808373e-01
-4.310407232642403663e-01
-4.555603765607060818e-01
-4.781563928633601468e-01
-4.990941740048581710e-01
-5.186134210545484402e-01
-5.369271243009373640e-01
-5.542219969656673184e-01
-5.706598893147998286e-01
-5.863797983930995050e-01
-6.015001765889099739e-01
-6.161213248128133424e-01
-6.303277259246803377e-01
-6.441902289360841305e-01
-6.577680351632154698e-01
-6.711104660224757046e-01
-6.842585110780783353e-01
-6.972461666799040225e-01
-7.101015821206833056e-01
