-1.575155755884298792e-01
-1.256979675582473310e-01
-9.837823590664279694e-02
-7.547261654096663885e-02
-5.548771787184850202e-02
-3.932948342909985823e-02
-2.549291274289058537e-02
-1.351490511840571819e-02
-2.120180968104588837e-03
8.003671840159350473e-03
1.765927428376470876e-02
2.812371512884016822e-02
3.762566991471908567e-02
4.813092702896743652e-02
5.823616894276727879e-02
6.955710458269491470e-02
8.203098126701199866e-02
9.617978471479850244e-02
1.100170067921120987e-01
1.259039684079236165e-01
1.430460433375877749e-01
1.590556035134873814e-01
1.781132523146317925e-01
2.001662463631074806e-01
2.224042910824556574e-01
2.495163158016626415e-01
2.745734641964708844e-01
3.034336660062042501e-01
3.356785023565659887e-01
3.706056009381485383e-01
4.044745057398534960e-01
4.402161760801101553e-01
4.867562546172685134e-01
5.297767277591891588e-01
5.737764068651706184e-01
6.201048096424800482e-01
6.698745024898025147e-01
7.226092460099325931e-01
7.872266151884304008e-01
8.445765736935669787e-01
9.008039348103694666e-01
9.166434175336195533e-01
-2.325027715953806029e-01
-2.070273050880450105e-01
-1.845417987192650433e-01
-1.662793095553667666e-01
-1.498624750792090510e-01
-1.365879104544649725e-01
-1.251240751289419972e-01
-1.147349235028961995e-01
-1.041632484147421156e-01
-9.535476960704550309e-02
-8.531842608505638137e-02
-7.617592759654082113e-02
-6.568338450783278715e-02
-5.596666019074192366e-02
-4.482716732881099342e-02
-3.145167870252810888e-02
-1.946034449347862696e-02
-3.917580830575808151e-03
1.085095737392286278e-02
3.011375270759308193e-02
4.676821966083832133e-02
6.599028923377603384e-02
8.731991220640078488e-02
1.120685042681970889e-01
1.357367435094736230e-01
1.638766556469198610e-01
1.975837690357768739e-01
2.279894840442569237e-01
2.643218777630057525e-01
2.985911112975695447e-01
3.463725368245480496e-01
3.828272097363651927e-01
4.306071113013989482e-01
4.768750847585057628e-01
5.298151966446302819e-01
5.735909595255379578e-01
6.313727337327145195e-01
6.960067152185455130e-01
7.521791008406306656e-01
8.173008783933213284e-01
8.560518541401334058e-01
8.748990965120880814e-01
-1.252689259023773150e-01
-6.372759927886144371e-02
-9.949882700454605947e-03
3.738665258237715283e-02
7.798529102950203795e-02
1.119007128656141353e-01
1.406337251348180883e-01
1.647691030091983366e-01
1.826999033360425517e-01
1.987395401044161902e-01
2.111472498144923160e-01
2.232362731029975678e-01
2.334783919318919321e-01
2.429139468189252526e-01
2.521974553648765327e-01
2.614532027418107751e-01
2.712606104874363822e-01
2.800089531081860206e-01
2.897004101287091182e-01
3.007693407705491762e-01
3.110541895639374887e-01
3.237675832967799039e-01
3.347753316779553678e-01
3.496659840966296895e-01
3.658622154025550355e-01
3.806995483827168014e-01
3.977141168044709407e-01
4.178369116263250804e-01
4.390799398688708388e-01
4.609879983425000938e-01
4.841431802983431343e-01
5.139496880967755477e-01
5.384229109257068213e-01
5.722789782987842688e-01
6.055528358129090849e-01
6.378298270120918989e-01
6.835333198751319950e-01
7.134737422087432668e-01
7.521329924976737358e-01
8.014242922064968022e-01
8.515457443190435072e-01
8.546399860558301365e-01
-1.415650721743954843e-01
-8.774605030708133857e-02
-4.174677947401773254e-02
-1.548846941839222922e-03
3.241727883276917382e-02
6.084887303880742032e-02
8.518350805277859206e-02
1.057145105709216132e-01
1.233942481055306933e-01
1.397846642937000117e-01
1.543326612423051580e-01
1.677897791590894083e-01
1.814433955418978672e-01
1.941256617602095391e-01
2.075535859493071178e-01
2.212055176740039542e-01
2.351748074564581903e-01
2.503468004408267999e-01
2.658080176863572563e-01
2.845886304039403347e-01
3.007476124662593064e-01
3.200423754796447584e-01
3.421462236334661955e-01
3.644384206399264858e-01
3.891660843645324830e-01
4.148396983369264102e-01
4.465992934569703032e-01
4.774540862533300234e-01
5.108933783655280614e-01
5.467770205509777659e-01
5.876548509957176814e-01
6.305092340514707461e-01
6.710894946251998450e-01
7.191489113181808168e-01
7.660483032393236025e-01
8.167647899211305518e-01
8.740815489325104437e-01
9.317882969633790591e-01
9.798532753048555533e-01
1.050611730529540599e+00
1.110118127010327527e+00
1.118529257531739374e+00
4.801429093805470449e-02
9.349172701093187710e-02
1.332194567324943013e-01
1.671104785966572859e-01
1.956506224041859587e-01
2.197416610463024389e-01
2.392494134767242653e-01
2.555378262246034149e-01
2.689755810978070039e-01
2.801684652107910289e-01
2.897226982137979800e-01
2.979355063596473285e-01
3.066823110190551316e-01
3.135086740460733545e-01
3.213083897759086427e-01
3.286853369831509997e-01
3.373594120013547748e-01
3.452560727766637583e-01
3.536085207086391846e-01
3.635743770104460371e-01
3.735739813076288662e-01
3.849981932623968706e-01
3.960074477051616082e-01
4.095611945218499139e-01
4.234261097131373774e-01
4.392853136659990443e-01
4.567454953479443969e-01
4.758309328314533349e-01
4.962236918522664464e-01
5.187639162599586573e-01
5.431239795478643995e-01
5.682838801166224529e-01
5.964541397396505573e-01
6.267611108717098256e-01
6.564527789896298371e-01
6.966184592322249847e-01
7.303784685876429927e-01
7.701669056655197076e-01
8.150062819039487483e-01
8.549008910076437706e-01
8.994484032085894309e-01
8.998259720964548736e-01
-7.705667111864164531e-02
-4.179937515390996783e-02
-1.122261315703409340e-02
1.384799587183125659e-02
3.422726077055066041e-02
5.068902775888096957e-02
6.389603812599441157e-02
7.412130590629786853e-02
8.170727009734923829e-02
8.824243351157197435e-02
9.405165550996442969e-02
1.001981718341318633e-01
1.043846712878835070e-01
1.091734214254723168e-01
1.142439136889072671e-01
1.200801341294531338e-01
1.248627284230566653e-01
1.306874939820321657e-01
1.355142809987864572e-01
1.425458840862764143e-01
1.484484035233838428e-01
1.572451604751947396e-01
1.636383596289230358e-01
1.730113495073505592e-01
1.810714578226172156e-01
1.928182570482949998e-01
2.027879150338409986e-01
2.157432826376050050e-01
2.296306555085054490e-01
2.455620166559622786e-01
2.568139245808926385e-01
2.758869603012258365e-01
2.929645453829290425e-01
3.139093828352710336e-01
3.355581880658611849e-01
3.584488388202138331e-01
3.868733496841791353e-01
4.106254145981247938e-01
4.463041139519238754e-01
4.729318863957052144e-01
5.033956903224466872e-01
5.107862179228394028e-01
-6.856247144931115756e-02
-2.504640840037667543e-02
1.245757820077359260e-02
4.410838744611983442e-02
7.059193151204011529e-02
9.275572359707839887e-02
1.098484207561054443e-01
1.252534860247980220e-01
1.366571618738788574e-01
1.469647969897474593e-01
1.565794358045736745e-01
1.656893760176174346e-01
1.728655299169857829e-01
1.802406009557403210e-01
1.876335099506935000e-01
1.946808126499447733e-01
2.010418955426798993e-01
2.087905865482986845e-01
2.161659022859931112e-01
2.230803978311549918e-01
2.292977941141051135e-01
2.379456766092351294e-01
2.461537657861005979e-01
2.546205743100274366e-01
2.635413891715780998e-01
2.720273612364665361e-01
2.810333672477275391e-01
2.924332982440215334e-01
3.063177811044322518e-01
3.174155863310987313e-01
3.318118159967423098e-01
3.447458537251875677e-01
3.614822958251414087e-01
3.760291817281802285e-01
3.963388570493623919e-01
4.131991436656409222e-01
4.433725254048798137e-01
4.438885467773718840e-01
4.810841518150898444e-01
5.023315100466847483e-01
5.233171613441978121e-01
5.107996144242795689e-01
1.224124954112802977e-01
1.572149223911509797e-01
1.888722607713382851e-01
2.161659022859931112e-01
2.405742070183844727e-01
2.620949646740631800e-01
2.800545339732470884e-01
2.965116246612988782e-01
3.111814864330179065e-01
3.239324087579938949e-01
3.355782427624500186e-01
3.469980679864290152e-01
3.586580686195496304e-01
3.698464255862010663e-01
3.810609033828905035e-01
3.932241163612972823e-01
4.048337166199380555e-01
4.176211378638943761e-01
4.314763444315574126e-01
4.463973502085943901e-01
4.607475418441969173e-01
4.781478706432734649e-01
4.951001032850803063e-01
5.154101722921574646e-01
5.363690286780413707e-01
5.588285248170116182e-01
5.828244163787938970e-01
6.091566930471611352e-01
6.372394877989301376e-01
6.665366997411902306e-01
7.014298177178008853e-01
7.339832606160654471e-01
7.717050404629174354e-01
8.125992147370982854e-01
8.521565922500409229e-01
9.040660519145028440e-01
9.428708210667007261e-01
9.919699430999954215e-01
1.029911104912444308e+00
1.090469680231160421e+00
1.133698546115776473e+00
1.161936705245780521e+00
-4.167506835594689957e-02
3.374354019749916528e-03
4.308707216632914200e-02
7.754958045179359549e-02
1.074813189112432954e-01
1.319392952104245231e-01
1.523495083127263394e-01
1.699388089418149839e-01
1.849751906982610161e-01
1.979968975971359568e-01
2.085757089475749060e-01
2.191390018598007305e-01
2.291953238766443746e-01
2.388737370178700969e-01
2.492472892239518956e-01
2.586612233256041504e-01
2.685545717652750297e-01
2.793018372746163824e-01
2.906577664091322122e-01
3.029799367482491346e-01
3.148779915358124737e-01
3.287872003545346811e-01
3.417509792651747258e-01
3.597027082741136583e-01
3.761935868842847808e-01
3.919930722597128603e-01
4.133500655482389430e-01
4.330814557752569738e-01
4.561685816676271377e-01
4.837726704803108069e-01
5.093503992977832517e-01
5.356358500212454743e-01
5.684364144168853050e-01
6.046040056629735648e-01
6.371193205408405280e-01
6.729563575046370039e-01
7.111911904411192253e-01
7.650349017956962205e-01
7.875454830624315505e-01
8.507136099186021205e-01
9.099302597528307057e-01
9.115091650100857201e-01
-8.949298786239971715e-02
-3.767329074392797988e-02
6.380458549693074355e-03
4.210276803730254175e-02
7.184520112940913361e-02
9.628417824486404375e-02
1.159764294548175784e-01
1.312656967800317209e-01
1.441069730493229895e-01
1.568519010700111516e-01
1.650661783897561796e-01
1.746702414870472675e-01
1.826999033360425517e-01
1.911714557285585092e-01
1.998648337322553037e-01
2.080918452756948256e-01
2.169572073610969709e-01
2.272180447711872053e-01
2.373677730217612913e-01
2.471382261008871761e-01
2.575825875813800847e-01
2.710512614923470398e-01
2.846337331645897861e-01
2.990712600274095800e-01
3.170390303983434133e-01
3.305558090629955870e-01
3.506162369758313302e-01
3.718433553666966596e-01
3.916407034923878316e-01
4.144886722369520715e-01
4.430751438217254146e-01
4.703957888150293587e-01
5.014974456141400028e-01
5.266235438187807372e-01
5.711962249246749224e-01
6.025808322641480475e-01
6.532607660371457792e-01
6.711543222996386726e-01
7.241201512126899109e-01
7.793655756698225634e-01
8.027805645213031971e-01
8.250234459795955377e-01
-2.720030128520150789e-02
5.713336724908679026e-02
1.340176456759833434e-01
1.966735004880603987e-01
2.480468693586616036e-01
2.905243084366904149e-01
3.271954045032334779e-01
3.571722577230335149e-01
3.818187716257343545e-01
4.015039319216355818e-01
4.179032819912289476e-01
4.319585010371133071e-01
4.449187537732560149e-01
4.567758380072107771e-01
4.661407178389936345e-01
4.782200761535905231e-01
4.875060262180396786e-01
4.973305629650516813e-01
5.099414041582263080e-01
5.194998528595385912e-01
5.321681316937003636e-01
5.437204697163546818e-01
5.572544917163423372e-01
5.707880369475653026e-01
5.854832896748340954e-01
6.025699877799248760e-01
6.205836578733392450e-01
6.414840257900419340e-01
6.597831354255018210e-01
6.823436687699232506e-01
7.052220557053835437e-01
7.382968592332419533e-01
7.663012845441865561e-01
7.915994305838444101e-01
8.347385189038410980e-01
8.676913540357189536e-01
9.016598918737164237e-01
9.295568561736898827e-01
9.961481486629740756e-01
1.040918650748524410e+00
1.099991233544684421e+00
1.054038210684869359e+00
8.731991220640078488e-02
1.491266997426142771e-01
2.038484637462346927e-01
2.512731136743728277e-01
2.909912320255026996e-01
3.243030374868343668e-01
3.519894554356322036e-01
3.747666702852021636e-01
3.925210899319322433e-01
4.081890684449549500e-01
4.210442477420484053e-01
4.309936519375478503e-01
4.397431055399929622e-01
4.488917441512197404e-01
4.566696294237575504e-01
4.639676036208993937e-01
4.715264014088288436e-01
4.790856071952112050e-01
4.862887609605663353e-01
4.932349210785708649e-01
5.007577544710373196e-01
5.085566511273154067e-01
5.176444811652586298e-01
5.247984208862209732e-01
5.339753084092084823e-01
5.432110187400052137e-01
5.542831695645022982e-01
5.673793076509787703e-01
5.749567757645067667e-01
5.871607347061859050e-01
6.032634894328610109e-01
6.125083631020487029e-01
6.311189414124619423e-01
6.493640703630101374e-01
6.567687792660166224e-01
6.789097050459049765e-01
6.998117194310030653e-01
7.167293445518104766e-01
7.498213115092481340e-01
7.644451471852036217e-01
7.572061732787861432e-01
7.869500735276847569e-01
-1.711854860719938809e-01
-1.371771637358693841e-01
-1.075325096128880720e-01
-8.155549767005289274e-02
-6.000677650483844661e-02
-4.140745142163766018e-02
-2.559424566590537062e-02
-1.177558760980049017e-02
7.810273534955295078e-04
1.140125992474389123e-02
2.160271602824219428e-02
3.173153994582651738e-02
4.115573262971173457e-02
5.126831887038518776e-02
6.152787089050782560e-02
7.188200730612535894e-02
8.300066957653318145e-02
9.583162493833358164e-02
1.087341086023649595e-01
1.228054628474447019e-01
1.389023999335935455e-01
1.542413301672981574e-01
1.701736738062712695e-01
1.886191672078487702e-01
2.094613946299875573e-01
2.302700574112045984e-01
2.540886469190740682e-01
2.804645466269180543e-01
3.082868886291049160e-01
3.368198287917382183e-01
3.659183221763431804e-01
3.990503818736487740e-01
4.321030436983269718e-01
4.783067069225674928e-01
5.126977342949553540e-01
5.606238745499299014e-01
6.091673743020197263e-01
6.595549297109705167e-01
7.028611705729292947e-01
7.417738255665591307e-01
8.019796429185300779e-01
8.177173790738803127e-01
-2.902552890161958499e-01
-2.670034718888709691e-01
-2.442851770392040212e-01
-2.221383758237581163e-01
-2.015772635965578652e-01
-1.821769065486605887e-01
-1.639038537561906539e-01
-1.459369881335788599e-01
-1.281936355412706396e-01
-1.104349987355754820e-01
-9.266389478916142730e-02
-7.410545748694619128e-02
-5.476290331615362578e-02
-3.431392853860040781e-02
-1.316111198542098230e-02
9.450895798693934730e-03
3.354437609094777784e-02
6.013099953104490691e-02
8.824243351157197435e-02
1.178014079973276479e-01
1.495885677877445141e-01
1.845494813206975115e-01
2.197154758555011356e-01
2.587091005698267665e-01
2.987439434824071260e-01
3.436055081041717862e-01
3.895027536384628175e-01
4.381466362467487663e-01
4.890298680688165978e-01
5.428876423424111586e-01
5.985716634821410809e-01
6.567687792660166224e-01
7.184767764233979115e-01
7.828451263014011285e-01
8.496404975617988242e-01
9.188320969292281815e-01
9.868881274980495499e-01
1.057780176794581806e+00
1.140382324559402472e+00
1.213411494582781636e+00
1.274527304396044336e+00
1.261881149383667466e+00
1.304799611523166196e-02
5.461305455688773847e-02
9.001102400714713903e-02
1.207055156582739347e-01
1.466550733409738849e-01
1.689686465547658445e-01
1.862498207790877214e-01
2.020794410073880609e-01
2.146584388799183951e-01
2.254126728659543444e-01
2.348461699213639786e-01
2.434349365200879356e-01
2.507126864591853188e-01
2.583978040955086652e-01
2.660199088534981327e-01
2.726536974298167659e-01
2.792333455701395128e-01
2.871968784662297103e-01
2.952371307315341253e-01
3.028069627414207710e-01
3.115207624480488269e-01
3.190435663991133541e-01
3.291740634175130409e-01
3.381176914768582731e-01
3.502480183341628583e-01
3.602903997857119234e-01
3.717511073402865462e-01
3.859814277369389979e-01
3.981831455099409944e-01
4.150401573674428191e-01
4.313637641589873617e-01
4.472200689799081808e-01
4.609729737111341596e-01
4.897616671097243524e-01
5.028093493890418708e-01
5.282737771670437121e-01
5.470605468545655103e-01
5.803774880747135656e-01
6.108198008354389641e-01
6.386090458071147502e-01
6.734632748594309160e-01
6.738591803495272980e-01
1.398790864012364743e-01
1.718141810511465417e-01
2.032233252909053933e-01
2.316224841065794571e-01
2.571503820570008036e-01
2.797581728024730596e-01
3.001605369513523081e-01
3.187935047932968224e-01
3.352371869097285351e-01
3.509067155378632341e-01
3.655441400294693888e-01
3.791422866473207476e-01
3.925034996817464705e-01
4.070848357577676047e-01
4.211924683057491348e-01
4.357647592603794973e-01
4.518785023335040174e-01
4.691295373944083802e-01
4.876756062599847397e-01
5.079772413914500628e-01
5.275267920195002569e-01
5.507785185642563031e-01
5.743669923302694436e-01
6.012340469164473289e-01
6.298171960185158236e-01
6.616802007837302435e-01
6.934719238588585855e-01
7.295292496271744698e-01
7.677197115374557734e-01
8.070680119599007440e-01
8.500087205852170369e-01
8.943880698302449916e-01
9.414567697058749962e-01
9.865388541787977195e-01
1.048130927028967374e+00
1.097569639431371202e+00
1.153509989300837590e+00
1.226135722473645107e+00
1.276737459201161329e+00
1.351564415204104641e+00
1.413148824714316465e+00
1.427469879551812149e+00
-1.299103561504317758e-02
2.641068057877401370e-02
6.047119279767879108e-02
8.919836680514886540e-02
1.126720171171322060e-01
1.328358043383721931e-01
1.508485066695228471e-01
1.661339703051091243e-01
1.793506823484876389e-01
1.911155223803064074e-01
2.025700460974836914e-01
2.141282618234098822e-01
2.264452327482274485e-01
2.374683332495687582e-01
2.500782879796449865e-01
2.636597352174648856e-01
2.786850227256837953e-01
2.941574807696912819e-01
3.107145487181187105e-01
3.299873872788032236e-01
3.496271540655874199e-01
3.714373174041008530e-01
3.963214207557977375e-01
4.208794988754988586e-01
4.497097555713696071e-01
4.816002645536285320e-01
5.144414902467627781e-01
5.490768650226427461e-01
5.848285685789743615e-01
6.268329044075939827e-01
6.751181523167983922e-01
7.234803005135097553e-01
7.651467901080253320e-01
8.135409595823206441e-01
8.667243679862826067e-01
9.138932892309161726e-01
9.775086906408453347e-01
1.037904357312403825e+00
1.118033128828566980e+00
1.153357471482973962e+00
1.254427221540668214e+00
1.277311179174030142e+00
-1.179424515276382979e-01
-7.328722312904961678e-02
-3.549052195073394700e-02
-4.421837715408559293e-03
2.160271602824219428e-02
4.265425316779332399e-02
5.876755537041929156e-02
7.110842178244967948e-02
8.249813850577951413e-02
9.050494142404336140e-02
9.864372581705690979e-02
1.060548400937864205e-01
1.112288982341556598e-01
1.176689405624426338e-01
1.227399929623575470e-01
1.304624292815798614e-01
1.356414163866683786e-01
1.416692169662091272e-01
1.478926448328499177e-01
1.543935379569973676e-01
1.617871187455233173e-01
1.703203998733796576e-01
1.786028903405895152e-01
1.883377790407524954e-01
1.986021094897118255e-01
2.089785172762535226e-01
2.205526198663460558e-01
2.349725984052422612e-01
2.479241907663079780e-01
2.617623176096194881e-01
2.763239110201875515e-01
2.972789102331133138e-01
3.139093828352710336e-01
3.361594264847806990e-01
3.608772971020395848e-01
3.754990080193839619e-01
4.001406397576969809e-01
4.268689596589854696e-01
4.874777564388985129e-01
4.904360811932098052e-01
5.116695018181313115e-01
5.217132736383265357e-01
