-8.368505563539595515e-01
-8.247927053929132724e-01
-8.105265306278770510e-01
-7.951884114906806467e-01
-7.804888228352560020e-01
-7.645599359623307389e-01
-7.486781876844118555e-01
-7.307907010610646958e-01
-7.122452838727316715e-01
-6.932941122874777262e-01
-6.729640964406796710e-01
-6.494457569371313577e-01
-6.255101086093319829e-01
-5.992651980694073677e-01
-5.712255790121210097e-01
-5.409876862628356653e-01
-5.087489953156547617e-01
-4.742362855133686605e-01
-4.379665998763561663e-01
-3.975341330487568992e-01
-3.558796157795032777e-01
-3.088106110433087581e-01
-2.630357003106479907e-01
-2.123751906395587030e-01
-1.589835949462669595e-01
-1.048167686260470383e-01
-4.746859941269235966e-02
1.486061691717174144e-02
7.700432679335025843e-02
1.407248219166325476e-01
2.039625223648325325e-01
2.741231967257753976e-01
3.497183991320460539e-01
4.216236670794616948e-01
4.916473936282222956e-01
5.732708766312168969e-01
6.371213236009626302e-01
7.233555018321432550e-01
8.038120541062140356e-01
8.940667149478749298e-01
9.673298382242774274e-01
9.710716452121076481e-01
