-8.010833263397216797e-01
-7.821351289749145508e-01
-7.636017799377441406e-01
-7.452929019927978516e-01
-7.274813652038574219e-01
-7.096126079559326172e-01
-6.920337677001953125e-01
-6.736650466918945312e-01
-6.554124951362609863e-01
-6.367640495300292969e-01
-6.174309849739074707e-01
-5.966568589210510254e-01
-5.749893188476562500e-01
-5.523756146430969238e-01
-5.278276205062866211e-01
-5.014142394065856934e-01
-4.733622074127197266e-01
-4.429826736450195312e-01
-4.108972549438476562e-01
-3.754034638404846191e-01
-3.373047113418579102e-01
-2.962272763252258301e-01
-2.521616220474243164e-01
-2.050124257802963257e-01
-1.540427654981613159e-01
-1.000156849622726440e-01
-4.295900464057922363e-02
1.928180456161499023e-02
8.358347415924072266e-02
1.524559557437896729e-01
2.221030890941619873e-01
2.984573245048522949e-01
3.802991509437561035e-01
4.621882438659667969e-01
5.425103902816772461e-01
6.367384195327758789e-01
7.143400907516479492e-01
8.141887187957763672e-01
9.105676412582397461e-01
1.014175176620483398e+00
1.106192469596862793e+00
1.103961229324340820e+00
