1.295433938503265381e-01
1.496044993400573730e-01
1.686419844627380371e-01
1.869063675403594971e-01
2.045842111110687256e-01
2.218169271945953369e-01
2.387144863605499268e-01
2.553528845310211182e-01
2.718036770820617676e-01
2.881039679050445557e-01
3.042906522750854492e-01
3.204018771648406982e-01
3.364601731300354004e-01
3.524864614009857178e-01
3.685320317745208740e-01
3.845904171466827393e-01
4.007210731506347656e-01
4.168862700462341309e-01
4.331435263156890869e-01
4.496071338653564453e-01
4.659996926784515381e-01
4.826655685901641846e-01
4.992877840995788574e-01
5.161261558532714844e-01
5.329283475875854492e-01
5.499949455261230469e-01
5.669875144958496094e-01
5.840948820114135742e-01
6.009925007820129395e-01
6.180139183998107910e-01
6.349020004272460938e-01
6.514250040054321289e-01
6.679424047470092773e-01
6.841724514961242676e-01
6.999676227569580078e-01
7.160429954528808594e-01
7.316485047340393066e-01
7.461717128753662109e-01
7.613871097564697266e-01
7.750312089920043945e-01
7.896212935447692871e-01
7.873938083648681641e-01
