-9.538194537162780762e-02
-3.530636057257652283e-02
1.726830750703811646e-02
6.283703446388244629e-02
1.019688248634338379e-01
1.352393925189971924e-01
1.632765233516693115e-01
1.867174804210662842e-01
2.061637938022613525e-01
2.222351431846618652e-01
2.355089485645294189e-01
2.465493530035018921e-01
2.558850646018981934e-01
2.640205323696136475e-01
2.714193165302276611e-01
2.785013616085052490e-01
2.856306135654449463e-01
2.931791841983795166e-01
3.014622628688812256e-01
3.107011318206787109e-01
3.211668133735656738e-01
3.330439627170562744e-01
3.465887308120727539e-01
3.617072105407714844e-01
3.786179125308990479e-01
3.973894417285919189e-01
4.185190498828887939e-01
4.414137005805969238e-01
4.662245512008666992e-01
4.927971959114074707e-01
5.221652388572692871e-01
5.533027052879333496e-01
5.854452252388000488e-01
6.200709939002990723e-01
6.559177637100219727e-01
6.936702728271484375e-01
7.347341775894165039e-01
7.776707410812377930e-01
8.169128894805908203e-01
8.651952147483825684e-01
9.083791971206665039e-01
9.095414280891418457e-01
