1.290288816399611793e+00
1.284485518578455610e+00
1.278705592175057637e+00
1.272949062310340329e+00
1.267215953336706669e+00
1.261506288838403655e+00
1.255820091631910440e+00
1.250157383766343999e+00
1.244518186523884351e+00
1.238902520420213094e+00
1.233310405204963933e+00
1.227741859862182094e+00
1.222196902610788394e+00
1.216675550905049530e+00
1.211177821435045043e+00
1.205703730127137385e+00
1.200253292144433548e+00
1.194826521887242921e+00
1.189423432993526042e+00
1.184044038339330696e+00
1.178688350039218680e+00
1.173356379446673925e+00
1.168048137154495958e+00
1.162763632995175378e+00
1.157502876041247353e+00
1.152265874605625795e+00
1.147052636241911561e+00
1.141863167744679997e+00
1.136697475149738512e+00
1.131555563734361503e+00
1.126437438017495740e+00
1.121343101759936456e+00
1.116272557964475221e+00
1.111225808876018739e+00
1.106202855981675670e+00
1.101203700010813247e+00
1.096228340935083700e+00
1.091276777968417599e+00
1.086349009566988988e+00
1.081445033429146330e+00
1.076564846495315697e+00
1.071708444947870653e+00
1.066875824210974599e+00
1.062066978950391372e+00
1.057281903073270746e+00
1.052520589727902189e+00
1.047783031303444412e+00
1.043069219429628047e+00
1.038379144976434798e+00
1.033712798053751492e+00
1.029070168011005038e+00
1.024451243436773407e+00
1.019856012158382397e+00
1.015284461241480418e+00
1.010736576989603286e+00
1.006212344943721249e+00
1.001711749881777580e+00
9.972347758182183997e-01
9.927814060035126120e-01
9.883516229236710693e-01
9.839454082997608486e-01
9.795627430874218611e-01
9.752036074763836826e-01
9.708679808899913777e-01
9.665558419847356530e-01
9.622671686497968890e-01
9.580019380066011614e-01
9.537601264083940267e-01
9.495417094398317381e-01
9.453466619165978857e-01
9.411749578850421294e-01
9.370265706218509072e-01
9.329014726337457875e-01
9.287996356572204570e-01
9.247210306583125705e-01
9.206656278324178988e-01
9.166333966041492198e-01
9.126243056272400622e-01
9.086383227845020727e-01
9.046754151878343420e-01
9.007355491782899071e-01
8.968186903262026499e-01
8.929248034313774784e-01
8.890538525233468992e-01
8.852058008616973117e-01
8.813806109364674679e-01
8.775782444686243133e-01
8.737986624106157674e-01
8.700418249470066590e-01
8.663076914951991503e-01
8.625962207062410902e-01
8.589073704657246289e-01
8.552410978947786457e-01
8.515973593511574347e-01
8.479761104304279762e-01
8.443773059672587955e-01
8.408009000368128483e-01
8.372468459562470988e-01
8.337150962863201231e-01
8.302056028331121773e-01
8.267183166498570657e-01
8.232531880388905821e-01
8.198101665537157468e-01
8.163892010011870592e-01
8.129902394438167645e-01
8.096132292022025778e-01
8.062581168575813084e-01
8.029248482545060517e-01
7.996133685036528327e-01
7.963236219847535935e-01
7.930555523496595205e-01
7.898091025255342679e-01
7.865842147181788535e-01
7.833808304154872282e-01
7.801988903910354045e-01
7.770383347078024805e-01
7.738991027220252228e-01
7.707811330871852107e-01
7.676843637581295399e-01
7.646087319953244199e-01
7.615541743692414434e-01
7.585206267648750833e-01
7.555080243863935285e-01
7.525163017619185268e-01
7.495453927484362344e-01
7.465952305368357411e-01
7.436657476570759373e-01
7.407568759834783911e-01
7.378685467401435716e-01
7.350006905064917495e-01
7.321532372229228036e-01
7.293261161965960415e-01
7.265192561073254840e-01
7.237325850135908345e-01
7.209660303586582497e-01
7.182195189768111332e-01
7.154929770996858451e-01
7.127863303627106628e-01
7.100995038116446612e-01
7.074324219092116284e-01
7.047850085418269073e-01
7.021571870264132764e-01
6.995488801172999871e-01
6.969600100132041787e-01
6.943904983642870121e-01
6.918402662792811908e-01
6.893092343326865379e-01
6.867973225720260810e-01
6.843044505251598686e-01
6.818305372076494120e-01
6.793755011301686464e-01
6.769392603059550817e-01
6.745217322582949260e-01
6.721228340280362978e-01
6.697424821811250872e-01
6.673805928161548051e-01
6.650370815719264250e-01
6.627118636350082248e-01
6.604048537472914093e-01
6.581159662135317445e-01
6.558451149088698751e-01
6.535922132863237755e-01
6.513571743842442308e-01
6.491399108337242430e-01
6.469403348659541475e-01
6.447583583195146684e-01
6.425938926475959212e-01
6.404468489251362584e-01
6.383171378558678555e-01
6.362046697792600458e-01
6.341093546773519662e-01
6.320311021814595254e-01
6.299698215787487010e-01
6.279254218186633985e-01
6.258978115191938807e-01
6.238868989729758896e-01
6.218925921532056922e-01
6.199147987193600606e-01
6.179534260227053100e-01
6.160083811115830699e-01
6.140795707364573586e-01
6.121669013547087479e-01
6.102702791351587441e-01
6.083896099623102849e-01
6.065247994402857001e-01
6.046757528964464834e-01
6.028423753846754440e-01
6.010245716883048095e-01
5.992222463226689610e-01
5.974353035372639287e-01
5.956636473174903301e-01
5.939071813859623239e-01
5.921658092033557086e-01
5.904394339687766280e-01
5.887279586196227932e-01
5.870312858309160164e-01
5.853493180140773022e-01
5.836819573151192930e-01
5.820291056122273154e-01
5.803906645127014929e-01
5.787665353492263964e-01
5.771566191754404773e-01
5.755608167607703107e-01
5.739790285844957873e-01
5.724111548290120588e-01
5.708570953722488239e-01
5.693167497792105403e-01
5.677900172925981481e-01
5.662767968224654558e-01
5.647769869348739924e-01
5.632904858394943703e-01
5.618171913761111913e-01
5.603570009999782053e-01
5.589098117659768716e-01
5.574755203115193680e-01
5.560540228381447569e-01
5.546452150917455803e-01
5.532489923413681510e-01
5.518652493565183725e-01
5.504938803829111382e-01
5.491347791165902548e-01
5.477878386763489482e-01
5.464529515743754562e-01
5.451300096850432153e-01
5.438189042117658190e-01
5.425195256518298148e-01
5.412317637591164132e-01
5.399555075046192920e-01
5.386906450346600206e-01
5.374370636267024048e-01
5.361946496426565067e-01
5.349632884795662013e-01
5.337428645175615882e-01
5.325332610649596843e-01
5.313343603003861659e-01
5.301460432117901522e-01
5.289681895322152494e-01
5.278006776721866355e-01
5.266433846485664150e-01
5.254961860097245863e-01
5.243589557568678616e-01
5.232315662613583607e-01
5.221138881778505381e-01
5.210057903530689316e-01
5.199071397300386588e-01
5.188178012475745948e-01
5.177376377348309466e-01
5.166665098006991697e-01
5.156042757178400660e-01
5.145507913011244661e-01
5.135059097802485706e-01
5.124694816662850316e-01
5.114413546119167542e-01
5.104213732650969559e-01
5.094093791158672557e-01
5.084052103360555686e-01
5.074087016115715887e-01
5.064196839670014327e-01
5.054379845821996842e-01
5.044634266005660894e-01
5.034958289286816102e-01
5.025350060269780927e-01
5.015807676910954971e-01
5.006329188235838501e-01
4.996912591955871563e-01
4.987555831981498322e-01
4.978256795827684100e-01
4.969013311908120900e-01
4.959823146714227859e-01
4.950684001875058637e-01
4.941593511094110602e-01
4.932549236959050121e-01
4.923548667620303854e-01
4.914589213334449869e-01
4.905668202868366246e-01
4.896782879760074314e-01
4.887930398432276391e-01
4.879107820154607866e-01
4.870312108850740063e-01
4.861540126746518031e-01
4.852788629855509517e-01
4.844054263298425700e-01
4.835333556453157433e-01
4.826622917932307799e-01
4.817918630385459866e-01
4.809216845123681638e-01
4.800513576564170992e-01
4.791804696493349724e-01
4.783085928147217669e-01
4.774352840108300744e-01
4.765600840019179052e-01
4.756825168113238966e-01
4.748020890564099150e-01
4.739182892655996460e-01
4.730305871778396898e-01
4.721384330249128736e-01
4.712412567971531185e-01
4.703384674932340470e-01
4.694294523548487308e-01
4.685135760872456423e-01
4.675901800667541242e-01
4.666585815366119383e-01
4.657180727926010233e-01
4.647679203602090303e-01
4.638073641652559753e-01
4.628356167001707600e-01
4.618518621883578867e-01
4.608552557493673096e-01
4.598449225678777341e-01
4.588199570698042185e-01
4.577794221091710525e-01
4.567223481697298415e-01
4.556477325856562732e-01
4.545545387860347453e-01
4.534416955682152306e-01
4.523080964055321007e-01
4.511525987952640371e-01
4.499740236531430959e-01
4.487711547611154539e-01
4.475427382754890160e-01
4.462874823030011928e-01
4.450040565527520475e-01
4.436910920723312057e-01
4.423471810768415113e-01
4.409708768798659695e-01
4.395606939357347698e-01
4.381151080027225753e-01
4.366325564370315271e-01
4.351114386275707346e-01
4.335501165816553204e-01
4.319469156717546388e-01
4.303001255533636105e-01
4.286080012638979753e-01
4.268687645122518637e-01
4.250806051682516351e-01
4.232416829607350550e-01
4.213501293923117008e-01
4.194040498780653992e-01
4.174015261144962685e-01
4.153406186838728975e-01
4.132193698978886554e-01
4.110358068830500811e-01
4.087879449086108119e-01
4.064737909560686147e-01
4.040913475273024136e-01
4.016386166863185614e-01
3.991136043273477152e-01
3.965143246596677939e-01
3.938388048970771216e-01
3.910850901373983390e-01
3.882512484148192833e-01
3.853353759052691729e-01
3.823356022624558870e-01
3.792500960596641435e-01
3.760770703099954315e-01
3.728147880354504284e-01
3.694615678531662506e-01
3.660157895452548216e-01
3.624758995771125702e-01
3.588404165277966351e-01
3.551079363951595846e-01
3.512771377379098059e-01
3.473467866166682350e-01
3.433157412964418786e-01
3.391829566737358803e-01
3.349474883928116320e-01
3.306084966173340467e-01
3.261652494258699964e-01
3.216171258023352020e-01
3.169636181955624576e-01
3.122043346255894414e-01
3.073390003180515584e-01
3.023674588521013673e-01
2.972896728115672627e-01
2.921057239334785560e-01
2.868158127526229118e-01
2.814202577453297494e-01
2.759194939801790647e-01
2.703140712876993534e-01
2.646046519653194040e-01
2.587920080377716370e-01
2.528770180967986336e-01
2.468606637472885168e-01
2.407440256898816244e-01
2.345282794725364883e-01
2.282146909455852191e-01
2.218046114563481386e-01
2.152994728204652430e-01
2.087007821077258574e-01
2.020101162803248640e-01
1.952291167212218126e-01
1.883594836895681746e-01
1.814029707391361934e-01
1.743613791342542019e-01
1.672365522960750639e-01
1.600303703100206809e-01
1.527447445230973866e-01
1.453816122574082548e-01
1.379429316637485747e-01
1.304306767365944197e-01
1.228468325092272190e-01
1.380018765929051705e+00
1.374650207869598573e+00
1.369305983586148745e+00
1.363986105544863658e+00
1.358690585329279443e+00
1.353419433640057568e+00
1.348172660294762570e+00
1.342950274227660223e+00
1.337752283489536342e+00
1.332578695247539136e+00
1.327429515785036873e+00
1.322304750501497983e+00
1.317204403912385358e+00
1.312128479649073087e+00
1.307076980458773408e+00
1.302049908204486961e+00
1.297047263864963718e+00
1.292069047534682547e+00
1.287115258423846553e+00
1.282185894858392183e+00
1.277280954280016978e+00
1.272400433246220652e+00
1.267544327430364381e+00
1.262712631621745629e+00
1.257905339725690963e+00
1.253122444763665078e+00
1.248363938873400025e+00
1.243629813309042875e+00
1.238920058441322247e+00
1.234234663757737049e+00
1.229573617862767865e+00
1.224936908478108544e+00
1.220324522442924886e+00
1.215736445714138414e+00
1.211172663366735680e+00
1.206633159594106663e+00
1.202117917708414696e+00
1.197626920140995033e+00
1.193160148442790058e+00
1.188717583284815360e+00
1.184299204458667321e+00
1.179904990877064463e+00
1.175534920574434095e+00
1.171188970707538246e+00
1.166867117556145361e+00
1.162569336523749275e+00
1.158295602138336600e+00
1.154045888053204516e+00
1.149820167047833408e+00
1.145618411028813677e+00
1.141440591030831619e+00
1.137286677217713704e+00
1.133156638883535683e+00
1.129050444453794766e+00
1.124968061486649740e+00
1.120909456674230809e+00
1.116874595844021156e+00
1.112863443960312893e+00
1.108875965125740048e+00
1.104912122582891065e+00
1.100971878716001440e+00
1.097055195052732302e+00
1.093162032266033146e+00
1.089292350176095381e+00
1.085446107752393585e+00
1.081623263115824241e+00
1.077823773540934393e+00
1.074047595458253346e+00
1.070294684456719381e+00
1.066564995286211293e+00
1.062858481860181392e+00
1.059175097258396425e+00
1.055514793729783962e+00
1.051877522695390033e+00
1.048263234751447115e+00
1.044671879672554704e+00
1.041103406414976451e+00
1.037557763120050547e+00
1.034034897117720453e+00
1.030534754930183095e+00
1.027057282275658068e+00
1.023602424072278527e+00
1.020170124442104642e+00
1.016760326715259399e+00
1.013372973434192748e+00
1.010008006358066757e+00
1.006665366467269562e+00
1.003344993968056764e+00
1.000046828297317614e+00
9.967708081274709864e-01
9.935168713714883637e-01
9.902849551880451573e-01
9.870749959868011514e-01
9.838869294338064009e-01
9.807206904570379136e-01
9.775762132520624537e-01
9.744534312878269100e-01
9.713522773125736753e-01
9.682726833598841454e-01
9.652145807548460077e-01
9.621779001203438764e-01
9.591625713834739386e-01
9.561685237820792826e-01
9.531956858714066838e-01
9.502439855308804084e-01
9.473133499709949223e-01
9.444037057403213975e-01
9.415149787326294595e-01
9.386470941941175150e-01
9.357999767307557670e-01
9.329735503157330356e-01
9.301677382970096053e-01
9.273824634049715465e-01
9.246176477601834032e-01
9.218732128812385795e-01
9.191490796927010987e-01
9.164451685331383990e-01
9.137613991632401733e-01
9.110976907740214736e-01
9.084539619951038647e-01
9.058301309030736270e-01
9.032261150299122354e-01
9.006418313714935620e-01
8.980771963961454718e-01
8.955321260532718153e-01
8.930065357820283767e-01
8.905003405200500044e-01
8.880134547122229272e-01
8.855457923194983705e-01
8.830972668277417004e-01
8.806677912566125421e-01
8.782572781684698793e-01
8.758656396772969144e-01
8.734927874576400297e-01
8.711386327535566299e-01
8.688030863875638721e-01
8.664860587695857319e-01
8.641874599058876338e-01
8.619071994079959831e-01
8.596451865015942717e-01
8.574013300353886535e-01
8.551755384899362156e-01
8.529677199864295067e-01
8.507777822954297742e-01
8.486056328455395814e-01
8.464511787320094793e-01
8.443143267252689599e-01
8.421949832793746982e-01
8.400930545403664240e-01
8.380084463545229845e-01
8.359410642765092714e-01
8.338908135774031338e-01
8.318575992525967244e-01
8.298413260295587346e-01
8.278418983754496363e-01
8.258592205045791612e-01
8.238931963856954699e-01
8.219437297490952421e-01
8.200107240935433639e-01
8.180940826929912202e-01
8.161937086030803812e-01
8.143095046674206916e-01
8.124413735236307721e-01
8.105892176091251677e-01
8.087529391666370415e-01
8.069324402494626458e-01
8.051276227264106966e-01
8.033383882864448822e-01
8.015646384430016314e-01
7.998062745379688199e-01
7.980631977453076509e-01
7.963353090743020557e-01
7.946225093724168520e-01
7.929246993277455635e-01
7.912417794710313590e-01
7.895736501772394611e-01
7.879202116666597089e-01
7.862813640055207332e-01
7.846570071060913198e-01
7.830470407262466459e-01
7.814513644684756288e-01
7.798698777783049652e-01
7.783024799421126572e-01
7.767490700843058260e-01
7.752095471638335011e-01
7.736838099700060756e-01
7.721717571175905626e-01
7.706732870411505676e-01
7.691882979885971139e-01
7.677166880139179028e-01
7.662583549690464846e-01
7.648131964948367001e-01
7.633811100111019821e-01
7.619619927056796582e-01
7.605557415224771800e-01
7.591622531484577552e-01
7.577814239995172008e-01
7.564131502052056089e-01
7.550573275922438654e-01
7.537138516667810650e-01
7.523826175953406414e-01
7.510635201843951503e-01
7.497564538585140825e-01
7.484613126370196490e-01
7.471779901090856990e-01
7.459063794072163800e-01
7.446463731790267104e-01
7.433978635572593419e-01
7.421607421279540207e-01
7.409348998966935884e-01
7.397202272528415889e-01
7.385166139316831080e-01
7.373239489743789177e-01
7.361421206856375576e-01
7.349710165890055436e-01
7.338105233796717863e-01
7.326605268746796407e-01
7.315209119604331178e-01
7.303915625373781362e-01
7.292723614617397931e-01
7.281631904841845415e-01
7.270639301852765968e-01
7.259744599075881322e-01
7.248946576843202649e-01
7.238244001642839542e-01
7.227635625330830482e-01
7.217120184303394970e-01
7.206696398627866484e-01
7.196362971130588759e-01
7.186118586439911304e-01
7.175961909982374598e-01
7.165891586930146495e-01
7.155906241097578224e-01
7.146004473784827171e-01
7.136184862566260501e-01
7.126445960021390302e-01
7.116786292405927750e-01
7.107204358260501564e-01
7.097698626954489498e-01
7.088267537162297183e-01
7.078909495269393171e-01
7.069622873705222466e-01
7.060406009200140831e-01
7.051257200963305660e-01
7.042174708778483616e-01
7.033156751014538743e-01
7.024201502547352538e-01
7.015307092589782023e-01
7.006471602426228573e-01
6.997693063048247009e-01
6.988969452687598949e-01
6.980298694243021185e-01
6.971678652596970949e-01
6.963107131818452311e-01
6.954581872248100094e-01
6.946100547461470098e-01
6.937660761106622109e-01
6.929260043611901176e-01
6.920895848759900382e-01
6.912565550123515035e-01
6.904266437360049302e-01
6.895995712359340724e-01
6.887750485241909137e-01
6.879527770203227588e-01
6.871324481200254963e-01
6.863137427476554420e-01
6.854963308922411569e-01
6.846798711266575133e-01
6.838640101096464807e-01
6.830483820703927567e-01
6.822326082753945586e-01
6.814162964774057585e-01
6.805990403462613969e-01
6.797804188814519089e-01
6.789599958063562424e-01
6.781373189441097793e-01
6.773119195751452493e-01
6.764833117765204351e-01
6.756509917432300671e-01
6.748144370917927848e-01
6.739731061464996342e-01
6.731264372088328063e-01
6.722738478106775606e-01
6.714147339520907254e-01
6.705484693245357120e-01
6.696744045206527440e-01
6.687918662318128593e-01
6.679001564348840958e-01
6.669985515698534373e-01
6.660863017101581462e-01
6.651626297278211419e-01
6.642267304557337715e-01
6.632777698497006602e-01
6.623148841531437681e-01
6.613371790676678685e-01
6.603437289330041926e-01
6.593335759201901514e-01
6.583057292421865547e-01
6.572591643865053346e-01
6.561928223747960365e-01
6.551056090547315858e-01
6.539963944299347354e-01
6.528640120340953867e-01
6.517072583558455312e-01
6.505248923213673429e-01
6.493156348421343926e-01
6.480781684355824135e-01
6.468111369269096134e-01
6.455131452405832304e-01
6.441827592904832978e-01
6.428185059779439881e-01
6.414188733072390125e-01
6.399823106283014651e-01
6.385072290166575737e-01
6.369920018006772766e-01
6.354349652463010534e-01
6.338344194093628037e-01
6.321886291655141044e-01
6.304958254275141449e-01
6.287542065593162421e-01
6.269619399959006634e-01
6.251171640772105187e-01
6.232179901037918635e-01
6.212625046208365420e-01
6.192487719362751442e-01
6.171748368773332105e-01
6.150387277885804860e-01
6.128384597729338301e-01
6.105720381753573234e-01
6.082374623071027386e-01
6.058327294062929580e-01
6.033558388284661067e-01
6.008047964583734801e-01
5.981776193319038315e-01
5.954723404544903786e-01
5.926870137997859445e-01
5.898197194697888390e-01
5.868685689950029483e-01
5.838317107506688641e-01
5.807073354626229866e-01
5.774936817740063955e-01
5.741890418418622577e-01
5.707917669307109865e-01
5.673002729684768486e-01
5.637130460287598233e-01
5.600286477023671550e-01
5.562457203203619027e-01
5.523629919906002383e-01
5.483792814099146540e-01
5.442935024147087519e-01
5.401046682338423999e-01
5.358118954092327968e-01
5.314144073516415823e-01
5.269115375015893665e-01
5.223027320682586128e-01
5.175875523225338393e-01
5.127656764239958420e-01
5.078369007656308165e-01
5.028011408242277769e-01
4.976584315088135035e-01
4.924089270039850863e-01
4.870529001095513788e-01
4.815907410824159518e-01
4.760229559910879038e-01
4.703501645974692558e-01
4.645730977846418974e-01
4.586925945531335480e-01
4.527095986116017601e-01
4.466251545909192822e-01
4.404404039133109627e-01
4.341565803503741328e-01
4.277750053055837109e-01
4.212970828581290017e-01
4.147242946057588808e-01
4.080581943446299209e-01
4.013004026240670208e-01
3.944526012136050364e-01
3.875165275187767433e-01
3.804939689808264913e-01
3.733867574939506162e-01
3.661967638717839035e-01
3.589258923927732825e-01
3.515760754517739950e-01
3.441492683427956334e-01
3.366474441952832519e-01
3.290725890837452594e-01
3.214266973279326645e-01
3.137117669981779877e-01
3.059297956379852801e-01
2.980827762134697356e-01
2.901726932969178607e-01
2.822015194894689216e-01
2.741712120858438850e-01
2.660837099820772544e-01
2.579409308254348998e-01
2.497447684040585703e-01
2.414970902724409008e-01
2.331997356075294070e-01
2.248545132891520415e-01
2.164632001974800546e-01
2.080275397194570053e-01
1.254231604857176219e+00
1.169583390661468769e+00
1.087311252547979779e+00
1.007746682145722161e+00
9.312291587560694861e-01
8.580929646785020459e-01
7.886511689826266602e-01
7.231779123520204466e-01
6.618907484160008181e-01
6.049352099465097332e-01
5.523737852117097669e-01
5.041810130728272554e-01
4.602454939445684290e-01
4.203784871373641430e-01
3.843277283070349881e-01
3.517944226721819723e-01
3.224511814957093936e-01
2.959589342156984659e-01
2.719814073470915861e-01
2.501964158757092327e-01
2.303038003053193838e-01
2.120302710114509437e-01
1.951316692691401344e-01
1.793932466852861118e-01
1.646285479017915721e-01
1.506774022303628835e-01
1.374034254968060920e-01
1.246913283512607468e-01
1.124442350164150950e-01
1.005811422097779850e-01
8.903459214197895211e-02
7.774859386909335757e-02
6.667680072062404095e-02
5.578093485605502971e-02
4.502944044313186844e-02
3.439634227154694107e-02
2.386028513154291042e-02
1.340372978093367848e-02
3.012282950736287681e-03
-7.325858966734047177e-03
-1.762037050649105374e-02
-2.787917757764679649e-02
