-1.812433302402496338e-01
-1.696020662784576416e-01
-1.621965467929840088e-01
-1.586150228977203369e-01
-1.584168970584869385e-01
-1.611333191394805908e-01
-1.662720739841461182e-01
-1.733333170413970947e-01
-1.817924082279205322e-01
-1.911242306232452393e-01
-2.008024752140045166e-01
-2.103041708469390869e-01
-2.191051542758941650e-01
-2.267130911350250244e-01
-2.326413691043853760e-01
-2.364424765110015869e-01
-2.376977503299713135e-01
-2.360267937183380127e-01
-2.311089336872100830e-01
-2.226459085941314697e-01
-2.104014456272125244e-01
-1.943097412586212158e-01
-1.742834150791168213e-01
-1.501556932926177979e-01
-1.218385994434356689e-01
-8.968868851661682129e-02
-5.352583527565002441e-02
-1.354110240936279297e-02
2.952992916107177734e-02
7.597851753234863281e-02
1.240868568420410156e-01
1.757621765136718750e-01
2.288163900375366211e-01
2.892231345176696777e-01
3.437474966049194336e-01
4.073806405067443848e-01
4.685713052749633789e-01
5.348223447799682617e-01
5.930324792861938477e-01
6.476540565490722656e-01
7.125340104103088379e-01
7.179849743843078613e-01
