-5.791649940357014303e-01
-5.753682361991424576e-01
-5.695911241962624549e-01
-5.644183916006052515e-01
-5.579406181634454231e-01
-5.520423625235515441e-01
-5.458429363084941199e-01
-5.389443972479451839e-01
-5.313883326609526447e-01
-5.230785667044649534e-01
-5.122043145942242193e-01
-5.036987352777508864e-01
-4.910489841278430911e-01
-4.777305628081356947e-01
-4.646083962192614214e-01
-4.490260348678668523e-01
-4.318616640777193649e-01
-4.114168336008570126e-01
-3.915146165771835052e-01
-3.685744960921115698e-01
-3.412752285223983884e-01
-3.164891811471932104e-01
-2.863162934269775639e-01
-2.528617517006460647e-01
-2.194976299765983296e-01
-1.827725464660844290e-01
-1.399885858431089980e-01
-9.735050234986392104e-02
-5.177977070536927268e-02
-2.975095511350104270e-03
4.626098019212192963e-02
1.038242383208372449e-01
1.518905687350887435e-01
2.141176516777554828e-01
2.747280637899899292e-01
3.385182466862053929e-01
4.087248828568486037e-01
4.739407348905474437e-01
5.523140670087431925e-01
6.079212373287439242e-01
6.876546833069721032e-01
6.689828941051764177e-01
