2.000169341828431868e+00
1.900166050202846568e+00
1.800166990201363948e+00
1.700176534078884583e+00
1.600164508442935452e+00
1.500160974595483587e+00
1.400168293239946848e+00
1.300190997419918837e+00
1.200229242570265642e+00
1.100229204074653522e+00
1.000104218169976633e+00
9.001294307902691916e-01
8.002068950219093368e-01
7.001739355333512771e-01
6.001088901330101644e-01
5.001019379992439617e-01
4.001060704285452907e-01
3.003889384071361524e-01
2.000155661962902676e-01
1.002636817414576664e-01
1.693418284316657051e-04
-1.002577213815717128e-01
-1.998481470690936512e-01
-3.000703971950781090e-01
-3.994430941850231065e-01
-5.009428261052660813e-01
-6.010691937918519745e-01
-7.025809326050254100e-01
-7.989690391825492455e-01
-9.020627933766122153e-01
-1.001512673222589189e+00
-1.096327363682010780e+00
-1.201122945234918582e+00
-1.310595233667285919e+00
-1.404363812408301548e+00
-1.497410391412179020e+00
-1.609943196512559904e+00
-1.683356705034925405e+00
-1.773583129845555995e+00
-1.932155769103535148e+00
-1.986332927731901732e+00
-1.941027654926241297e+00
