2.000178024245103270e+00
1.900174794680485002e+00
1.800175934704097758e+00
1.700182597291331810e+00
1.600154693964626285e+00
1.500158228885231981e+00
1.400161380034459668e+00
1.300195348741030932e+00
1.200136114511779706e+00
1.100222308212827960e+00
1.000156317877955114e+00
9.001753412044913860e-01
8.001525410001005811e-01
7.001297578802635480e-01
6.003073385236165072e-01
5.002282390746947138e-01
3.998968672838021932e-01
3.003149929901837711e-01
2.001498110670014152e-01
9.968754557713051245e-02
6.509536295950581761e-04
-9.939857941694242582e-02
-2.007159814437725065e-01
-3.000625972181524825e-01
-4.008989251324873160e-01
-5.023572563078675390e-01
-6.004629903296000437e-01
-6.989873764627397845e-01
-7.998310144813433054e-01
-8.992745814051282816e-01
-9.993577193373226475e-01
-1.102312991199307701e+00
-1.199633522352047788e+00
-1.302401925131768889e+00
-1.401200741798976690e+00
-1.495219328967553718e+00
-1.600558194855027594e+00
-1.708435805377107153e+00
-1.791123492171012854e+00
-1.891543225141580242e+00
-2.024015679325521511e+00
-1.977645873533371734e+00
