-2.647764801427485715e-01
-2.219341692643380659e-01
-1.796021340249012721e-01
-1.407499898634427538e-01
-1.060829624405775773e-01
-7.490046564629820880e-02
-4.709911791546284032e-02
-2.241950689128066262e-02
3.429571904429636075e-04
2.124306553460410599e-02
4.221706176383054759e-02
6.138461527239727489e-02
8.336284911682408094e-02
1.039917605291031666e-01
1.247356564643269800e-01
1.458642768078920460e-01
1.710122785230612230e-01
1.935197378786814582e-01
2.196552439244369159e-01
2.467643940134655045e-01
2.747765090531503196e-01
3.071086370944398070e-01
3.425016362777283940e-01
3.782161497498778280e-01
4.192930679251710147e-01
4.628036490969395511e-01
5.062248830081933493e-01
5.539800648482560153e-01
6.059350164888387402e-01
6.605960939659905051e-01
7.180779828474382898e-01
7.813100843345056612e-01
8.433723280767551067e-01
9.110265012926445083e-01
9.782841689703837273e-01
1.042299807413625379e+00
1.121408816069469294e+00
1.205523739933126004e+00
1.266321087220502628e+00
1.346290368932020254e+00
1.458944390484878673e+00
1.411962965910539713e+00
