-3.481141328811645508e-01
-3.044046759605407715e-01
-2.670742869377136230e-01
-2.353252172470092773e-01
-2.083703279495239258e-01
-1.854845881462097168e-01
-1.659594774246215820e-01
-1.491563320159912109e-01
-1.344597339630126953e-01
-1.213659048080444336e-01
-1.093443632125854492e-01
-9.798204898834228516e-02
-8.686602115631103516e-02
-7.564258575439453125e-02
-6.401157379150390625e-02
-5.162906646728515625e-02
-3.822839260101318359e-02
-2.371501922607421875e-02
-7.687211036682128906e-03
1.002168655395507812e-02
2.924942970275878906e-02
5.061113834381103516e-02
7.436549663543701172e-02
9.985172748565673828e-02
1.280413866043090820e-01
1.588516235351562500e-01
1.910429000854492188e-01
2.257893085479736328e-01
2.638907432556152344e-01
3.039884567260742188e-01
3.468655347824096680e-01
3.935821056365966797e-01
4.401328563690185547e-01
4.917452335357666016e-01
5.436655282974243164e-01
5.950871706008911133e-01
6.549240350723266602e-01
7.185031175613403320e-01
7.687158584594726562e-01
8.313120603561401367e-01
9.163778424263000488e-01
8.862956166267395020e-01
