-2.580673694610595703e-01
-2.317432165145874023e-01
-2.100472450256347656e-01
-1.927767992019653320e-01
-1.795277595520019531e-01
-1.697709560394287109e-01
-1.628884077072143555e-01
-1.582453250885009766e-01
-1.552258729934692383e-01
-1.532759666442871094e-01
-1.518946886062622070e-01
-1.506648063659667969e-01
-1.492292881011962891e-01
-1.472951173782348633e-01
-1.446232795715332031e-01
-1.409937143325805664e-01
-1.362179517745971680e-01
-1.301888227462768555e-01
-1.226744651794433594e-01
-1.135218143463134766e-01
-1.027619838714599609e-01
-8.997929096221923828e-02
-7.490360736846923828e-02
-5.786609649658203125e-02
-3.810739517211914062e-02
-1.553463935852050781e-02
9.033799171447753906e-03
3.658390045166015625e-02
6.792640686035156250e-02
1.020896434783935547e-01
1.398601531982421875e-01
1.823664903640747070e-01
2.260243892669677734e-01
2.758474349975585938e-01
3.273727893829345703e-01
3.797049522399902344e-01
4.421381950378417969e-01
5.101884603500366211e-01
5.651183724403381348e-01
6.349953413009643555e-01
7.323509454727172852e-01
6.976153850555419922e-01
