-1.891080439090728760e-01
-1.392239630222320557e-01
-9.779009222984313965e-02
-6.421187520027160645e-02
-3.748932480812072754e-02
-1.642271876335144043e-02
1.988112926483154297e-04
1.354268193244934082e-02
2.464833855628967285e-02
3.448304533958435059e-02
4.389318823814392090e-02
5.363598465919494629e-02
6.440851092338562012e-02
7.681241631507873535e-02
9.142383933067321777e-02
1.086982190608978271e-01
1.290511786937713623e-01
1.528551280498504639e-01
1.803763806819915771e-01
2.118680179119110107e-01
2.472523152828216553e-01
2.868506610393524170e-01
3.310007750988006592e-01
3.788798749446868896e-01
4.316096007823944092e-01
4.879407584667205811e-01
5.478597879409790039e-01
6.123530864715576172e-01
6.788700819015502930e-01
7.505575418472290039e-01
8.247592449188232422e-01
9.031662940979003906e-01
9.849368333816528320e-01
1.059940576553344727e+00
1.143950700759887695e+00
1.245785474777221680e+00
1.317773103713989258e+00
1.407972812652587891e+00
1.488124370574951172e+00
1.561269521713256836e+00
1.656088709831237793e+00
1.643916606903076172e+00
