3.077681660652160645e-01
3.816133141517639160e-01
4.465497732162475586e-01
5.008574724197387695e-01
5.444242954254150391e-01
5.784621238708496094e-01
6.047863960266113281e-01
6.252591609954833984e-01
6.413786411285400391e-01
6.543056964874267578e-01
6.648513078689575195e-01
6.736083030700683594e-01
6.810516715049743652e-01
6.875603795051574707e-01
6.934833526611328125e-01
6.991209983825683594e-01
7.047684192657470703e-01
7.107132673263549805e-01
7.172234058380126953e-01
7.245695590972900391e-01
7.329500913619995117e-01
7.426563501358032227e-01
7.539925575256347656e-01
7.669577598571777344e-01
7.820675373077392578e-01
7.991681098937988281e-01
8.184237480163574219e-01
8.403447866439819336e-01
8.642146587371826172e-01
8.913292884826660156e-01
9.208774566650390625e-01
9.537073373794555664e-01
9.896833896636962891e-01
1.024241805076599121e+00
1.064738154411315918e+00
1.116416811943054199e+00
1.154723286628723145e+00
1.204899907112121582e+00
1.251636266708374023e+00
1.296176671981811523e+00
1.356826663017272949e+00
1.348846673965454102e+00
