-1.877486115026190117e-01
-1.495559517597573884e-01
-1.174868460601637271e-01
-9.149889643840165843e-02
-6.965726574228114920e-02
-5.091264100727717345e-02
-3.750754485285889839e-02
-2.558963911098075666e-02
-1.505434533943209550e-02
-7.088767340067365919e-03
7.376737740332033055e-04
8.174184006426355245e-03
1.494034979293652407e-02
2.205702060116499982e-02
3.055924529115563310e-02
3.754601208582680066e-02
4.696315412342407652e-02
5.564585999465563454e-02
6.718248552340495838e-02
7.900025230384943864e-02
9.300119668474912671e-02
1.066327889201156703e-01
1.237210064400357384e-01
1.406337251348180883e-01
1.588146467242265991e-01
1.803839655897637173e-01
2.059347936846816773e-01
2.312656484302661741e-01
2.581342249927706667e-01
2.924554465206361531e-01
3.245705172188353416e-01
3.663295505191058732e-01
4.022269815293262885e-01
4.369096906362844868e-01
4.855226841924042969e-01
5.364195471277336535e-01
5.840031176456111917e-01
6.429391158437491871e-01
6.939378909573754584e-01
7.452075591670463961e-01
8.048070642606868219e-01
8.382885522123341149e-01
