-6.068753004074096680e-01
-5.521053075790405273e-01
-4.998382627964019775e-01
-4.500950872898101807e-01
-4.028553068637847900e-01
-3.580783903598785400e-01
-3.156646788120269775e-01
-2.755085527896881104e-01
-2.374233156442642212e-01
-2.012246996164321899e-01
-1.667195707559585571e-01
-1.336661726236343384e-01
-1.017676740884780884e-01
-7.086242735385894775e-02
-4.053558781743049622e-02
-1.062669046223163605e-02
1.904378645122051239e-02
4.886684939265251160e-02
7.894431054592132568e-02
1.095024198293685913e-01
1.406763643026351929e-01
1.725519746541976929e-01
2.051824182271957397e-01
2.386025041341781616e-01
2.729707658290863037e-01
3.087509572505950928e-01
3.447500169277191162e-01
3.818679749965667725e-01
4.197967946529388428e-01
4.585545957088470459e-01
4.982567727565765381e-01
5.386208295822143555e-01
5.804120302200317383e-01
6.206036806106567383e-01
6.648863554000854492e-01
7.040187120437622070e-01
7.480334043502807617e-01
7.896062135696411133e-01
8.285974264144897461e-01
8.760805130004882812e-01
9.249078035354614258e-01
9.201239347457885742e-01
