-4.675292968750000000e-02
-7.114887237548828125e-03
2.702206373214721680e-02
5.602014064788818359e-02
8.033621311187744141e-02
1.004902720451354980e-01
1.170137524604797363e-01
1.304703354835510254e-01
1.413733959197998047e-01
1.502304077148437500e-01
1.575196981430053711e-01
1.636682152748107910e-01
1.690816879272460938e-01
1.741167306900024414e-01
1.791161298751831055e-01
1.843816041946411133e-01
1.901867985725402832e-01
1.967764496803283691e-01
2.043998837471008301e-01
2.132849693298339844e-01
2.235376238822937012e-01
2.354155778884887695e-01
2.490423917770385742e-01
2.646500468254089355e-01
2.821353077888488770e-01
3.018499016761779785e-01
3.237271308898925781e-01
3.476091027259826660e-01
3.746640086174011230e-01
4.027276933193206787e-01
4.342699348926544189e-01
4.676997661590576172e-01
5.035250186920166016e-01
5.412666797637939453e-01
5.800449252128601074e-01
6.236287951469421387e-01
6.698693037033081055e-01
7.172921895980834961e-01
7.560843229293823242e-01
8.148843646049499512e-01
8.639179468154907227e-01
8.657156825065612793e-01
