-9.981915354728698730e-02
-6.196516752243041992e-02
-2.818906307220458984e-02
1.501619815826416016e-03
2.725583314895629883e-02
4.933822154998779297e-02
6.810539960861206055e-02
8.397960662841796875e-02
9.739190340042114258e-02
1.088067889213562012e-01
1.187043190002441406e-01
1.274807453155517578e-01
1.355860829353332520e-01
1.434058547019958496e-01
1.513026952743530273e-01
1.596055626869201660e-01
1.686463356018066406e-01
1.786683201789855957e-01
1.900163292884826660e-01
2.028073668479919434e-01
2.173235416412353516e-01
2.337283492088317871e-01
2.522615790367126465e-01
2.727782130241394043e-01
2.954037189483642578e-01
3.205797374248504639e-01
3.484650254249572754e-01
3.784333765506744385e-01
4.107816815376281738e-01
4.463885426521301270e-01
4.835328161716461182e-01
5.251880884170532227e-01
5.666093230247497559e-01
6.074734926223754883e-01
6.546393632888793945e-01
7.054661512374877930e-01
7.535084486007690430e-01
8.102816939353942871e-01
8.611472845077514648e-01
9.127932786941528320e-01
9.655603170394897461e-01
9.819101095199584961e-01
