-3.628302514553070068e-01
-3.485773503780364990e-01
-3.340424001216888428e-01
-3.190381228923797607e-01
-3.036390244960784912e-01
-2.880861461162567139e-01
-2.719469964504241943e-01
-2.555572688579559326e-01
-2.389071881771087646e-01
-2.213691174983978271e-01
-2.034350335597991943e-01
-1.846757829189300537e-01
-1.651138961315155029e-01
-1.446155309677124023e-01
-1.229294538497924805e-01
-1.009508371353149414e-01
-7.718038558959960938e-02
-5.286484956741333008e-02
-2.700519561767578125e-02
9.461641311645507812e-04
3.086215257644653320e-02
6.382948160171508789e-02
1.008150577545166016e-01
1.421921849250793457e-01
1.889729797840118408e-01
2.404436469078063965e-01
2.965984940528869629e-01
3.588618040084838867e-01
4.236221015453338623e-01
4.914471209049224854e-01
5.636126995086669922e-01
6.334474682807922363e-01
7.043861150741577148e-01
7.747789621353149414e-01
8.466752767562866211e-01
9.199495315551757812e-01
9.857634305953979492e-01
1.070617556571960449e+00
1.165670275688171387e+00
1.266224503517150879e+00
1.280993223190307617e+00
1.335256576538085938e+00
