1.420815318427749219e+00
1.414170763818313636e+00
1.407547335447197012e+00
1.400945077984613985e+00
1.394364035428814486e+00
1.387804251106249165e+00
1.381265767671869371e+00
1.374748627109554366e+00
1.368252870732663995e+00
1.361778539184715475e+00
1.355325672440175655e+00
1.348894309805373837e+00
1.342484489919520074e+00
1.336096250755838044e+00
1.329729629622797837e+00
1.323384663165452224e+00
1.317061387366867731e+00
1.310759837549651419e+00
1.304480048377562706e+00
1.298222053857214453e+00
1.291985887339849981e+00
1.285771581523202256e+00
1.279579168453419014e+00
1.273408679527062048e+00
1.267260145493165124e+00
1.261133596455355388e+00
1.255029061874027185e+00
1.248946570568567171e+00
1.242886150719626492e+00
1.236847829871433158e+00
1.230831634934144159e+00
1.224837592186227342e+00
1.218865727276874811e+00
1.212916065228438756e+00
1.206988630438887267e+00
1.201083446684275025e+00
1.195200537121225537e+00
1.189339924289418926e+00
1.183501630114083492e+00
1.177685675908483054e+00
1.171892082376398969e+00
1.166120869614601041e+00
1.160372057115305555e+00
1.154645663768610220e+00
1.148941707864911121e+00
1.143260207097289483e+00
1.137601178563867554e+00
1.131964638770132314e+00
1.126350603631217195e+00
1.120759088474144960e+00
1.115190108040021943e+00
1.109643676486185671e+00
1.104119807388296737e+00
1.098618513742377623e+00
1.093139807966790000e+00
1.087683701904150091e+00
1.082250206823180072e+00
1.076839333420488876e+00
1.071451091822283042e+00
1.066085491586004075e+00
1.060742541701888531e+00
1.055422250594449940e+00
1.050124626123879246e+00
1.044849675587362636e+00
1.039597405720311674e+00
1.034367822697511263e+00
1.029160932134171480e+00
1.023976739086896126e+00
1.018815248054552702e+00
1.013676462979053561e+00
1.008560387246039358e+00
1.003467023685468806e+00
9.983963745721093908e-01
9.933484416259324989e-01
9.883232260124098500e-01
9.833207283427103373e-01
9.783409486737991712e-01
9.733838865084372127e-01
9.684495407950803880e-01
9.635379099276812909e-01
9.586489917453907550e-01
9.537827835321618375e-01
9.489392820162545483e-01
9.441184833696447676e-01
9.393203832073355741e-01
9.345449765865735392e-01
9.297922580059713171e-01
9.250622214045350900e-01
9.203548601606034163e-01
9.156701670906922663e-01
9.110081344482553467e-01
9.063687539223544976e-01
9.017520166362474887e-01
8.971579131458916612e-01
8.925864334383686316e-01
8.880375669302293939e-01
8.835113024657645919e-01
8.790076283152007397e-01
8.745265321728271646e-01
8.700680011550544490e-01
8.656320217984075915e-01
8.612185800574583272e-01
8.568276613026984956e-01
8.524592503183566761e-01
8.481133313001644192e-01
8.437898878530717406e-01
8.394889029889189835e-01
8.352103591240649383e-01
8.309542380769775471e-01
8.267205210657903036e-01
8.225091887058272322e-01
8.183202210071007787e-01
8.141535973717862751e-01
8.100092965916777521e-01
8.058872968456284314e-01
8.017875756969785606e-01
7.977101100909774756e-01
7.936548763522009997e-01
7.896218501819712854e-01
7.856110066557802085e-01
7.816223202207219778e-01
7.776557646929402878e-01
7.737113132550906824e-01
7.697889384538260105e-01
7.658886121973070837e-01
7.620103057527423118e-01
7.581539897439621978e-01
7.543196341490309154e-01
7.505072082979002968e-01
7.467166808701088954e-01
7.429480198925322298e-01
7.392011927371848756e-01
7.354761661190827304e-01
7.317729060941635666e-01
7.280913780572755289e-01
7.244315467402325792e-01
7.207933762099433261e-01
7.171768298666146846e-01
7.135818704420360259e-01
7.100084599979450406e-01
7.064565599244786442e-01
7.029261309387155876e-01
6.994171330833067746e-01
6.959295257252042788e-01
6.924632675544851734e-01
6.890183165832765022e-01
6.855946301447830571e-01
6.821921648924190729e-01
6.788108767990487236e-01
6.754507211563334224e-01
6.721116525741931413e-01
6.687936249803775324e-01
6.654965916201538434e-01
6.622205050561088546e-01
6.589653171680691646e-01
6.557309791531380494e-01
6.525174415258523375e-01
6.493246541184582998e-01
6.461525660813072225e-01
6.430011258833711052e-01
6.398702813128791522e-01
6.367599794780731681e-01
6.336701668080837457e-01
6.306007890539239158e-01
6.275517912896015904e-01
6.245231179133495791e-01
6.215147126489689589e-01
6.185265185472890170e-01
6.155584779877366630e-01
6.126105326800175277e-01
6.096826236659035336e-01
6.067746913211254922e-01
6.038866753573675084e-01
6.010185148243595288e-01
5.981701481120655917e-01
5.953415129529618932e-01
5.925325464244033391e-01
5.897431849510704760e-01
5.869733643074964702e-01
5.842230196206642523e-01
5.814920853726713856e-01
5.787804954034564409e-01
5.760881829135796606e-01
5.734150804670515855e-01
5.707611199942038693e-01
5.681262327945933999e-01
5.655103495399318447e-01
5.629134002770351808e-01
5.603353144307802181e-01
5.577760208070633441e-01
5.552354475957488322e-01
5.527135223735991643e-01
5.502101721071748219e-01
5.477253231556934443e-01
5.452589012738392471e-01
5.428108316145054957e-01
5.403810387314632591e-01
5.379694465819386817e-01
5.355759785290890029e-01
5.332005573443601154e-01
5.308431052097128955e-01
5.285035437197002084e-01
5.261817938833825981e-01
5.238777761260611232e-01
5.215914102908129069e-01
5.193226156398101923e-01
5.170713108554030324e-01
5.148374140409475164e-01
5.126208427213561070e-01
5.104215138433519927e-01
5.082393437754011423e-01
5.060742483073020770e-01
5.039261426494056062e-01
5.017949414314430978e-01
4.996805587009325866e-01
4.975829079211380179e-01
4.955019019685515946e-01
4.934374531298701960e-01
4.913894730984332271e-01
4.893578729700913121e-01
4.873425632384699169e-01
4.853434537895949252e-01
4.833604538958407582e-01
4.813934722091655072e-01
4.794424167535913384e-01
4.775071949168890328e-01
4.755877134414236984e-01
4.736838784141164660e-01
4.717955952554745980e-01
4.699227687076414917e-01
4.680653028214156186e-01
4.662231009421852201e-01
4.643960656947212495e-01
4.625840989667744929e-01
4.607871018914134198e-01
4.590049748280403130e-01
4.572376173420220069e-01
4.554849281828638463e-01
4.537468052608596425e-01
4.520231456221385224e-01
4.503138454220355635e-01
4.486187998967026691e-01
4.469379033328775286e-01
4.452710490357206785e-01
4.436181292946318466e-01
4.419790353469476574e-01
4.403536573394244980e-01
4.387418842873986313e-01
4.371436040315207494e-01
4.355587031919493923e-01
4.339870671198858276e-01
4.324285798463307628e-01
4.308831240279348274e-01
4.293505808898085974e-01
4.278308301651584933e-01
4.263237500316012785e-01
4.248292170440108872e-01
4.233471060637394312e-01
4.218772901840542322e-01
4.204196406516207407e-01
4.189740267838569232e-01
4.175403158819782079e-01
4.161183731395443064e-01
4.147080615463125119e-01
4.133092417871929158e-01
4.119217721360953766e-01
4.105455083444503050e-01
4.091803035241737274e-01
4.078260080248438668e-01
4.064824693048451065e-01
4.051495317962255371e-01
4.038270367630092395e-01
4.025148221526924086e-01
4.012127224406443760e-01
3.999205684671269800e-01
3.986381872666336368e-01
3.973654018892441853e-01
3.961020312136791510e-01
3.948478897517291863e-01
3.936027874437283414e-01
3.923665294447278851e-01
3.911389159010206784e-01
3.899197417166582191e-01
3.887087963095933185e-01
3.875058633570746536e-01
3.863107205299120550e-01
3.851231392152258404e-01
3.839428842272865072e-01
3.827697135060472711e-01
3.816033778029684909e-01
3.804436203537305827e-01
3.792901765374268042e-01
3.781427735218350072e-01
3.770011298943604094e-01
3.758649552782534764e-01
3.747339499337049018e-01
3.736078043434334361e-01
3.724861987823911980e-01
3.713688028712229250e-01
3.702552751131347741e-01
3.691452624138462646e-01
3.680383995843261036e-01
3.669343088260370589e-01
3.658325991984510139e-01
3.647328660686324220e-01
3.636346905427320642e-01
3.625376388792824200e-01
3.614412618842424707e-01
3.603450942878043683e-01
3.592486541030411318e-01
3.581514419665609017e-01
3.570529404614137814e-01
3.559526134226000949e-01
3.548499052256346986e-01
3.537442400587405000e-01
3.526350211793748413e-01
3.515216301559338508e-01
3.504034260956375713e-01
3.492797448597602661e-01
3.481498982675635956e-01
3.470131732904763733e-01
3.458688312382851016e-01
3.447161069393252508e-01
3.435542079169052188e-01
3.423823135644597504e-01
3.411995743222051569e-01
3.400051108583631021e-01
3.387980132583288673e-01
3.375773402254919064e-01
3.363421182977536783e-01
3.350913410841492301e-01
3.338239685263499346e-01
3.325389261902070848e-01
3.312351045928958460e-01
3.299113585716150210e-01
3.285665067002144779e-01
3.271993307605310930e-01
3.258085752756232911e-01
3.243929471125064357e-01
3.229511151623816745e-01
3.214817101067380389e-01
3.199833242780628084e-01
3.184545116242344376e-01
3.168937877859658858e-01
3.152996302969217624e-01
3.136704789163430318e-01
3.120047361041468070e-01
3.103007676485544653e-01
3.085569034562868906e-01
3.067714385152746637e-01
3.049426340396377277e-01
3.030687188063740378e-01
3.011478906927794186e-01
2.991783184230542569e-01
2.971581435318597642e-01
2.950854825517316149e-01
2.929584294302655656e-01
2.907750581818128732e-01
2.885334257771046684e-01
2.862315752727169760e-01
2.838675391806316783e-01
2.814393430763181270e-01
2.789450094417794679e-01
2.763825617378803945e-01
2.737500286980097397e-01
2.710454488327654898e-01
2.682668751328723955e-01
2.654123799550203722e-01
2.624800600727303368e-01
2.594680418717900117e-01
2.563744866672483247e-01
2.531975961164940614e-01
2.499356177005787050e-01
2.465868502437456866e-01
2.431496494391242047e-01
2.396224333467886769e-01
2.360036878289140660e-01
2.322919718856178706e-01
2.284859228542998610e-01
2.245842614349200517e-01
2.205857965036939483e-01
2.164894296781928462e-01
2.122941595977837492e-01
2.079990858847780566e-01
2.036034127535327753e-01
1.991064522371022993e-01
1.945076270037945088e-01
1.898064727391572393e-01
1.850026400724518461e-01
1.800958960305045486e-01
1.750861250059326801e-01
1.699733292310320054e-01
1.647576287530542749e-01
1.594392609110881487e-01
1.540185793192646313e-01
1.484960523654157150e-01
1.428722612386099100e-01
1.371478975030497038e-01
1.313237602396421788e-01
1.254007527800349298e-01
1.193798790610507976e-01
1.442324876120409272e+00
1.350243536067232908e+00
1.259242374511459817e+00
1.169513077438602222e+00
1.081272557860226913e+00
9.947627656435541477e-01
9.102489452317906737e-01
8.280158786364290036e-01
7.483617102903350471e-01
6.715891169083664236e-01
5.979938798509170095e-01
5.278513315409134599e-01
4.614016288998288862e-01
3.988352541219535863e-01
3.402804225931437276e-01
2.857940647146350321e-01
2.353576820203447384e-01
1.888787030625229957e-01
1.461971325264275479e-01
1.070965074801940725e-01
7.131763747079108984e-02
3.857341283654526498e-02
8.563108194118254288e-03
-1.901501314314283861e-02
-4.445350867101493381e-02
-6.802823672060907823e-02
-8.999340448054633790e-02
-1.105788506997175263e-01
-1.299891192388986927e-01
-1.484038613135085227e-01
-1.659791448893456756e-01
-1.828493200991477829e-01
-1.991291685114831567e-01
-2.149161385028703353e-01
-2.302925322877414360e-01
-2.453275602397410049e-01
-2.600792155090085322e-01
-2.745959483966997072e-01
-2.889181376939150003e-01
-3.030793673579094683e-01
-3.171075233158617279e-01
-3.310257283200681577e-01
