1.472186056614100957e-01
1.788762713410909644e-01
2.103024642805858546e-01
2.393470361492135434e-01
2.644565474815968598e-01
2.878330696383256671e-01
3.078809559882531577e-01
3.270849870123128666e-01
3.436862171670616029e-01
3.590781258559908595e-01
3.732854092604415697e-01
3.876638437694249206e-01
4.007537878967109002e-01
4.157660467024623663e-01
4.295568842602550674e-01
4.443102905122573443e-01
4.604212098468660197e-01
4.781392051752547667e-01
4.970126263523394483e-01
5.156539926959174958e-01
5.370353995069913067e-01
5.587157687245936089e-01
5.832180503193918897e-01
6.111963134251601204e-01
6.389173501082944240e-01
6.707068142470261618e-01
7.030074889585767872e-01
7.393460410147074668e-01
7.758309975748185483e-01
8.143428369917529164e-01
8.592361977398471629e-01
9.066108335910829652e-01
9.536920544004116040e-01
1.004562103992181488e+00
1.057974031960808414e+00
1.112906490253314118e+00
1.169695002322575395e+00
1.223005038056573568e+00
1.280896918228884074e+00
1.353341020371231052e+00
1.412710803660154779e+00
1.452866989843347723e+00
4.985366038230525376e-01
4.932000466712235798e-01
4.829050116774948331e-01
4.723936546225405708e-01
4.655672387242876242e-01
4.563462920221097452e-01
4.495092538271352467e-01
4.409971908479136671e-01
4.360178580806207127e-01
4.277959770224504243e-01
4.178535051684764690e-01
4.104110911069520640e-01
4.047413764809818515e-01
3.980546472836290484e-01
3.891838103081647904e-01
3.811421668391008488e-01
3.742184401356719037e-01
3.684932884695856226e-01
3.624956692615596832e-01
3.535854336513768459e-01
3.452129236019407799e-01
3.384883672593035908e-01
3.330662180133010519e-01
3.270890770496717725e-01
3.203104142518058972e-01
3.118216480745680808e-01
3.036171836433754767e-01
2.974453418279690009e-01
2.918614818587105253e-01
2.879427408104195951e-01
2.790209526155399411e-01
2.732860758384382249e-01
2.660528604121597529e-01
2.575969870270770623e-01
2.525909194743591879e-01
2.461217333540223762e-01
2.392569236921982534e-01
2.353718706747996159e-01
2.300783356655611844e-01
2.170784134203072868e-01
2.116197196336878084e-01
2.061861019694191666e-01
2.030682604378974410e-01
1.955869584870569833e-01
1.895576844759496726e-01
1.853891474606048639e-01
1.790775999124662454e-01
1.713812205197760841e-01
1.639957546417437351e-01
1.569668906561198785e-01
1.494439019679814906e-01
1.462024797801092790e-01
1.450222803673437144e-01
1.358066367701117327e-01
1.278431192390068472e-01
1.203896459684395959e-01
1.191997837832609597e-01
1.127524221683190442e-01
1.074474095236091914e-01
9.994293375239389488e-02
9.414607229552543477e-02
8.624234168656366717e-02
7.979967515817101842e-02
7.423845917375342107e-02
7.386492290299934149e-02
6.662405098342613630e-02
6.042962791242166565e-02
5.117954437447070487e-02
4.940798495479385710e-02
4.327973457449044853e-02
4.218553546414582217e-02
3.129533095461744380e-02
2.744338894507696025e-02
2.186709649946098552e-02
1.364182112082075807e-02
1.028723298227984979e-02
4.686715427383588740e-03
-6.580200925994536499e-04
-3.817237802663562586e-03
-1.274185976516542008e-02
-1.612574425639410128e-02
-2.022452226739079525e-02
-2.371698180202994402e-02
-2.995174574637522041e-02
-3.666133315979767937e-02
-4.302522261336433340e-02
-4.527569103505790782e-02
-5.152834974297669512e-02
-5.585551826500638473e-02
-6.259245085130030195e-02
