-2.020014822483062744e-02
4.976485669612884521e-02
1.125723272562026978e-01
1.685969084501266479e-01
2.184593826532363892e-01
2.628700137138366699e-01
3.026983141899108887e-01
3.387697935104370117e-01
3.719100356101989746e-01
4.028375744819641113e-01
4.321883916854858398e-01
4.603855609893798828e-01
4.878175854682922363e-01
5.146351456642150879e-01
5.410709381103515625e-01
5.670949816703796387e-01
5.927582979202270508e-01
6.180981993675231934e-01
6.430808901786804199e-01
6.676920652389526367e-01
6.917844414710998535e-01
7.158942222595214844e-01
7.394496202468872070e-01
7.628831267356872559e-01
7.862627506256103516e-01
8.091195225715637207e-01
8.324407935142517090e-01
8.556631207466125488e-01
8.784192204475402832e-01
9.024496674537658691e-01
9.266925454139709473e-01
9.504408240318298340e-01
9.753958582878112793e-01
9.990943074226379395e-01
1.026329874992370605e+00
1.052186131477355957e+00
1.081592559814453125e+00
1.103270888328552246e+00
1.133753180503845215e+00
1.166059970855712891e+00
1.188624620437622070e+00
1.191852927207946777e+00
