-9.145302772521972656e-01
-9.015080928802490234e-01
-8.852136135101318359e-01
-8.704315423965454102e-01
-8.568435907363891602e-01
-8.439722061157226562e-01
-8.338106870651245117e-01
-8.260409832000732422e-01
-8.196316957473754883e-01
-8.105747699737548828e-01
-8.012489080429077148e-01
-7.875900268554687500e-01
-7.719422578811645508e-01
-7.684489488601684570e-01
-7.498455047607421875e-01
-8.089761734008789062e-01
-7.209571599960327148e-01
-7.075686454772949219e-01
-6.979488134384155273e-01
-6.892670392990112305e-01
-6.772201061248779297e-01
-6.653677225112915039e-01
-6.532050371170043945e-01
-6.405918598175048828e-01
-6.226710081100463867e-01
-6.064016819000244141e-01
-5.938998460769653320e-01
-5.800012350082397461e-01
-5.645490884780883789e-01
-5.486553311347961426e-01
-5.311998724937438965e-01
-5.136208534240722656e-01
-4.943226277828216553e-01
-4.737696051597595215e-01
-4.534434676170349121e-01
-4.318541884422302246e-01
-4.077294468879699707e-01
-3.845840990543365479e-01
-3.680466413497924805e-01
-3.254324793815612793e-01
-1.334131658077239990e-01
-2.987405359745025635e-01
