-8.624836206436157227e-01
-8.500050306320190430e-01
-8.367086648941040039e-01
-8.233270645141601562e-01
-8.098638057708740234e-01
-7.959429025650024414e-01
-7.822287082672119141e-01
-7.688941955566406250e-01
-7.563617825508117676e-01
-7.445739507675170898e-01
-7.323042750358581543e-01
-7.187567949295043945e-01
-7.028753757476806641e-01
-6.842625141143798828e-01
-6.631446480751037598e-01
-6.410591602325439453e-01
-6.213099956512451172e-01
-6.009078025817871094e-01
-5.792678594589233398e-01
-5.538684129714965820e-01
-5.216776132583618164e-01
-4.813486337661743164e-01
-4.363607764244079590e-01
-3.889593482017517090e-01
-3.380526900291442871e-01
-2.877092957496643066e-01
-2.371627092361450195e-01
-1.823972165584564209e-01
-1.241075918078422546e-01
-6.323628872632980347e-02
2.182915806770324707e-03
8.017890155315399170e-02
1.582195162773132324e-01
2.456006407737731934e-01
3.389514982700347900e-01
4.271060824394226074e-01
5.232165455818176270e-01
5.976337194442749023e-01
6.663437485694885254e-01
7.273936271667480469e-01
7.654881477355957031e-01
7.766254544258117676e-01
