8.919411624678504902e-01
8.872331529799655225e-01
8.825462621422991427e-01
8.778804856208449747e-01
8.732358187754764023e-01
8.686122566573417636e-01
8.640097940061072235e-01
8.594284252470524299e-01
8.548681444880220637e-01
8.503289455162346133e-01
8.458108217949523722e-01
8.413137664600159882e-01
8.368377723162462312e-01
8.323828318337166410e-01
8.279489371439008316e-01
8.235360800356991140e-01
8.191442519513439935e-01
8.147734439821961994e-01
8.104236468644265834e-01
8.060948509745941015e-01
8.017870463251219881e-01
7.975002225596767857e-01
7.932343689484537830e-01
7.889894743833746338e-01
7.847655273732015990e-01
7.805625160385722960e-01
7.763804281069606184e-01
7.722192509075679334e-01
7.680789713661509976e-01
7.639595759997891422e-01
7.598610509115981682e-01
7.557833817853951697e-01
7.517265538803189484e-01
7.476905520254115700e-01
7.436753606141679462e-01
7.396809635990557741e-01
7.357073444860134925e-01
7.317544863289311419e-01
7.278223717241193436e-01
7.239109828047713968e-01
7.200203012354254861e-01
7.161503082064294423e-01
7.123009844284190484e-01
7.084723101268073364e-01
7.046642650362990867e-01
7.008768283954290856e-01
6.971099789411336900e-01
6.933636949033599173e-01
6.896379539997150587e-01
6.859327334301685841e-01
6.822480098718038954e-01
6.785837594736309208e-01
6.749399578514628795e-01
6.713165800828613250e-01
6.677136007021574615e-01
6.641309936955518411e-01
6.605687324963001039e-01
6.570267899799870914e-01
6.535051384598979940e-01
6.500037496824860872e-01
6.465225948229484931e-01
6.430616444809081900e-01
6.396208686762114848e-01
6.362002368448428369e-01
6.327997178349634710e-01
6.294192799030757790e-01
6.260588907103207257e-01
6.227185173189093703e-01
6.193981261886933876e-01
6.160976831738823600e-01
6.128171535199028463e-01
6.095565018604141017e-01
6.063156922144734562e-01
6.030946879838622321e-01
5.998934519505726426e-01
5.967119462744582270e-01
5.935501324910513743e-01
5.904079715095527092e-01
5.872854236109915638e-01
5.841824484465636402e-01
5.810990050361460879e-01
5.780350517669929911e-01
5.749905463926141547e-01
5.719654460318375211e-01
5.689597071680591034e-01
5.659732856486808794e-01
5.630061366847396442e-01
5.600582148507243785e-01
5.571294740845902371e-01
5.542198676879624974e-01
5.513293483265392370e-01
5.484578680306854137e-01
5.456053781962262317e-01
5.427718295854366826e-01
5.399571723282273750e-01
5.371613559235279833e-01
5.343843292408694268e-01
5.316260405221608920e-01
5.288864373836663635e-01
5.261654668181762196e-01
5.234630751973751162e-01
5.207792082744056028e-01
5.181138111866261386e-01
5.154668284585620652e-01
5.128382040050494250e-01
5.102278811345695164e-01
5.076358025527726303e-01
5.050619103661907472e-01
5.025061460861345308e-01
4.999684506327768396e-01
4.974487643394164826e-01
4.949470269569237746e-01
4.924631776583625054e-01
4.899971550437879353e-01
4.875488971452178744e-01
4.851183414317730702e-01
4.827054248149860727e-01
4.803100836542734675e-01
4.779322537625698142e-01
4.755718704121203455e-01
4.732288683404276552e-01
4.709031817563503752e-01
4.685947443463502338e-01
4.663034892808822773e-01
4.640293492209274784e-01
4.617722563246609013e-01
4.595321422542531509e-01
4.573089381828009947e-01
4.551025748013827199e-01
4.529129823262333931e-01
4.507400905060378604e-01
4.485838286293339361e-01
4.464441255320248381e-01
4.443209096049928197e-01
4.422141088018124444e-01
4.401236506465565079e-01
4.380494622416913897e-01
4.359914702760559480e-01
4.339496010329192965e-01
4.319237803981131330e-01
4.299139338682324563e-01
4.279199865589002338e-01
4.259418632130907989e-01
4.239794882095065387e-01
4.220327855710024334e-01
4.201016789730530610e-01
4.181860917522576271e-01
4.162859469148751379e-01
4.144011671453875501e-01
4.125316748150812951e-01
4.106773919906456238e-01
4.088382404427782224e-01
4.070141416547952695e-01
4.052050168312380518e-01
4.034107869064719187e-01
4.016313725532694723e-01
3.998666941913737172e-01
3.981166719960355094e-01
3.963812259065159771e-01
3.946602756345514162e-01
3.929537406727725557e-01
3.912615403030711980e-01
3.895835936049091841e-01
3.879198194635621322e-01
3.862701365782920115e-01
3.846344634704415011e-01
3.830127184914421390e-01
3.814048198307328774e-01
3.798106855235770518e-01
3.782302334587755444e-01
3.766633813862647617e-01
3.751100469245958191e-01
3.735701475682837169e-01
3.720436006950223473e-01
3.705303235727548383e-01
3.690302333665940737e-01
3.675432471455812311e-01
3.660692818892793965e-01
3.646082544941893766e-01
3.631600817799810477e-01
3.617246804955314698e-01
3.603019673247604415e-01
3.588918588922540565e-01
3.574942717686668825e-01
3.561091224758934359e-01
3.547363274919983489e-01
3.533758032558949602e-01
3.520274661717625597e-01
3.506912326131896296e-01
3.493670189270339788e-01
3.480547414369867254e-01
3.467543164468275818e-01
3.454656602433612833e-01
3.441886890990196735e-01
3.429233192741182323e-01
3.416694670187521710e-01
3.404270485743181029e-01
3.391959801746464720e-01
3.379761780467295806e-01
3.367675584110298437e-01
3.355700374813496700e-01
3.343835314642485401e-01
3.332079565579881275e-01
3.320432289509856472e-01
3.308892648197591657e-01
3.297459803263412814e-01
3.286132916151433547e-01
3.274911148092464752e-01
3.263793660060962387e-01
3.252779612725804625e-01
3.241868166394603623e-01
3.231058480951352063e-01
3.220349715787078626e-01
3.209741029723272576e-01
3.199231580927768270e-01
3.188820526822782608e-01
3.178507023984794011e-01
3.168290228035923195e-01
3.158169293526466026e-01
3.148143373808231504e-01
3.138211620898271326e-01
3.128373185332641304e-01
3.118627216009761671e-01
3.108972860022935492e-01
3.099409262481587213e-01
3.089935566320746729e-01
3.080550912098269922e-01
3.071254437779296076e-01
3.062045278507394275e-01
3.052922566361831458e-01
3.043885430100378708e-01
3.034932994887029611e-01
3.026064382004010067e-01
3.017278708547364019e-01
3.008575087105458401e-01
2.999952625419640140e-01
2.991410426026299696e-01
2.982947585879509589e-01
2.974563195953441319e-01
2.966256340823646420e-01
2.958026098226320677e-01
2.949871538594570075e-01
2.941791724570712030e-01
2.933785710493538867e-01
2.925852541859499389e-01
2.917991254756635566e-01
2.910200875270097520e-01
2.902480418858037203e-01
2.894828889696550722e-01
2.887245279992373126e-01
2.879728569261910676e-01
2.872277723575150654e-01
2.864891694762967678e-01
2.857569419586211135e-01
2.850309818864967260e-01
2.843111796566266669e-01
2.835974238848474882e-01
2.828896013060510639e-01
2.821875966693980775e-01
2.814912926286232686e-01
2.808005696272247165e-01
2.801153057783235534e-01
2.794353767389703425e-01
2.787606555786648621e-01
2.780910126418532080e-01
2.774263154041501922e-01
2.767664283220317989e-01
2.761112126757309104e-01
2.754605264050609681e-01
2.748142239378836837e-01
2.741721560109278699e-01
2.735341694826555758e-01
2.729001071378639454e-01
2.722698074837047177e-01
2.716431045367855290e-01
2.710198276010210017e-01
2.703998010358797943e-01
2.697828440146760598e-01
2.691687702725379383e-01
2.685573878436824935e-01
2.679484987876173951e-01
2.673418989038826021e-01
2.667373774349404703e-01
2.661347167568162142e-01
2.655336920570880443e-01
2.649340709998199150e-01
2.643356133770321525e-01
2.637380707463001239e-01
2.631411860540747716e-01
2.625446932443211145e-01
2.619483168520749805e-01
2.613517715815236730e-01
2.607547618682296564e-01
2.601569814251228352e-01
2.595581127719083780e-01
2.589578267475483586e-01
2.583557820055043530e-01
2.577516244914505594e-01
2.571449869031975921e-01
2.565354881326050163e-01
2.559227326892986598e-01
2.553063101060590867e-01
2.546857943257952450e-01
2.540607430700839720e-01
2.534306971893168781e-01
2.527951799945748479e-01
2.521536965714349932e-01
2.515057330760021581e-01
2.508507560135701531e-01
2.501882115004176454e-01
2.495175245093815553e-01
2.488380980999779779e-01
2.481493126339916200e-01
2.474505249776212945e-01
2.467410676914363887e-01
2.460202482095990018e-01
2.452873480100035697e-01
2.445416217772129752e-01
2.437822965603034797e-01
2.430085709279868333e-01
2.422196141236454270e-01
2.414145652232068118e-01
2.405925322990853099e-01
2.397525915937402663e-01
2.388937867067371934e-01
2.380151277995527781e-01
2.371155908227270681e-01
2.361941167703552058e-01
2.352496109672953528e-01
2.342809423948819525e-01
2.332869430613359329e-01
2.322664074234880305e-01
2.312180918668406970e-01
2.301407142514204085e-01
2.290329535312696230e-01
2.278934494558362001e-01
2.267208023618941803e-01
2.255135730649860670e-01
2.242702828597082643e-01
2.229894136384482362e-01
2.216694081384286141e-01
2.203086703270979163e-01
2.189055659360403250e-01
2.174584231536219880e-01
2.159655334865627496e-01
2.144251528004964547e-01
2.128355025493478825e-01
2.111947712030122215e-01
2.095011158823471831e-01
2.077526642098801168e-01
2.059475163838816181e-01
2.040837474825458187e-01
2.021594100039586506e-01
2.001725366462962785e-01
1.981211433313020132e-01
1.960032324725166641e-01
1.938167964880013749e-01
1.915598215553890038e-01
1.892302916050458972e-01
1.868261925449205829e-01
1.843455167083283275e-01
1.817862675134763462e-01
1.791464643210089192e-01
1.764241474732601289e-01
1.736173834962815576e-01
1.707242704431079505e-01
1.677429433541369197e-01
1.646715798080291282e-01
1.615084055341596270e-01
1.582517000554696240e-01
1.548998023285865500e-01
1.514511163463691523e-01
1.479041166666174301e-01
1.442573538296240965e-01
1.405094596265475393e-01
1.366591521803217357e-01
1.327052408009715134e-01
1.286466305778345420e-01
1.244823266722769189e-01
1.202114382760656602e-01
1.158331822025897018e-01
1.113468860806199612e-01
1.067519911232146373e-01
1.020480544476963514e-01
9.723475092629865757e-02
9.231187455105879791e-02
8.727933930076024749e-02
8.213717950213618446e-02
7.688554968208785589e-02
7.152472391224068415e-02
6.605509465173632633e-02
6.047717109861701357e-02
5.479157706448422455e-02
4.899904839118943839e-02
4.310042993213585028e-02
3.709667212422827764e-02
3.098882717961450040e-02
2.477804492902255587e-02
1.846556835074192326e-02
1.205272882104807715e-02
5.540941123180890583e-03
8.744902286425709770e-01
7.845727194213398814e-01
6.962430184643869646e-01
6.097866028235279234e-01
5.255212108526078341e-01
4.437926647852493134e-01
3.649671865252418490e-01
2.894197142876987483e-01
2.175181842664596077e-01
1.496044322660873283e-01
8.597320788892733046e-02
2.685158531325797931e-02
-2.761846648559663706e-02
-7.739167185133823124e-02
-1.225232555827338310e-01
-1.631643064189745029e-01
-1.995495022639004468e-01
-2.319792385350556707e-01
-2.607988795792154368e-01
-2.863778700346962802e-01
-3.090909206786000563e-01
-3.293026759540846893e-01
-3.473564403868387163e-01
-3.635668714797891110e-01
-3.782161145622297549e-01
-3.915526521426361262e-01
-4.037921116210611561e-01
-4.151193539475243610e-01
-4.256912945021545935e-01
-4.356400460829301102e-01
-4.450760994273156301e-01
-4.540913591066649824e-01
-4.627619300649301048e-01
-4.711506050209242624e-01
-4.793090396467042380e-01
-4.872796253240086473e-01
-4.950970822986150432e-01
-5.027898023532832994e-01
-5.103809720748739842e-01
-5.178895070969823378e-01
-5.253308255202188137e-01
-5.327174858156171755e-01
