1.966225504875183105e-01
2.498353719711303711e-01
2.990538477897644043e-01
3.438383936882019043e-01
3.840397000312805176e-01
4.197857975959777832e-01
4.513044953346252441e-01
4.787392020225524902e-01
5.020049214363098145e-01
5.208294987678527832e-01
5.349693894386291504e-01
5.445241332054138184e-01
5.500314831733703613e-01
5.523924231529235840e-01
5.526873469352722168e-01
5.519472956657409668e-01
5.510293841361999512e-01
5.505711436271667480e-01
5.510018467903137207e-01
5.525893568992614746e-01
5.554823279380798340e-01
5.598120093345642090e-01
5.655674338340759277e-01
5.728356242179870605e-01
5.815717577934265137e-01
5.918186306953430176e-01
6.037536263465881348e-01
6.172742247581481934e-01
6.323854327201843262e-01
6.491112112998962402e-01
6.676024794578552246e-01
6.873483061790466309e-01
7.088255286216735840e-01
7.321197390556335449e-01
7.570210099220275879e-01
7.832774519920349121e-01
8.107439875602722168e-01
8.462767004966735840e-01
8.744581341743469238e-01
9.046683907508850098e-01
9.350964426994323730e-01
9.350876212120056152e-01
