-5.728064179420471191e-01
-5.596750378608703613e-01
-5.476370453834533691e-01
-5.360875725746154785e-01
-5.262823104858398438e-01
-5.167814493179321289e-01
-5.086637735366821289e-01
-4.997892379760742188e-01
-4.915001392364501953e-01
-4.836710691452026367e-01
-4.749751091003417969e-01
-4.638482332229614258e-01
-4.539116621017456055e-01
-4.421573281288146973e-01
-4.283068180084228516e-01
-4.171198606491088867e-01
-4.034625291824340820e-01
-3.903520107269287109e-01
-3.774232864379882812e-01
-3.654983043670654297e-01
-3.540468811988830566e-01
-3.427248597145080566e-01
-3.309928774833679199e-01
-3.187832832336425781e-01
-3.055210709571838379e-01
-2.885895073413848877e-01
-2.712191939353942871e-01
-2.503553926944732666e-01
-2.259114384651184082e-01
-1.974067687988281250e-01
-1.645609140396118164e-01
-1.295267045497894287e-01
-9.015983343124389648e-02
-4.540717601776123047e-02
2.345465123653411865e-03
4.840909689664840698e-02
1.036509051918983459e-01
1.587142348289489746e-01
2.103938460350036621e-01
2.403575479984283447e-01
3.054573237895965576e-01
3.070013821125030518e-01
