2.500900000000000034e+01
2.500499999999999901e+01
2.500000000000000000e+01
2.498699999999999832e+01
2.500000000000000000e+01
2.500900000000000034e+01
2.500499999999999901e+01
2.500000000000000000e+01
2.499599999999999866e+01
2.500499999999999901e+01
2.500000000000000000e+01
2.499599999999999866e+01
2.499599999999999866e+01
2.500000000000000000e+01
2.500900000000000034e+01
2.500000000000000000e+01
2.500000000000000000e+01
2.500499999999999901e+01
2.500000000000000000e+01
2.500499999999999901e+01
2.498300000000000054e+01
2.499599999999999866e+01
2.500000000000000000e+01
2.500499999999999901e+01
2.500900000000000034e+01
2.500499999999999901e+01
2.500000000000000000e+01
2.500000000000000000e+01
2.500499999999999901e+01
2.500900000000000034e+01
2.497899999999999920e+01
2.499599999999999866e+01
2.500000000000000000e+01
2.500000000000000000e+01
2.499599999999999866e+01
2.500900000000000034e+01
2.499599999999999866e+01
2.499599999999999866e+01
2.500000000000000000e+01
2.500000000000000000e+01
2.499599999999999866e+01
2.500000000000000000e+01
2.500900000000000034e+01
2.501399999999999935e+01
2.500000000000000000e+01
2.499599999999999866e+01
2.500900000000000034e+01
2.499599999999999866e+01
2.499599999999999866e+01
2.500900000000000034e+01
2.500000000000000000e+01
2.500000000000000000e+01
2.500900000000000034e+01
2.499200000000000088e+01
2.500499999999999901e+01
2.500000000000000000e+01
2.499599999999999866e+01
2.500499999999999901e+01
2.500499999999999901e+01
2.500499999999999901e+01
2.500499999999999901e+01
2.500000000000000000e+01
2.500499999999999901e+01
2.499200000000000088e+01
2.500000000000000000e+01
2.500499999999999901e+01
2.500499999999999901e+01
2.500900000000000034e+01
2.498300000000000054e+01
2.500000000000000000e+01
2.500900000000000034e+01
2.500900000000000034e+01
2.499599999999999866e+01
2.499200000000000088e+01
2.500499999999999901e+01
2.500000000000000000e+01
2.499599999999999866e+01
2.498699999999999832e+01
2.500000000000000000e+01
2.500000000000000000e+01
2.500900000000000034e+01
2.500499999999999901e+01
2.500000000000000000e+01
2.499599999999999866e+01
2.505699999999999861e+01
2.518900000000000006e+01
2.538200000000000145e+01
2.554799999999999827e+01
2.573699999999999832e+01
2.590299999999999869e+01
2.610099999999999909e+01
2.627199999999999847e+01
2.645599999999999952e+01
2.662300000000000111e+01
2.680300000000000082e+01
2.697400000000000020e+01
2.711799999999999855e+01
2.732000000000000028e+01
2.747400000000000020e+01
2.763200000000000145e+01
2.780300000000000082e+01
2.795200000000000173e+01
2.815800000000000125e+01
2.833399999999999963e+01
2.849599999999999866e+01
2.864600000000000080e+01
2.878999999999999915e+01
2.897500000000000142e+01
2.914999999999999858e+01
2.931299999999999883e+01
2.945799999999999841e+01
2.963299999999999912e+01
2.980499999999999972e+01
2.998499999999999943e+01
3.014300000000000068e+01
3.030499999999999972e+01
3.047700000000000031e+01
3.065200000000000102e+01
3.079700000000000060e+01
3.098199999999999932e+01
3.114399999999999835e+01
3.130699999999999861e+01
3.147899999999999920e+01
3.164600000000000080e+01
3.181299999999999883e+01
3.198400000000000176e+01
3.214699999999999847e+01
3.231900000000000261e+01
3.247699999999999676e+01
3.264399999999999835e+01
3.282399999999999807e+01
3.299199999999999733e+01
3.314600000000000080e+01
3.332600000000000051e+01
3.349699999999999989e+01
3.363799999999999812e+01
3.381000000000000227e+01
3.397699999999999676e+01
3.413100000000000023e+01
3.431199999999999761e+01
3.447899999999999920e+01
3.465100000000000335e+01
3.482699999999999818e+01
3.498100000000000165e+01
3.517000000000000171e+01
3.533299999999999841e+01
3.549099999999999966e+01
3.565400000000000347e+01
3.580400000000000205e+01
3.597999999999999687e+01
3.613900000000000290e+01
3.631499999999999773e+01
3.647800000000000153e+01
3.664600000000000080e+01
3.681300000000000239e+01
3.698100000000000165e+01
3.713000000000000256e+01
3.732000000000000028e+01
3.750999999999999801e+01
3.767699999999999960e+01
3.783599999999999852e+01
3.799499999999999744e+01
3.814900000000000091e+01
3.829399999999999693e+01
3.845799999999999841e+01
3.864300000000000068e+01
3.881499999999999773e+01
3.896900000000000119e+01
3.913199999999999790e+01
3.930899999999999750e+01
3.949399999999999977e+01
3.966599999999999682e+01
3.983800000000000097e+01
3.999300000000000210e+01
