1.112521234526403058e+00
1.107625060575432308e+00
1.102750380359547755e+00
1.097897191872450717e+00
1.093065492761510882e+00
1.088255280326694052e+00
1.083466551519339349e+00
1.078699302940781424e+00
1.073953530840823678e+00
1.069229231116061829e+00
1.064526399308059812e+00
1.059845030601379134e+00
1.055185119821466566e+00
1.050546661432398166e+00
1.045929649534485417e+00
1.041334077861744145e+00
1.036759939779229533e+00
1.032207228280239253e+00
1.027675935983388911e+00
1.023166055129561158e+00
1.018677577578732674e+00
1.014210494806682350e+00
1.009764797901583355e+00
1.005340477560482615e+00
1.000937524085673713e+00
9.965559273809619922e-01
9.921956769478310623e-01
9.878567618815109475e-01
9.835391708669549704e-01
9.792428921747257098e-01
9.749679136567979132e-01
9.707142227422815850e-01
9.664818064330686909e-01
9.622706512994085859e-01
9.580807434754179397e-01
9.539120686545278227e-01
9.497646120848750595e-01
9.456383585646400691e-01
9.415332924373384094e-01
9.374493975870692442e-01
9.333866574337275068e-01
9.293450549281823125e-01
9.253245725474301686e-01
9.213251922897239821e-01
9.173468956696873011e-01
9.133896637134151231e-01
9.094534769535695951e-01
9.055383154244739385e-01
9.016441586572098155e-01
8.977709856747256856e-01
8.939187749869575983e-01
8.900875045859723000e-01
8.862771519411323240e-01
8.824876939942950527e-01
8.787191071550440880e-01
8.749713672959635868e-01
8.712444497479568950e-01
8.675383292956180270e-01
8.638529801726579915e-01
8.601883760573928450e-01
8.565444900682974705e-01
8.529212947596322980e-01
8.493187621171438551e-01
8.457368635538482504e-01
8.421755699058987021e-01
8.386348514285458799e-01
8.351146777921905073e-01
8.316150180785382151e-01
8.281358407768565355e-01
8.246771137803425855e-01
8.212388043826004402e-01
8.178208792742391875e-01
8.144233045395889992e-01
8.110460456535438789e-01
8.076890674785328628e-01
8.043523342616240024e-01
8.010358096317645726e-01
7.977394565971609453e-01
7.944632375428022364e-01
7.912071142281298375e-01
7.879710477848564931e-01
7.847549987149387007e-01
7.815589268887039864e-01
7.783827915431363875e-01
7.752265512803226954e-01
7.720901640660617904e-01
7.689735872286403984e-01
7.658767774577739385e-01
7.627996908037197876e-01
7.597422826765599657e-01
7.567045078456573481e-01
7.536863204392860727e-01
7.506876739444390267e-01
7.477085212068091957e-01
7.447488144309529767e-01
7.418085051806286856e-01
7.388875443793163633e-01
7.359858823109171055e-01
7.331034686206318041e-01
7.302402523160216319e-01
7.273961817682472741e-01
7.245712047134883482e-01
7.217652682545436793e-01
7.189783188626093224e-01
7.162103023792352197e-01
7.134611640184592707e-01
7.107308483691174850e-01
7.080192993973289939e-01
7.053264604491547018e-01
7.026522742534272448e-01
6.999966829247512567e-01
6.973596279666709474e-01
6.947410502750042127e-01
6.921408901413379500e-01
6.895590872566876861e-01
6.869955807153103056e-01
6.844503090186757621e-01
6.819232100795875606e-01
6.794142212264541181e-01
6.769232792077030103e-01
6.744503201963373273e-01
6.719952797946291412e-01
6.695580930389464225e-01
6.671386944047075218e-01
6.647370178114628825e-01
6.623529966280931047e-01
6.599865636781246936e-01
6.576376512451544976e-01
6.553061910783786193e-01
6.529921143982213572e-01
6.506953519020570731e-01
6.484158337700198782e-01
6.461534896708961417e-01
6.439082487680907185e-01
6.416800397256631205e-01
6.394687907144274153e-01
6.372744294181050817e-01
6.350968830395281595e-01
6.329360783068833651e-01
6.307919414799892932e-01
6.286643983566001515e-01
6.265533742787270377e-01
6.244587941389688757e-01
6.223805823868453491e-01
6.203186630351209541e-01
6.182729596661139526e-01
6.162433954379795686e-01
6.142298930909563248e-01
6.122323749535703019e-01
6.102507629487817775e-01
6.082849786000678050e-01
6.063349430374284088e-01
6.044005770033055169e-01
6.024818008584040818e-01
6.005785345874026238e-01
5.986906978045418715e-01
5.968182097590793989e-01
5.949609893405954919e-01
5.931189550841411418e-01
5.912920251752101786e-01
5.894801174545237776e-01
5.876831494226127939e-01
5.859010382441829368e-01
5.841337007522469094e-01
5.823810534520071913e-01
5.806430125244750329e-01
5.789194938298063420e-01
5.772104129103374781e-01
5.755156849933035224e-01
5.738352249932199278e-01
5.721689475139072334e-01
5.705167668501388567e-01
5.688785969888920935e-01
5.672543516101792305e-01
5.656439440874370117e-01
5.640472874874505882e-01
5.624642945697885255e-01
5.608948777857221124e-01
5.593389492766055460e-01
5.577964208716865713e-01
5.562672040853214872e-01
5.547512101135653184e-01
5.532483498301049574e-01
5.517585337815050783e-01
5.502816721817339607e-01
5.488176749059340276e-01
5.473664514834002404e-01
5.459279110897337084e-01
5.445019625381252171e-01
5.430885142697352563e-01
5.416874743431222550e-01
5.402987504226804960e-01
5.389222497660374200e-01
5.375578792103681280e-01
5.362055451575720166e-01
5.348651535582635841e-01
5.335366098945225621e-01
5.322198191613474183e-01
5.309146858467522767e-01
5.296211139104488597e-01
5.283390067610473917e-01
5.270682672317110740e-01
5.258087975541954062e-01
5.245604993311979714e-01
5.233232735069474062e-01
5.220970203359471817e-01
5.208816393497984754e-01
5.196770293220108750e-01
5.184830882307160937e-01
5.172997132191899938e-01
5.161268005540841086e-01
5.149642455812699637e-01
5.138119426791847300e-01
5.126697852095750685e-01
5.115376654655183764e-01
5.104154746166051915e-01
5.093031026511587456e-01
5.082004383153588822e-01
5.071073690491392227e-01
5.060237809187128066e-01
5.049495585455827662e-01
5.038845850318841579e-01
5.028287418818970789e-01
5.017819089195687532e-01
5.007439642018692849e-01
4.997147839278046066e-01
4.986942423429004956e-01
4.976822116389640338e-01
4.966785618489215071e-01
4.956831607365271286e-01
4.946958736807224866e-01
4.937165635544263353e-01
4.927450905975202522e-01
4.917813122837895734e-01
4.908250831815706983e-01
4.898762548078474111e-01
4.889346754755267144e-01
4.880001901336203374e-01
4.870726402000479238e-01
4.861518633867636385e-01
4.852376935169083194e-01
4.843299603336696513e-01
4.834284893005332817e-01
4.825331013925910906e-01
4.816436128785692161e-01
4.807598350932271725e-01
4.798815741997708995e-01
4.790086309419170352e-01
4.781408003852346544e-01
4.772778716473849436e-01
4.764196276168745081e-01
4.755658446599287936e-01
4.747162923150889391e-01
4.738707329751324915e-01
4.730289215559106974e-01
4.721906051517005265e-01
4.713555226766606432e-01
4.705234044919892611e-01
4.696939720183812006e-01
4.688669373333844703e-01
4.680420027532697924e-01
4.672188603990302114e-01
4.663971917461435801e-01
4.655766671577472593e-01
4.647569454008890766e-01
4.639376731455472358e-01
4.631184844461335159e-01
4.622990002052285718e-01
4.614788276193341199e-01
4.606575596064678146e-01
4.598347742154748063e-01
4.590100340169835924e-01
4.581828854759965042e-01
4.573528583061697850e-01
4.565194648059207050e-01
4.556821991765771518e-01
4.548405368228863321e-01
4.539939336362994182e-01
4.531418252615644904e-01
4.522836263472900242e-01
4.514187297812723432e-01
4.505465059115401072e-01
4.496663017542258944e-01
4.487774401895550103e-01
4.478792191474385564e-01
4.469709107843583551e-01
4.460517606534603607e-01
4.451209868700094496e-01
4.441777792746186559e-01
4.432212985969315455e-01
4.422506756227331803e-01
4.412650103677672742e-01
4.402633712618601591e-01
4.392447943472937433e-01
4.382082824957204692e-01
4.371528046482838215e-01
4.360772950839918449e-01
4.349806527217797703e-01
4.338617404621079587e-01
4.327193845743447231e-01
4.315523741366037447e-01
4.303594605351167557e-01
4.291393570306413219e-01
4.278907383997971881e-01
4.266122406596323247e-01
4.253024608840749177e-01
4.239599571212969153e-01
4.225832484213118967e-01
4.211708149834248460e-01
4.197210984333682449e-01
4.182325022401420234e-01
4.167033922826761660e-01
4.151320975764676846e-01
4.135169111702942657e-01
4.118560912229461968e-01
4.101478622696715370e-01
4.083904166876460851e-01
4.065819163692802607e-01
4.047204946115353086e-01
4.028042582286320283e-01
4.008312898945985414e-01
3.987996507209995989e-01
3.967073830739246132e-01
3.945525136328793536e-01
3.923330566926185869e-01
3.900470177071941880e-01
3.876923970735577374e-01
3.852671941499788422e-01
3.827694115023141941e-01
3.801970593688234201e-01
3.775481603317661916e-01
3.748207541814997934e-01
3.720129029561989320e-01
3.691226961377285232e-01
3.661482559816056082e-01
3.630877429564502989e-01
3.599393612658914332e-01
3.567013644235783598e-01
3.533720608498360782e-01
3.499498194565976994e-01
3.464330751856248281e-01
3.428203344637085204e-01
3.391101805375828504e-01
3.353012786507038601e-01
3.313923810238925127e-01
3.273823316021194918e-01
3.232700705304617506e-01
3.190546383234632577e-01
3.147351796938305246e-01
3.103109470085261834e-01
3.057813033429301885e-01
3.011457251067355956e-01
2.964038042186545874e-01
2.915552498107322754e-01
2.865998894471001868e-01
2.815376698462432881e-01
2.763686571002897385e-01
2.710930363893349071e-01
2.657111111933810887e-01
2.602233020089708138e-01
2.546301445820034481e-01
2.489322876724494871e-01
2.431304903706589526e-01
2.372256189886651212e-01
2.312186435532196660e-01
2.251106339302630932e-01
2.189027556130599128e-01
2.125962652083273063e-01
2.061925056562948777e-01
1.996929012217983357e-01
1.930989522941810865e-01
1.864122300340179117e-01
1.796343709044391501e-01
1.727670711242311752e-01
1.658120810788524246e-01
1.587711997241676443e-01
1.516462690160177151e-01
1.444391683968347107e-01
1.371518093683404826e-01
1.297861301770638076e-01
1.223440906369357151e-01
1.148276671106962660e-01
1.072388476692361370e-01
9.957962744541289102e-02
9.185200419628652968e-02
8.405797408521252512e-02
7.619952769278690030e-02
6.827864626330272524e-02
6.029729819118644085e-02
5.225743574980186434e-02
4.416099206312192049e-02
3.600987831899616493e-02
2.780598122118834586e-02
1.955116067592083118e-02
1.124724770743924102e-02
2.896042596014442808e-03
-5.500686769105241590e-03
-1.394120633006158683e-02
-2.242381710294952951e-02
-3.094685623195225777e-02
-3.950869786476645523e-02
1.240196712785147204e+00
1.236450321206966629e+00
1.232722111057876990e+00
1.229012080278011121e+00
1.225320226479132746e+00
1.221646546934676669e+00
1.217991038569826046e+00
1.214353697951633615e+00
1.210734521279188458e+00
1.207133504373843147e+00
1.203550642669494852e+00
1.199985931202938394e+00
1.196439364604287015e+00
1.192910937087475309e+00
1.189400642440840983e+00
1.185908474017800085e+00
1.182434424727613509e+00
1.178978487026256294e+00
1.175540652907390848e+00
1.172120913893452743e+00
1.168719261026850642e+00
1.165335684861291021e+00
1.161970175453226783e+00
1.158622722353439105e+00
1.155293314598756060e+00
1.151981940703913132e+00
1.148688588653559162e+00
1.145413245894415288e+00
1.142155899327589097e+00
1.138916535301047306e+00
1.135695139602257209e+00
1.132491697450992874e+00
1.129306193492318089e+00
1.126138611789743393e+00
1.122988935818568068e+00
1.119857148459402874e+00
1.116743231991884633e+00
1.113647168088581996e+00
1.110568937809096601e+00
1.107508521594362749e+00
1.104465899261150685e+00
1.101441049996772392e+00
1.098433952353997656e+00
1.095444584246178632e+00
1.092472922942588687e+00
1.089518945063976174e+00
1.086582626578336264e+00
1.083663942796900592e+00
1.080762868370352292e+00
1.077879377285260176e+00
1.075013442860740298e+00
1.072165037745343996e+00
1.069334133914172202e+00
1.066520702666219123e+00
1.063724714621945511e+00
1.060946139721082870e+00
1.058184947220667027e+00
1.055441105693304849e+00
1.052714583025670780e+00
1.050005346417237195e+00
1.047313362379232782e+00
1.044638596733836522e+00
1.041981014613598155e+00
1.039340580461091346e+00
1.036717258028795108e+00
1.034111010379204165e+00
1.031521799885164237e+00
1.028949588230435808e+00
1.026394336410479946e+00
1.023856004733467939e+00
1.021334552821508757e+00
1.018829939612099444e+00
1.016342123359786243e+00
1.013871061638043747e+00
1.011416711341363461e+00
1.008979028687549517e+00
1.006557969220221782e+00
1.004153487811519918e+00
1.001765538665005950e+00
9.993940753187633419e-01
9.970390506486864757e-01
9.947004168719589812e-01
9.923781255507144738e-01
9.900721275958783707e-01
9.877823732711834559e-01
9.855088121973568649e-01
9.832513933564726027e-01
9.810100650964651559e-01
9.787847751357984238e-01
9.765754705682853087e-01
9.743820978680534095e-01
9.722046028946478291e-01
9.700429308982710941e-01
9.678970265251463090e-01
9.657668338230067651e-01
9.636522962466959052e-01
9.615533566638788665e-01
9.594699573608550525e-01
9.574020400484656301e-01
9.553495458680881791e-01
9.533124153977132753e-01
9.512905886580925729e-01
9.492840051189532780e-01
9.472926037052693538e-01
9.453163228035823540e-01
9.433551002683634445e-01
9.414088734284072890e-01
9.394775790932500259e-01
9.375611535596022339e-01
9.356595326177866712e-01
9.337726515581724618e-01
9.319004451775957376e-01
9.300428477857567433e-01
9.281997932115825245e-01
9.263712148095460952e-01
9.245570454659302051e-01
9.227572176050248265e-01
9.209716631952468147e-01
9.192003137551721936e-01
9.174431003594657463e-01
9.156999536446966959e-01
9.139708038150302638e-01
9.122555806477784524e-01
9.105542134987995029e-01
9.088666313077299330e-01
9.071927626030366065e-01
9.055325355068736259e-01
9.038858777397289490e-01
9.022527166248457409e-01
9.006329790923994771e-01
8.990265916834199178e-01
8.974334805534354143e-01
8.958535714758236734e-01
8.942867898448528807e-01
8.927330606783903111e-01
8.911923086202626632e-01
8.896644579422452459e-01
8.881494325456603667e-01
8.866471559625634935e-01
8.851575513564934328e-01
8.836805415227652061e-01
8.822160488882788698e-01
8.807639955108221841e-01
8.793243030778398195e-01
8.778968929046409020e-01
8.764816859320188058e-01
8.750786027232539954e-01
8.736875634604689411e-01
8.723084879403028014e-01
8.709412955688768943e-01
8.695859053560114349e-01
8.682422359086643393e-01
8.669102054235497956e-01
8.655897316789027407e-01
8.642807320253464987e-01
8.629831233758237241e-01
8.616968221945461304e-01
8.604217444849198149e-01
8.591578057763972209e-01
8.579049211102092176e-01
8.566630050239227856e-01
8.554319715347764586e-01
8.542117341217322357e-01
8.530022057061915630e-01
8.518032986313108790e-01
8.506149246398573283e-01
8.494369948505373635e-01
8.482694197327298458e-01
8.471121090795538100e-01
8.459649719791948463e-01
8.448279167844147119e-01
8.437008510801612404e-01
8.425836816491957260e-01
8.414763144356497415e-01
8.403786545064187985e-01
8.392906060102982568e-01
8.382120721347618986e-01
8.371429550602776937e-01
8.360831559120551759e-01
8.350325747091076334e-01
8.339911103105156487e-01
8.329586603587660898e-01
8.319351212200400969e-01
8.309203879213157284e-01
8.299143540841494859e-01
8.289169118549880588e-01
8.279279518318624076e-01
8.269473629873085319e-01
8.259750325873487231e-01
8.250108461063673237e-01
8.240546871377019134e-01
8.231064372997692891e-01
8.221659761375331721e-01
8.212331810191181303e-01
8.203079270273626600e-01
8.193900868460993747e-01
8.184795306409398119e-01
8.175761259343362619e-01
8.166797374746808114e-01
8.157902270991965743e-01
8.149074535903659822e-01
8.140312725256330095e-01
8.131615361201040004e-01
8.122980930619693174e-01
8.114407883403513821e-01
8.105894630652817900e-01
8.097439542794961920e-01
8.089040947617308630e-01
8.080697128211917768e-01
8.072406320828613424e-01
8.064166712632968581e-01
8.055976439365678532e-01
8.047833582899701632e-01
8.039736168691480334e-01
8.031682163122455531e-01
8.023669470727062825e-01
8.015695931303276067e-01
8.007759316901790214e-01
7.999857328689784497e-01
7.991987593685307978e-01
7.984147661358149684e-01
7.976335000093186522e-01
7.968546993512127807e-01
7.960780936649598516e-01
7.953034031979604457e-01
7.945303385288404741e-01
7.937586001389962398e-01
7.929878779680260559e-01
7.922178509526857093e-01
7.914481865490291534e-01
7.906785402374145733e-01
7.899085550100801711e-01
7.891378608410253293e-01
7.883660741379668879e-01
7.875927971761795821e-01
7.868176175140739748e-01
7.860401073904211833e-01
7.852598231031846510e-01
7.844763043699922722e-01
7.836890736703497895e-01
7.828976355697824241e-01
7.821014760261786325e-01
7.813000616787142416e-01
7.804928391198429072e-01
7.796792341509624080e-01
7.788586510224996262e-01
7.780304716593032799e-01
7.771940548723906828e-01
7.763487355582704419e-01
7.754938238872476353e-01
7.746286044823201822e-01
7.737523355904931677e-01
7.728642482485732490e-01
7.719635454457473012e-01
7.710494012855279022e-01
7.701209601499184876e-01
7.691773358689606432e-01
7.682176108991370933e-01
7.672408355144387793e-01
7.662460270142550378e-01
7.652321689526028203e-01
7.641982103935980319e-01
7.631430651984517644e-01
7.620656113496833139e-01
7.609646903186430000e-01
7.598391064828540209e-01
7.586876266001026936e-01
7.575089793466138754e-01
7.563018549270624780e-01
7.550649047645692225e-01
7.537967412792094812e-01
7.524959377639278690e-01
7.511610283670773214e-01
7.497905081911004910e-01
7.483828335171217594e-01
7.469364221654118952e-01
7.454496540018282769e-01
7.439208716003915534e-01
7.423483810721459575e-01
7.407304530703384682e-01
7.390653239817345233e-01
7.373511973135686848e-01
7.355862452851713584e-01
7.337686106327309110e-01
7.318964086349244447e-01
7.299677293662709676e-01
7.279806401840231977e-01
7.259331884532163048e-01
7.238234045131223260e-01
7.216493048868215521e-01
7.194088957339018764e-01
7.171001765444225962e-01
7.147211440702623264e-01
7.122697964877943155e-01
7.097441377835362886e-01
7.071421823520041006e-01
7.044619597924990373e-01
7.017015198889842154e-01
6.988589377546103876e-01
6.959323191198397707e-01
6.929198057405627775e-01
6.898195809001017587e-01
6.866298749766378551e-01
6.833489710453819477e-01
6.799752104828237220e-01
6.765069985386351625e-01
6.729428098393688273e-01
6.692811937869659333e-01
6.655207798143596420e-01
6.616602824601185429e-01
6.576985062241844648e-01
6.536343501673078649e-01
6.494668122178095526e-01
6.451949931507944269e-01
6.408181002068986665e-01
6.363354503200805423e-01
6.317464729267944223e-01
6.270507123321581444e-01
6.222478296123084007e-01
6.173376040360748496e-01
6.123199339932617891e-01
6.071948374212061683e-01
6.019624517257615715e-01
5.966230331974281542e-01
5.911769559278727826e-01
5.856247102365655932e-01
5.799669006215529832e-01
5.742042432525041873e-01
5.683375630279798862e-01
5.623677902223831460e-01
5.562959567511689407e-01
5.501231920856161084e-01
5.438507188507302192e-01
5.374798481416769302e-01
5.310119745954783310e-01
5.244485712555931878e-01
5.177911842674106646e-01
5.110414274426404724e-01
5.042009767301423029e-01
4.972715646298497272e-01
4.902549745852476382e-01
4.831530353882960704e-01
4.759676156288797921e-01
4.687006182187817283e-01
4.613539750179336818e-01
4.539296415882683733e-01
4.464295920979992061e-01
4.388558143965529679e-01
4.312103052777989110e-01
4.234950659465926415e-01
4.157120977011343754e-01
4.078633978411315697e-01
3.999509558094040407e-01
3.919767495722792372e-01
3.839427422420294556e-01
3.758508789425966667e-01
3.677030839180621125e-01
3.595012578816356164e-01
3.512472756014887731e-01
3.429429837184044816e-01
3.345901987891039542e-01
3.261907055480943729e-01
3.177462553800654566e-01
3.092585649941881898e-01
3.007293152911017509e-01
2.921601504130006410e-01
2.835526769669032277e-01
2.749084634110415815e-01
2.662290395941958043e-01
2.575158964378376769e-01
2.487704857510031342e-01
2.399942201680015652e-01
2.311884731992518704e-01
2.223545793858328068e-01
2.134938345486118438e-01
2.046074961231861278e-01
1.956967835722094040e-01
1.867628788670939177e-01
1.778069270314521777e-01
1.688300367390796197e-01
1.598332809596697546e-01
1.508176976458965035e-01
1.417842904558796469e-01
1.327340295054881825e-01
1.236678521453033336e-01
1.145866637574717156e-01
1.054913385680404797e-01
9.638272047072331261e-02
8.726162385840477431e-02
7.812883445899686252e-02
6.898511017259524591e-02
5.983118190715436269e-02
5.066775441020508058e-02
4.149550709436841678e-02
3.231509485469718362e-02
2.312714887607097980e-02
1.393227742911652862e-02
4.731066653290493668e-03
-4.475918674026248614e-03
-1.368813438343310235e-02
-2.290505617524161638e-02
1.197270120059834797e+00
1.109765654251076983e+00
1.024026213134666241e+00
9.403012022139299875e-01
8.588540028584629171e-01
7.799555342350420473e-01
7.038756637996744780e-01
6.308726762705849644e-01
5.611813564706059632e-01
4.950006028495758104e-01
4.324817808714171430e-01
3.737191529999899231e-01
3.187436110862859051e-01
2.675205709949504129e-01
2.199523279232727113e-01
1.758845388439330970e-01
1.351159453376094555e-01
9.741009771797543015e-02
6.250774506123768504e-02
3.013869500077372143e-02
3.224602967537568479e-05
-2.807434238056051232e-02
-5.442953394940652778e-02
-7.926327672617905495e-02
-1.027845877206327030e-01
-1.251806194171347919e-01
-1.466168472108221044e-01
-1.672380428816426789e-01
-1.871697496900045221e-01
-2.065200336915718471e-01
-2.253813431909426623e-01
-2.438323583489813706e-01
-2.619397536538162763e-01
-2.797598271846193363e-01
-2.973399733781643683e-01
-3.147199918384850359e-01
-3.319332351491913746e-01
-3.490076050416283104e-01
-3.659664097891520695e-01
-3.828290972394210456e-01
-3.996118781399019548e-01
-4.163282538478859651e-01
