2.223828434944152832e-01
2.957022786140441895e-01
3.721327185630798340e-01
4.512443542480468750e-01
5.321059226989746094e-01
6.130126714706420898e-01
6.915069222450256348e-01
7.644972801208496094e-01
8.287837505340576172e-01
8.817826509475708008e-01
9.221443533897399902e-01
9.502996206283569336e-01
9.681697487831115723e-01
9.783957600593566895e-01
9.836120009422302246e-01
9.859171509742736816e-01
9.867339730262756348e-01
9.869077205657958984e-01
9.868972301483154297e-01
9.869386553764343262e-01
9.871723651885986328e-01
9.876864552497863770e-01
9.885849952697753906e-01
9.899827837944030762e-01
9.919688105583190918e-01
9.946703314781188965e-01
9.983480572700500488e-01
1.002913832664489746e+00
1.008535146713256836e+00
1.015581846237182617e+00
1.023656129837036133e+00
1.033365249633789062e+00
1.045168399810791016e+00
1.057265043258666992e+00
1.071713924407958984e+00
1.086604833602905273e+00
1.103885173797607422e+00
1.118774771690368652e+00
1.140180706977844238e+00
1.161288738250732422e+00
1.186938405036926270e+00
1.178831696510314941e+00
