-9.773689508438110352e-02
-3.888428211212158203e-02
1.164889335632324219e-02
5.323803424835205078e-02
8.620142936706542969e-02
1.114759445190429688e-01
1.303471326828002930e-01
1.441884636878967285e-01
1.542721092700958252e-01
1.616778373718261719e-01
1.672758758068084717e-01
1.717357933521270752e-01
1.755527555942535400e-01
1.790818572044372559e-01
1.825953423976898193e-01
1.862778663635253906e-01
1.902604103088378906e-01
1.946595907211303711e-01
1.995536684989929199e-01
2.050215601921081543e-01
2.110892236232757568e-01
2.178262174129486084e-01
2.253768146038055420e-01
2.336247265338897705e-01
2.427789866924285889e-01
2.527077496051788330e-01
2.636812627315521240e-01
2.756276428699493408e-01
2.889653742313385010e-01
3.030592501163482666e-01
3.186008334159851074e-01
3.348265290260314941e-01
3.530188798904418945e-01
3.718789815902709961e-01
3.930756449699401855e-01
4.150689542293548584e-01
4.409430623054504395e-01
4.610420167446136475e-01
4.917831122875213623e-01
5.200147628784179688e-01
5.484063625335693359e-01
5.420243740081787109e-01
