3.193626999855041504e-01
4.291432499885559082e-01
5.308745503425598145e-01
6.239011883735656738e-01
7.077158093452453613e-01
7.819688916206359863e-01
8.465027213096618652e-01
9.014132618904113770e-01
9.470298886299133301e-01
9.839150309562683105e-01
1.012841582298278809e+00
1.034788370132446289e+00
1.050789952278137207e+00
1.061975955963134766e+00
1.069388747215270996e+00
1.074048638343811035e+00
1.076838016510009766e+00
1.078526020050048828e+00
1.079768538475036621e+00
1.081112146377563477e+00
1.083034634590148926e+00
1.085932731628417969e+00
1.090144753456115723e+00
1.096014499664306641e+00
1.103772640228271484e+00
1.113861203193664551e+00
1.126267313957214355e+00
1.141419172286987305e+00
1.159356474876403809e+00
1.180482625961303711e+00
1.204573988914489746e+00
1.232293128967285156e+00
1.263324856758117676e+00
1.297919869422912598e+00
1.336175441741943359e+00
1.378606319427490234e+00
1.422794103622436523e+00
1.470255970954895020e+00
1.525985240936279297e+00
1.579917192459106445e+00
1.627956628799438477e+00
1.615191340446472168e+00
