8.720511647347188866e-01
8.674861862385567779e-01
8.629400507901474615e-01
8.584127589739423136e-01
8.539043113530181417e-01
8.494147084636679557e-01
8.449439508098075535e-01
8.404920388571995860e-01
8.360589730275014286e-01
8.316447536921395267e-01
8.272493811660125429e-01
8.228728557010315248e-01
8.185151774794945378e-01
8.141763466073079769e-01
8.098563631070506696e-01
8.055552269108942065e-01
8.012729378533732794e-01
7.970094956640216832e-01
7.927648999598703172e-01
7.885391502378159556e-01
7.843322458668653407e-01
7.801441860802584838e-01
7.759749699674771684e-01
7.718245964661434311e-01
7.676930643538127930e-01
7.635803722396691251e-01
7.594865185561239240e-01
7.554115015503281017e-01
7.513553192755999532e-01
7.473179695827757429e-01
7.432994501114880137e-01
7.392997582813775059e-01
7.353188912832445689e-01
7.313568460701455054e-01
7.274136193484399548e-01
7.234892075687947566e-01
7.195836069171500649e-01
7.156968133056549330e-01
7.118288223635761414e-01
7.079796294281878177e-01
7.041492295356485132e-01
7.003376174118670638e-01
6.965447874633717840e-01
6.927707337681787703e-01
6.890154500666746396e-01
6.852789297525126999e-01
6.815611658635327696e-01
6.778621510727086408e-01
6.741818776791301815e-01
6.705203375990245185e-01
6.668775223568247368e-01
6.632534230762890948e-01
6.596480304716787479e-01
6.560613348389994215e-01
6.524933260473109176e-01
6.489439935301137830e-01
6.454133262768148027e-01
6.419013128242804234e-01
6.384079412484814364e-01
6.349331991562349176e-01
6.314770736770499715e-01
6.280395514550813907e-01
6.246206186411954464e-01
6.212202608851580266e-01
6.178384633279428995e-01
6.144752105941717613e-01
6.111304867846861777e-01
6.078042754692609684e-01
6.044965596794579232e-01
6.012073219016309533e-01
5.979365440700820100e-01
5.946842075603753219e-01
5.914502931828125032e-01
5.882347811760747502e-01
5.850376512010336816e-01
5.818588823347362604e-01
5.786984530645695735e-01
5.755563412826035785e-01
5.724325242801224789e-01
5.693269787423421713e-01
5.662396807433212054e-01
5.631706057410656996e-01
5.601197285728333197e-01
5.570870234506377638e-01
5.540724639569569732e-01
5.510760230406477334e-01
5.480976730130699970e-01
5.451373855444201499e-01
5.421951316602806603e-01
5.392708817383808917e-01
5.363646055055794060e-01
5.334762720350613163e-01
5.306058497437574628e-01
5.277533063899849664e-01
5.249186090713100494e-01
5.221017242226353439e-01
5.193026176145099093e-01
5.165212543516665145e-01
5.137575988717828501e-01
5.110116149444697831e-01
5.082832656704848739e-01
5.055725134811726029e-01
5.028793201381300815e-01
5.002036467330983616e-01
4.975454536880786760e-01
4.949047007556732769e-01
4.922813470196492625e-01
4.896753508957241707e-01
4.870866701325745063e-01
4.845152618130621480e-01
4.819610823556799706e-01
4.794240875162129600e-01
4.769042323896155455e-01
4.744014714120990406e-01
4.719157583634315256e-01
4.694470463694445650e-01
4.669952879047446492e-01
4.645604347956281410e-01
4.621424382231958949e-01
4.597412487266631098e-01
4.573568162068641918e-01
4.549890899299466329e-01
4.526380185312509630e-01
4.503035500193748875e-01
4.479856317804143950e-01
4.456842105823808908e-01
4.433992325797885270e-01
4.411306433184082332e-01
4.388783877401825628e-01
4.366424101882991349e-01
4.344226544124145661e-01
4.322190635740278952e-01
4.300315802519941721e-01
4.278601464481767147e-01
4.257047035932299273e-01
4.235651925525082961e-01
4.214415536320961220e-01
4.193337265849511053e-01
4.172416506171567341e-01
4.151652643942760346e-01
4.131045060478025222e-01
4.110593131816989154e-01
4.090296228790198940e-01
4.070153717086096301e-01
4.050164957318691528e-01
4.030329305095846637e-01
4.010646111088104759e-01
3.991114721097998586e-01
3.971734476129733515e-01
3.952504712459209979e-01
3.933424761704255590e-01
3.914493950895029384e-01
3.895711602544495444e-01
3.877077034718866000e-01
3.858589561107961252e-01
3.840248491095363814e-01
3.822053129828296703e-01
3.804002778287116082e-01
3.786096733354344379e-01
3.768334287883119971e-01
3.750714730764980187e-01
3.733237346996873818e-01
3.715901417747283775e-01
3.698706220421377200e-01
3.681651028725039243e-01
3.664735112727709465e-01
3.647957738923882087e-01
3.631318170293155734e-01
3.614815666358716650e-01
3.598449483244117175e-01
3.582218873728231778e-01
3.566123087298246341e-01
3.550161370200549116e-01
3.534332965489376255e-01
3.518637113073073697e-01
3.503073049757815527e-01
3.487640009288633935e-01
3.472337222387588129e-01
3.457163916788914548e-01
3.442119317270990742e-01
3.427202645684924720e-01
3.412413120979597703e-01
3.397749959222962635e-01
3.383212373619422508e-01
3.368799574523045348e-01
3.354510769446453211e-01
3.340345163065140954e-01
3.326301957216997729e-01
3.312380350896815262e-01
3.298579540245514807e-01
3.284898718533875717e-01
3.271337076140457545e-01
3.257893800523495864e-01
3.244568076186441496e-01
3.231359084636886703e-01
3.218266004338546926e-01
3.205288010655996667e-01
3.192424275791817534e-01
3.179673968715823751e-01
3.167036255085998731e-01
3.154510297160774690e-01
3.142095253702262281e-01
3.129790279870028336e-01
3.117594527104997071e-01
3.105507143003038428e-01
3.093527271177777815e-01
3.081654051112153736e-01
3.069886617998229261e-01
3.058224102564717217e-01
3.046665630891706167e-01
3.035210324211994326e-01
3.023857298698458540e-01
3.012605665236823826e-01
3.001454529183212872e-01
2.990402990105791581e-01
2.979450141509804029e-01
2.968595070545287373e-01
2.957836857696680144e-01
2.947174576453547856e-01
2.936607292961589954e-01
2.926134065653056560e-01
2.915753944855680735e-01
2.905465972379184247e-01
2.895269181078361509e-01
2.885162594391737501e-01
2.875145225854710551e-01
2.865216078586084181e-01
2.855374144746803955e-01
2.845618404969717519e-01
2.835947827759066620e-01
2.826361368858413825e-01
2.816857970585627813e-01
2.807436561133501152e-01
2.798096053834510100e-01
2.788835346388178205e-01
2.779653320049425003e-01
2.770548838776222822e-01
2.761520748334825859e-01
2.752567875360758531e-01
2.743689026373672957e-01
2.734882986744114897e-01
2.726148519610182563e-01
2.717484364741952763e-01
2.708889237351480017e-01
2.700361826846114921e-01
2.691900795522764178e-01
2.683504777200684255e-01
2.675172375790229595e-01
2.666902163795004665e-01
2.658692680744667580e-01
2.650542431555613088e-01
2.642449884816640004e-01
2.634413470996640472e-01
2.626431580571231272e-01
2.618502562065172512e-01
2.610624720007315713e-01
2.602796312794765643e-01
2.595015550462788090e-01
2.587280592356993592e-01
2.579589544704165016e-01
2.571940458078069702e-01
2.564331324756502495e-01
2.556760075965735513e-01
2.549224579008484981e-01
2.541722634271459391e-01
2.534251972108498285e-01
2.526810249595276558e-01
2.519395047151504752e-01
2.512003865026578575e-01
2.504634119644602586e-01
2.497283139804735708e-01
2.489948162732843473e-01
2.482626329980522906e-01
2.475314683167603169e-01
2.468010159564349160e-01
2.460709587509787299e-01
2.453409681662614417e-01
2.446107038081501150e-01
2.438798129131714842e-01
2.431479298215371287e-01
2.424146754322892561e-01
2.416796566403645319e-01
2.409424657554200544e-01
2.402026799023109782e-01
2.394598604031700217e-01
2.387135521410986283e-01
2.379632829055550736e-01
2.372085627195992530e-01
2.364488831492491394e-01
2.356837165952931079e-01
2.349125155680193144e-01
2.341347119454353920e-01
2.333497162156860649e-01
2.325569167045183072e-01
2.317556787887966319e-01
2.309453440972444871e-01
2.301252296997678137e-01
2.292946272869143265e-01
2.284528023412389641e-01
2.275989933025713008e-01
2.267324107294275970e-01
2.258522364590733189e-01
2.249576227690187058e-01
2.240476915430250904e-01
2.231215334450170340e-01
2.221782071046164708e-01
2.212167383183663294e-01
2.202361192710668714e-01
2.192353077820262397e-01
2.182132265814084315e-01
2.171687626222637557e-01
2.161007664342323165e-01
2.150080515253242619e-01
2.138893938385951210e-01
2.127435312709537174e-01
2.115691632617502094e-01
2.103649504591890151e-01
2.091295144730116184e-01
2.078614377222465226e-01
2.065592633871753125e-01
2.052214954749649878e-01
2.038465990086806845e-01
2.024330003496088992e-01
2.009790876629717338e-01
1.994832115371996950e-01
1.979436857669362726e-01
1.963587883098599496e-01
1.947267624272313036e-01
1.930458180177699601e-01
1.913141331540604007e-01
1.895298558301289349e-01
1.876911059281544114e-01
1.857959774114343321e-01
1.838425407497382980e-01
1.818288455820204208e-01
1.797529236201462766e-01
1.776127917957926738e-01
1.754064556510204764e-01
1.731319129711998694e-01
1.707871576569737204e-01
1.683701838298252984e-01
1.658789901635307484e-01
1.633115844314082798e-01
1.606659882567729736e-01
1.579402420514653682e-01
1.551324101247094078e-01
1.522405859419578011e-01
1.492628975107870570e-01
1.461975128684007696e-01
1.430426456428760817e-01
1.397965606580419407e-01
1.364575795498025601e-01
1.330240863599090606e-01
1.294945330716299470e-01
1.258674450505726239e-01
1.221414263530430228e-01
1.183151648638959136e-01
1.143874372257913247e-01
1.103571135222098099e-01
1.062231616774634430e-01
1.019846515383092539e-01
9.764075860360016401e-02
9.319076737070543237e-02
8.863407427016767315e-02
8.397019016319867690e-02
7.919874238014162904e-02
7.431947628185632537e-02
6.933225633011073918e-02
6.423706665736764188e-02
5.903401113084814911e-02
5.372331291028382971e-02
4.830531350334857366e-02
4.278047132723787616e-02
3.714935978925530680e-02
3.141266490341307338e-02
2.557118246399042380e-02
1.962581480057787667e-02
1.357756714238946005e-02
7.427543622454328524e-03
1.176942954716394749e-03
-5.172946180987633182e-03
-1.162075000960935932e-02
-1.816501474976478861e-02
-2.480421188278538608e-02
-3.153674356385170047e-02
-3.836094813744599097e-02
-4.527510572012104217e-02
-5.227744381470669083e-02
-5.936614292152870426e-02
-6.653934211398025711e-02
-7.379514454777945376e-02
-8.113162287547782958e-02
-8.854682454013704240e-02
-9.603877692461240678e-02
-1.036054923354239460e-01
-1.112449728028287871e-01
-1.189552146812899586e-01
-1.267342130371274800e-01
-1.345799658126234366e-01
-1.424904777582884641e-01
-1.504637641272726090e-01
7.815429601045138508e-01
6.896068090099740644e-01
5.988498466678436882e-01
5.094948450896259473e-01
4.217958757993872099e-01
3.360381235525197186e-01
2.525355581875215472e-01
1.716257912366349891e-01
9.366154300123377685e-02
1.899842237814114432e-02
-5.202079375258370636e-02
-1.190845275468639941e-01
-1.819318178942177511e-01
-2.403705690962760766e-01
-2.942921357292238582e-01
-3.436800027158780635e-01
-3.886111320056788165e-01
-4.292497481799589232e-01
-4.658346002135427821e-01
-4.986617145327798539e-01
-5.280651108998206666e-01
-5.543978484090598124e-01
-5.780152413537714695e-01
-5.992613589655749751e-01
-6.184592126842098914e-01
-6.359044793025806497e-01
-6.518622601332898503e-01
-6.665662205729765422e-01
-6.802194419385123592e-01
-6.929963918997276151e-01
-7.050455338329383315e-01
-7.164922162569551389e-01
-7.274415924919799270e-01
-7.379814096594583539e-01
-7.481845736742602782e-01
-7.581114450939691052e-01
-7.678118531502069466e-01
-7.773268357581119004e-01
-7.866901251293365593e-01
-7.959294045064450041e-01
-8.050673635434831832e-01
-8.141225794603738075e-01
