2.500000000000000000e+01
2.500499999999999901e+01
2.500499999999999901e+01
2.500900000000000034e+01
2.499200000000000088e+01
2.500499999999999901e+01
2.500000000000000000e+01
2.499599999999999866e+01
2.500000000000000000e+01
2.499599999999999866e+01
2.499599999999999866e+01
2.499599999999999866e+01
2.500900000000000034e+01
2.498300000000000054e+01
2.499599999999999866e+01
2.500000000000000000e+01
2.500900000000000034e+01
2.499200000000000088e+01
2.498699999999999832e+01
2.499599999999999866e+01
2.500499999999999901e+01
2.500000000000000000e+01
2.500900000000000034e+01
2.499599999999999866e+01
2.500000000000000000e+01
2.500499999999999901e+01
2.500499999999999901e+01
2.500000000000000000e+01
2.500900000000000034e+01
2.500000000000000000e+01
2.500900000000000034e+01
2.500000000000000000e+01
2.498300000000000054e+01
2.500900000000000034e+01
2.500900000000000034e+01
2.498699999999999832e+01
2.500000000000000000e+01
2.499200000000000088e+01
2.500900000000000034e+01
2.500499999999999901e+01
2.497899999999999920e+01
2.500499999999999901e+01
2.499599999999999866e+01
2.500499999999999901e+01
2.499599999999999866e+01
2.500000000000000000e+01
2.498300000000000054e+01
2.500499999999999901e+01
2.497899999999999920e+01
2.499599999999999866e+01
2.499200000000000088e+01
2.500499999999999901e+01
2.500499999999999901e+01
2.500900000000000034e+01
2.499599999999999866e+01
2.500900000000000034e+01
2.500499999999999901e+01
2.499200000000000088e+01
2.500900000000000034e+01
2.498699999999999832e+01
2.499599999999999866e+01
2.500900000000000034e+01
2.499599999999999866e+01
2.500000000000000000e+01
2.498300000000000054e+01
2.498699999999999832e+01
2.500000000000000000e+01
2.500499999999999901e+01
2.500499999999999901e+01
2.498699999999999832e+01
2.499200000000000088e+01
2.500900000000000034e+01
2.497899999999999920e+01
2.501399999999999935e+01
2.500900000000000034e+01
2.500499999999999901e+01
2.498699999999999832e+01
2.500499999999999901e+01
2.500000000000000000e+01
2.500900000000000034e+01
2.500900000000000034e+01
2.500000000000000000e+01
2.500000000000000000e+01
2.500900000000000034e+01
2.505699999999999861e+01
2.519800000000000040e+01
2.538599999999999923e+01
2.557000000000000028e+01
2.573199999999999932e+01
2.593799999999999883e+01
2.610500000000000043e+01
2.625400000000000134e+01
2.645599999999999952e+01
2.661799999999999855e+01
2.679799999999999827e+01
2.696499999999999986e+01
2.713200000000000145e+01
2.728500000000000014e+01
2.747800000000000153e+01
2.765800000000000125e+01
2.779799999999999827e+01
2.796099999999999852e+01
2.811899999999999977e+01
2.832499999999999929e+01
2.847400000000000020e+01
2.864600000000000080e+01
2.881200000000000117e+01
2.896199999999999974e+01
2.916400000000000148e+01
2.932600000000000051e+01
2.948900000000000077e+01
2.964199999999999946e+01
2.978300000000000125e+01
2.996300000000000097e+01
3.014300000000000068e+01
3.032300000000000040e+01
3.048100000000000165e+01
3.063500000000000156e+01
3.080999999999999872e+01
3.096900000000000119e+01
3.114900000000000091e+01
3.131599999999999895e+01
3.146499999999999986e+01
3.164999999999999858e+01
3.181700000000000017e+01
3.197100000000000009e+01
3.215599999999999881e+01
3.232300000000000040e+01
3.249900000000000233e+01
3.267499999999999716e+01
3.282399999999999807e+01
3.297399999999999665e+01
3.314099999999999824e+01
3.330799999999999983e+01
3.347099999999999653e+01
3.364699999999999847e+01
3.381000000000000227e+01
3.396800000000000352e+01
3.414399999999999835e+01
3.430299999999999727e+01
3.447899999999999920e+01
3.465100000000000335e+01
3.479999999999999716e+01
3.498100000000000165e+01
3.514800000000000324e+01
3.533299999999999841e+01
3.550900000000000034e+01
3.566700000000000159e+01
3.582200000000000273e+01
3.597599999999999909e+01
3.612100000000000222e+01
3.629699999999999704e+01
3.648700000000000188e+01
3.664600000000000080e+01
3.681300000000000239e+01
3.698100000000000165e+01
3.715299999999999869e+01
3.732399999999999807e+01
3.750999999999999801e+01
3.765999999999999659e+01
3.781799999999999784e+01
3.796800000000000352e+01
3.813100000000000023e+01
3.830299999999999727e+01
3.849300000000000210e+01
3.866499999999999915e+01
3.881900000000000261e+01
3.897399999999999665e+01
3.917199999999999704e+01
3.934899999999999665e+01
3.949399999999999977e+01
3.964000000000000057e+01
3.980799999999999983e+01
3.996600000000000108e+01
