1.102828637773698883e+00
1.095604799423065767e+00
1.088400729044677773e+00
1.081216492738750867e+00
1.074052155995479874e+00
1.066907783689967415e+00
1.059783440077312067e+00
1.052679188787855935e+00
1.045595092822592331e+00
1.038531214548731541e+00
1.031487615695431348e+00
1.024464357349684551e+00
1.017461499952370341e+00
1.010479103294466885e+00
1.003517226513422012e+00
9.965759280896901995e-01
9.896552658434240035e-01
9.827552969313305686e-01
9.758760778436840200e-01
9.690176644014985019e-01
9.621801117538577586e-01
9.553634743754022551e-01
9.485678060639706199e-01
9.417931599383965180e-01
9.350395884364580690e-01
9.283071433129768124e-01
9.215958756380693284e-01
9.149058357955436316e-01
9.082370734814433355e-01
9.015896377027339259e-01
8.949635767761333627e-01
8.883589383270790174e-01
8.817757692888333887e-01
8.752141159017240435e-01
8.686740237125154529e-01
8.621555375739096139e-01
8.556587016441734583e-01
8.491835593868894971e-01
8.427301535708281444e-01
8.362985262699345057e-01
8.298887188634336276e-01
8.235007720360417727e-01
8.171347257782901607e-01
8.107906193869486300e-01
8.044684914655529928e-01
7.981683799250283151e-01
7.918903219844047880e-01
7.856343541716244161e-01
7.794005123244343025e-01
7.731888315913597598e-01
7.669993464327581334e-01
7.608320906219455670e-01
7.546870972463946003e-01
7.485643987089982687e-01
7.424640267293965978e-01
7.363860123453612738e-01
7.303303859142353804e-01
7.242971771144213200e-01
7.182864149469182502e-01
7.122981277368984898e-01
7.063323431353228932e-01
7.003890881205911967e-01
6.944683890002196769e-01
6.885702714125477852e-01
6.826947603284625465e-01
6.768418800531441626e-01
6.710116542278221630e-01
6.652041058315439903e-01
6.594192571829458061e-01
6.536571299420291803e-01
6.479177451119310094e-01
6.422011230406919902e-01
6.365072834230115495e-01
6.308362453019925598e-01
6.251880270708662923e-01
6.195626464746988304e-01
6.139601206120728349e-01
6.083804659367405554e-01
6.028236982592479754e-01
5.972898327485238745e-01
5.917788839334314765e-01
5.862908657042799065e-01
5.808257913142931272e-01
5.753836733810316906e-01
5.699645238877659725e-01
5.645683541847976716e-01
5.591951749907282387e-01
5.538449963936685760e-01
5.485178278523916706e-01
5.432136781974232775e-01
5.379325556320704305e-01
5.326744677333820066e-01
5.274394214530466751e-01
5.222274231182170157e-01
5.170384784322683558e-01
5.118725924754811141e-01
5.067297697056545314e-01
5.016100139586416873e-01
4.965133284488131848e-01
4.914397157694418428e-01
4.863891778930115040e-01
4.813617161714481285e-01
4.763573313362721162e-01
4.713760234986733022e-01
4.664177921495059609e-01
4.614826361592050952e-01
4.565705537776255651e-01
4.516815426338003925e-01
4.468155997356222375e-01
4.419727214694466610e-01
4.371529035996187806e-01
4.323561412679227667e-01
4.275824289929563427e-01
4.228317606694306230e-01
4.181041295673968428e-01
4.133995283314009783e-01
4.087179489795672582e-01
4.040593829026133399e-01
3.994238208627978737e-01
3.948112529928022862e-01
3.902216687945481155e-01
3.856550571379546710e-01
3.811114062596347996e-01
3.765907037615345843e-01
3.720929366095184210e-01
3.676180911319004707e-01
3.631661530179271513e-01
3.587371073162119450e-01
3.543309384331249090e-01
3.499476301311428839e-01
3.455871655271578469e-01
3.412495270907521805e-01
3.369346966424391354e-01
3.326426553518757046e-01
3.283733837360477970e-01
3.241268616574330963e-01
3.199030683221440463e-01
3.157019822780550711e-01
3.115235814129161951e-01
3.073678429524577815e-01
3.032347434584898860e-01
2.991242588269986125e-01
2.950363642862446900e-01
2.909710343948663236e-01
2.869282430399913708e-01
2.829079634353605655e-01
2.789101681194686710e-01
2.749348289537228984e-01
2.709819171206264143e-01
2.670514031219872741e-01
2.631432567771584408e-01
2.592574472213121650e-01
2.553939429037505593e-01
2.515527115862587482e-01
2.477337203415017342e-01
2.439369355514690585e-01
2.401623229059710318e-01
2.364098474011900597e-01
2.326794733382885061e-01
2.289711643220787296e-01
2.252848832597566797e-01
2.216205923597025784e-01
2.179782531303516013e-01
2.143578263791373062e-01
2.107592722115102790e-01
2.071825500300351064e-01
2.036276185335677280e-01
2.000944357165153342e-01
1.965829588681816398e-01
1.930931445721987827e-01
1.896249487060485683e-01
1.861783264406743632e-01
1.827532322401850262e-01
1.793496198616530146e-01
1.759674423550070810e-01
1.726066520630216705e-01
1.692672006214028246e-01
1.659490389589718395e-01
1.626521172979478458e-01
1.593763851543274490e-01
1.561217913383653733e-01
1.528882839551505557e-01
1.496758104052832161e-01
1.464843173856480441e-01
1.433137508902838364e-01
1.401640562113499744e-01
1.370351779401856041e-01
1.339270599684634078e-01
1.308396454894324434e-01
1.277728769992505786e-01
1.247266962984032168e-01
1.217010444932043745e-01
1.186958619973796925e-01
1.157110885337256090e-01
1.127466631358417237e-01
1.098025241499334947e-01
1.068786092366784957e-01
1.039748553731540681e-01
1.010911988548198748e-01
9.822757529754970462e-02
9.538391963970771492e-02
9.256016614426205991e-02
8.975624840093021639e-02
8.697209932834656931e-02
8.420765117624874618e-02
8.146283552767064062e-02
7.873758330113626858e-02
7.603182475284543662e-02
7.334548947884005077e-02
7.067850641714415461e-02
6.803080384986348594e-02
6.540230940523823755e-02
6.279295005963277110e-02
6.020265213945458216e-02
5.763134132298535633e-02
5.507894264211696256e-02
5.254538048397039418e-02
5.003057859239156552e-02
4.753446006930196061e-02
4.505694737589258092e-02
4.259796233364142315e-02
4.015742612514009574e-02
3.773525929470803592e-02
3.533138174877843707e-02
3.294571275603324495e-02
3.057817094726848067e-02
2.822867431496685689e-02
2.589714021255625290e-02
2.358348535332818047e-02
2.128762580899527107e-02
1.900947700785714234e-02
1.674895373255283829e-02
1.450597011736783765e-02
1.228043964506776720e-02
1.007227514322960038e-02
7.881388780036566177e-03
5.707692059503899525e-03
3.551095816101630057e-03
1.411510208738255782e-03
-7.111552859340491061e-04
-2.816991880928782638e-03
-4.906091487094345338e-03
-6.978546722081351711e-03
-9.034450920156061882e-03
-1.107389814290430166e-02
-1.309698319087585806e-02
-1.510380161621860048e-02
-1.709444973635564080e-02
-1.906902464876051098e-02
-2.102762424688831705e-02
-2.297034723732060968e-02
-2.489729315818898711e-02
-2.680856239894046505e-02
-2.870425622151353412e-02
-3.058447678299442210e-02
-3.244932715982902505e-02
-3.429891137366553738e-02
-3.613333441890941022e-02
-3.795270229207291929e-02
-3.975712202300774045e-02
-4.154670170811020774e-02
-4.332155054559473639e-02
-4.508177887293395719e-02
-4.682749820656716827e-02
-4.855882128398732872e-02
-5.027586210831400809e-02
-5.197873599547255669e-02
-5.366755962409846398e-02
-5.534245108829412285e-02
-5.700352995336781942e-02
-5.865091731469538466e-02
-6.028473585984248789e-02
-6.190510993409952673e-02
-6.351216560958126978e-02
-6.510603075805328210e-02
-6.668683512765054278e-02
-6.825471042366330898e-02
-6.980979039356932647e-02
-7.135221091650165159e-02
-7.288211009734396617e-02
-7.439962836565930382e-02
-7.590490857965796756e-02
-7.739809613542571187e-02
-7.887933908163678731e-02
-8.034878823998330144e-02
-8.180659733156862845e-02
-8.325292310950978270e-02
-8.468792549801311409e-02
-8.611176773818865482e-02
-8.752461654088186660e-02
-8.892664224680880969e-02
-9.031801899429021951e-02
-9.169892489488840059e-02
-9.306954221726218557e-02
-9.443005757955920398e-02
-9.578066215068212208e-02
-9.712155186076330826e-02
-9.845292762120166907e-02
-9.977499555461620540e-02
-1.010879672350820102e-01
-1.023920599390225478e-01
-1.036874969071358565e-01
-1.049745076177429071e-01
-1.062533280719504120e-01
-1.075242010910206492e-01
-1.087873766263563607e-01
-1.100431120824971465e-01
-1.112916726535377043e-01
-1.125333316733696382e-01
-1.137683709801544235e-01
-1.149970812954233257e-01
-1.162197626182038673e-01
-1.174367246345578847e-01
-1.186482871429081071e-01
-1.198547804955200913e-01
-1.210565460564835133e-01
-1.222539366765246355e-01
-1.234473171849531092e-01
-1.246370648990205304e-01
-1.258235701509358151e-01
-1.270072368327442025e-01
-1.281884829592357111e-01
-1.293677412489987744e-01
-1.305454597236783976e-01
-1.317221023254394885e-01
-1.328981495525627110e-01
-1.340740991130235649e-01
-1.352504665958187691e-01
-1.364277861597078811e-01
-1.376066112389320029e-01
-1.387875152653528232e-01
-1.399710924063304329e-01
-1.411579583175142649e-01
-1.423487509095704706e-01
-1.435441311277038112e-01
-1.447447837426485140e-01
-1.459514181516089470e-01
-1.471647691874247432e-01
-1.483855979339998854e-01
-1.496146925458047283e-01
-1.508528690689913965e-01
-1.521009722613967663e-01
-1.533598764084066202e-01
-1.546304861313577694e-01
-1.559137371848170195e-01
-1.572105972387481676e-01
-1.585220666412150148e-01
-1.598491791569007503e-01
-1.611930026763453427e-01
-1.625546398904052781e-01
-1.639352289240407767e-01
-1.653359439231287253e-01
-1.667579955875866660e-01
-1.682026316436825708e-01
-1.696711372480013968e-01
-1.711648353151399571e-01
-1.726850867608183682e-01
-1.742332906517390090e-01
-1.758108842531787286e-01
-1.774193429650108567e-01
-1.790601801365810652e-01
-1.807349467506610685e-01
-1.824452309665471617e-01
-1.841926575122918019e-01
-1.859788869160509950e-01
-1.878056145666166521e-01
-1.896745695933833020e-01
-1.915875135562974674e-01
-1.935462389367463010e-01
-1.955525674208856146e-01
-1.976083479675920518e-01
-1.997154546540485243e-01
-2.018757842929602420e-01
-2.040912538165390588e-01
-2.063637974237066131e-01
-2.086953634884397002e-01
-2.110879112288231996e-01
-2.135434071381804022e-01
-2.160638211816156007e-01
-2.186511227633982091e-01
-2.213072764728760411e-01
-2.240342376189428941e-01
-2.268339475655502813e-01
-2.297083288832639236e-01
-2.326592803344303406e-01
-2.356886717120870445e-01
-2.387983385552869542e-01
-2.419900767659866614e-01
-2.452656371550060166e-01
-2.486267199467850075e-01
-2.520749692746787618e-01
-2.556119677003124702e-01
-2.592392307920086680e-01
-2.629582017984788411e-01
-2.667702464547756502e-01
-2.706766479579256757e-01
-2.746786021496479546e-01
-2.787772129431255186e-01
-2.829734880298745980e-01
-2.872683349013944176e-01
-2.916625572184340931e-01
1.339235355527004678e+00
1.335362074275696420e+00
1.331499037571206134e+00
1.327646307616827226e+00
1.323803946543791188e+00
1.319972016401599557e+00
1.316150579148257949e+00
1.312339696640420383e+00
1.308539430623439026e+00
1.304749842721330655e+00
1.300970994426650984e+00
1.297202947090290159e+00
1.293445761911183212e+00
1.289699499925942128e+00
1.285964221998411539e+00
1.282239988809151576e+00
1.278526860844845014e+00
1.274824898387641570e+00
1.271134161504432258e+00
1.267454710036061361e+00
1.263786603586480428e+00
1.260129901511844341e+00
1.256484662909551853e+00
1.252850946607240390e+00
1.249228811151728680e+00
1.245618314797918735e+00
1.242019515497656545e+00
1.238432470888556569e+00
1.234857238282792258e+00
1.231293874655857934e+00
1.227742436635304024e+00
1.224202980489451420e+00
1.220675562116086965e+00
1.217160237031144510e+00
1.213657060357377082e+00
1.210166086813021291e+00
1.206687370700461059e+00
1.203220965894891803e+00
1.199766925832993270e+00
1.196325303501610149e+00
1.192896151426451112e+00
1.189479521660801398e+00
1.186075465774266258e+00
1.182684034841536391e+00
1.179305279431187792e+00
1.175939249594520675e+00
1.172585994854436375e+00
1.169245564194362430e+00
1.165918006047227617e+00
1.162603368284493399e+00
1.159301698205242870e+00
1.156013042525336099e+00
1.152737447366633861e+00
1.149474958246295975e+00
1.146225620066156248e+00
1.142989477102182461e+00
1.139766572994023841e+00
1.136556950734648463e+00
1.133360652660082568e+00
1.130177720439246469e+00
1.127008195063899931e+00
1.123852116838697901e+00
1.120709525371360815e+00
1.117580459562965478e+00
1.114464957598362060e+00
1.111363056936716331e+00
1.108274794302189337e+00
1.105200205674753411e+00
1.102139326281148080e+00
1.099092190585987838e+00
1.096058832283014262e+00
1.093039284286508650e+00
1.090033578722859886e+00
1.087041746922296381e+00
1.084063819410787000e+00
1.081099825902109179e+00
1.078149795290096025e+00
1.075213755641057256e+00
1.072291734186387124e+00
1.069383757315353956e+00
1.066489850568080877e+00
1.063610038628718835e+00
1.060744345318815007e+00
1.057892793590879066e+00
1.055055405522154377e+00
1.052232202308590159e+00
1.049423204259023468e+00
1.046628430789571906e+00
1.043847900418237495e+00
1.041081630759726373e+00
1.038329638520486986e+00
1.035591939493966329e+00
1.032868548556088895e+00
1.030159479660959221e+00
1.027464745836788707e+00
1.024784359182050464e+00
1.022118330861861324e+00
1.019466671104593880e+00
1.016829389198718570e+00
1.014206493489878236e+00
1.011597991378193839e+00
1.009003889315803093e+00
1.006424192804633799e+00
1.003858906394408113e+00
1.001308033680883058e+00
9.987715773043223111e-01
9.962495389482033392e-01
9.937419193381545890e-01
9.912487182411277020e-01
9.887699344647979949e-01
9.863055658571971973e-01
9.838556093065742303e-01
9.814200607414834687e-01
9.789989151310987125e-01
9.765921664857517559e-01
9.741998078576917797e-01
9.718218313420653454e-01
9.694582280781131045e-01
9.671089882505814472e-01
9.647741010913452042e-01
9.624535548812392927e-01
9.601473369520949763e-01
9.578554336889787413e-01
9.555778305326280142e-01
9.533145119820810587e-01
9.510654615974966086e-01
9.488306620031587979e-01
9.466100948906611690e-01
9.444037410222684281e-01
9.422115802344463997e-01
9.400335914415574035e-01
9.378697526397152817e-01
9.357200409107931938e-01
9.335844324265779592e-01
9.314629024530651780e-01
9.293554253548887978e-01
9.272619745998756935e-01
9.251825227637217042e-01
9.231170415347775826e-01
9.210655017189403049e-01
9.190278732446395260e-01
9.170041251679111882e-01
9.149942256775500660e-01
9.129981421003316999e-01
9.110158409062947271e-01
9.090472877140717278e-01
9.070924472962628160e-01
9.051512835848374294e-01
9.032237596765541054e-01
9.013098378383908038e-01
8.994094795129683462e-01
8.975226453239601998e-01
8.956492950814728404e-01
8.937893877873858139e-01
8.919428816406373972e-01
8.901097340424412030e-01
8.882899016014241811e-01
8.864833401386633671e-01
8.846900046926142736e-01
8.829098495239101618e-01
8.811428281200189838e-01
8.793888931997380087e-01
8.776479967175129238e-01
8.759200898675588709e-01
8.742051230877703194e-01
8.725030460633937945e-01
8.708138077304506952e-01
8.691373562788836660e-01
8.674736391554083159e-01
8.658226030660484129e-01
8.641841939783283522e-01
8.625583571231040247e-01
8.609450369960027771e-01
8.593441773584491461e-01
8.577557212382502794e-01
8.561796109297118429e-01
8.546157879932571033e-01
8.530641932545189876e-01
8.515247668028740335e-01
8.499974479893862567e-01
8.484821754241291814e-01
8.469788869728481773e-01
8.454875197529311270e-01
8.440080101286459024e-01
8.425402937056089003e-01
8.410843053244441148e-01
8.396399790535874486e-01
8.382072481811968512e-01
8.367860452061188781e-01
8.353763018278673735e-01
8.339779489355627629e-01
8.325909165957812164e-01
8.312151340392603949e-01
8.298505296464067094e-01
8.284970309315425885e-01
8.271545645258399082e-01
8.258230561588681962e-01
8.245024306386993240e-01
8.231926118304956352e-01
8.218935226335127853e-01
8.206050849564410221e-01
8.193272196910087457e-01
8.180598466837680771e-01
8.168028847059765063e-01
8.155562514214891312e-01
8.143198633525682295e-01
8.130936358435162381e-01
8.118774830220336636e-01
8.106713177581951202e-01
8.094750516209409108e-01
8.082885948319676883e-01
8.071118562169029564e-01
8.059447431536425066e-01
8.047871615177227822e-01
8.036390156245960537e-01
8.025002081686724020e-01
8.013706401589838491e-01
8.002502108513223078e-01
7.991388176766970330e-01
7.980363561659493676e-01
7.969427198703582516e-01
7.958578002780605232e-01
7.947814867261075999e-01
7.937136663079670251e-01
7.926542237762762566e-01
7.916030414406443061e-01
7.905599990602893978e-01
7.895249737312989291e-01
7.884978397682773643e-01
7.874784685801548001e-01
7.864667285399080665e-01
7.854624848479448973e-01
7.844655993888887124e-01
7.834759305814962271e-01
7.824933332214293324e-01
7.815176583165921453e-01
7.805487529147387971e-01
7.795864599230445391e-01
7.786306179193280830e-01
7.776810609545958819e-01
7.767376183465840578e-01
7.758001144639478097e-01
7.748683685007535793e-01
7.739421942409138166e-01
7.730213998121985286e-01
7.721057874294476875e-01
7.711951531266068027e-01
7.702892864771944126e-01
7.693879703028124739e-01
7.684909803692973052e-01
7.675980850701130676e-01
7.667090450965798887e-01
7.658236130945327291e-01
7.649415333070036516e-01
7.640625412025230379e-01
7.631863630886375205e-01
7.623127157102509432e-01
7.614413058323976635e-01
7.605718298070727190e-01
7.597039731237528182e-01
7.588374099432596553e-01
7.579718026146397003e-01
7.571068011747523752e-01
7.562420428302917275e-01
7.553771514219973504e-01
7.545117368708463834e-01
7.536453946060632791e-01
7.527777049748347604e-01
7.519082326336659072e-01
7.510365259213864775e-01
7.501621162138752963e-01
7.492845172606591442e-01
7.484032245036223996e-01
7.475177143781638334e-01
7.466274435972419798e-01
7.457318484188708574e-01
7.448303438977501578e-01
7.439223231218645704e-01
7.430071564350304580e-01
7.420841906465419635e-01
7.411527482292478153e-01
7.402121265075850554e-01
7.392615968373079660e-01
7.383004037788762908e-01
7.373277642667108722e-01
7.363428667767846214e-01
7.353448704952896264e-01
7.343329044914186365e-01
7.333060668976058016e-01
7.322634241008985079e-01
7.312040099494744316e-01
7.301268249786740938e-01
7.290308356612925644e-01
7.279149736872568832e-01
7.267781352782101134e-01
7.256191805429305086e-01
7.244369328799225016e-01
7.232301784339312256e-01
7.219976656135470572e-01
7.207381046774778977e-01
7.194501673974657008e-01
7.181324868062137767e-01
7.167836570390599960e-01
7.154022332784663041e-01
7.139867318107132599e-01
7.125356302044426604e-01
7.110473676209192462e-01
7.095203452660310273e-01
7.079529269941469138e-01
7.063434400739523333e-01
7.046901761263162367e-01
7.029913922440615970e-01
7.012453123032282853e-01
6.994501284750136438e-01
6.976040029470418347e-01
6.957050698619374751e-01
6.937514374803614992e-01
6.917411905746841949e-01
6.896723930583402717e-01
6.875430908545983044e-01
6.853513150070085214e-01
6.830950850321547696e-01
6.807724125135250492e-01
6.783813049333590195e-01
6.759197697372099078e-01
6.733858186237166032e-01
6.707774720497067245e-01
6.680927639382909788e-01
6.653297465750614981e-01
6.624864956749304534e-01
6.595611155995408925e-01
6.565517447026130160e-01
6.534565607780747909e-01
6.502737865834248288e-01
6.470016954085086036e-01
6.436386166578303980e-01
6.401829414126903872e-01
6.366331279378770747e-01
6.329877070964345931e-01
6.292452876351335433e-01
6.254045613028212935e-01
6.214643077637581614e-01
6.174233992684572403e-01
6.132808050453911752e-01
6.090355953782708998e-01
6.046869453353799218e-01
6.002341381197220382e-01
5.956765680114145534e-01
5.910137428768785783e-01
5.862452862228418882e-01
5.813709387769804282e-01
5.763905595810974170e-01
5.713041265870331120e-01
5.661117367499375330e-01
5.608136056180683671e-01
5.554100664228049933e-01
5.499015686770646338e-01
5.442886762946422818e-01
5.385720652471808201e-01
5.327525207793706308e-01
5.268309342065932155e-01
5.208082993224639745e-01
5.146857084465749077e-01
5.084643481451699421e-01
5.021454946594354762e-01
4.957305090776082945e-01
4.892208322881200777e-01
4.826179797515753878e-01
4.759235361294596456e-01
4.691391498071715849e-01
4.622665273482219339e-01
4.553074279153730419e-01
4.482636576930221772e-01
4.411370643434343042e-01
4.339295315274132592e-01
4.266429735178363103e-01
4.192793299320939360e-01
4.118405606070247305e-01
4.043286406373554076e-01
3.967455555960888725e-01
3.890932969526639806e-01
3.813738577021750231e-01
3.735892282164203770e-01
3.657413923251605636e-01
3.578323236336538038e-01
3.498639820803872702e-01
3.418383107368921925e-01
3.337572328496649088e-01
3.256226491225271968e-01
3.174364352362039621e-01
3.092004396005541000e-01
3.009164813336656641e-01
2.925863484610146115e-01
2.842117963269857883e-01
2.757945462103487677e-01
2.673362841346759167e-01
2.588386598642583025e-01
2.503032860757275491e-01
2.417317376953980745e-01
2.331255513922111111e-01
2.244862252161619609e-01
1.098271646015599901e+00
1.049435674255020379e+00
1.005057481338559322e+00
9.649633587936813361e-01
9.289062780306216460e-01
8.965836213218588702e-01
8.676566951111519543e-01
8.417696730626763602e-01
8.185661844369759299e-01
7.977025064135503385e-01
7.788570260258500522e-01
7.617361768200455741e-01
7.460773835619721739e-01
7.316496859906187478e-01
7.182527117962309582e-01
7.057145864437383009e-01
6.938892496642929952e-01
6.826535267620902347e-01
6.719041947767318002e-01
6.615551962122341312e-01
6.515350873405237886e-01
6.417847615616151247e-01
6.322554572487757429e-01
6.229070401309001470e-01
6.137065392454765789e-01
6.046269101776071686e-01
5.956459976850647653e-01
5.867456704620670482e-01
5.779111027268909462e-01
5.691301798752074204e-01
5.603930082055236239e-01
5.516915114439917556e-01
5.430190993325907378e-01
5.343703958287324696e-01
5.257410164721387780e-01
5.171273862095858709e-01
5.085265904479581156e-01
4.999362533562479727e-01
4.913544384855045855e-01
4.827795676497573241e-01
4.742103547362860327e-01
4.656457517134096613e-01
