2.000173683058465102e+00
1.900168236338762640e+00
1.800166990201363948e+00
1.700173935533351166e+00
1.600166689407995557e+00
1.500170584444664001e+00
1.400173478071845556e+00
1.300180118926396844e+00
1.200185420089161070e+00
1.100153343571698583e+00
1.000125927141198856e+00
9.001638640559257443e-01
8.000899222389008525e-01
7.000734465138919171e-01
6.001448792645179831e-01
5.002103944118507783e-01
4.002788895640940758e-01
3.000669664375240075e-01
2.003579455416352739e-01
9.971861432428429095e-02
2.170929722301843815e-04
-9.961593692031314728e-02
-2.001055614236360303e-01
-2.996511304470977910e-01
-3.994899452304787046e-01
-5.010928735683140012e-01
-6.007486665399820458e-01
-6.987941506788103441e-01
-7.973836476076167079e-01
-8.979987457695537412e-01
-1.002359841578731370e+00
-1.104316734530783828e+00
-1.197657363430877586e+00
-1.295045152904121588e+00
-1.392978415155216032e+00
-1.484917345457136273e+00
-1.587101179166876541e+00
-1.685387108269043255e+00
-1.802669811055298776e+00
-1.872610086928229611e+00
-2.003678811245817482e+00
-2.022601094042496772e+00
