-1.299014065242602885e-02
2.642702710399062391e-02
6.045607875421370181e-02
8.919483019073343177e-02
1.126820685626544888e-01
1.328262086848205348e-01
1.508607807695689917e-01
1.661369327403116603e-01
1.793621767899540864e-01
1.911127255237869693e-01
2.025645979734672086e-01
2.141282618234098822e-01
2.264323408897655765e-01
2.374658195276334316e-01
2.500758461956418266e-01
2.636550019947683787e-01
2.786918810357236764e-01
2.941596868723980740e-01
3.107060542928263835e-01
3.299914500736065848e-01
3.496252124728982946e-01
3.714354709100313179e-01
3.963144460423554394e-01
4.208778510711817522e-01
4.497143814421557528e-01
4.815973989542441380e-01
5.144428186874139275e-01
5.490731851690431320e-01
5.848330872786159373e-01
6.268349554770961118e-01
6.751199875668165706e-01
7.234770167970947519e-01
7.651490275802723673e-01
8.135409595823206441e-01
8.667243679862826067e-01
9.138911711035445640e-01
9.775082332622364589e-01
1.037892417233995390e+00
1.118033128828566980e+00
1.153354420580217532e+00
1.254427221540668214e+00
1.277318059213770729e+00
