-1.415650721743954843e-01
-8.774605030708133857e-02
-4.174677947401773254e-02
-1.548846941839222922e-03
3.241727883276917382e-02
6.084887303880742032e-02
8.518350805277859206e-02
1.057145105709216132e-01
1.233942481055306933e-01
1.397846642937000117e-01
1.543326612423051580e-01
1.677897791590894083e-01
1.814433955418978672e-01
1.941256617602095391e-01
2.075535859493071178e-01
2.212055176740039542e-01
2.351748074564581903e-01
2.503468004408267999e-01
2.658080176863572563e-01
2.845886304039403347e-01
3.007476124662593064e-01
3.200423754796447584e-01
3.421462236334661955e-01
3.644384206399264858e-01
3.891660843645324830e-01
4.148396983369264102e-01
4.465992934569703032e-01
4.774540862533300234e-01
5.108933783655280614e-01
5.467770205509777659e-01
5.876548509957176814e-01
6.305092340514707461e-01
6.710894946251998450e-01
7.191489113181808168e-01
7.660483032393236025e-01
8.167647899211305518e-01
8.740815489325104437e-01
9.317882969633790591e-01
9.798532753048555533e-01
1.050611730529540599e+00
1.110118127010327527e+00
1.118529257531739374e+00
