4.211900755763053894e-03
8.051747083663940430e-02
1.481652557849884033e-01
2.071137428283691406e-01
2.575818002223968506e-01
3.000022768974304199e-01
3.350731134414672852e-01
3.636511564254760742e-01
3.866737782955169678e-01
4.051605463027954102e-01
4.200711548328399658e-01
4.323092997074127197e-01
4.426488876342773438e-01
4.517364501953125000e-01
4.600815176963806152e-01
4.680588841438293457e-01
4.759218692779541016e-01
4.839007854461669922e-01
4.921510219573974609e-01
5.007435083389282227e-01
5.098236203193664551e-01
5.194857120513916016e-01
5.299132466316223145e-01
5.410616397857666016e-01
5.531600713729858398e-01
5.663535594940185547e-01
5.811135768890380859e-01
5.971715450286865234e-01
6.147899627685546875e-01
6.340265274047851562e-01
6.558134555816650391e-01
6.795759201049804688e-01
7.048554420471191406e-01
7.329568862915039062e-01
7.629866600036621094e-01
7.956149578094482422e-01
8.322243690490722656e-01
8.716738224029541016e-01
9.087109565734863281e-01
9.554635286331176758e-01
9.982666969299316406e-01
9.994500875473022461e-01
