1.398759393283710017e-01
1.718229528163663922e-01
2.032206053319783323e-01
2.316275796355498628e-01
2.571431749862166938e-01
2.797695750493960354e-01
3.001583611218441860e-01
3.187914203415371239e-01
3.352432078645522506e-01
3.508989719637578553e-01
3.655403965794531418e-01
3.791459146717799933e-01
3.925070177887807765e-01
4.070780317802664694e-01
4.211957615215617401e-01
4.357727205894583178e-01
4.518815708910369211e-01
4.691236392185893500e-01
4.876741933665357243e-01
5.079745446555671284e-01
5.275229249613074822e-01
5.507809621892955088e-01
5.743669923302694436e-01
6.012340469164473289e-01
6.298161775030580722e-01
6.616783078515576788e-01
6.934736831653431910e-01
7.295276304817127633e-01
7.677204529573398162e-01
8.070673347603865011e-01
8.500117877991012483e-01
8.943875159746867975e-01
9.414577636387153614e-01
9.865406460407689648e-01
1.048115377359909672e+00
1.097559232058124001e+00
1.153522188412702043e+00
1.226148623139982963e+00
1.276739755591462133e+00
1.351574079830453412e+00
1.413143792498511520e+00
1.427468256564057070e+00
1.472186056614100957e-01
1.788762713410909644e-01
2.103024642805858546e-01
2.393470361492135434e-01
2.644565474815968598e-01
2.878330696383256671e-01
3.078809559882531577e-01
3.270849870123128666e-01
3.436862171670616029e-01
3.590781258559908595e-01
3.732854092604415697e-01
3.876638437694249206e-01
4.007537878967109002e-01
4.157660467024623663e-01
4.295568842602550674e-01
4.443102905122573443e-01
4.604212098468660197e-01
4.781392051752547667e-01
4.970126263523394483e-01
5.156539926959174958e-01
5.370353995069913067e-01
5.587157687245936089e-01
5.832180503193918897e-01
6.111963134251601204e-01
6.389173501082944240e-01
6.707068142470261618e-01
7.030074889585767872e-01
7.393460410147074668e-01
7.758309975748185483e-01
8.143428369917529164e-01
8.592361977398471629e-01
9.066108335910829652e-01
9.536920544004116040e-01
1.004562103992181488e+00
1.057974031960808414e+00
1.112906490253314118e+00
1.169695002322575395e+00
1.223005038056573568e+00
1.280896918228884074e+00
1.353341020371231052e+00
1.412710803660154779e+00
1.452866989843347723e+00
1.594859809939333795e-01
1.915627875917260969e-01
2.236750213055151426e-01
2.534688556008986016e-01
2.808059283936668038e-01
3.058949721818767786e-01
3.275428319325220383e-01
3.468300449985370348e-01
3.653662905091072943e-01
3.820008238058972272e-01
3.983393759146127699e-01
4.127225571184569564e-01
4.283875187622200320e-01
4.427086148770142393e-01
4.582615492618927200e-01
4.749719781205092306e-01
4.926528494269918346e-01
5.104820061285840760e-01
5.297882687826124259e-01
5.500337944883798569e-01
5.733439598122062053e-01
5.983789901320314408e-01
6.248748486846378292e-01
6.539116474007616864e-01
6.844000713264493108e-01
7.183679753374885291e-01
7.546861587951364525e-01
7.935983310061702767e-01
8.342349919618264886e-01
8.794497111422060476e-01
9.263707468842522497e-01
9.765210032354001424e-01
1.025289476484530837e+00
1.080943795514243799e+00
1.143520661687524642e+00
1.197495584057486795e+00
1.262825892588210097e+00
1.331372626641627699e+00
1.380285427349088323e+00
1.458052857074861874e+00
1.516237810004814168e+00
1.519413182274413687e+00
1.650869660580895071e-01
1.928962553390763945e-01
2.238306833416872088e-01
2.539071590219491026e-01
2.805943033115163576e-01
3.060924773253708708e-01
3.282409332988077133e-01
3.497746897173547032e-01
3.688723691366145307e-01
3.866648040550363929e-01
4.036986233568251592e-01
4.204607555633494420e-01
4.356819527852347496e-01
4.529771931726685463e-01
4.695716724419986554e-01
4.871935429333806855e-01
5.058578439974074081e-01
5.267281587027896617e-01
5.477796265438716894e-01
5.711554233869233776e-01
5.967345088476361248e-01
6.232761744622820066e-01
6.538278107665912442e-01
6.861946013929217658e-01
7.207991060462735078e-01
7.560751944553265602e-01
7.977825704023325804e-01
8.392900847800972564e-01
8.848451888800793474e-01
9.332488159766286762e-01
9.858237593410789090e-01
1.038453246362403659e+00
1.093239523471960739e+00
1.152529891734003220e+00
1.214563054762761718e+00
1.275479510297195862e+00
1.340358834035008107e+00
1.411540583094651469e+00
1.484645713251707244e+00
1.552596436022548154e+00
1.612681096844625461e+00
1.643503012247641726e+00
1.481984001191674061e-01
1.745511289482425121e-01
2.049579050155058701e-01
2.339753428434615257e-01
2.608247838869732771e-01
2.861891639058474768e-01
3.087116432423903101e-01
3.297679398995899680e-01
3.496989868935547197e-01
3.675199154427883919e-01
3.857617339184978289e-01
4.021856968216662165e-01
4.192070601744397051e-01
4.356946932706564080e-01
4.542898276266757462e-01
4.725531460725576061e-01
4.913883110674824306e-01
5.131882908623968120e-01
5.351788837706554780e-01
5.594194156152043629e-01
5.861471616538310725e-01
6.144004448853555012e-01
6.448549579893214645e-01
6.777510853723650586e-01
7.148978275555126771e-01
7.548022725534387911e-01
7.933446900278445790e-01
8.367373218383469258e-01
8.847494973118680273e-01
9.320742939141848371e-01
9.846749033817915331e-01
1.042016042382775343e+00
1.099563248357649181e+00
1.158033630819354176e+00
1.224162575996240454e+00
1.288349848577935663e+00
1.349114272015434102e+00
1.423881281559292500e+00
1.495853644849304276e+00
1.569684009222582555e+00
1.647309603363553698e+00
1.661220922968659197e+00
1.515230675649441860e-01
1.756770341710179872e-01
2.063238544751192782e-01
2.351798614766478779e-01
2.629562860783286604e-01
2.883364335240770626e-01
3.124608674894931437e-01
3.344075043688419790e-01
3.552579889543855396e-01
3.747300209618130706e-01
3.932469456369775962e-01
4.112610124331338435e-01
4.292983746707246806e-01
4.465682313762143751e-01
4.655850785003584624e-01
4.857242649983293248e-01
5.058524241236783681e-01
5.288280334777730740e-01
5.520242044480151433e-01
5.775297127799459140e-01
6.060522946511969211e-01
6.351347636160358245e-01
6.675033841596418327e-01
7.023090203954669430e-01
7.392011765752700692e-01
7.796426596456643709e-01
8.224453114363631245e-01
8.689205595381299663e-01
9.159683201514653428e-01
9.690075208629355119e-01
1.023487038785981573e+00
1.078862646593479413e+00
1.141525023686303708e+00
1.202926749454804822e+00
1.266932213519035288e+00
1.336005188008232869e+00
1.405542713207444283e+00
1.473997604434863495e+00
1.548741870597468484e+00
1.624654336045187053e+00
1.695774901372852028e+00
1.705449738412199157e+00
1.602433719598059803e-01
1.839698460787595469e-01
2.146875798487916931e-01
2.448483803989996432e-01
2.732976492781339917e-01
3.004063354991835522e-01
3.247617670736778761e-01
3.488400980384247507e-01
3.705130895985925821e-01
3.907708915614241385e-01
4.099719884135590853e-01
4.291140926670179989e-01
4.478538957798154363e-01
4.666511602952193027e-01
4.861101305453984223e-01
5.057589206535555437e-01
5.272289277414033970e-01
5.496395156094527890e-01
5.747232710507390596e-01
5.993950350633572288e-01
6.282652662518993791e-01
6.594988107718600112e-01
6.900613392079398833e-01
7.259467336259756154e-01
7.629597514885723131e-01
8.044740578464980585e-01
8.469102252426556898e-01
8.940051871546716988e-01
9.423722113335062378e-01
9.959855595864870459e-01
1.051873817076148132e+00
1.106918079975168778e+00
1.162594274442421804e+00
1.226808625685291476e+00
1.296076959140753715e+00
1.362044944013808712e+00
1.433371347939282225e+00
1.501471440817076397e+00
1.567613267372063524e+00
1.663780993997349800e+00
1.731022766234826982e+00
1.721046838319574945e+00
1.595341085987952157e-01
1.836313679162336066e-01
2.147855851238663905e-01
2.451967023714000105e-01
2.742918130679340427e-01
3.014011587963705274e-01
3.265939026726183969e-01
3.501665804837688634e-01
3.727058481923350985e-01
3.927725526012978974e-01
4.129323867645547375e-01
4.323679136974406534e-01
4.505739376472314706e-01
4.702296197991413518e-01
4.897265126660150791e-01
5.105369676417380598e-01
5.317930282526276420e-01
5.547543802349972353e-01
5.789358955997296885e-01
6.051681625387098640e-01
6.342797270536663090e-01
6.641350028689667617e-01
6.976982670836545664e-01
7.319737387809019946e-01
7.702774797561721121e-01
8.103340207870424194e-01
8.548444760097790862e-01
9.023080963687336586e-01
9.480817388655260469e-01
1.001517376823504391e+00
1.056615225129070801e+00
1.114627661887439336e+00
1.173352376141804099e+00
1.236454122917156839e+00
1.311715726207496102e+00
1.360659669656855142e+00
1.434634362607327462e+00
1.502347901816674547e+00
1.584479356854517906e+00
1.672809701988122066e+00
1.735780084044500793e+00
1.774089760266368998e+00
1.484576601454856148e-01
1.715626484153754960e-01
2.019185108839083864e-01
2.321012026993120314e-01
2.608843322409859500e-01
2.874546033808118017e-01
3.128287327241542348e-01
3.362495404999544801e-01
3.583632157498671256e-01
3.792565548611339654e-01
3.993413850312627078e-01
4.191011810933225612e-01
4.375143311464507745e-01
4.570488265856313403e-01
4.775712401304091359e-01
4.984842368480654762e-01
5.203446411066118271e-01
5.434931544602965570e-01
5.679269752622249090e-01
5.945118820813517502e-01
6.234291751382793345e-01
6.543681284421227762e-01
6.881269304645554197e-01
7.237913200728345320e-01
7.634901381544182408e-01
8.040780677123608999e-01
8.481558506080986160e-01
8.946189660609150662e-01
9.460959384458518251e-01
9.966858803584957016e-01
1.055003514227917938e+00
1.114076960824089024e+00
1.170255846510952713e+00
1.235710206557584012e+00
1.300410684663307226e+00
1.373046319050168940e+00
1.433958547057816224e+00
1.510406925504837350e+00
1.589402201744207765e+00
1.673428270499958348e+00
1.744332106989366693e+00
1.733320070395976575e+00
1.523495083127263394e-01
1.775942096478267396e-01
2.091180703348058112e-01
2.394096032454834655e-01
2.691649022265443225e-01
2.965247895549326662e-01
3.226616361464466065e-01
3.462434088697745049e-01
3.696554971694989700e-01
3.911522000756093576e-01
4.125546203778883148e-01
4.324016128393660119e-01
4.529603583626135022e-01
4.729523494392783856e-01
4.943522087198867210e-01
5.160049067190445315e-01
5.388601530593676303e-01
5.623737665775232486e-01
5.874741145649690077e-01
6.147274707006690209e-01
6.437131750335777225e-01
6.754749625842222382e-01
7.093751289359980783e-01
7.458746873072975569e-01
7.843319480221483397e-01
8.280157095347632223e-01
8.723433579881126887e-01
9.194478700879221700e-01
9.693758361214189767e-01
1.023536407729536135e+00
1.080294507143147342e+00
1.139022240978238676e+00
1.202150340441371812e+00
1.266292860619563143e+00
1.328459114867698521e+00
1.399512777771230398e+00
1.475201780496083526e+00
1.550686872698498586e+00
1.616087784237810521e+00
1.698645030508185938e+00
1.754974094503254367e+00
1.775727651656179518e+00
1.591007680319685424e-01
1.863148681581667798e-01
2.183989461852107461e-01
2.496556549589832030e-01
2.791420064916382282e-01
3.069287313999993771e-01
3.327595171329014723e-01
3.575861285697748970e-01
3.801442828174319000e-01
4.024006783432039214e-01
4.236144580823820172e-01
4.434257195832929654e-01
4.636496562229439622e-01
4.832106024727230720e-01
5.053630017970400790e-01
5.262979140409006495e-01
5.484778651448353193e-01
5.723522285733326775e-01
5.971871152527469251e-01
6.245265111129068014e-01
6.532173392427789160e-01
6.845778831030884248e-01
7.177279059503335334e-01
7.537147825670230672e-01
7.932978585525208848e-01
8.335544306439804929e-01
8.790356363251194960e-01
9.248259461087342537e-01
9.765553833548518137e-01
1.030963842378275208e+00
1.086210293718221642e+00
1.144287696689999745e+00
1.206928368224627679e+00
1.271188512782031488e+00
1.342805480837399701e+00
1.405447108907363019e+00
1.473978648747512166e+00
1.543426055086689397e+00
1.615714438205943848e+00
1.704930002045336179e+00
1.781246844821263053e+00
1.788872997260581688e+00
1.447454010791042744e-01
1.760362449370057869e-01
2.086885329441018899e-01
2.400697621925989012e-01
2.695853206003691604e-01
2.969633911413269156e-01
3.228475330829300716e-01
3.475193069338856633e-01
3.702502498886137139e-01
3.921462634863916441e-01
4.125479015573415564e-01
4.328923610533667032e-01
4.530506465261840421e-01
4.738648972455473674e-01
4.943689044340462968e-01
5.155360749190306402e-01
5.386993795424067644e-01
5.626282720113209290e-01
5.879140371755691152e-01
6.144753660903953252e-01
6.440819473737273704e-01
6.754997174590899878e-01
7.088914848989699147e-01
7.445550457539581446e-01
7.829195884035564657e-01
8.255864330732162193e-01
8.706209982512572720e-01
9.171246128238561557e-01
9.678057620448961007e-01
1.020178906982162070e+00
1.077469652740930650e+00
1.135170829433315820e+00
1.196400047467629291e+00
1.259151715045202957e+00
1.328094057815026652e+00
1.396535838532591001e+00
1.461870534071179728e+00
1.539941314954773155e+00
1.611731802681856784e+00
1.691239790586123171e+00
1.752563914531802158e+00
1.771102210954090150e+00
1.333217068243532921e-01
1.636026039461576931e-01
1.952906601109692941e-01
2.262389170759847301e-01
2.554124218954243464e-01
2.830387631596139042e-01
3.091658202694559376e-01
3.340977250587502945e-01
3.571875226386571067e-01
3.791967038321349959e-01
4.005932440216303791e-01
4.213916629292820404e-01
4.421284285612415710e-01
4.640750261793751275e-01
4.850794453400655848e-01
5.078288960455286105e-01
5.319232028868023932e-01
5.567775520390390032e-01
5.829469689345698757e-01
6.118400952200571119e-01
6.418844141479972398e-01
6.759386528723260179e-01
7.106537641333354749e-01
7.502583914471298021e-01
7.900500041755496028e-01
8.351970340773340329e-01
8.826622608920049462e-01
9.322281361994242399e-01
9.850211830412577418e-01
1.040966077479755114e+00
1.098830553371164420e+00
1.158995376848309222e+00
1.220620566988208866e+00
1.288669451461452953e+00
1.355577939465599124e+00
1.428058623764971724e+00
1.496165503105477246e+00
1.570917532395970984e+00
1.644413968901381473e+00
1.721666375827389350e+00
1.800826325335938671e+00
1.810507394522604674e+00
1.329797137057584511e-01
1.630659151498611847e-01
1.948472196314442462e-01
2.265225758635492914e-01
2.555691716497432431e-01
2.836810702187761435e-01
3.096982867079619006e-01
3.353074261893271846e-01
3.587303245854269185e-01
3.813840613369415822e-01
4.034191032556074807e-01
4.251134161857498817e-01
4.460553860319472763e-01
4.681123933311895358e-01
4.905904870288327890e-01
5.139111178954238746e-01
5.385033563137723300e-01
5.651119633858054936e-01
5.934965158993673606e-01
6.241541612796399630e-01
6.579455316205135018e-01
6.930644524900516634e-01
7.313639052032032684e-01
7.712897658908249854e-01
8.146916545525489939e-01
8.595723747738495124e-01
9.043275898038748428e-01
9.574478089815958715e-01
1.013797513145319629e+00
1.066094737161625172e+00
1.126141151980224464e+00
1.187828002353733314e+00
1.246941512483254577e+00
1.321416141787850274e+00
1.389405323580420237e+00
1.460467843719061243e+00
1.529981855783975497e+00
1.597855275088560179e+00
1.670190170724935141e+00
1.747034841426111651e+00
1.834730258652258694e+00
1.818545226835949213e+00
6.896466594444686238e-02
1.027011980861986390e-01
1.335005865781809520e-01
1.615985663672017125e-01
1.862498207790877214e-01
2.088147536266780346e-01
2.286595233375193215e-01
2.469242958016819034e-01
2.642840682293471355e-01
2.795802589781643532e-01
2.943317283657014838e-01
3.104745172307422085e-01
3.243915297867348002e-01
3.412168281439099671e-01
3.564178844708300042e-01
3.735115042619360226e-01
3.919736994054856538e-01
4.108227686637953013e-01
4.316130098256669156e-01
4.536393546203542626e-01
4.762213334018863820e-01
5.016069224188294262e-01
5.292134096246732256e-01
5.584997710667006787e-01
5.883602378544947609e-01
6.234787854057104450e-01
6.585398643211112235e-01
6.961291329765518787e-01
7.371393468883747913e-01
7.815880852231248399e-01
8.330635611787501338e-01
8.760543718806684810e-01
9.319437644955257394e-01
9.831231522344168194e-01
1.044723943719551684e+00
1.102419983679979509e+00
1.162510639091168141e+00
1.227845586029860936e+00
1.275613067100140219e+00
1.377501129777646938e+00
1.420818525951474287e+00
1.425812901173023395e+00
5.012831090004621348e-02
8.372830831037070265e-02
1.149777447853076173e-01
1.427741531974485723e-01
1.687242945382465831e-01
1.916354247010504941e-01
2.123208031419757946e-01
2.320833875258153656e-01
2.502516195626498519e-01
2.672421488256046529e-01
2.834256181616635062e-01
2.999668454242829796e-01
3.167396447328493791e-01
3.343733187992048994e-01
3.518948233850199281e-01
3.699909563244545008e-01
3.900550344851616003e-01
4.106034808316222362e-01
4.327352536765910473e-01
4.571625212017272344e-01
4.814340285264256947e-01
5.082764750337938064e-01
5.383625671043087424e-01
5.701388113447511952e-01
6.035005429506939967e-01
6.400717945765010963e-01
6.789624615757459125e-01
7.198953376030279294e-01
7.654502352569825252e-01
8.109821379242102557e-01
8.608474794892797544e-01
9.178089370376831813e-01
9.729790591524147825e-01
1.027659416312783680e+00
1.091325717781571614e+00
1.156488576050017203e+00
1.218201910384693276e+00
1.284067353752243568e+00
1.357103558962230228e+00
1.418685687260395234e+00
1.490908951097786650e+00
1.510981765829656487e+00
2.948929436622063638e-02
6.168615108975844530e-02
9.140665456868087013e-02
1.184895880858334027e-01
1.424676821446041741e-01
1.646621061064211522e-01
1.844472489466965071e-01
2.033511441488851657e-01
2.205186423185234446e-01
2.378477383884828322e-01
2.544562299444220188e-01
2.700892860166319576e-01
2.860588207262712568e-01
3.035459448284179573e-01
3.209248243809204593e-01
3.387572081249773381e-01
3.588367851542632048e-01
3.784560452708677913e-01
4.000127194928703722e-01
4.236341071195749430e-01
4.484079297522172713e-01
4.754241948182036381e-01
5.019324528328594770e-01
5.333843493402270486e-01
5.675039450991589129e-01
6.023128942128546104e-01
6.405281434762942760e-01
6.804080408833195204e-01
7.256511407682076920e-01
7.708063715188449017e-01
8.180852861669242193e-01
8.689757627063516843e-01
9.235968043521153303e-01
9.787062839851926599e-01
1.041503218777209305e+00
1.106792439151664365e+00
1.173742624958163949e+00
1.227485632260800541e+00
1.309144508027054066e+00
1.371197207322294442e+00
1.437603131277425783e+00
1.450757028137069859e+00
2.490006107473168029e-02
5.676768405147596119e-02
8.640254606404912385e-02
1.137595734546863468e-01
1.370342870574501326e-01
1.589110454831431929e-01
1.782371540993706038e-01
1.975810135262301426e-01
2.144040346655755602e-01
2.304693582847930078e-01
2.460872342462724627e-01
2.617480556114932799e-01
2.775564999013910850e-01
2.943802405698742186e-01
3.107803748814321754e-01
3.278552791613860706e-01
3.462708028565043006e-01
3.655609851552486522e-01
3.859957129172967294e-01
4.084502757710680720e-01
4.312897669436100978e-01
4.558661550511948213e-01
4.838710289020481947e-01
5.127750870690916951e-01
5.428789327252873109e-01
5.770722388104772005e-01
6.116532206020797169e-01
6.506668575628126172e-01
6.919589237368725110e-01
7.365558471626358905e-01
7.831822517353659308e-01
8.330903501876145700e-01
8.844622960352364061e-01
9.395941245232782846e-01
9.989085505075694371e-01
1.053550914010899175e+00
1.121395680707223397e+00
1.186786876733248564e+00
1.253616620542383542e+00
1.316944840378403647e+00
1.387192212995026264e+00
1.386497181996757089e+00
6.050803756416436863e-03
3.672069423563464885e-02
6.539296156199156385e-02
9.135739049464723649e-02
1.142873109230330003e-01
1.351390146192698871e-01
1.540799316474820990e-01
1.715421684158208726e-01
1.880449418162733755e-01
2.040656924524784921e-01
2.190314834272894251e-01
2.345577752829740570e-01
2.497582973179363619e-01
2.652424686338004656e-01
2.816763744483118947e-01
2.983136926674398448e-01
3.157374004467966566e-01
3.342828145942549622e-01
3.532620859163155269e-01
3.754898614152977765e-01
3.961400417921306927e-01
4.218950040131918544e-01
4.468368448970458373e-01
4.745498722746026021e-01
5.046285119992161006e-01
5.365799042685343023e-01
5.724568503956131149e-01
6.101062974863127319e-01
6.505901597651897461e-01
6.923180442592787864e-01
7.383159002078224509e-01
7.877225307708995983e-01
8.368005652612926504e-01
8.921814529021293572e-01
9.490263157653858750e-01
1.007816031101918197e+00
1.070595622907162925e+00
1.134451245159495913e+00
1.196626556151676901e+00
1.271681329268278704e+00
1.345448230671280943e+00
1.344700690091610529e+00
6.012256338656884330e-03
3.696406687950348768e-02
6.585969398939905961e-02
9.197630419303742810e-02
1.152143076814377970e-01
1.356445942945635474e-01
1.548924054020404673e-01
1.727109076772560536e-01
1.890942991860218581e-01
2.051772873882741488e-01
2.199092088918076227e-01
2.349068601868939121e-01
2.502418562417314529e-01
2.654192818388034780e-01
2.812334149596851240e-01
2.970598240750578212e-01
3.144044854454248195e-01
3.320868420796483367e-01
3.512163453393419843e-01
3.720425442574776809e-01
3.926582694372761084e-01
4.167120518768115955e-01
4.391842187028898725e-01
4.676021867087937767e-01
4.951556574241907649e-01
5.273733722986249095e-01
5.613113214396544537e-01
5.987117358851947735e-01
6.361758545238342943e-01
6.797539493314983527e-01
7.214899265311706111e-01
7.692783429252914029e-01
8.215443144035469158e-01
8.748504346378993546e-01
9.225344717168072473e-01
9.898012048198627788e-01
1.044049530650885682e+00
1.117165195494752128e+00
1.167606767935765122e+00
1.250236974498962983e+00
1.322316483099671869e+00
1.305523333211255466e+00
3.559755451255062239e-04
3.230440806012371130e-02
6.121113732943851693e-02
8.731991220640078488e-02
1.100136357126473147e-01
1.310955281252552396e-01
1.503818336337572337e-01
1.684297117965815327e-01
1.849723540170053748e-01
2.011867546664130868e-01
2.159440782502333456e-01
2.317396661498844213e-01
2.466930342183256131e-01
2.622350753734829509e-01
2.780146720659294468e-01
2.951623028394875226e-01
3.110817737187703269e-01
3.293144705381216841e-01
3.488867781746428087e-01
3.683966071195320935e-01
3.910463146215603647e-01
4.143347999529501391e-01
4.390467549883379506e-01
4.673357538165067715e-01
4.976206497812877272e-01
5.257261794052238146e-01
5.611204730968470944e-01
5.972156619763812069e-01
6.362119865978648203e-01
6.788733174979141305e-01
7.209180351734036929e-01
7.729309054586697147e-01
8.153073922427604980e-01
8.724225972171631982e-01
9.229531823617486141e-01
9.809132991994178319e-01
1.040309547525695377e+00
1.115167671674622829e+00
1.174722524479066221e+00
1.247352051071467072e+00
1.299284973679425859e+00
1.310270492395634090e+00
2.597980719908594711e-03
3.341973422312990299e-02
6.239017548305404032e-02
8.884102323025075409e-02
1.117194253076314731e-01
1.327974204520152302e-01
1.520956216818312168e-01
1.706195674274979257e-01
1.875545606465059967e-01
2.038864866142175158e-01
2.184304636192318239e-01
2.345122217759409988e-01
2.499317566341948960e-01
2.662763942550968044e-01
2.824000380641878971e-01
2.991715876955161613e-01
3.164861571007578922e-01
3.344959721731828872e-01
3.546807157187495951e-01
3.752611336843067469e-01
3.977679939960497846e-01
4.221563138568697471e-01
4.476711262458772933e-01
4.752337686529770622e-01
5.052191884879205785e-01
5.363336622664380826e-01
5.722185084460127413e-01
6.104333766205013445e-01
6.480309937071965232e-01
6.924961707738934713e-01
7.383452534081468288e-01
7.868727521834211203e-01
8.369940329463326778e-01
8.919258632113736818e-01
9.460010325629063521e-01
1.006264893796000148e+00
1.070484867402659912e+00
1.133851743165525283e+00
1.203302196690507753e+00
1.240232147492069226e+00
1.358644756998723668e+00
1.329540247656663787e+00
2.072994491621434412e-02
5.482746803046204681e-02
8.606426748407892957e-02
1.134988082043809354e-01
1.377843941341615752e-01
1.598648415840223103e-01
1.804556301634322735e-01
1.985388768002741833e-01
2.157882055069889060e-01
2.323429078224450994e-01
2.476860954254571090e-01
2.630937495428219974e-01
2.789021499725962694e-01
2.940140600506339630e-01
3.101322961413810475e-01
3.261043120602200029e-01
3.423061953180776551e-01
3.596040498270962060e-01
3.781234273426674064e-01
3.978097007803054197e-01
4.190531961351732781e-01
4.411151656873902871e-01
4.648887836443158506e-01
4.902675758308127074e-01
5.199342582757109366e-01
5.497497538276057139e-01
5.810013409567887921e-01
6.159973693006092210e-01
6.533726906423064085e-01
6.941759565725664771e-01
7.367119484492159476e-01
7.828787790248408207e-01
8.318793683088869795e-01
8.840949454944988517e-01
9.333931298875856042e-01
9.917433756023821267e-01
1.053903970895165632e+00
1.110374192904141522e+00
1.173704780354546839e+00
1.244816251536676521e+00
1.304509915487243044e+00
1.306875173644637567e+00
7.244079839633342510e-03
3.912052414507834197e-02
6.875712134331841974e-02
9.480641567749185927e-02
1.182779564890752838e-01
1.395516686187587563e-01
1.590044113805467174e-01
1.771900804896092974e-01
1.938394819730919205e-01
2.092173404050186314e-01
2.246599398945236803e-01
2.395522225295921293e-01
2.543232588464910404e-01
2.689405125708864142e-01
2.855663098364059627e-01
2.999799059959302183e-01
3.148800948554087431e-01
3.326363722981929283e-01
3.494659723262548146e-01
3.680245550603147842e-01
3.885150412170860212e-01
4.100902520502523463e-01
4.321351577577125513e-01
4.570867280982358616e-01
4.834903008350329712e-01
5.104699404751318337e-01
5.407372947817834508e-01
5.725184492351744758e-01
6.063458891124249295e-01
6.448559418392567633e-01
6.830713652566913208e-01
7.255040859695194300e-01
7.680747068376472253e-01
8.170587277718496244e-01
8.637818987264030968e-01
9.208691291905686249e-01
9.708826714283967929e-01
1.028371952010389334e+00
1.083495453195527647e+00
1.151014177758251655e+00
1.211019033760940555e+00
1.216057645184954739e+00
4.230374728944828744e-02
7.548856493124830869e-02
1.050739681721743896e-01
1.316796024307940738e-01
1.557246027043386327e-01
1.770312125175367290e-01
1.958249584002565991e-01
2.136399266378799788e-01
2.300706650350134164e-01
2.461118767457345369e-01
2.606031923003763184e-01
2.757649955872811254e-01
2.907089144268151237e-01
3.068601762894780371e-01
3.228557933224270871e-01
3.401108295775495671e-01
3.576547510438506938e-01
3.760255275732877212e-01
3.976724008395081111e-01
4.176676212720414338e-01
4.404525182496212832e-01
4.643375028496186108e-01
4.914849599341296615e-01
5.184652435241607904e-01
5.480698760937272596e-01
5.809648696617939478e-01
6.194011947314809197e-01
6.559745111373226356e-01
6.935299772101938265e-01
7.375822193789445258e-01
7.816211174263311134e-01
8.312937443770095358e-01
8.857506663255675372e-01
9.397418338916584402e-01
9.935129417323023127e-01
1.056058295431068661e+00
1.103177475243813044e+00
1.165775366411305525e+00
1.240868611828126911e+00
1.309097617412014136e+00
1.404073891894582315e+00
1.369840865750981074e+00
2.286945300581613716e-02
5.537833137500002695e-02
8.551177298292227114e-02
1.121389573304870796e-01
1.353648493453339097e-01
1.570243740338743144e-01
1.762996703922745656e-01
1.939284123927386971e-01
2.105352116176453792e-01
2.255832144530858230e-01
2.401297269123218170e-01
2.556125692730459309e-01
2.695573053670153318e-01
2.846224579135499533e-01
3.002040512524661309e-01
3.153047566959097381e-01
3.314272965207430421e-01
3.486397054613453728e-01
3.679482450051638209e-01
3.872153615494935419e-01
4.077833768839740913e-01
4.300831218678523027e-01
4.527077578711002359e-01
4.792441009448241140e-01
5.060515600644575063e-01
5.341276835286840052e-01
5.678929130880846499e-01
6.023052984175086833e-01
6.401533561485009960e-01
6.790197588220354685e-01
7.216325756723659390e-01
7.691379549982243491e-01
8.143754673047067794e-01
8.678809608852283697e-01
9.246131508366484120e-01
9.787769766541801753e-01
1.045733603707275972e+00
1.103995178676935529e+00
1.161882860040937882e+00
1.234752589142600776e+00
1.297379652764780067e+00
1.285685553208233189e+00
