1.629376079569181679e-01
2.529597718123045014e-01
3.467460091210713413e-01
4.404966212131056214e-01
5.339651481667930799e-01
6.264245486899209236e-01
7.191911961330492709e-01
8.095758741293033189e-01
8.999916704205526141e-01
9.888464591697537776e-01
1.069431278975441657e+00
1.118598670344228774e+00
1.146475332363601662e+00
1.168061202155676659e+00
1.184433048102353947e+00
1.195905184787777964e+00
1.205569732377982373e+00
1.213764716655517217e+00
1.219246493680525179e+00
1.224043331268047430e+00
1.228800587580778370e+00
1.233242394725974744e+00
1.237729680922208697e+00
1.241840227269510599e+00
1.244969460136197581e+00
1.249467414272289689e+00
1.255730685281629233e+00
1.255716223822746835e+00
1.266951003774715590e+00
1.271276888958113860e+00
1.271857863244922449e+00
1.279237912019839163e+00
1.292431083354234955e+00
1.293508400122012736e+00
1.295320746650768129e+00
1.305910002904615563e+00
1.308764975013996468e+00
1.309110406263670923e+00
1.295553906005651346e+00
1.358153843816946038e+00
1.351759598961585596e+00
1.335439846501940586e+00
