8.405481610147393923e-01
8.349481611157885119e-01
8.293699770734432875e-01
8.238136204309451927e-01
8.182791022661731750e-01
8.127664331946981013e-01
8.072756233727479414e-01
8.018066825000779163e-01
7.963596198227445022e-01
7.909344441357787359e-01
7.855311637857553819e-01
7.801497866732578501e-01
7.747903202552295365e-01
7.694527715472179175e-01
7.641371471254991832e-01
7.588434531290899621e-01
7.535716952616342557e-01
7.483218787931741334e-01
7.430940085617920854e-01
7.378880889751299188e-01
7.327041240117783127e-01
7.275421172225389199e-01
7.224020717315542406e-01
7.172839902373064902e-01
7.121878750134829072e-01
7.071137279097056139e-01
7.020615503521289158e-01
6.970313433438989348e-01
6.920231074654767944e-01
6.870368428748266920e-01
6.820725493074657475e-01
6.771302260763766290e-01
6.722098720717851750e-01
6.673114857607989059e-01
6.624350651869111983e-01
6.575806079693689021e-01
6.527481113024053982e-01
6.479375719543395418e-01
6.431489862665416002e-01
6.383823501522669641e-01
6.336376590953612942e-01
6.289149081488331072e-01
6.242140919333035720e-01
6.195352046353264086e-01
6.148782400055882169e-01
6.102431913569845712e-01
6.056300515625776537e-01
6.010388130534382034e-01
5.964694678163714459e-01
5.919220073915324454e-01
5.873964228699326551e-01
5.828927048908395525e-01
5.784108436390744679e-01
5.739508288422104920e-01
5.695126497676725741e-01
5.650962952197468026e-01
5.607017535364986482e-01
5.563290125866056091e-01
5.519780597661079202e-01
5.476488819950811049e-01
5.433414657142328075e-01
5.390557968814324585e-01
5.347918609681703295e-01
5.305496429559596328e-01
5.263291273326750064e-01
5.221302980888448131e-01
5.179531387138872622e-01
5.137976321923082290e-01
5.096637609998555529e-01
5.055515070996400295e-01
5.014608519382248719e-01
4.973917764416913578e-01
4.933442610116812177e-01
4.893182855214249782e-01
4.853138293117583713e-01
4.813308711871322476e-01
4.773693894116222136e-01
4.734293617049405434e-01
4.695107652384583607e-01
4.656135766312397561e-01
4.617377719460961649e-01
4.578833266856627837e-01
4.540502157885049073e-01
4.502384136252565727e-01
4.464478939947993941e-01
4.426786301204826413e-01
4.389305946463941677e-01
4.352037596336818526e-01
4.314980965569363835e-01
4.278135763006337688e-01
4.241501691556477938e-01
4.205078448158336979e-01
4.168865723746898455e-01
4.132863203220998316e-01
4.097070565411625176e-01
4.061487483051106628e-01
4.026113622743274223e-01
3.990948644934587120e-01
3.955992203886329883e-01
3.921243947647860550e-01
3.886703518030991122e-01
3.852370550585526576e-01
3.818244674575994035e-01
3.784325512959613169e-01
3.750612682365541684e-01
3.717105793075418108e-01
3.683804449005255721e-01
3.650708247688703723e-01
3.617816780261729481e-01
3.585129631448719656e-01
3.552646379550065125e-01
3.520366596431234174e-01
3.488289847513371122e-01
3.456415691765439280e-01
3.424743681697942632e-01
3.393273363358243477e-01
3.362004276327488772e-01
3.330935953719175724e-01
3.300067922179383828e-01
3.269399701888665022e-01
3.238930806565624709e-01
3.208660743472212529e-01
3.178589013420716203e-01
3.148715110782484006e-01
3.119038523498386950e-01
3.089558733091006815e-01
3.060275214678598310e-01
3.031187436990770423e-01
3.002294862385948004e-01
2.973596946870576407e-01
2.945093140120089159e-01
2.916782885501619793e-01
2.888665620098473941e-01
2.860740774736333925e-01
2.833007774011211954e-01
2.805466036319123613e-01
2.778114973887483297e-01
2.750953992808203852e-01
2.723982493072490407e-01
2.697199868607309536e-01
2.670605507313522087e-01
2.644198791105651924e-01
2.617979095953281710e-01
2.591945791924046838e-01
2.566098243228207565e-01
2.540435808264762674e-01
2.514957839669101358e-01
2.489663684362148077e-01
2.464552683600959582e-01
2.439624173030778831e-01
2.414877482738477799e-01
2.390311937307365020e-01
2.365926855873334012e-01
2.341721552182297328e-01
2.317695334648877670e-01
2.293847506416312743e-01
2.270177365417522519e-01
2.246684204437316978e-01
2.223367311175668826e-01
2.200225968312036762e-01
2.177259453570656311e-01
2.154467039786772675e-01
2.131847994973767313e-01
2.109401582391089991e-01
2.087127060612988527e-01
2.065023683597941306e-01
2.043090700758757039e-01
2.021327357033271821e-01
1.999732892955587149e-01
1.978306544727775340e-01
1.957047544292010999e-01
1.935955119403037494e-01
1.915028493700907664e-01
1.894266886783940451e-01
1.873669514281805781e-01
1.853235587928680206e-01
1.832964315636384234e-01
1.812854901567431676e-01
1.792906546207912455e-01
1.773118446440125340e-01
1.753489795614882885e-01
1.734019783623395039e-01
1.714707596968654268e-01
1.695552418836229758e-01
1.676553429164373277e-01
1.657709804713349833e-01
1.639020719133902348e-01
1.620485343034732684e-01
1.602102844048918506e-01
1.583872386899151385e-01
1.565793133461695352e-01
1.547864242828936865e-01
1.530084871370452071e-01
1.512454172792433715e-01
1.494971298195386378e-01
1.477635396129949319e-01
1.460445612650744796e-01
1.443401091368085587e-01
1.426500973497442648e-01
1.409744397906513846e-01
1.393130501159756951e-01
1.376658417560239767e-01
1.360327279188659477e-01
1.344136215939354118e-01
1.328084355553188212e-01
1.312170823647076379e-01
1.296394743740044986e-01
1.280755237275598979e-01
1.265251423640228190e-01
1.249882420177867437e-01
1.234647342200080461e-01
1.219545302991805608e-01
1.204575413812402906e-01
1.189736783891816446e-01
1.175028520421584483e-01
1.160449728540497993e-01
1.145999511314617081e-01
1.131676969711418873e-01
1.117481202567772586e-01
1.103411306551507209e-01
1.089466376116227792e-01
1.075645503449111917e-01
1.061947778411363175e-01
1.048372288470978547e-01
1.034918118627502492e-01
1.021584351328399115e-01
1.008370066376675922e-01
9.952743408293776572e-02
9.822962488865159825e-02
9.694348617700616899e-02
9.566892475925055372e-02
9.440584712145795587e-02
9.315415940916133009e-02
9.191376741080729829e-02
9.068457653997162582e-02
8.946649181628549274e-02
8.825941784501442622e-02
8.706325879523044153e-02
8.587791837651619076e-02
8.470329981413719789e-02
8.353930582261349935e-02
8.238583857762164786e-02
8.124279968615451264e-02
8.011009015485960616e-02
7.898761035648084461e-02
7.787525999431479939e-02
7.677293806460069869e-02
7.568054281674782557e-02
7.459797171131110627e-02
7.352512137561155459e-02
7.246188755690256833e-02
7.140816507297181870e-02
7.036384776007001407e-02
6.932882841804545448e-02
6.830299875256930220e-02
6.728624931431716194e-02
6.627846943498141852e-02
6.527954715997348611e-02
6.428936917767252845e-02
6.330782074507386448e-02
6.233478560967856824e-02
6.137014592746482117e-02
6.041378217677103452e-02
5.946557306791874081e-02
5.852539544838859104e-02
5.759312420336396704e-02
5.666863215144554017e-02
5.575178993532948352e-02
5.484246590724123349e-02
5.394052600890279076e-02
5.304583364580447991e-02
5.215824955554797943e-02
5.127763167001257727e-02
5.040383497109204164e-02
4.953671133974011515e-02
4.867610939805321751e-02
4.782187434410787447e-02
4.697384777926751076e-02
4.613186752765523896e-02
4.529576744748839423e-02
4.446537723395580649e-02
4.364052221331257697e-02
4.282102312785752984e-02
4.200669591144838566e-02
4.119735145520396491e-02
4.039279536303165552e-02
3.959282769661175844e-02
3.879724270946235259e-02
3.800582856970378259e-02
3.721836707113008319e-02
3.643463333219568862e-02
3.565439548251666396e-02
3.487741433648404443e-02
3.410344305358249672e-02
3.333222678500914055e-02
3.256350230618607761e-02
3.179699763476100116e-02
3.103243163369626828e-02
3.026951359905373160e-02
2.950794283208571164e-02
2.874740819526094837e-02
2.798758765186284275e-02
2.722814778881588182e-02
2.646874332241972230e-02
2.570901658669078743e-02
2.494859700404258168e-02
2.418710053807144808e-02
2.342412912824955520e-02
2.265927010637519209e-02
2.189209559467843527e-02
2.112216188553960039e-02
2.034900880284192318e-02
1.957215904505175963e-02
1.879111751020010393e-02
1.800537060303018105e-02
1.721438552467545458e-02
1.641760954533800013e-02
1.561446926056331633e-02
1.480436983183590002e-02
1.398669421236610998e-02
1.316080235909409396e-02
1.232603043211018615e-02
1.148168998287591065e-02
1.062706713282569534e-02
9.761421744152426472e-03
8.883986584803832062e-03
7.993966489968239511e-03
7.090537522593422584e-03
6.172846135759000458e-03
5.240008340025285698e-03
4.291108879192708295e-03
3.325200418240591409e-03
2.341302747555466714e-03
1.338402007926785785e-03
3.154499411599946462e-04
-7.286368284541078948e-04
-1.794977476172411948e-03
-2.884727616294284827e-03
-3.999079892652522214e-03
-5.139264513228583922e-03
-6.306549721600312325e-03
-7.502242197520349147e-03
-8.727687378524435352e-03
-9.984269694083194174e-03
-1.127341270344725012e-02
-1.259657912800087216e-02
-1.395527076863697404e-02
-1.535102829841290123e-02
-1.678543092053732047e-02
-1.826009588159794791e-02
-1.977667782986371192e-02
-2.133686800850325208e-02
-2.294239327366036710e-02
-2.459501492752546106e-02
-2.629652735685423723e-02
-2.804875646781918377e-02
-2.985355790864533537e-02
-3.171281507219182033e-02
-3.362843687149715682e-02
-3.560235528232286173e-02
-3.763652264791213231e-02
-3.973290874252132648e-02
-4.189349759180299032e-02
-4.412028404979936175e-02
-4.641527013415490399e-02
-4.878046112315851529e-02
-5.121786142038455003e-02
-5.372947019498231641e-02
-5.631727680806781350e-02
-5.898325603816684248e-02
-6.172936312122016822e-02
-6.455752862326354091e-02
-6.746965316650269107e-02
-7.046760203207225182e-02
-7.355319966527865128e-02
-7.672822411150374833e-02
-7.999440141318923947e-02
-8.335340000033884811e-02
-8.680682510876661095e-02
-9.035621326180309776e-02
-9.400302685233917488e-02
-9.774864886286908916e-02
-1.015943777615931631e-01
-1.055414226125852423e-01
-1.095908984375461165e-01
-1.137438218656951078e-01
-1.180011071069197587e-01
-1.223635622814069207e-01
-1.268318861366077577e-01
-1.314066651796107210e-01
-1.360883712497777120e-01
-1.408773595529577149e-01
-1.457738671746858505e-01
-1.507780120856543615e-01
-1.558897926483742424e-01
-1.611090876294786478e-01
-1.664356567175532542e-01
-1.718691415418387436e-01
-1.774090671826610288e-01
-1.830548441601158038e-01
-1.888057708833912607e-01
8.379533325635756258e-01
7.460023065208997162e-01
6.552078765456930132e-01
5.657847668071012137e-01
4.779772748095824086e-01
3.920590457747891722e-01
3.083308670178956379e-01
2.271158732521029178e-01
1.487516431182826782e-01
7.357891286267143061e-02
1.927061757885544782e-03
-6.590288490658754994e-02
-1.296563268258062451e-01
-1.891422552163074533e-01
-2.442472598805773276e-01
-2.949443020873100951e-01
-3.412948562625982563e-01
-3.834440686241136764e-01
-4.216097221905076853e-01
-4.560667251228119334e-01
-4.871293282276703551e-01
-5.151332656835585500e-01
-5.404195981715631536e-01
-5.633214081588462374e-01
-5.841538465544956482e-01
-6.032074957421810213e-01
-6.207446577401205534e-01
-6.369979966183287878e-01
-6.521709236195124548e-01
-6.664391626264424273e-01
-6.799530284975806582e-01
-6.928400590485415123e-01
-7.052077433437695664e-01
-7.171461748197213160e-01
-7.287305247126005803e-01
-7.400232803167885454e-01
-7.510762265512996860e-01
-7.619321714487836683e-01
-7.726264295894659240e-01
-7.831880847646424115e-01
-7.936410562848549288e-01
-8.040049938366548021e-01
