2.000169341828431868e+00
1.900180259889600265e+00
1.800174558638744537e+00
1.700171336972269742e+00
1.600176503615230450e+00
1.500184312431777744e+00
1.400185575772228574e+00
1.300193173085924414e+00
1.200174463777927025e+00
1.100170585758699637e+00
1.000091192266346907e+00
9.001928296095712545e-01
8.001580455144098325e-01
7.001297578802635480e-01
6.001775940690107225e-01
5.001170411482411815e-01
4.003048065040321624e-01
3.001366022271882983e-01
2.001333751488999224e-01
9.989807913495465930e-02
1.085600510348161207e-04
-1.001045690948589306e-01
-1.999830296816582365e-01
-2.998044103956021278e-01
-4.005853018383697672e-01
-5.000546164805836913e-01
-6.007902351022352816e-01
-7.012647883365992207e-01
-8.012824458716635290e-01
-9.014254899742925042e-01
-9.995702611485657307e-01
-1.096824791078111261e+00
-1.202025833919434072e+00
-1.299503963331674505e+00
-1.398050767887323076e+00
-1.500527368861877875e+00
-1.589946913051184962e+00
-1.704694655072131138e+00
-1.791727986921719973e+00
-1.918674299424007135e+00
-1.991634069794224970e+00
-2.010061875662197295e+00
3.006563417153070294e-01
3.007519582140857906e-01
3.008605877793537609e-01
3.006867674302675653e-01
3.014423795704336828e-01
3.017785082386164608e-01
3.016375827268715781e-01
3.013035150380211635e-01
3.014358712872619028e-01
3.018066878542755571e-01
3.015031188439403209e-01
3.014033284083378339e-01
3.016245719123915592e-01
3.019367239298333394e-01
3.015877058211436923e-01
3.019952274636047984e-01
3.017373193571534218e-01
3.017438231244630731e-01
3.015334852954280054e-01
3.009300964442927495e-01
3.017850113891369368e-01
3.015161332974272690e-01
3.011667768838694470e-01
3.010647378328652479e-01
3.017373193571534218e-01
3.020883834911378685e-01
3.013100253049547095e-01
3.008453812758354329e-01
3.004933105074906186e-01
3.007997585703517385e-01
3.011580936426196398e-01
3.015920431707817539e-01
3.016614348744415808e-01
3.011385557150160208e-01
3.007106718539012125e-01
3.018695434856480397e-01
3.012991748058472807e-01
3.014163458525321859e-01
3.012123610523292361e-01
3.014358712872619028e-01
3.008475536660797922e-01
3.010734229408438822e-01
3.004802653666064360e-01
3.012557700983041209e-01
3.011776306912956613e-01
3.009691901800315428e-01
3.006541683683857658e-01
3.010299956639811980e-01
3.014098371792077180e-01
3.009583311619831725e-01
3.012861538490680946e-01
3.005085293432913640e-01
3.010191381662142840e-01
3.018392005235304709e-01
3.015811997154650981e-01
3.014640731432998155e-01
3.009409561683308865e-01
3.005280956342879506e-01
3.013924802401121705e-01
3.016072235533977519e-01
3.018933828973133227e-01
3.011472393469100117e-01
3.009974223563241513e-01
3.008453812758354329e-01
3.009387842452472817e-01
3.013989891735644466e-01
3.013772923493446831e-01
3.009583311619831725e-01
3.007150179713861116e-01
3.009040319986148182e-01
3.016766128317675544e-01
3.014380407258227534e-01
3.010777654297016048e-01
3.006911137869766049e-01
3.012753027535275407e-01
3.013534245906775988e-01
3.010647378328652479e-01
3.009626748017845688e-01
3.014033284083378339e-01
3.010430243030096653e-01
3.013729528544241698e-01
3.014033284083378339e-01
3.002171046926589426e-01
3.012470886362113576e-01
3.019193880358554960e-01
3.017958497569454557e-01
3.013664435307412126e-01
3.016917902586646605e-01
3.011537519568894816e-01
3.009452999819126617e-01
