5.450142451437439695e-01
5.420208737544995881e-01
5.390414019905737097e-01
5.360758597195394159e-01
5.331242759916000606e-01
5.301866790320868272e-01
5.272630962341451344e-01
5.243535541516110010e-01
5.214580784920801459e-01
5.185766941101764838e-01
5.157094250010205716e-01
5.128562942939031144e-01
5.100173242461664147e-01
5.071925362372974311e-01
5.043819507632342214e-01
5.015855874308915441e-01
4.988034649529047848e-01
4.960356011425985368e-01
4.932820129091805006e-01
4.905427162531643681e-01
4.878177262620227439e-01
4.851070571060746572e-01
4.824107220346077751e-01
4.797287333722379810e-01
4.770611025155099272e-01
4.744078399297380622e-01
4.717689551460904074e-01
4.691444567589190262e-01
4.665343524233344641e-01
4.639386488530293784e-01
4.613573518183503031e-01
4.587904661446193244e-01
4.562379957107058348e-01
4.536999434478511395e-01
4.511763113387433632e-01
4.486671004168464316e-01
4.461723107659810172e-01
4.436919415201581729e-01
4.412259908636677608e-01
4.387744560314182363e-01
4.363373333095294515e-01
4.339146180361788674e-01
4.315063046026985094e-01
4.291123864549234446e-01
4.267328560947916682e-01
4.243677050821912933e-01
4.220169240370586494e-01
4.196805026417210760e-01
4.173584296434882379e-01
4.150506928574845822e-01
4.127572791697275978e-01
4.104781745404441073e-01
4.082133640076283099e-01
4.059628316908345247e-01
4.037265607952057467e-01
4.015045336157350153e-01
3.992967315417563223e-01
3.971031350616634481e-01
3.949237237678533408e-01
3.927584763618928165e-01
3.906073706599028084e-01
3.884703835981607734e-01
3.863474912389142646e-01
3.842386687764078879e-01
3.821438905431118749e-01
3.800631300161596560e-01
3.779963598239799438e-01
3.759435517531298232e-01
3.739046767553158013e-01
3.718797049546072042e-01
3.698686056548320389e-01
3.678713473471550421e-01
3.658878977178318670e-01
3.639182236561360195e-01
3.619622912624547162e-01
3.600200658565491096e-01
3.580915119859733320e-01
3.561765934346510787e-01
3.542752732316016839e-01
3.523875136598130786e-01
3.505132762652580780e-01
3.486525218660472270e-01
3.468052105617141501e-01
3.449713017426301875e-01
3.431507540995423766e-01
3.413435256332291723e-01
3.395495736642715201e-01
3.377688548429321203e-01
3.360013251591400518e-01
3.342469399525737073e-01
3.325056539228398722e-01
3.307774211397408459e-01
3.290621950536279927e-01
3.273599285058350072e-01
3.256705737391855648e-01
3.239940824085714710e-01
3.223304055915973687e-01
3.206794937992835659e-01
3.190412969868267612e-01
3.174157645644100634e-01
3.158028454080590297e-01
3.142024878705389490e-01
3.126146397922884845e-01
3.110392485123841255e-01
3.094762608795313952e-01
3.079256232630785406e-01
3.063872815640460989e-01
3.048611812261700083e-01
3.033472672469519904e-01
3.018454841887129869e-01
3.003557761896450407e-01
2.988780869748577373e-01
2.974123598674136004e-01
2.959585377993483313e-01
2.945165633226717317e-01
2.930863786203454779e-01
2.916679255172313634e-01
2.902611454910078992e-01
2.888659796830502779e-01
2.874823689092689816e-01
2.861102536709025368e-01
2.847495741652630863e-01
2.834002702964261156e-01
2.820622816858642801e-01
2.807355476830201702e-01
2.794200073758122960e-01
2.781155996010731823e-01
2.768222629549141889e-01
2.755399358030130030e-01
2.742685562908213082e-01
2.730080623536873530e-01
2.717583917268915905e-01
2.705194819555901686e-01
2.692912704046625527e-01
2.680736942684627255e-01
2.668666905804652489e-01
2.656701962228086300e-01
2.644841479357269987e-01
2.633084823268710961e-01
2.621431358805126899e-01
2.609880449666300284e-01
2.598431458498702273e-01
2.587083746983865340e-01
2.575836675925456398e-01
2.564689605335036537e-01
2.553641894516452404e-01
2.542692902148844802e-01
2.531841986368234543e-01
2.521088504847647793e-01
2.510431814875769829e-01
2.499871273434053076e-01
2.489406237272299149e-01
2.479036062982634681e-01
2.468760107071877319e-01
2.458577726032243060e-01
2.448488276410376585e-01
2.438491114874639931e-01
2.428585598280664504e-01
2.418771083735099525e-01
2.409046928657529729e-01
2.399412490840533985e-01
2.389867128507836558e-01
2.380410200370512430e-01
2.371041065681216697e-01
2.361759084286387256e-01
2.352563616676383029e-01
2.343454024033515548e-01
2.334429668277927250e-01
2.325489912111274871e-01
2.316634119058161578e-01
2.307861653505281774e-01
2.299171880738216933e-01
2.290564166975831706e-01
2.282037879402225855e-01
2.273592386196165160e-01
2.265227056557956864e-01
2.256941260733684451e-01
2.248734370036752361e-01
2.240605756866672627e-01
2.232554794725019054e-01
2.224580858228472902e-01
2.216683323118894267e-01
2.208861566270335919e-01
2.201114965692909653e-01
2.193442900533421058e-01
2.185844751072694991e-01
2.178319898719471015e-01
2.170867726000794140e-01
2.163487616548779302e-01
2.156178955083646320e-01
2.148941127392919037e-01
2.141773520306639034e-01
2.134675521668515097e-01
2.127646520302828859e-01
2.120685905976989749e-01
2.113793069359579391e-01
2.106967401973735832e-01
2.100208296145726350e-01
2.093515144948525086e-01
2.086887342140234247e-01
2.080324282097164301e-01
2.073825359741361951e-01
2.067389970462416848e-01
2.061017510033296973e-01
2.054707374520024499e-01
2.048458960184931232e-01
2.042271663383264102e-01
2.036144880452899208e-01
2.030078007596844980e-01
2.024070440758318490e-01
2.018121575488051322e-01
2.012230806803537164e-01
2.006397529039888050e-01
2.000621135691980634e-01
1.994901019247493357e-01
1.989236571010519483e-01
1.983627180915314148e-01
1.978072237329800975e-01
1.972571126848392253e-01
1.967123234073686611e-01
1.961727941386559315e-01
1.956384628704177508e-01
1.951092673225401086e-01
1.945851449163055746e-01
1.940660327462487567e-01
1.935518675505838171e-01
1.930425856801409323e-01
1.925381230657474130e-01
1.920384151839854558e-01
1.915433970212583603e-01
1.910530030360882703e-01
1.905671671195713346e-01
1.900858225539072410e-01
1.896089019689218558e-01
1.891363372964913747e-01
1.886680597227798351e-01
1.882039996381917879e-01
1.877440865849402951e-01
1.872882492021263334e-01
1.868364151682193608e-01
1.863885111408270512e-01
1.859444626936321010e-01
1.855041942503758978e-01
1.850676290157566017e-01
1.846346889031081351e-01
1.842052944587207752e-01
1.837793647826533316e-01
1.833568174458892197e-01
1.829375684036728400e-01
1.825215319048638374e-01
1.821086203971377937e-01
1.816987444278500841e-01
1.812918125403821246e-01
1.808877311657729192e-01
1.804864045094357328e-01
1.800877344327514729e-01
1.796916203293218717e-01
1.792979589956574804e-01
1.789066444960669688e-01
1.785175680215065619e-01
1.781306177421387860e-01
1.777456786533415656e-01
1.773626324148992739e-01
1.769813571831000687e-01
1.766017274354498012e-01
1.762236137877111752e-01
1.758468828029609021e-01
1.754713967923514362e-01
1.750970136072546868e-01
1.747235864224551682e-01
1.743509635100516653e-01
1.739789880037173608e-01
1.736074976529607405e-01
1.732363245670198726e-01
1.728652949480163903e-01
1.724942288129868162e-01
1.721229397044045650e-01
1.717512343887965531e-01
1.713789125430557614e-01
1.710057664280456857e-01
1.706315805490903614e-01
1.702561313029400392e-01
1.698791866108027571e-01
1.695005055370350233e-01
1.691198378930832691e-01
1.687369238262765581e-01
1.683514933930758128e-01
1.679632661163956986e-01
1.675719505266245746e-01
1.671772436859879640e-01
1.667788306959150368e-01
1.663763841870924964e-01
1.659695637919171574e-01
1.655580155990850066e-01
1.651413715900994228e-01
1.647192490575106749e-01
1.642912500047564173e-01
1.638569605275200236e-01
1.634159501765857780e-01
1.629677713022375796e-01
1.625119583803237566e-01
1.620480273201935217e-01
1.615754747548064640e-01
1.610937773134167583e-01
1.606023908773506481e-01
1.601007498195194945e-01
1.595882662284460185e-01
1.590643291177360197e-01
1.585283036220843100e-01
1.579795301810847374e-01
1.574173237123052682e-01
1.568409727752919647e-01
1.562497387283930117e-01
1.556428548805269541e-01
1.550195256402785993e-01
1.543789256649730490e-01
1.537201990126719764e-01
1.530424583003357486e-01
1.523447838717231217e-01
1.516262229789333560e-01
1.508857889818548126e-01
1.501224605701490522e-01
1.493351810127852564e-01
1.485228574405334789e-01
1.476843601672312156e-01
1.468185220560493387e-01
1.459241379374047187e-01
1.449999640855816063e-01
1.440447177615499508e-01
1.430570768298702888e-01
1.420356794579842596e-01
1.409791239065666668e-01
1.398859684199777187e-01
1.387547312261829535e-01
1.375838906558005392e-01
1.363718853901810524e-01
1.351171148486169926e-01
1.338179397249059932e-01
1.324726826835452009e-01
1.310796292258037676e-01
1.296370287357960505e-01
1.281430957164453599e-01
1.265960112248859515e-01
1.249939245163730062e-01
1.233349549051680344e-01
1.216171938501087874e-01
1.198387072716654844e-01
1.179975381062216694e-01
1.160917091020759462e-01
1.141192258602655718e-01
1.120780801217331063e-01
1.099662533006162679e-01
1.077817202615342224e-01
1.055224533366769385e-01
1.031864265762961752e-01
1.007716202238542885e-01
9.827602540463648007e-02
9.569764901408744917e-02
9.303451878953787613e-02
9.028468854634431884e-02
8.744624355684384176e-02
8.451730604793294965e-02
8.149604079057584660e-02
7.838066075217166306e-02
7.516943278048947297e-02
7.186068328590232424e-02
6.845280388689647944e-02
6.494425698241974854e-02
6.133358121352805448e-02
5.761939677609884125e-02
5.380041054607451884e-02
4.987542097886036446e-02
4.584332274510107691e-02
4.170311106615370855e-02
3.745388571412382878e-02
3.309485464337779542e-02
2.862533722291693908e-02
2.404476704194166703e-02
1.935269426423472452e-02
1.454878751069886046e-02
9.632835253352296789e-03
4.604746708346089089e-03
-5.354477800101304719e-04
-5.787596867664537327e-03
-1.115142885053005059e-02
-1.662655280973146521e-02
-2.221246025214359057e-02
-2.790852723162716084e-02
-3.371401693223581575e-02
-3.962808269084000523e-02
-4.564977143308621144e-02
-5.177802749350186168e-02
-5.801169678783038575e-02
-6.434953130343210037e-02
-7.079019387177619416e-02
-7.733226318574015767e-02
-8.397423902357648018e-02
-9.071454764103842328e-02
-9.755154729322347562e-02
-1.044835338482027337e-01
-1.115087464553988633e-01
2.503914600087591147e-01
1.689863938561615708e-01
9.054454492147248623e-02
1.544556504868879569e-02
-5.593982486095625678e-02
-1.232696092870707583e-01
-1.862519760631346222e-01
-2.446661151795626876e-01
-2.983794534969224643e-01
-3.473586196906554013e-01
-3.916722771697744854e-01
-4.314853270343138592e-01
-4.670454927223628427e-01
-4.986645150095298518e-01
-5.266967966515390120e-01
-5.515182655220293162e-01
-5.735076269396760518e-01
-5.930313232333386253e-01
-6.104326767272315601e-01
-6.260250356368647351e-01
-6.400883354279647275e-01
-6.528683120177384280e-01
-6.645775965085294335e-01
-6.753980148870830647e-01
-6.854835532486900362e-01
-6.949635911796299137e-01
-7.039461317507361704e-01
-7.125208575565947777e-01
-7.207619175490337371e-01
-7.287304021678343569e-01
-7.364764990081018592e-01
-7.440413425517304891e-01
-7.514585832726788928e-01
-7.587557068149525241e-01
-7.659551352493887411e-01
-7.730751412767368214e-01
-7.801306037714024200e-01
-7.871336299773590284e-01
-7.940940664268346660e-01
-8.010199175189743892e-01
-8.079176878123774941e-01
-8.147926615165050901e-01
