-7.486640823111927190e-02
-3.169547571859882007e-02
5.699467462161487627e-03
3.688827690869205672e-02
6.298037473563529443e-02
8.458342675585366066e-02
1.022552858370033152e-01
1.177682949263724049e-01
1.294868732975683612e-01
1.396020566547710728e-01
1.486180769215370012e-01
1.571483911944951128e-01
1.649236075676945579e-01
1.729821895058689663e-01
1.799709472556985657e-01
1.868687900431844351e-01
1.938422613243672710e-01
2.008340886696668992e-01
2.077366689801481425e-01
2.163585859622532970e-01
2.232284806679832312e-01
2.316836265087504620e-01
2.393720640693872970e-01
2.478481126321430417e-01
2.579040615230145939e-01
2.669862333130246235e-01
2.788038847712002721e-01
2.902038418767885486e-01
3.030966552687263671e-01
3.153635879586367818e-01
3.277654480809010229e-01
3.394256015067834142e-01
3.610229519384969832e-01
3.741028384358143222e-01
3.915137807158474703e-01
4.137623179650369298e-01
4.219410322484635212e-01
4.582146778655921682e-01
4.681271729940723048e-01
5.171034850372087099e-01
5.156672398837729432e-01
5.389493064633071873e-01
2.117584266979329610e-01
2.062941468458410477e-01
1.939756492724049319e-01
1.834008242320921411e-01
1.690245632256738295e-01
1.575655547958147717e-01
1.448418622151921298e-01
1.335995776261855172e-01
1.216747217128112540e-01
1.094773009587356183e-01
9.741350263950318555e-02
8.693968930252238270e-02
7.583882597468717679e-02
6.315314753857419194e-02
5.186610902932928258e-02
3.965995148477088200e-02
3.016642564935031329e-02
1.924095039585096284e-02
8.898114770939579907e-03
-1.818719506677520144e-03
-1.298342849158278488e-02
-2.377294327076227495e-02
-3.590119699213820820e-02
-4.735428321933855822e-02
-5.906187643084691297e-02
-6.898682221631929901e-02
-7.766023388941233063e-02
-8.664133602790428934e-02
-9.746137397559363758e-02
-1.100285996563024477e-01
-1.201011030246900840e-01
-1.316259779297813126e-01
-1.416757912789777529e-01
-1.503742378549503822e-01
-1.602166083013026598e-01
-1.735105468493399195e-01
-1.837540587179438967e-01
-1.941839000382310776e-01
-2.042846983555332840e-01
-2.147413666422989531e-01
-2.241937449834665030e-01
-2.344417089514173325e-01
-2.437557701815613598e-01
-2.556624159505420657e-01
-2.655834464055069066e-01
-2.738614836225691240e-01
-2.847447879927521019e-01
-2.969701372809993578e-01
-3.057300829637428774e-01
-3.125325756279170863e-01
-3.235880873992548201e-01
-3.312991942004406276e-01
-3.452710711350007733e-01
-3.563371363739929465e-01
-3.649940387725585933e-01
-3.741989853729491555e-01
-3.836179718893202861e-01
-3.941155627677863094e-01
-4.060176260940344672e-01
-4.154279446988195512e-01
-4.262792190224998223e-01
-4.344614902355460884e-01
-4.429983656072946641e-01
-4.526105480793653491e-01
-4.613445923302786911e-01
-4.707057048132588517e-01
-4.777344769637326682e-01
-4.874530098283539892e-01
-4.968442046965994563e-01
-5.076825098869016673e-01
-5.177239822245861545e-01
-5.256613345953368155e-01
-5.351141943715852500e-01
-5.454203691744328175e-01
-5.546511559971707417e-01
-5.629394671828840124e-01
-5.742066495323721043e-01
-5.822095536648982383e-01
-5.915853341601736703e-01
-5.989459989912391258e-01
-6.086131791647808598e-01
-6.151074133062685023e-01
-6.233464095023746321e-01
-6.345344791977578502e-01
-6.437656549793443483e-01
-6.501612643523868584e-01
-6.588960211282174351e-01
-6.683804011851033344e-01
-6.757916486608745998e-01
-6.847141550454554082e-01
