-4.127393662929534912e-02
-4.259198904037475586e-04
3.470684587955474854e-02
6.474830210208892822e-02
9.029825031757354736e-02
1.119710952043533325e-01
1.303320080041885376e-01
1.459159404039382935e-01
1.592127233743667603e-01
1.706683188676834106e-01
1.806934326887130737e-01
1.896115094423294067e-01
1.977434903383255005e-01
2.053194046020507812e-01
2.125810533761978149e-01
2.196780741214752197e-01
2.267953157424926758e-01
2.339824438095092773e-01
2.413674145936965942e-01
2.489935606718063354e-01
2.569729089736938477e-01
2.652413249015808105e-01
2.740024626255035400e-01
2.830176353454589844e-01
2.925245761871337891e-01
3.024773597717285156e-01
3.130042552947998047e-01
3.240798711776733398e-01
3.352364897727966309e-01
3.473734855651855469e-01
3.603493571281433105e-01
3.733206391334533691e-01
3.877953290939331055e-01
4.037271738052368164e-01
4.183672070503234863e-01
4.362814426422119141e-01
4.545642733573913574e-01
4.739124178886413574e-01
4.976422786712646484e-01
5.194313526153564453e-01
5.373076200485229492e-01
5.428870320320129395e-01
