4.503774642944335938e-02
1.116707324981689453e-01
1.708853244781494141e-01
2.230551242828369141e-01
2.687017917633056641e-01
3.083934783935546875e-01
3.427433967590332031e-01
3.723950386047363281e-01
3.979812860488891602e-01
4.200913906097412109e-01
4.392843246459960938e-01
4.560821056365966797e-01
4.709336757659912109e-01
4.842178821563720703e-01
4.963234663009643555e-01
5.075302124023437500e-01
5.180664062500000000e-01
5.281686782836914062e-01
5.379893779754638672e-01
5.476791858673095703e-01
5.572872161865234375e-01
5.669312477111816406e-01
5.767953395843505859e-01
5.867199897766113281e-01
5.969514846801757812e-01
6.073400974273681641e-01
6.181650161743164062e-01
6.293518543243408203e-01
6.412882804870605469e-01
6.534287929534912109e-01
6.664111614227294922e-01
6.796491146087646484e-01
6.942455768585205078e-01
7.092244625091552734e-01
7.259933948516845703e-01
7.434256076812744141e-01
7.640914916992187500e-01
7.803244590759277344e-01
8.055448532104492188e-01
8.291959762573242188e-01
8.535089492797851562e-01
8.479951620101928711e-01
