3.038156032562255859e-02
4.720252752304077148e-02
6.164604425430297852e-02
7.425308227539062500e-02
8.547943830490112305e-02
9.568989276885986328e-02
1.051753461360931396e-01
1.141690015792846680e-01
1.228521764278411865e-01
1.313602626323699951e-01
1.397958993911743164e-01
1.482450664043426514e-01
1.567607522010803223e-01
1.653718054294586182e-01
1.741326749324798584e-01
1.830562949180603027e-01
1.921340823173522949e-01
2.013990283012390137e-01
2.108401060104370117e-01
2.204644381999969482e-01
2.302040457725524902e-01
2.400703430175781250e-01
2.501602470874786377e-01
2.602245807647705078e-01
2.704322040081024170e-01
2.805506885051727295e-01
2.907723784446716309e-01
3.009359836578369141e-01
3.112851381301879883e-01
3.212508559226989746e-01
3.312641680240631104e-01
3.407866358757019043e-01
3.504952788352966309e-01
3.596344292163848877e-01
3.689379990100860596e-01
3.776584863662719727e-01
3.868791759014129639e-01
3.933835625648498535e-01
4.024482965469360352e-01
4.101301729679107666e-01
4.176602959632873535e-01
4.159578382968902588e-01
