-7.190579175949096680e-02
-2.577096223831176758e-02
1.143848896026611328e-02
4.074263572692871094e-02
6.332606077194213867e-02
8.039116859436035156e-02
9.306353330612182617e-02
1.023552715778350830e-01
1.091375052928924561e-01
1.141223907470703125e-01
1.178920865058898926e-01
1.209135949611663818e-01
1.235490441322326660e-01
1.260790228843688965e-01
1.287199556827545166e-01
1.316351294517517090e-01
1.349595785140991211e-01
1.387669742107391357e-01
1.431517899036407471e-01
1.481709480285644531e-01
1.538802683353424072e-01
1.603015661239624023e-01
1.674562692642211914e-01
1.754568219184875488e-01
1.842521131038665771e-01
1.940520405769348145e-01
2.046220600605010986e-01
2.162693738937377930e-01
2.290295362472534180e-01
2.428479492664337158e-01
2.575005888938903809e-01
2.736034393310546875e-01
2.909470796585083008e-01
3.101807534694671631e-01
3.302398622035980225e-01
3.528045415878295898e-01
3.771526813507080078e-01
4.022188782691955566e-01
4.316700696945190430e-01
4.604302942752838135e-01
4.915328025817871094e-01
4.906372725963592529e-01
