2.000178024245103270e+00
1.900168782871022310e+00
1.800173182569031027e+00
1.700160076361244110e+00
1.600169960835049698e+00
1.500187057977128591e+00
1.400189032196156536e+00
1.300193173085924414e+00
1.200141593185703126e+00
1.100205068079209925e+00
1.000173683058464880e+00
9.001359897180214453e-01
8.002268460572822262e-01
7.000725801281471039e-01
6.002103064093280427e-01
5.000703569903670598e-01
4.002650665637060845e-01
3.002171046926589426e-01
2.002812760239318368e-01
1.007529694513380203e-01
4.384160638602256589e-04
-1.000558998562404989e-01
-1.993976950759621392e-01
-2.992590839247888934e-01
-3.993265332825191583e-01
-5.001150561143032913e-01
-5.995466328860912242e-01
-6.998721016359272795e-01
-8.006947040070337973e-01
-8.988236559979113638e-01
-9.991539503908266617e-01
-1.096790055725767488e+00
-1.196786731302519113e+00
-1.299600049150493764e+00
-1.394967685889000553e+00
-1.483246542088710207e+00
-1.595672685461623663e+00
-1.695397466269025877e+00
-1.786880861188543834e+00
-1.921557682839274639e+00
-2.000972605020777451e+00
-1.991467958206361466e+00
