-2.646262892692559099e-01
-2.338527188780112342e-01
-2.094523677392769179e-01
-1.908296415682924352e-01
-1.772711011655629665e-01
-1.670046944788536325e-01
-1.620380271963141050e-01
-1.570177767773097699e-01
-1.544319355426699847e-01
-1.516187271160550076e-01
-1.513466517244299314e-01
-1.496625973330083514e-01
-1.499090855708353487e-01
-1.490892259148456356e-01
-1.485380088039512381e-01
-1.488945988021051769e-01
-1.486939426767177330e-01
-1.478879705899248664e-01
-1.472285413210138449e-01
-1.480253505823793947e-01
-1.478025116330615729e-01
-1.467953638648014369e-01
-1.488756303837456829e-01
-1.473809567970351120e-01
-1.466516760856767243e-01
-1.461838026700318927e-01
-1.455664219044519869e-01
-1.464392757445814874e-01
-1.440274039095259806e-01
-1.444741815669895457e-01
-1.444923529856013689e-01
-1.442580000232819570e-01
-1.467503041057774127e-01
-1.439354417161000654e-01
-1.392093650641562375e-01
-1.588107763090504110e-01
-1.370925954486940934e-01
-1.467649175694342167e-01
-1.486817105454344978e-01
-1.115312600459784503e-01
-1.192658451587545743e-01
-1.366075393550773009e-01
