-4.888951778411865234e-02
-6.735324859619140625e-04
4.366213083267211914e-02
8.450198173522949219e-02
1.222084760665893555e-01
1.571682691574096680e-01
1.897687017917633057e-01
2.203729152679443359e-01
2.493591010570526123e-01
2.770302891731262207e-01
3.037798702716827393e-01
3.299045264720916748e-01
3.556709885597229004e-01
3.814616799354553223e-01
4.074015915393829346e-01
4.338822364807128906e-01
4.609604477882385254e-01
4.889881014823913574e-01
5.180370211601257324e-01
5.481511354446411133e-01
5.798066258430480957e-01
6.129059791564941406e-01
6.470224261283874512e-01
6.827090382575988770e-01
7.198115587234497070e-01
7.584273815155029297e-01
7.975872755050659180e-01
8.379448652267456055e-01
8.790721297264099121e-01
9.193188548088073730e-01
9.602972269058227539e-01
9.995895028114318848e-01
1.038764715194702148e+00
1.077393293380737305e+00
1.111248493194580078e+00
1.140501737594604492e+00
1.174323678016662598e+00
1.200642704963684082e+00
1.221406221389770508e+00
1.245585680007934570e+00
1.256085157394409180e+00
1.254979133605957031e+00
