-1.316716074943542480e+00
-1.240123867988586426e+00
-1.167966723442077637e+00
-1.100818991661071777e+00
-1.039181351661682129e+00
-9.833415746688842773e-01
-9.333809614181518555e-01
-8.891736268997192383e-01
-8.503390550613403320e-01
-8.163901567459106445e-01
-7.865639925003051758e-01
-7.601526975631713867e-01
-7.364448308944702148e-01
-7.146860361099243164e-01
-6.944135427474975586e-01
-6.750456094741821289e-01
-6.563335657119750977e-01
-6.378906965255737305e-01
-6.195677518844604492e-01
-6.012452840805053711e-01
-5.825577974319458008e-01
-5.634790658950805664e-01
-5.441383123397827148e-01
-5.240818262100219727e-01
-5.032211542129516602e-01
-4.812880158424377441e-01
-4.585834145545959473e-01
-4.344319701194763184e-01
-4.087291359901428223e-01
-3.821658492088317871e-01
-3.532630801200866699e-01
-3.232869505882263184e-01
-2.905462384223937988e-01
-2.545894980430603027e-01
-2.190410494804382324e-01
-1.841730475425720215e-01
-1.369394659996032715e-01
-9.231978654861450195e-02
-4.908961057662963867e-02
1.860767602920532227e-02
6.081193685531616211e-02
5.567091703414916992e-02
