1.224059429405780497e-01
1.572118984669491903e-01
1.888638266951027656e-01
2.161659022859931112e-01
2.405791985934217503e-01
2.620997149295379303e-01
2.800431392054633095e-01
2.965094304735607644e-01
3.111836077314170113e-01
3.239344686804525031e-01
3.355722264507110530e-01
3.470000213598163907e-01
3.586656750768346669e-01
3.698390124567570436e-01
3.810681274169886446e-01
3.932241163612972823e-01
4.048337166199380555e-01
4.176178174300695933e-01
4.314779525097514612e-01
4.463989039766350087e-01
4.607490451108299245e-01
4.781478706432734649e-01
4.951001032850803063e-01
5.154154741915129012e-01
5.363715547400966788e-01
5.588309235647749285e-01
5.828278210834706430e-01
6.091598974512023590e-01
6.372414903048927437e-01
6.665329559684752825e-01
7.014289540336989814e-01
7.339824593044255163e-01
7.717028365134762646e-01
8.125965402135555404e-01
8.521572026681564216e-01
9.040644269632891472e-01
9.428703257149093631e-01
9.919677310981825924e-01
1.029923266447061225e+00
1.090459101315001345e+00
1.133714506663430877e+00
1.161930722774905833e+00
1.263684666882899654e-01
1.622745810564222291e-01
1.950773108972697900e-01
2.238151196485231031e-01
2.493891603703643767e-01
2.714535873765939189e-01
2.905087356681301247e-01
3.075537973776261702e-01
3.226203149078182841e-01
3.361714427672005123e-01
3.490034565687202828e-01
3.600099236873565145e-01
3.713763789542252614e-01
3.832604786115781370e-01
3.947562805954459297e-01
4.070848357577676047e-01
4.194022070855036310e-01
4.334465921686532219e-01
4.475657664849299056e-01
4.622392267594220838e-01
4.782460671987999179e-01
4.948389035990452545e-01
5.136410305303376056e-01
5.343650282387133466e-01
5.544188918928550924e-01
5.795641081610417578e-01
6.036173984336830056e-01
6.326657844697707311e-01
6.604252710500057022e-01
6.923683150813292331e-01
7.252384441780452828e-01
7.608671059979409401e-01
7.984261904632420359e-01
8.366177666109364530e-01
8.853544341272172602e-01
9.249555348557395584e-01
9.766887524579820345e-01
1.040562785081311725e+00
1.072962717299325464e+00
1.128796543960155052e+00
1.186037642052334862e+00
1.202627247273678979e+00
1.165678986300019288e-01
1.512748283573262797e-01
1.832442124324512589e-01
2.123101487461677983e-01
2.368973448327243159e-01
2.594935352361261716e-01
2.793452097679107737e-01
2.967397596794143499e-01
3.125370031073033683e-01
3.262354699415476178e-01
3.394116871316769091e-01
3.522635788492176068e-01
3.639164433008617583e-01
3.763396725710351776e-01
3.894549270685295772e-01
4.031205211758178697e-01
4.167403336763605415e-01
4.316982029555247458e-01
4.474836301193619303e-01
4.641570671809077120e-01
4.824033196056761175e-01
5.019023720191827520e-01
5.233900430847047147e-01
5.480379089549338723e-01
5.717228035243793194e-01
5.983614701335659980e-01
6.267570080254537546e-01
6.579082991372621203e-01
6.973862883068944196e-01
7.328093576604453041e-01
7.670920163880816656e-01
8.080853267978034271e-01
8.596755769324836427e-01
9.038249510235590867e-01
9.542010082059636522e-01
1.000603250168039526e+00
1.040218504198511029e+00
1.104500768156845281e+00
1.171945738930247005e+00
1.227503637036552409e+00
1.260712810872381295e+00
1.320926898618268730e+00
1.228447400416203955e-01
1.576622311792967301e-01
1.898691384447073471e-01
2.196421489209261224e-01
2.447569304686315894e-01
2.681144147290764335e-01
2.878039685558064220e-01
3.063928563975259478e-01
3.226843611519862320e-01
3.375111738501028746e-01
3.501723979795470232e-01
3.640667169096493128e-01
3.763068075756051400e-01
3.900338058957593668e-01
4.034739925618178735e-01
4.172773382319869828e-01
4.330093530931420354e-01
4.478678326725177294e-01
4.648128378592074061e-01
4.823918782707420916e-01
5.023492677695807762e-01
5.223724972621586193e-01
5.474350108808583304e-01
5.709245310500772330e-01
5.991163788204018070e-01
6.254451889403516152e-01
6.561039542195312713e-01
6.901171908049094084e-01
7.257916132900802397e-01
7.651109889842572231e-01
8.068404134727337196e-01
8.494550404543130817e-01
8.964892898659760911e-01
9.339987251917934996e-01
9.966316119294292841e-01
1.053439564819245389e+00
1.102886288669662207e+00
1.175332028105734006e+00
1.237430625892748548e+00
1.290348526201586354e+00
1.357961513386786390e+00
1.383664592966741713e+00
1.224124954112802977e-01
1.576259800574017211e-01
1.900177719511989549e-01
2.188058704479142191e-01
2.446333188795535296e-01
2.678004132554736016e-01
2.883230180558238320e-01
3.066094295098013012e-01
3.229445809760224662e-01
3.381655383914854429e-01
3.516339957138642780e-01
3.646616653747293268e-01
3.780725125039409718e-01
3.921251368743547960e-01
4.055256425544840893e-01
4.196501486781613610e-01
4.347620582523837318e-01
4.509031374275408455e-01
4.680680513244630525e-01
4.869926431082198248e-01
5.072282540239679838e-01
5.290541622768696328e-01
5.515512402217737087e-01
5.765060513610286153e-01
6.035243493956141680e-01
6.319417044590177612e-01
6.652572600313665374e-01
6.991219808103531497e-01
7.365168130724620843e-01
7.759990641141730761e-01
8.186401897633892588e-01
8.640320250727044904e-01
9.104007977176534760e-01
9.635333128628394972e-01
1.010795888747975546e+00
1.067591548301512150e+00
1.126835711721174249e+00
1.185734754181683170e+00
1.253461587175377367e+00
1.317262911334022180e+00
1.379031617339633753e+00
1.388717377118972029e+00
1.088591890379697613e-01
1.430991514217748173e-01
1.749432055251252116e-01
2.039136437676542513e-01
2.289031509862010094e-01
2.518182267893118165e-01
2.719252059835938762e-01
2.900791521022014763e-01
3.056780424031439458e-01
3.206986730980926903e-01
3.350324247633992281e-01
3.487311582044557157e-01
3.615446384069259667e-01
3.757129835799765671e-01
3.903857126614291850e-01
4.051618781986047191e-01
4.203766284872981762e-01
4.366046706126061050e-01
4.547823780623044265e-01
4.739815650609570663e-01
4.944899291705355249e-01
5.180082847697925486e-01
5.415343146072402192e-01
5.665659347968361459e-01
5.955502297099586340e-01
6.245048596163322863e-01
6.584807536770393988e-01
6.947315207732909226e-01
7.323471108733496937e-01
7.727697085597651228e-01
8.163254985456247503e-01
8.620490464563761446e-01
9.134880093158591619e-01
9.635304788379123186e-01
1.018330108881016605e+00
1.072804822074928000e+00
1.135746275071024769e+00
1.198646092018235354e+00
1.262527025295933747e+00
1.328320470117480445e+00
1.394120580221124950e+00
1.405368561056401955e+00
1.166243451419708838e-01
1.514924284254977604e-01
1.840267072799593173e-01
2.129170325288785859e-01
2.388035747390283292e-01
2.620355820962850801e-01
2.829799129084202836e-01
3.012232137205983484e-01
3.177604760218903923e-01
3.334190595535793111e-01
3.486182988465447163e-01
3.613575838074828406e-01
3.753215295094703419e-01
3.889391283639905272e-01
4.031840299542632233e-01
4.181653458175605409e-01
4.338146207332957416e-01
4.490384822207807991e-01
4.673002170779301245e-01
4.862377311958722137e-01
5.067052217209169207e-01
5.299741652312996987e-01
5.538575505220255657e-01
5.794039945349227505e-01
6.063437389587886805e-01
6.392951982002005318e-01
6.694563531836690284e-01
7.054292005099015439e-01
7.433011905862499935e-01
7.834433261904737433e-01
8.278188452789186913e-01
8.709543260192104119e-01
9.247464183305799112e-01
9.698336964785837511e-01
1.029744863132065813e+00
1.087117404989808911e+00
1.148658171858873533e+00
1.208857714001313255e+00
1.286645057215335841e+00
1.340955448297921127e+00
1.413259518712458140e+00
1.435184782099058864e+00
1.185226462090484406e-01
1.545700321889991735e-01
1.872837683079498217e-01
2.173365222803653463e-01
2.428742267304656588e-01
2.665327282710857060e-01
2.873022279992680228e-01
3.061804669966287640e-01
3.229920645964098336e-01
3.386337611322243757e-01
3.529307898267010080e-01
3.678626128817480967e-01
3.804898246350281177e-01
3.953281407297455918e-01
4.097826995836969521e-01
4.242460569172803453e-01
4.387732782505950335e-01
4.560500676862931924e-01
4.742235508352909967e-01
4.946901718965891481e-01
5.124148792964973165e-01
5.352599322510719349e-01
5.586893747727301740e-01
5.854313995401283499e-01
6.150584653557592540e-01
6.429509740913001981e-01
6.779316397970882591e-01
7.113321969261825473e-01
7.494201392185139143e-01
7.900584552383236314e-01
8.327055780242554883e-01
8.810689509207225711e-01
9.274355536533276378e-01
9.769631531319150630e-01
1.029923266447061225e+00
1.091103944090285882e+00
1.144119439163391982e+00
1.214753802052456866e+00
1.270588009034869348e+00
1.343477523965402431e+00
1.401502208937650096e+00
1.418693967911528464e+00
1.349735400059153545e-01
1.717790922184617153e-01
2.057915099056949193e-01
2.354249108823693593e-01
2.630842707006408876e-01
2.867438084545018140e-01
3.077804825072643635e-01
3.270031781751909228e-01
3.440207045657963647e-01
3.596913257509007367e-01
3.744587198027020669e-01
3.884333702051633308e-01
4.025450861636161726e-01
4.170779094073363558e-01
4.302186135790905253e-01
4.461191361372601749e-01
4.609113672876102852e-01
4.769272265148866707e-01
4.949597974500463682e-01
5.143830348348832349e-01
5.327709353580374341e-01
5.557955280801285536e-01
5.784225816563123290e-01
6.041817571097413131e-01
6.321514574061541936e-01
6.613800680040411439e-01
6.930028144646502852e-01
7.292466173243121741e-01
7.663726878892170857e-01
8.068498991247997632e-01
8.463501036507592445e-01
8.937828384179238306e-01
9.452085214695703508e-01
9.952656677827890208e-01
1.047150208926317161e+00
1.095619110337162194e+00
1.167166635009110331e+00
1.217954832549485555e+00
1.271181534949499925e+00
1.351382680187902086e+00
1.418937348525383113e+00
1.426117452665419227e+00
1.345755063588589262e-01
1.715597227602817521e-01
2.057482451340058860e-01
2.362323422190606426e-01
2.635342873831859611e-01
2.874120332883222106e-01
3.092063106488983082e-01
3.277634062494734213e-01
3.454188242589312785e-01
3.609340515483865364e-01
3.758884745652654735e-01
3.902018371589899837e-01
4.040533376300039503e-01
4.182399553251918700e-01
4.321736914946530672e-01
4.469377261299950499e-01
4.621328475834817207e-01
4.785607242002539174e-01
4.952070386767360999e-01
5.146672668054892430e-01
5.339219644845234480e-01
5.554499648009515456e-01
5.802758988552614294e-01
6.050452538874461217e-01
6.318342555041711606e-01
6.617890305095094350e-01
6.948779730182998993e-01
7.295948199459424410e-01
7.673236124049085394e-01
8.059349356377187856e-01
8.503655988708683777e-01
8.935165355430503276e-01
9.430580235844657766e-01
9.949353730705743359e-01
1.045991512223247044e+00
1.100387778683641349e+00
1.161263159878549445e+00
1.218700894230654974e+00
1.285534806120030460e+00
1.355754098984861322e+00
1.420473950488933212e+00
1.425283091785847889e+00
1.360162490876520303e-01
1.735766664513695712e-01
2.081268090522678249e-01
2.386857768542671177e-01
2.658621774860482900e-01
2.897316131275711748e-01
3.120249456707453461e-01
3.301925109269786551e-01
3.476734113346930943e-01
3.637961869645167656e-01
3.788483159678183165e-01
3.920652725585487275e-01
4.074028027866979373e-01
4.202017239816182026e-01
4.350604004469019181e-01
4.497359681876925142e-01
4.654720808734973958e-01
4.811157096399288347e-01
4.979271024449994920e-01
5.178000576831369717e-01
5.374412834079476120e-01
5.588393190776114183e-01
5.820247067086984361e-01
6.072008061285580904e-01
6.359841034980073804e-01
6.652168940337997993e-01
6.972546322642977357e-01
7.315492820754879721e-01
7.684190491367437481e-01
8.091622712119876937e-01
8.517413091510339651e-01
8.964077072686956749e-01
9.446213281379925997e-01
9.955478882448509648e-01
1.049787660434617242e+00
1.107633878399829408e+00
1.165787225819199691e+00
1.229292671176406726e+00
1.290708914426815124e+00
1.351724820160496110e+00
1.425216208358853542e+00
1.426174430562146656e+00
1.334526795824341472e-01
1.719457389302470884e-01
2.065560440990295565e-01
2.376367194839450192e-01
2.647281224949670775e-01
2.886046559003370704e-01
3.102343530062948163e-01
3.295870156262372119e-01
3.476597587221182395e-01
3.628969678025443790e-01
3.782252391165006888e-01
3.922536412100272041e-01
4.060511109792683260e-01
4.205613567466816027e-01
4.351720266458518060e-01
4.493966237889389648e-01
4.651373759581793332e-01
4.806392293901816104e-01
4.981009388903524515e-01
5.168565140643862632e-01
5.369042254845204365e-01
5.580710576299153791e-01
5.832373258146097417e-01
6.069593230191937527e-01
6.348861809815721235e-01
6.638704649757057874e-01
6.946218685028541229e-01
7.303711966191571703e-01
7.677100729637811316e-01
8.076466314685851744e-01
8.471924851200456352e-01
8.929873289418629456e-01
9.425779696100134997e-01
9.925066839589701262e-01
1.045960258741038151e+00
1.106476478652421269e+00
1.153503889616402933e+00
1.218577514742765100e+00
1.283907008732181998e+00
1.346722554345832989e+00
1.427588341278791750e+00
1.432205800330580203e+00
1.387572849361474181e-01
1.778019011599084320e-01
2.125311739183974036e-01
2.434969174935055769e-01
2.704738659902630182e-01
2.938507234033836957e-01
3.154854273710174795e-01
3.351829945596969673e-01
3.527284208194875204e-01
3.680022217979012633e-01
3.832910248319691404e-01
3.978357654866981896e-01
4.114614458082769266e-01
4.257037318049578523e-01
4.401247559493684514e-01
4.550886060409520817e-01
4.696482634325754302e-01
4.858945420614603772e-01
5.028639261383318626e-01
5.216048301820978006e-01
5.410185424323554759e-01
5.632128316547841962e-01
5.865659269560914435e-01
6.120311338515407318e-01
6.388475268819782116e-01
6.685517743238820199e-01
6.993693715785939125e-01
7.338862911722114912e-01
7.710941185263205933e-01
8.109519363355781607e-01
8.539523882127880716e-01
8.954601169648231940e-01
9.463264782609818182e-01
9.954860173395368994e-01
1.047621385687995232e+00
1.107572861035198031e+00
1.167397095797633177e+00
1.225394581193170351e+00
1.289162921029737507e+00
1.346896480461409418e+00
1.419150815126615228e+00
1.412766210036042747e+00
1.261736327952919234e-01
1.645491363257771955e-01
1.991268603596153819e-01
2.295129029472203763e-01
2.561354107453130413e-01
2.798402622993440558e-01
3.012210432086403489e-01
3.203436478421957112e-01
3.374193243296731426e-01
3.536604621005793869e-01
3.686289779053246174e-01
3.823358886697658110e-01
3.969208274588831298e-01
4.115759376472334918e-01
4.257477287320692860e-01
4.403706008618660794e-01
4.556806435929201538e-01
4.724507271002502118e-01
4.900456106769365827e-01
5.090909090984542251e-01
5.291427829263767313e-01
5.505842063639623252e-01
5.735074823807766453e-01
5.989359765185167106e-01
6.264871607929478614e-01
6.575090427185682485e-01
6.892697797433278151e-01
7.237946014136598105e-01
7.618812507005927603e-01
7.991840373701205591e-01
8.410809070089766415e-01
8.879344669907662801e-01
9.348144622275547100e-01
9.887461892876695524e-01
1.036956089610656884e+00
1.098730230046384593e+00
1.155581966792589288e+00
1.209946413861708647e+00
1.280018069663917180e+00
1.323932408757993784e+00
1.428011618426106688e+00
1.419384019129988461e+00
7.298474462793039241e-02
1.069384507381782451e-01
1.374933671560112924e-01
1.641951723159052745e-01
1.881688585866963248e-01
2.087019624201180423e-01
2.263807696286803950e-01
2.424047580745114505e-01
2.567081269455614989e-01
2.706928078603980659e-01
2.826221128780626035e-01
2.946447572429165551e-01
3.077548259781749396e-01
3.194537722513662859e-01
3.322788526181878477e-01
3.454364683452757490e-01
3.581785930328957313e-01
3.736437979594797731e-01
3.887989947446057748e-01
4.051225802465958092e-01
4.223189368229961493e-01
4.404666946906045655e-01
4.598295781490795431e-01
4.815357839936531548e-01
5.036409005132224115e-01
5.297446677515044167e-01
5.559066298707471265e-01
5.851210573880570864e-01
6.162811669536576442e-01
6.491371415604827444e-01
6.858250077052068239e-01
7.230458133919238639e-01
7.627655639244271812e-01
8.037758909599224122e-01
8.518897573898513986e-01
9.049637198945511551e-01
9.563360626924475305e-01
1.004596483131871221e+00
1.054367880896066589e+00
1.105939157976694176e+00
1.185423153762548809e+00
1.180424099207927569e+00
7.602478731917154675e-02
1.113868681124926957e-01
1.430116758221230133e-01
1.708071752360892648e-01
1.950579103160692829e-01
2.157036409524053788e-01
2.340285538724579117e-01
2.512097972759277931e-01
2.656502093294130784e-01
2.788861548269530588e-01
2.923026004155249158e-01
3.043009133982541026e-01
3.174992211071316905e-01
3.295666823452484406e-01
3.418755200532679894e-01
3.557674995018004216e-01
3.679724423280604784e-01
3.815121747320241452e-01
3.963510620383461358e-01
4.127913924158083114e-01
4.293597846326199230e-01
4.482331294326538651e-01
4.677738013369586723e-01
4.867916503060094602e-01
5.120957792457883073e-01
5.349305786673425045e-01
5.609080557183072635e-01
5.895765507721932863e-01
6.199693872246513360e-01
6.526514290549128017e-01
6.889694617300976542e-01
7.262046005978779473e-01
7.646609857691758494e-01
8.095199866563134172e-01
8.555161271043678628e-01
9.057807742101284809e-01
9.495300318401604933e-01
9.984001560711220913e-01
1.064637660117671025e+00
1.117606004373727036e+00
1.159476956474234211e+00
1.209458713460568546e+00
9.702465161964785034e-02
1.352726211792180389e-01
1.688067419115087675e-01
1.983216161117129228e-01
2.239603590989488746e-01
2.454830558172359789e-01
2.654216388619691780e-01
2.828825661428150950e-01
2.979114486921111693e-01
3.117771640369040309e-01
3.258295718916058847e-01
3.377267442380455509e-01
3.500676711308486344e-01
3.618713183158430158e-01
3.739743560026641545e-01
3.861492489375905057e-01
3.995404712599130437e-01
4.121950174216482132e-01
4.258601450778403685e-01
4.418223425174156449e-01
4.563705886416739577e-01
4.732051346525811830e-01
4.917481839932215659e-01
5.123721681956001639e-01
5.319614821194614818e-01
5.552323363547805313e-01
5.815821892130842441e-01
6.073434863596496314e-01
6.355350146650801113e-01
6.659072927680773635e-01
6.997839775157261855e-01
7.374550490899655086e-01
7.760550718438087303e-01
8.177398455322864024e-01
8.589111793924778526e-01
9.055141719785616550e-01
9.601400550747547502e-01
1.016322854013790078e+00
1.077687602769043185e+00
1.098048109198531685e+00
1.185644129843745898e+00
1.188101272004152609e+00
1.147977373986300009e-01
1.546825858757559513e-01
1.900149680162015742e-01
2.204088505314509006e-01
2.469538096950941453e-01
2.699027003400103486e-01
2.902639473721129737e-01
3.074832014334047403e-01
3.230395430257393952e-01
3.377626622353103736e-01
3.509783370537266634e-01
3.629496930967691104e-01
3.749077413124417002e-01
3.860939108145093890e-01
3.980459635996464463e-01
4.097556515861543458e-01
4.221250964225235491e-01
4.342606371728801040e-01
4.470509955845883843e-01
4.608587695230214609e-01
4.760080353164082290e-01
4.921664938940781275e-01
5.074119091839603968e-01
5.252716180520591305e-01
5.461661940552274830e-01
5.665376571180450460e-01
5.882156652289983745e-01
6.124182599623072543e-01
6.378778193299464716e-01
6.662979696567978838e-01
6.962139307624878315e-01
7.275046576368269236e-01
7.638777795047969610e-01
8.027101153002373923e-01
8.409763213427620121e-01
8.841975854888978192e-01
9.201890918695615484e-01
9.837615602861649045e-01
1.022848851680351556e+00
1.084829989064758582e+00
1.136003548190362089e+00
1.144135021302795208e+00
1.104449213391136969e-01
1.500222763378067092e-01
1.852927818088986323e-01
2.159467196790552657e-01
2.420566760323115962e-01
2.649287427603314038e-01
2.847622503405055627e-01
3.014684117278414455e-01
3.172838288900607928e-01
3.310039315065248511e-01
3.435740078153421417e-01
3.556430502208689504e-01
3.669363353203498601e-01
3.787720688540443525e-01
3.895488038765922978e-01
4.013815830689682618e-01
4.123210803886074305e-01
4.241054175112898839e-01
4.364981808921056250e-01
4.493318097054008753e-01
4.627662432602309694e-01
4.774685514050260315e-01
4.933381329144229110e-01
5.088797067945077801e-01
5.281824048646863723e-01
5.456274606007170958e-01
5.651911601707861887e-01
5.885462062627925262e-01
6.127213561874373937e-01
6.362661790731236611e-01
6.641801747275324352e-01
6.925402502175979080e-01
7.253079354157198066e-01
7.596089277028428288e-01
7.945793574079413890e-01
8.349837132739276191e-01
8.726608104647987085e-01
9.227493253734545542e-01
9.630077574215133440e-01
1.010685730543515071e+00
1.054540283070956708e+00
1.061546716796557988e+00
9.941128120694045500e-02
1.386184338994924659e-01
1.738415875637119579e-01
2.045052480723622279e-01
2.311687424204318109e-01
2.532701415113103871e-01
2.730105369138602356e-01
2.913266623332300131e-01
3.066072857508357896e-01
3.201400521742280292e-01
3.325959893403137024e-01
3.451619235949741071e-01
3.575899412139199041e-01
3.686847283983733514e-01
3.804319519807982108e-01
3.911804318372034128e-01
4.041115721866070376e-01
4.152622247411978940e-01
4.283340700240784171e-01
4.426036115645354818e-01
4.558676753095401990e-01
4.703325638511119955e-01
4.867477592226945315e-01
5.038138266605463045e-01
5.246881502322294777e-01
5.428938633905616706e-01
5.665694693772284074e-01
5.877423857052395118e-01
6.134972082981070551e-01
6.424793592078091864e-01
6.705427050897168062e-01
7.018605819540584267e-01
7.341819402668158245e-01
7.732582440803329460e-01
8.168025363181657950e-01
8.560107143625327319e-01
9.045429830554873041e-01
9.459862784904992106e-01
9.853191222626853651e-01
1.035049313773687141e+00
1.094712142358838181e+00
1.096882217271741622e+00
1.139433523068367898e-01
1.549896786118046543e-01
1.913839367781603462e-01
2.225786192864548374e-01
2.497509665253142830e-01
2.730823328015927753e-01
2.938198149639782430e-01
3.112069413299794474e-01
3.272669564039148438e-01
3.417094577314270243e-01
3.549301305268196538e-01
3.671844060794869913e-01
3.791549846003331448e-01
3.912951045003171813e-01
4.030226651502450408e-01
4.144836555222672358e-01
4.268267015724144242e-01
4.392505649267071655e-01
4.511414207927631481e-01
4.647636893909499745e-01
4.780713196931865583e-01
4.929865542624460306e-01
5.095170366191374978e-01
5.276582515145084029e-01
5.462180551256979877e-01
5.669274911200655742e-01
5.875381105980161944e-01
6.103726671919823543e-01
6.371173174714798160e-01
6.618543152570096622e-01
6.911398658694350994e-01
7.228888312126189319e-01
7.565166798584278540e-01
7.992095519981126106e-01
8.330361326242968767e-01
8.788307470001012200e-01
9.165307987129086564e-01
9.658651047115259791e-01
1.012639006266947916e+00
1.068427069462388967e+00
1.111087685029743977e+00
1.125217681211561738e+00
1.090045075413845904e-01
1.499638585852971773e-01
1.864279708345537856e-01
2.177470732627936334e-01
2.452534943564242398e-01
2.684586180992336035e-01
2.885219716637576481e-01
3.064464736622397600e-01
3.226347777885547607e-01
3.371176816801250142e-01
3.498736658108786424e-01
3.626219392986950729e-01
3.749736808808968314e-01
3.866291452051046074e-01
3.984382927768791993e-01
4.099804368842734359e-01
4.221349548021071096e-01
4.333809543115071938e-01
4.461922040158789460e-01
4.597904086817369285e-01
4.738298907884836986e-01
4.887001557707515431e-01
5.049504284546619814e-01
5.208816172744071826e-01
5.403407387668087702e-01
5.592145526598654159e-01
5.804083025786043182e-01
6.026925146958233004e-01
6.280822609906794307e-01
6.542949696790588687e-01
6.852776463075460622e-01
7.164891475691814726e-01
7.479677217939763034e-01
7.808147013140118720e-01
8.220208913890849622e-01
8.637355412064600113e-01
9.075768771267236357e-01
9.531350954523256647e-01
1.008480937302583147e+00
1.048531139380073141e+00
1.081825992210664777e+00
1.098418734150250264e+00
1.261573926914125454e-01
1.706869983131776847e-01
2.086804750591566004e-01
2.415913022552999834e-01
2.698980346708558797e-01
2.927963874212360929e-01
3.140021258550259597e-01
3.314920815411921962e-01
3.472246007177050564e-01
3.610702319667948856e-01
3.750249602911424063e-01
3.863865873476717283e-01
3.979816989411993911e-01
4.094021823116745229e-01
4.204162197295461256e-01
4.310129699413127735e-01
4.414248937090578528e-01
4.530644176470064455e-01
4.646102508134282716e-01
4.759470737599484358e-01
4.893846631370783462e-01
5.015754506639039656e-01
5.158208777402855105e-01
5.308077969911220162e-01
5.477906989411009953e-01
5.648766519278123344e-01
5.835218233120120779e-01
6.038921013504814361e-01
6.260312203982272283e-01
6.497854731648659010e-01
6.765399793539963458e-01
7.021831594251310982e-01
7.355142678953986435e-01
7.669806281724486086e-01
8.012472534944665714e-01
8.398669156050835305e-01
8.778100266204130753e-01
9.295389787703669526e-01
9.683381595937998743e-01
1.018088561148908333e+00
1.061154553449358717e+00
1.070983044892269032e+00
1.202941817998806062e-01
1.632299737697273379e-01
2.016292322905881840e-01
2.344312259636693874e-01
2.631245543511978591e-01
2.876024460245486525e-01
3.087329767369421663e-01
3.275346603615600372e-01
3.448734646943995563e-01
3.600288804821628053e-01
3.727592369440060893e-01
3.853094936825325334e-01
3.988978737937104446e-01
4.107569939394606351e-01
4.226702573097071980e-01
4.335522322759278735e-01
4.454563000421170593e-01
4.578576845200202916e-01
4.705912868564279816e-01
4.828021477204598733e-01
4.972213848913459855e-01
5.119368093183551682e-01
5.269373129007792755e-01
5.439538719374293896e-01
5.622797759323975297e-01
5.814444503924807162e-01
6.013177996735084019e-01
6.238992115405160854e-01
6.478444073118360125e-01
6.740505586851225361e-01
7.004267877672933906e-01
7.300050168102224513e-01
7.629147736792575296e-01
7.962141218304257251e-01
8.313533028748861797e-01
8.696388266585537430e-01
9.130568851254404761e-01
9.632493461422035885e-01
1.010405972625179949e+00
1.051318487733563067e+00
1.100880369432671868e+00
1.110653671442971557e+00
6.675069242779728407e-02
1.007942924592336725e-01
1.320098022439706031e-01
1.581241679373636966e-01
1.820892377046396116e-01
2.023847715283770832e-01
2.198725633235400212e-01
2.356471041885391804e-01
2.500441017542240907e-01
2.633211797121743358e-01
2.759260738044447270e-01
2.877569549951997097e-01
3.002997673707232806e-01
3.118089388144555940e-01
3.235965107369920268e-01
3.366458201822641327e-01
3.498232102287710532e-01
3.634013618075588314e-01
3.777214013294585282e-01
3.912298330043896266e-01
4.084977511378835024e-01
4.254869411231186893e-01
4.434241551416274185e-01
4.636317367653084442e-01
4.863383674839638071e-01
5.092993202199650460e-01
5.333461953210590911e-01
5.613935989119979153e-01
5.897095007426739199e-01
6.192342446745146001e-01
6.538865944699930877e-01
6.916180581845741138e-01
7.293146602467311945e-01
7.689598186832615756e-01
8.079880274060480261e-01
8.533720643521547355e-01
8.973977892491294961e-01
9.640478541165355963e-01
1.012449137841195501e+00
1.060750707768239876e+00
1.144900972968539543e+00
1.134502228414213221e+00
8.987333263172715692e-02
1.279337037471144634e-01
1.620234418139796240e-01
1.911938270509713211e-01
2.164351078123803451e-01
2.390115227883445881e-01
2.576665776183403866e-01
2.755094490141136720e-01
2.905042862031187445e-01
3.037898353143563823e-01
3.162220374268156498e-01
3.281654618239089882e-01
3.391770633999340867e-01
3.507808653477392236e-01
3.616844043977853751e-01
3.730371206437200216e-01
3.838799669662147362e-01
3.953665874792309798e-01
4.089044701055221109e-01
4.211265987447987968e-01
4.349136480807426208e-01
4.494629710454105531e-01
4.653174048831294485e-01
4.803576882168278384e-01
5.010428217369112813e-01
5.193711539456012938e-01
5.394412045118373022e-01
5.625117413049447457e-01
5.841717275780509144e-01
6.136452353613266464e-01
6.355541129051588412e-01
6.690238421923783152e-01
7.089593972642890263e-01
7.369642996893520648e-01
7.751697413880026533e-01
8.202191988374281095e-01
8.554046612782953973e-01
8.844231947838666619e-01
9.393210293316860415e-01
9.992432343511911119e-01
1.044508402258031321e+00
1.068312048646258061e+00
