-3.776329358185815527e-02
-3.645963319195232206e-03
2.808300701783851203e-02
5.457475529482285620e-02
7.776749038205685305e-02
9.795107099414995799e-02
1.140435625480774318e-01
1.289805239666114156e-01
1.423581757638455458e-01
1.550626192239208390e-01
1.669330948711538476e-01
1.797528068974981463e-01
1.927068066128586610e-01
2.061239639918524824e-01
2.204219224378405617e-01
2.365624518533600285e-01
2.537740196788795810e-01
2.726305158940401374e-01
2.931635956416590583e-01
3.163478287330979133e-01
3.424029397152729692e-01
3.707905645192677291e-01
4.007796765129686967e-01
4.340576685638586896e-01
4.711449651606330336e-01
5.098071554765071234e-01
5.515963647041050022e-01
5.974867623058425226e-01
6.464233327548398744e-01
6.962777367357103619e-01
7.494425651740609373e-01
8.098289610678861550e-01
8.686385615691109008e-01
9.319915113237123849e-01
1.000911062131223384e+00
1.062506775208682974e+00
1.133826214076393946e+00
1.200193637141200087e+00
1.276162980319141660e+00
1.365263291698733950e+00
1.420533322693499745e+00
1.456320475374373924e+00
