5.303645133972167969e-02
7.512712478637695312e-02
9.710446000099182129e-02
1.190897524356842041e-01
1.412172615528106689e-01
1.636150479316711426e-01
1.864098906517028809e-01
2.097323536872863770e-01
2.337026596069335938e-01
2.584369778633117676e-01
2.840338349342346191e-01
3.106175065040588379e-01
3.382045328617095947e-01
3.669553101062774658e-01
3.969441950321197510e-01
4.282547533512115479e-01
4.610013067722320557e-01
4.950248301029205322e-01
5.307631492614746094e-01
5.682057142257690430e-01
6.076866388320922852e-01
6.487942934036254883e-01
6.923038959503173828e-01
7.378073930740356445e-01
7.859475612640380859e-01
8.362244367599487305e-01
8.895422220230102539e-01
9.452608823776245117e-01
1.004248499870300293e+00
1.065233707427978516e+00
1.128554463386535645e+00
1.197550058364868164e+00
1.266548871994018555e+00
1.338633418083190918e+00
1.414797306060791016e+00
1.486992120742797852e+00
1.564049005508422852e+00
1.641782164573669434e+00
1.722218990325927734e+00
1.812714099884033203e+00
1.871218800544738770e+00
1.896431088447570801e+00
