1.985288262367248535e-01
2.257083058357238770e-01
2.518580555915832520e-01
2.769720554351806641e-01
3.010751605033874512e-01
3.242555856704711914e-01
3.466477692127227783e-01
3.684385120868682861e-01
3.898541033267974854e-01
4.111891090869903564e-01
4.327676594257354736e-01
4.548893272876739502e-01
4.779349863529205322e-01
5.022276639938354492e-01
5.281976461410522461e-01
5.560415983200073242e-01
5.861963033676147461e-01
6.187490224838256836e-01
6.540665626525878906e-01
6.925565004348754883e-01
7.338447570800781250e-01
7.785356044769287109e-01
8.266313076019287109e-01
8.778331279754638672e-01
9.326980113983154297e-01
9.911416769027709961e-01
1.052459716796875000e+00
1.117546081542968750e+00
1.184913873672485352e+00
1.254537463188171387e+00
1.327699661254882812e+00
1.402655839920043945e+00
1.480872511863708496e+00
1.558101415634155273e+00
1.637361168861389160e+00
1.716882705688476562e+00
1.802052736282348633e+00
1.884357810020446777e+00
1.959897398948669434e+00
2.039210081100463867e+00
2.114366769790649414e+00
2.095953464508056641e+00
