2.000173683058465102e+00
1.900170422463674402e+00
1.800173870604432791e+00
1.700167006002581749e+00
1.600188498456228903e+00
1.500181566869070116e+00
1.400192488592576057e+00
1.300182294646900605e+00
1.200221026191876206e+00
1.100163688966043996e+00
1.000130268805227152e+00
9.001266978744703051e-01
8.001669902013639479e-01
7.001236939300720108e-01
6.002757236989206824e-01
5.001541102873063860e-01
4.002443312381505636e-01
3.001170182898695860e-01
2.004127011972462735e-01
9.995673424118266259e-02
3.038997848124583463e-04
-1.000919911285409469e-01
-1.993585175260002007e-01
-3.003270078697922174e-01
-4.005208568125730451e-01
-4.995851222437325823e-01
-6.002224755112007815e-01
-6.993393116234785101e-01
-7.992315552168285375e-01
-9.019103096360477911e-01
-9.958076437402857417e-01
-1.099157865545542512e+00
-1.197198918436911841e+00
-1.298017776475115737e+00
-1.401669191564539174e+00
-1.512027787906414789e+00
-1.613269234790168705e+00
-1.701037818079883301e+00
-1.793497942411314439e+00
-1.890353968909026960e+00
-1.993962045002682926e+00
-1.983342655177797953e+00
