2.000173683058465102e+00
1.900164957130761723e+00
1.800166990201363948e+00
1.700175667898767840e+00
1.600177594069010834e+00
1.500181566869070116e+00
1.400192488592576057e+00
1.300138778165711662e+00
1.200166246363107536e+00
1.100129203359808239e+00
1.000130268805227152e+00
9.001704224636744023e-01
8.001807508984991602e-01
7.001929911728786982e-01
6.001884984562287917e-01
5.000305341838743312e-01
4.004170953751663986e-01
3.001605369513523081e-01
2.001936371412000870e-01
1.002671293576021111e-01
1.302688052270466689e-04
-1.000810540626249218e-01
-2.000945459202676247e-01
-2.994520339011451648e-01
-3.999423722640332857e-01
-4.987078978065573320e-01
-6.016085597705249643e-01
-7.004055460750772122e-01
-8.019480482756554673e-01
-9.009757843891070817e-01
-9.997395014526097023e-01
-1.097387999879152698e+00
-1.198877677705066036e+00
-1.298198957190332736e+00
-1.401625389801324673e+00
-1.497149717406016878e+00
-1.591403923537217269e+00
-1.697690721630014998e+00
-1.783834097714007028e+00
-1.907068924326447590e+00
-1.997790727011985235e+00
-2.002770933844616685e+00
