-4.813683629035949707e-01
-4.565330147743225098e-01
-4.338499903678894043e-01
-4.130838513374328613e-01
-3.939892649650573730e-01
-3.762926459312438965e-01
-3.597161173820495605e-01
-3.439733386039733887e-01
-3.287739157676696777e-01
-3.138179183006286621e-01
-2.988175153732299805e-01
-2.835044860839843750e-01
-2.676129937171936035e-01
-2.508866190910339355e-01
-2.330822199583053589e-01
-2.140503972768783569e-01
-1.935299485921859741e-01
-1.713627427816390991e-01
-1.474520415067672729e-01
-1.216066926717758179e-01
-9.373979270458221436e-02
-6.377248466014862061e-02
-3.193257749080657959e-02
2.638176083564758301e-03
3.893168270587921143e-02
7.827617228031158447e-02
1.193908601999282837e-01
1.629828959703445435e-01
2.093378454446792603e-01
2.574157118797302246e-01
3.079785108566284180e-01
3.613263368606567383e-01
4.155479669570922852e-01
4.718481898307800293e-01
5.343653559684753418e-01
5.939121246337890625e-01
6.571798324584960938e-01
7.207924127578735352e-01
7.942541241645812988e-01
8.639496564865112305e-01
9.472816586494445801e-01
9.303479790687561035e-01
