-9.543256163597106934e-01
-9.584367871284484863e-01
-9.648399949073791504e-01
-9.733344912528991699e-01
-9.836947321891784668e-01
-9.956813454627990723e-01
-1.009021401405334473e+00
-1.023432254791259766e+00
-1.038604617118835449e+00
-1.054235816001892090e+00
-1.070010423660278320e+00
-1.085601449012756348e+00
-1.100695967674255371e+00
-1.115006208419799805e+00
-1.128215551376342773e+00
-1.140084505081176758e+00
-1.150347828865051270e+00
-1.158814311027526855e+00
-1.165254831314086914e+00
-1.169511914253234863e+00
-1.171441555023193359e+00
-1.170923352241516113e+00
-1.167871952056884766e+00
-1.162188649177551270e+00
-1.153831124305725098e+00
-1.142823457717895508e+00
-1.128981113433837891e+00
-1.112413883209228516e+00
-1.093123793601989746e+00
-1.071177601814270020e+00
-1.046258091926574707e+00
-1.019308447837829590e+00
-9.886348843574523926e-01
-9.558838009834289551e-01
-9.228571057319641113e-01
-8.823170065879821777e-01
-8.440926671028137207e-01
-8.020157217979431152e-01
-7.549479603767395020e-01
-7.107642292976379395e-01
-6.613853573799133301e-01
-6.570068001747131348e-01
