4.825255870819091797e-01
5.253614783287048340e-01
5.657076835632324219e-01
6.037767529487609863e-01
6.397739052772521973e-01
6.739487051963806152e-01
7.065194249153137207e-01
7.377363443374633789e-01
7.678171992301940918e-01
7.970345020294189453e-01
8.255823850631713867e-01
8.536741137504577637e-01
8.815152645111083984e-01
9.093322157859802246e-01
9.372332692146301270e-01
9.655149579048156738e-01
9.941993951797485352e-01
1.023553252220153809e+00
1.053521990776062012e+00
1.084585428237915039e+00
1.116377353668212891e+00
1.149497866630554199e+00
1.183419942855834961e+00
1.219218134880065918e+00
1.256117582321166992e+00
1.294031620025634766e+00
1.334081649780273438e+00
1.375103831291198730e+00
1.418101310729980469e+00
1.464088916778564453e+00
1.507784962654113770e+00
1.557743549346923828e+00
1.606983900070190430e+00
1.659535050392150879e+00
1.715622663497924805e+00
1.777666568756103516e+00
1.836716294288635254e+00
1.889571905136108398e+00
1.946929335594177246e+00
2.008856296539306641e+00
2.077184915542602539e+00
2.070082902908325195e+00
