-1.588191092014312744e-01
-1.131084263324737549e-01
-7.273125648498535156e-02
-3.710085153579711914e-02
-5.575299263000488281e-03
2.252054214477539062e-02
4.782134294509887695e-02
7.094949483871459961e-02
9.244877099990844727e-02
1.128425002098083496e-01
1.325764656066894531e-01
1.520332694053649902e-01
1.715502738952636719e-01
1.914393305778503418e-01
2.119091153144836426e-01
2.332139611244201660e-01
2.555059790611267090e-01
2.790209054946899414e-01
3.038134574890136719e-01
3.300428986549377441e-01
3.577682673931121826e-01
3.873173296451568604e-01
4.184096157550811768e-01
4.514617621898651123e-01
4.864325523376464844e-01
5.232024192810058594e-01
5.623469352722167969e-01
6.035472154617309570e-01
6.468783020973205566e-01
6.922826170921325684e-01
7.404509782791137695e-01
7.896866202354431152e-01
8.430874347686767578e-01
8.977689743041992188e-01
9.510015249252319336e-01
1.014241337776184082e+00
1.072104930877685547e+00
1.134114503860473633e+00
1.201636910438537598e+00
1.263422250747680664e+00
1.330770850181579590e+00
1.336659908294677734e+00
