-1.069474518299102783e-01
-7.495838403701782227e-02
-4.567307233810424805e-02
-1.890248060226440430e-02
5.595624446868896484e-03
2.812933921813964844e-02
4.902046918869018555e-02
6.860530376434326172e-02
8.721709251403808594e-02
1.051900982856750488e-01
1.228259205818176270e-01
1.403971314430236816e-01
1.581534147262573242e-01
1.763353943824768066e-01
1.951631903648376465e-01
2.147501707077026367e-01
2.353358268737792969e-01
2.570597529411315918e-01
2.800056934356689453e-01
3.043591380119323730e-01
3.302159607410430908e-01
3.576733767986297607e-01
3.865634500980377197e-01
4.177116751670837402e-01
4.502651691436767578e-01
4.854745864868164062e-01
5.222638249397277832e-01
5.613339543342590332e-01
6.030156016349792480e-01
6.464418768882751465e-01
6.923596858978271484e-01
7.411044836044311523e-01
7.909651994705200195e-01
8.430634737014770508e-01
9.012768864631652832e-01
9.570308923721313477e-01
1.016533493995666504e+00
1.076557040214538574e+00
1.146009445190429688e+00
1.211910486221313477e+00
1.290534257888793945e+00
1.274582505226135254e+00
