-7.692509889602661133e-02
-4.319143295288085938e-02
-1.322907209396362305e-02
1.331752538681030273e-02
3.684979677200317383e-02
5.782902240753173828e-02
7.670652866363525391e-02
9.394472837448120117e-02
1.099646091461181641e-01
1.251941919326782227e-01
1.399789452552795410e-01
1.546462774276733398e-01
1.694846153259277344e-01
1.847660541534423828e-01
2.006686329841613770e-01
2.174607515335083008e-01
2.352328300476074219e-01
2.542104125022888184e-01
2.744041681289672852e-01
2.961809635162353516e-01
3.193157017230987549e-01
3.442749679088592529e-01
3.706843554973602295e-01
3.994123935699462891e-01
4.298763275146484375e-01
4.620046913623809814e-01
4.967789351940155029e-01
5.332161188125610352e-01
5.722125172615051270e-01
6.147539615631103516e-01
6.558928489685058594e-01
7.036939263343811035e-01
7.515147924423217773e-01
8.032184243202209473e-01
8.590416908264160156e-01
9.214121103286743164e-01
9.812273979187011719e-01
1.035022258758544922e+00
1.093553662300109863e+00
1.156794667243957520e+00
1.226454138755798340e+00
1.219224095344543457e+00
