-1.130171120166778564e-01
-7.660681009292602539e-02
-4.367822408676147461e-02
-1.393061876296997070e-02
1.300519704818725586e-02
3.753423690795898438e-02
6.008189916610717773e-02
8.108961582183837891e-02
1.009357571601867676e-01
1.200332641601562500e-01
1.387165188789367676e-01
1.573024988174438477e-01
1.760873198509216309e-01
1.953194141387939453e-01
2.152225375175476074e-01
2.360262274742126465e-01
2.577504515647888184e-01
2.808123230934143066e-01
3.051447868347167969e-01
3.309285342693328857e-01
3.583497703075408936e-01
3.874897062778472900e-01
4.183681309223175049e-01
4.509178102016448975e-01
4.858297109603881836e-01
5.221792459487915039e-01
5.622803568840026855e-01
6.029959917068481445e-01
6.471660137176513672e-01
6.925606131553649902e-01
7.401522397994995117e-01
7.895005345344543457e-01
8.432098031044006348e-01
8.981432914733886719e-01
9.577947854995727539e-01
1.015043616294860840e+00
1.073476076126098633e+00
1.141563177108764648e+00
1.198334455490112305e+00
1.281786799430847168e+00
1.344710350036621094e+00
1.348196744918823242e+00
