-6.983062028884887695e-01
-6.628804802894592285e-01
-6.279697418212890625e-01
-5.934049487113952637e-01
-5.589873790740966797e-01
-5.245136618614196777e-01
-4.897522628307342529e-01
-4.544658660888671875e-01
-4.184050261974334717e-01
-3.813062608242034912e-01
-3.429336249828338623e-01
-3.030635714530944824e-01
-2.613837718963623047e-01
-2.177316844463348389e-01
-1.719045042991638184e-01
-1.236588433384895325e-01
-7.281345874071121216e-02
-1.905116997659206390e-02
3.733434528112411499e-02
9.727721661329269409e-02
1.596034169197082520e-01
2.252252250909805298e-01
2.943848967552185059e-01
3.659041523933410645e-01
4.405313134193420410e-01
5.192889571189880371e-01
5.990832448005676270e-01
6.798028945922851562e-01
7.629073262214660645e-01
8.494027256965637207e-01
9.405432343482971191e-01
1.030603766441345215e+00
1.113612294197082520e+00
1.200475811958312988e+00
1.287785887718200684e+00
1.369457960128784180e+00
1.459632039070129395e+00
1.545536637306213379e+00
1.646705508232116699e+00
1.706235766410827637e+00
1.815994143486022949e+00
1.831634402275085449e+00
