-8.735054731369018555e-02
-3.948563337326049805e-02
9.748339653015136719e-04
3.454709053039550781e-02
6.194454431533813477e-02
8.404242992401123047e-02
1.017372608184814453e-01
1.159073412418365479e-01
1.273559927940368652e-01
1.367772221565246582e-01
1.447692811489105225e-01
1.517917215824127197e-01
1.582526862621307373e-01
1.644547283649444580e-01
1.706954538822174072e-01
1.771907210350036621e-01
1.841958165168762207e-01
1.918487548828125000e-01
2.003737390041351318e-01
2.099274694919586182e-01
2.207583487033843994e-01
2.328899800777435303e-01
2.467484474182128906e-01
2.620577514171600342e-01
2.793045938014984131e-01
2.985038459300994873e-01
3.199767470359802246e-01
3.437230885028839111e-01
3.686631023883819580e-01
3.967573642730712891e-01
4.276124238967895508e-01
4.590078592300415039e-01
4.943338632583618164e-01
5.331388711929321289e-01
5.683579444885253906e-01
6.104676723480224609e-01
6.519325375556945801e-01
6.938313245773315430e-01
7.421669960021972656e-01
7.834562063217163086e-01
8.151322603225708008e-01
8.246088027954101562e-01
