1.290288816399611793e+00
1.284485518578455610e+00
1.278705592175057637e+00
1.272949062310340329e+00
1.267215953336706669e+00
1.261506288838403655e+00
1.255820091631910440e+00
1.250157383766343999e+00
1.244518186523884351e+00
1.238902520420213094e+00
1.233310405204963933e+00
1.227741859862182094e+00
1.222196902610788394e+00
1.216675550905049530e+00
1.211177821435045043e+00
1.205703730127137385e+00
1.200253292144433548e+00
1.194826521887242921e+00
1.189423432993526042e+00
1.184044038339330696e+00
1.178688350039218680e+00
1.173356379446673925e+00
1.168048137154495958e+00
1.162763632995175378e+00
1.157502876041247353e+00
1.152265874605625795e+00
1.147052636241911561e+00
1.141863167744679997e+00
1.136697475149738512e+00
1.131555563734361503e+00
1.126437438017495740e+00
1.121343101759936456e+00
1.116272557964475221e+00
1.111225808876018739e+00
1.106202855981675670e+00
1.101203700010813247e+00
1.096228340935083700e+00
1.091276777968417599e+00
1.086349009566988988e+00
1.081445033429146330e+00
1.076564846495315697e+00
1.071708444947870653e+00
1.066875824210974599e+00
1.062066978950391372e+00
1.057281903073270746e+00
1.052520589727902189e+00
1.047783031303444412e+00
1.043069219429628047e+00
1.038379144976434798e+00
1.033712798053751492e+00
1.029070168011005038e+00
1.024451243436773407e+00
1.019856012158382397e+00
1.015284461241480418e+00
1.010736576989603286e+00
1.006212344943721249e+00
1.001711749881777580e+00
9.972347758182183997e-01
9.927814060035126120e-01
9.883516229236710693e-01
9.839454082997608486e-01
9.795627430874218611e-01
9.752036074763836826e-01
9.708679808899913777e-01
9.665558419847356530e-01
9.622671686497968890e-01
9.580019380066011614e-01
9.537601264083940267e-01
9.495417094398317381e-01
9.453466619165978857e-01
9.411749578850421294e-01
9.370265706218509072e-01
9.329014726337457875e-01
9.287996356572204570e-01
9.247210306583125705e-01
9.206656278324178988e-01
9.166333966041492198e-01
9.126243056272400622e-01
9.086383227845020727e-01
9.046754151878343420e-01
9.007355491782899071e-01
8.968186903262026499e-01
8.929248034313774784e-01
8.890538525233468992e-01
8.852058008616973117e-01
8.813806109364674679e-01
8.775782444686243133e-01
8.737986624106157674e-01
8.700418249470066590e-01
8.663076914951991503e-01
8.625962207062410902e-01
8.589073704657246289e-01
8.552410978947786457e-01
8.515973593511574347e-01
8.479761104304279762e-01
8.443773059672587955e-01
8.408009000368128483e-01
8.372468459562470988e-01
8.337150962863201231e-01
8.302056028331121773e-01
8.267183166498570657e-01
8.232531880388905821e-01
8.198101665537157468e-01
8.163892010011870592e-01
8.129902394438167645e-01
8.096132292022025778e-01
8.062581168575813084e-01
8.029248482545060517e-01
7.996133685036528327e-01
7.963236219847535935e-01
7.930555523496595205e-01
7.898091025255342679e-01
7.865842147181788535e-01
7.833808304154872282e-01
7.801988903910354045e-01
7.770383347078024805e-01
7.738991027220252228e-01
7.707811330871852107e-01
7.676843637581295399e-01
7.646087319953244199e-01
7.615541743692414434e-01
7.585206267648750833e-01
7.555080243863935285e-01
7.525163017619185268e-01
7.495453927484362344e-01
7.465952305368357411e-01
7.436657476570759373e-01
7.407568759834783911e-01
7.378685467401435716e-01
7.350006905064917495e-01
7.321532372229228036e-01
7.293261161965960415e-01
7.265192561073254840e-01
7.237325850135908345e-01
7.209660303586582497e-01
7.182195189768111332e-01
7.154929770996858451e-01
7.127863303627106628e-01
7.100995038116446612e-01
7.074324219092116284e-01
7.047850085418269073e-01
7.021571870264132764e-01
6.995488801172999871e-01
6.969600100132041787e-01
6.943904983642870121e-01
6.918402662792811908e-01
6.893092343326865379e-01
6.867973225720260810e-01
6.843044505251598686e-01
6.818305372076494120e-01
6.793755011301686464e-01
6.769392603059550817e-01
6.745217322582949260e-01
6.721228340280362978e-01
6.697424821811250872e-01
6.673805928161548051e-01
6.650370815719264250e-01
6.627118636350082248e-01
6.604048537472914093e-01
6.581159662135317445e-01
6.558451149088698751e-01
6.535922132863237755e-01
6.513571743842442308e-01
6.491399108337242430e-01
6.469403348659541475e-01
6.447583583195146684e-01
6.425938926475959212e-01
6.404468489251362584e-01
6.383171378558678555e-01
6.362046697792600458e-01
6.341093546773519662e-01
6.320311021814595254e-01
6.299698215787487010e-01
6.279254218186633985e-01
6.258978115191938807e-01
6.238868989729758896e-01
6.218925921532056922e-01
6.199147987193600606e-01
6.179534260227053100e-01
6.160083811115830699e-01
6.140795707364573586e-01
6.121669013547087479e-01
6.102702791351587441e-01
6.083896099623102849e-01
6.065247994402857001e-01
6.046757528964464834e-01
6.028423753846754440e-01
6.010245716883048095e-01
5.992222463226689610e-01
5.974353035372639287e-01
5.956636473174903301e-01
5.939071813859623239e-01
5.921658092033557086e-01
5.904394339687766280e-01
5.887279586196227932e-01
5.870312858309160164e-01
5.853493180140773022e-01
5.836819573151192930e-01
5.820291056122273154e-01
5.803906645127014929e-01
5.787665353492263964e-01
5.771566191754404773e-01
5.755608167607703107e-01
5.739790285844957873e-01
5.724111548290120588e-01
5.708570953722488239e-01
5.693167497792105403e-01
5.677900172925981481e-01
5.662767968224654558e-01
5.647769869348739924e-01
5.632904858394943703e-01
5.618171913761111913e-01
5.603570009999782053e-01
5.589098117659768716e-01
5.574755203115193680e-01
5.560540228381447569e-01
5.546452150917455803e-01
5.532489923413681510e-01
5.518652493565183725e-01
5.504938803829111382e-01
5.491347791165902548e-01
5.477878386763489482e-01
5.464529515743754562e-01
5.451300096850432153e-01
5.438189042117658190e-01
5.425195256518298148e-01
5.412317637591164132e-01
5.399555075046192920e-01
5.386906450346600206e-01
5.374370636267024048e-01
5.361946496426565067e-01
5.349632884795662013e-01
5.337428645175615882e-01
5.325332610649596843e-01
5.313343603003861659e-01
5.301460432117901522e-01
5.289681895322152494e-01
5.278006776721866355e-01
5.266433846485664150e-01
5.254961860097245863e-01
5.243589557568678616e-01
5.232315662613583607e-01
5.221138881778505381e-01
5.210057903530689316e-01
5.199071397300386588e-01
5.188178012475745948e-01
5.177376377348309466e-01
5.166665098006991697e-01
5.156042757178400660e-01
5.145507913011244661e-01
5.135059097802485706e-01
5.124694816662850316e-01
5.114413546119167542e-01
5.104213732650969559e-01
5.094093791158672557e-01
5.084052103360555686e-01
5.074087016115715887e-01
5.064196839670014327e-01
5.054379845821996842e-01
5.044634266005660894e-01
5.034958289286816102e-01
5.025350060269780927e-01
5.015807676910954971e-01
5.006329188235838501e-01
4.996912591955871563e-01
4.987555831981498322e-01
4.978256795827684100e-01
4.969013311908120900e-01
4.959823146714227859e-01
4.950684001875058637e-01
4.941593511094110602e-01
4.932549236959050121e-01
4.923548667620303854e-01
4.914589213334449869e-01
4.905668202868366246e-01
4.896782879760074314e-01
4.887930398432276391e-01
4.879107820154607866e-01
4.870312108850740063e-01
4.861540126746518031e-01
4.852788629855509517e-01
4.844054263298425700e-01
4.835333556453157433e-01
4.826622917932307799e-01
4.817918630385459866e-01
4.809216845123681638e-01
4.800513576564170992e-01
4.791804696493349724e-01
4.783085928147217669e-01
4.774352840108300744e-01
4.765600840019179052e-01
4.756825168113238966e-01
4.748020890564099150e-01
4.739182892655996460e-01
4.730305871778396898e-01
4.721384330249128736e-01
4.712412567971531185e-01
4.703384674932340470e-01
4.694294523548487308e-01
4.685135760872456423e-01
4.675901800667541242e-01
4.666585815366119383e-01
4.657180727926010233e-01
4.647679203602090303e-01
4.638073641652559753e-01
4.628356167001707600e-01
4.618518621883578867e-01
4.608552557493673096e-01
4.598449225678777341e-01
4.588199570698042185e-01
4.577794221091710525e-01
4.567223481697298415e-01
4.556477325856562732e-01
4.545545387860347453e-01
4.534416955682152306e-01
4.523080964055321007e-01
4.511525987952640371e-01
4.499740236531430959e-01
4.487711547611154539e-01
4.475427382754890160e-01
4.462874823030011928e-01
4.450040565527520475e-01
4.436910920723312057e-01
4.423471810768415113e-01
4.409708768798659695e-01
4.395606939357347698e-01
4.381151080027225753e-01
4.366325564370315271e-01
4.351114386275707346e-01
4.335501165816553204e-01
4.319469156717546388e-01
4.303001255533636105e-01
4.286080012638979753e-01
4.268687645122518637e-01
4.250806051682516351e-01
4.232416829607350550e-01
4.213501293923117008e-01
4.194040498780653992e-01
4.174015261144962685e-01
4.153406186838728975e-01
4.132193698978886554e-01
4.110358068830500811e-01
4.087879449086108119e-01
4.064737909560686147e-01
4.040913475273024136e-01
4.016386166863185614e-01
3.991136043273477152e-01
3.965143246596677939e-01
3.938388048970771216e-01
3.910850901373983390e-01
3.882512484148192833e-01
3.853353759052691729e-01
3.823356022624558870e-01
3.792500960596641435e-01
3.760770703099954315e-01
3.728147880354504284e-01
3.694615678531662506e-01
3.660157895452548216e-01
3.624758995771125702e-01
3.588404165277966351e-01
3.551079363951595846e-01
3.512771377379098059e-01
3.473467866166682350e-01
3.433157412964418786e-01
3.391829566737358803e-01
3.349474883928116320e-01
3.306084966173340467e-01
3.261652494258699964e-01
3.216171258023352020e-01
3.169636181955624576e-01
3.122043346255894414e-01
3.073390003180515584e-01
3.023674588521013673e-01
2.972896728115672627e-01
2.921057239334785560e-01
2.868158127526229118e-01
2.814202577453297494e-01
2.759194939801790647e-01
2.703140712876993534e-01
2.646046519653194040e-01
2.587920080377716370e-01
2.528770180967986336e-01
2.468606637472885168e-01
2.407440256898816244e-01
2.345282794725364883e-01
2.282146909455852191e-01
2.218046114563481386e-01
2.152994728204652430e-01
2.087007821077258574e-01
2.020101162803248640e-01
1.952291167212218126e-01
1.883594836895681746e-01
1.814029707391361934e-01
1.743613791342542019e-01
1.672365522960750639e-01
1.600303703100206809e-01
1.527447445230973866e-01
1.453816122574082548e-01
1.379429316637485747e-01
1.304306767365944197e-01
1.228468325092272190e-01
1.284790506536837240e+00
1.192610459265070366e+00
1.101550512770493873e+00
1.011821684533906085e+00
9.236650241515256266e-01
8.373517728839224850e-01
7.531816267549445998e-01
6.714784678068999035e-01
5.925829907319571932e-01
5.168418683395260560e-01
4.445935044533535496e-01
3.761510085542173476e-01
3.117837137915905887e-01
2.516991904293939819e-01
1.960280714535046487e-01
1.448139187684200635e-01
9.800974381235642852e-02
5.548175851448046425e-02
1.701973617891556351e-02
-1.764766393979430581e-02
-4.883484984826161335e-02
-7.688083800042457006e-02
-1.021323140018683961e-01
-1.249295080840737565e-01
-1.455954947309234804e-01
-1.644289460625709964e-01
-1.816999708629951360e-01
-1.976484615762624797e-01
-2.124843138500525641e-01
-2.263889259433909673e-01
-2.395174807972760278e-01
-2.520016261822238812e-01
-2.639522759195422341e-01
-2.754623465944809890e-01
-2.866093158491320736e-01
-2.974575410456527513e-01
-3.080603136730043490e-01
-3.184616487904987636e-01
-3.286978233424647233e-01
-3.387986851064521132e-01
-3.487887575150943054e-01
-3.586881662212651478e-01
