-1.179407421140068329e-01
-7.328825138692451890e-02
-3.548910812663162717e-02
-4.423153934124176428e-03
2.159445154462361766e-02
4.263850616433238067e-02
5.877134865005305409e-02
7.109367343857948829e-02
8.250173007612447706e-02
9.051199331908214851e-02
9.866102804139353921e-02
1.060582420425639077e-01
1.112288982341556598e-01
1.176656283588276286e-01
1.227367192090122600e-01
1.304495649180100192e-01
1.356382384555190057e-01
1.416535461024802933e-01
1.478957343465238938e-01
1.543996251591601976e-01
1.617841264899216036e-01
1.703057294971760394e-01
1.786000117303873369e-01
1.883434085911723233e-01
1.986103565531068815e-01
2.089785172762535226e-01
2.205604604614284925e-01
2.349624854808416152e-01
2.479364601850903849e-01
2.617599406424563346e-01
2.763308067177750460e-01
2.972789102331133138e-01
3.139072748091768505e-01
3.361534182188912756e-01
3.608716212494605946e-01
3.754953494008657078e-01
4.001337261119973232e-01
4.268754605381333000e-01
4.874834105419431074e-01
4.904346772519675435e-01
5.116748495808208785e-01
5.217119672518054641e-01
