-7.417036890983581543e-01
-7.308428883552551270e-01
-7.206909060478210449e-01
-7.103536725044250488e-01
-6.998493075370788574e-01
-6.888583302497863770e-01
-6.775425076484680176e-01
-6.650032401084899902e-01
-6.517481803894042969e-01
-6.374091506004333496e-01
-6.220003366470336914e-01
-6.049157381057739258e-01
-5.860238075256347656e-01
-5.661703348159790039e-01
-5.435629487037658691e-01
-5.188204646110534668e-01
-4.926525950431823730e-01
-4.641296863555908203e-01
-4.331113100051879883e-01
-4.000151157379150391e-01
-3.648759126663208008e-01
-3.276205062866210938e-01
-2.869999408721923828e-01
-2.435943335294723511e-01
-1.969692558050155640e-01
-1.450516432523727417e-01
-8.689340949058532715e-02
-2.444025874137878418e-02
4.500639438629150391e-02
1.185701489448547363e-01
1.992884427309036255e-01
2.858596444129943848e-01
3.743177652359008789e-01
4.576448798179626465e-01
5.495718121528625488e-01
6.417403221130371094e-01
7.239109277725219727e-01
8.193021416664123535e-01
8.916801810264587402e-01
9.672861695289611816e-01
1.036985158920288086e+00
1.044134497642517090e+00
