1.000000000000000000e+00 2.500000000000000000e+00 1.800000000000000000e+01 3.709999999999999964e+00 1.000000000000000000e+00 2.500000000000000000e+01 1.000000000000000056e-01 4.000000000000000000e+01 3.645017768631797495e-02 7.300797113569523766e-02 9.098255017758576091e-02 1.431645074300013075e+05
1.000000000000000000e+00 2.500000000000000000e+00 1.800000000000000000e+01 3.709999999999999964e+00 5.000000000000000000e+00 2.500000000000000000e+01 1.000000000000000056e-01 4.000000000000000000e+01 4.209659342053084785e-02 1.667315124489943123e-02 5.602801636242223937e-01 5.175229525053332509e+02
1.000000000000000000e+00 2.500000000000000000e+00 1.800000000000000000e+01 3.709999999999999964e+00 1.000000000000000000e+00 3.500000000000000000e+01 1.000000000000000056e-01 4.000000000000000000e+01 2.991943473204594639e-02 6.886926229132628308e-02 8.521790898369632772e-02 3.709936935558370315e+05
1.000000000000000000e+00 2.500000000000000000e+00 1.800000000000000000e+01 3.709999999999999964e+00 5.000000000000000000e+00 3.500000000000000000e+01 1.000000000000000056e-01 4.000000000000000000e+01 4.348833680739883079e-02 2.228508005299212336e-02 5.276859404796779840e-01 2.973180680638491253e+02
1.000000000000000000e+00 2.500000000000000000e+00 1.800000000000000000e+01 3.709999999999999964e+00 1.000000000000000000e+01 3.500000000000000000e+01 1.000000000000000056e-01 4.000000000000000000e+01 4.166064686288706298e-02 1.815189497100089255e-02 6.482425560188398439e-01 2.695211367866205023e+02
1.000000000000000000e+00 2.500000000000000000e+00 1.800000000000000000e+01 3.709999999999999964e+00 1.000000000000000000e+00 4.000000000000000000e+01 1.000000000000000056e-01 4.000000000000000000e+01 2.433105942731805804e-02 6.234363092940164996e-02 8.273159759529483126e-02 2.062497192068079021e+05
1.000000000000000000e+00 2.500000000000000000e+00 1.800000000000000000e+01 3.709999999999999964e+00 5.000000000000000000e+00 4.000000000000000000e+01 1.000000000000000056e-01 4.000000000000000000e+01 3.286029679617530341e-02 1.933165406011116971e-02 5.034661722514777171e-01 3.653406081538838635e+02
1.000000000000000000e+00 2.500000000000000000e+00 1.800000000000000000e+01 3.709999999999999964e+00 1.000000000000000000e+01 4.000000000000000000e+01 1.000000000000000056e-01 4.000000000000000000e+01 3.009656152596229539e-02 1.378917687722913676e-02 6.368058947345104359e-01 2.916985477361098447e+02
2.000000000000000000e+00 2.500000000000000000e+00 1.800000000000000000e+01 4.110000000000000320e+00 1.000000000000000000e+00 2.500000000000000000e+01 1.000000000000000056e-01 4.000000000000000000e+01 3.774652242000353652e-02 7.058047447913562422e-02 9.125933291395280089e-02 3.243456808281192207e+05
2.000000000000000000e+00 2.500000000000000000e+00 1.800000000000000000e+01 4.110000000000000320e+00 5.000000000000000000e+00 2.500000000000000000e+01 1.000000000000000056e-01 4.000000000000000000e+01 3.773909399492603178e-02 1.710816959891614530e-02 4.666015278794393151e-01 3.340706431334108402e+02
2.000000000000000000e+00 2.500000000000000000e+00 1.800000000000000000e+01 4.110000000000000320e+00 1.000000000000000000e+01 2.500000000000000000e+01 1.000000000000000056e-01 4.000000000000000000e+01 3.644084080099574408e-02 1.272688763117124644e-02 5.995247783195205571e-01 2.800280766245504651e+02
2.000000000000000000e+00 2.500000000000000000e+00 1.800000000000000000e+01 4.110000000000000320e+00 1.000000000000000000e+00 3.500000000000000000e+01 1.000000000000000056e-01 4.000000000000000000e+01 3.294212060685364207e-02 7.090243403305973580e-02 8.375867786420680694e-02 4.470311128172941389e+05
2.000000000000000000e+00 2.500000000000000000e+00 1.800000000000000000e+01 4.110000000000000320e+00 5.000000000000000000e+00 3.500000000000000000e+01 1.000000000000000056e-01 4.000000000000000000e+01 4.446607007664082900e-02 2.369358202497728882e-02 4.425607871296551865e-01 2.899076606276817074e+02
2.000000000000000000e+00 2.500000000000000000e+00 1.800000000000000000e+01 4.110000000000000320e+00 1.000000000000000000e+01 3.500000000000000000e+01 1.000000000000000056e-01 4.000000000000000000e+01 5.089210302859337176e-02 2.433892142578164552e-02 5.795832078388047925e-01 2.140047697164139322e+02
2.000000000000000000e+00 2.500000000000000000e+00 1.800000000000000000e+01 4.110000000000000320e+00 1.000000000000000000e+00 4.000000000000000000e+01 1.000000000000000056e-01 4.000000000000000000e+01 3.123323309850545293e-02 6.906361822482898205e-02 8.236220873237767859e-02 3.226065085211887490e+05
2.000000000000000000e+00 2.500000000000000000e+00 1.800000000000000000e+01 4.110000000000000320e+00 5.000000000000000000e+00 4.000000000000000000e+01 1.000000000000000056e-01 4.000000000000000000e+01 4.708525042907285574e-02 3.160986307092628067e-02 4.290195503546404554e-01 2.967896672507868630e+02
2.000000000000000000e+00 2.500000000000000000e+00 1.800000000000000000e+01 4.110000000000000320e+00 1.000000000000000000e+01 4.000000000000000000e+01 1.000000000000000056e-01 4.000000000000000000e+01 4.772701395850953432e-02 2.550458128361610122e-02 5.529597773213686951e-01 2.150251464180241783e+02
3.000000000000000000e+00 2.500000000000000000e+00 1.200000000000000000e+01 3.109999999999999876e+00 1.000000000000000000e+00 2.500000000000000000e+01 1.000000000000000056e-01 4.000000000000000000e+01 2.365735778373467824e-02 4.365521640500524825e-02 1.098768044074400901e-01 7.865362746549288277e+05
3.000000000000000000e+00 2.500000000000000000e+00 1.200000000000000000e+01 3.109999999999999876e+00 5.000000000000000000e+00 2.500000000000000000e+01 1.000000000000000056e-01 4.000000000000000000e+01 2.423231098722689048e-02 1.058600636952422569e-02 4.047131998832391164e-01 2.466340673970931050e+02
3.000000000000000000e+00 2.500000000000000000e+00 1.200000000000000000e+01 3.109999999999999876e+00 1.000000000000000000e+01 2.500000000000000000e+01 1.000000000000000056e-01 4.000000000000000000e+01 2.283959892865117247e-02 3.572469493020369313e-03 1.025307696689855552e+00 1.196820599989658689e+02
3.000000000000000000e+00 2.500000000000000000e+00 1.200000000000000000e+01 3.109999999999999876e+00 1.000000000000000000e+00 3.500000000000000000e+01 1.000000000000000056e-01 4.000000000000000000e+01 2.329311463463024090e-02 4.393352257658822424e-02 9.979364593079577406e-02 2.514018738023034239e+05
3.000000000000000000e+00 2.500000000000000000e+00 1.200000000000000000e+01 3.109999999999999876e+00 5.000000000000000000e+00 3.500000000000000000e+01 1.000000000000000056e-01 4.000000000000000000e+01 3.629988843462528258e-02 2.108937358688889319e-02 3.986098861569675189e-01 2.227406247039294271e+02
3.000000000000000000e+00 2.500000000000000000e+00 1.200000000000000000e+01 3.109999999999999876e+00 1.000000000000000000e+01 3.500000000000000000e+01 1.000000000000000056e-01 4.000000000000000000e+01 3.727289805575972892e-02 8.443633640489167647e-03 9.555800230705802090e-01 1.183757715456812036e+02
3.000000000000000000e+00 2.500000000000000000e+00 1.200000000000000000e+01 3.109999999999999876e+00 1.000000000000000000e+00 4.000000000000000000e+01 1.000000000000000056e-01 4.000000000000000000e+01 2.236376980753318477e-02 4.813121164675648878e-02 9.707491210289186101e-02 9.217738069226500811e+05
3.000000000000000000e+00 2.500000000000000000e+00 1.200000000000000000e+01 3.109999999999999876e+00 5.000000000000000000e+00 4.000000000000000000e+01 1.000000000000000056e-01 4.000000000000000000e+01 3.156247288456648370e-02 2.036858201734625951e-02 3.710441966010404324e-01 2.353550034385858396e+02
3.000000000000000000e+00 2.500000000000000000e+00 1.200000000000000000e+01 3.109999999999999876e+00 1.000000000000000000e+01 4.000000000000000000e+01 1.000000000000000056e-01 4.000000000000000000e+01 2.675224774983320231e-02 5.821461198228128353e-03 9.020104339894989831e-01 1.222623882213132873e+02
4.000000000000000000e+00 3.500000000000000000e+00 1.200000000000000000e+01 5.000000000000000000e+00 1.000000000000000000e+00 2.500000000000000000e+01 1.000000000000000056e-01 4.000000000000000000e+01 5.969029210962273346e-02 7.880497479298131935e-02 1.309216979675083548e-01 8.344145344051533611e+05
4.000000000000000000e+00 3.500000000000000000e+00 1.200000000000000000e+01 5.000000000000000000e+00 1.000000000000000000e+01 2.500000000000000000e+01 1.000000000000000056e-01 4.000000000000000000e+01 6.196035376792097260e-02 1.142648229409903848e-02 1.021168830913256942e+00 1.217379149095609705e+02
4.000000000000000000e+00 3.500000000000000000e+00 1.200000000000000000e+01 5.000000000000000000e+00 1.000000000000000000e+00 3.500000000000000000e+01 1.000000000000000056e-01 4.000000000000000000e+01 7.179358207586461482e-02 1.104750629382151850e-01 1.108036582398940484e-01 5.891380183019887190e+05
4.000000000000000000e+00 3.500000000000000000e+00 1.200000000000000000e+01 5.000000000000000000e+00 5.000000000000000000e+00 3.500000000000000000e+01 1.000000000000000056e-01 4.000000000000000000e+01 9.546713141244245193e-02 7.016364165498822913e-02 3.742988845825663824e-01 2.154541708774393385e+02
4.000000000000000000e+00 3.500000000000000000e+00 1.200000000000000000e+01 5.000000000000000000e+00 1.000000000000000000e+01 3.500000000000000000e+01 1.000000000000000056e-01 4.000000000000000000e+01 9.658802266127475278e-02 2.293982478600287145e-02 9.673825617422809886e-01 1.142936480421537198e+02
4.000000000000000000e+00 3.500000000000000000e+00 1.200000000000000000e+01 5.000000000000000000e+00 1.000000000000000000e+00 4.000000000000000000e+01 1.000000000000000056e-01 4.000000000000000000e+01 7.297988140190336814e-02 1.565368861039562187e-01 1.033855255783571458e-01 4.616894710879898630e+05
4.000000000000000000e+00 3.500000000000000000e+00 1.200000000000000000e+01 5.000000000000000000e+00 5.000000000000000000e+00 4.000000000000000000e+01 1.000000000000000056e-01 4.000000000000000000e+01 8.276093936264738993e-02 5.553964430515612172e-02 3.480067717184704978e-01 2.185777464801898589e+02
4.000000000000000000e+00 3.500000000000000000e+00 1.200000000000000000e+01 5.000000000000000000e+00 1.000000000000000000e+01 4.000000000000000000e+01 1.000000000000000056e-01 4.000000000000000000e+01 7.823208962644989661e-02 1.687847049657942300e-02 9.093145310417710681e-01 1.123973687645438702e+02
5.000000000000000000e+00 1.500000000000000000e+00 1.800000000000000000e+01 1.096000000000000085e+01 1.000000000000000000e+00 2.500000000000000000e+01 1.000000000000000056e-01 4.000000000000000000e+01 2.830067271017377983e-02 2.388704966726007406e-02 2.454497676916567450e-01 9.263565256335082813e+04
5.000000000000000000e+00 1.500000000000000000e+00 1.800000000000000000e+01 1.096000000000000085e+01 5.000000000000000000e+00 2.500000000000000000e+01 1.000000000000000056e-01 4.000000000000000000e+01 2.421653256199518545e-02 8.129213987185135437e-03 6.644834836225657071e-01 2.647830746169003078e+02
5.000000000000000000e+00 1.500000000000000000e+00 1.800000000000000000e+01 1.096000000000000085e+01 1.000000000000000000e+00 3.500000000000000000e+01 1.000000000000000056e-01 4.000000000000000000e+01 3.416776868506765652e-02 3.265269544833304671e-02 2.233973270840826642e-01 8.149771752850094344e+05
5.000000000000000000e+00 1.500000000000000000e+00 1.800000000000000000e+01 1.096000000000000085e+01 5.000000000000000000e+00 3.500000000000000000e+01 1.000000000000000056e-01 4.000000000000000000e+01 3.601414325683616191e-02 1.278819003116993258e-02 6.711858734516252811e-01 2.249793710896718437e+02
5.000000000000000000e+00 1.500000000000000000e+00 1.800000000000000000e+01 1.096000000000000085e+01 1.000000000000000000e+01 3.500000000000000000e+01 1.000000000000000056e-01 4.000000000000000000e+01 3.132232475829122009e-02 6.171808827255098606e-03 1.086550111592898604e+00 1.523994796041387474e+02
5.000000000000000000e+00 1.500000000000000000e+00 1.800000000000000000e+01 1.096000000000000085e+01 1.000000000000000000e+00 4.000000000000000000e+01 1.000000000000000056e-01 4.000000000000000000e+01 4.632171742837121187e-02 5.038642716970986868e-02 2.271723767286382978e-01 2.340887531821580138e+06
5.000000000000000000e+00 1.500000000000000000e+00 1.800000000000000000e+01 1.096000000000000085e+01 5.000000000000000000e+00 4.000000000000000000e+01 1.000000000000000056e-01 4.000000000000000000e+01 4.824310066802817154e-02 2.086642035743024870e-02 6.060449451735949733e-01 2.653027065787807715e+02
5.000000000000000000e+00 1.500000000000000000e+00 1.800000000000000000e+01 1.096000000000000085e+01 1.000000000000000000e+01 4.000000000000000000e+01 1.000000000000000056e-01 4.000000000000000000e+01 4.167920431398686176e-02 9.353091231646182280e-03 1.015762309476076819e+00 1.672009849504283636e+02
6.000000000000000000e+00 1.500000000000000000e+00 1.800000000000000000e+01 4.849999999999999645e+00 1.000000000000000000e+00 2.500000000000000000e+01 1.000000000000000056e-01 4.000000000000000000e+01 6.266238188470607540e-03 7.907519847776045552e-03 1.343149079022476489e-01 6.368912432971268427e+05
6.000000000000000000e+00 1.500000000000000000e+00 1.800000000000000000e+01 4.849999999999999645e+00 5.000000000000000000e+00 2.500000000000000000e+01 1.000000000000000056e-01 4.000000000000000000e+01 5.086580968355569610e-03 1.970593650257868035e-03 4.507134387537610198e-01 3.949113822809039220e+02
6.000000000000000000e+00 1.500000000000000000e+00 1.800000000000000000e+01 4.849999999999999645e+00 1.000000000000000000e+01 2.500000000000000000e+01 1.000000000000000056e-01 4.000000000000000000e+01 6.402512499392720713e-04 1.419629405785549636e-05 1.282323145255606534e+00 1.533344662989491667e+02
6.000000000000000000e+00 1.500000000000000000e+00 1.800000000000000000e+01 4.849999999999999645e+00 1.000000000000000000e+00 3.500000000000000000e+01 1.000000000000000056e-01 4.000000000000000000e+01 5.690260262330326668e-03 9.204501838156353699e-03 1.274091074211600172e-01 7.263504006956540024e+02
6.000000000000000000e+00 1.500000000000000000e+00 1.800000000000000000e+01 4.849999999999999645e+00 5.000000000000000000e+00 3.500000000000000000e+01 1.000000000000000056e-01 4.000000000000000000e+01 5.340980642199566475e-03 2.444092115619467265e-03 4.348164530680926898e-01 3.074794091312127193e+02
6.000000000000000000e+00 1.500000000000000000e+00 1.800000000000000000e+01 4.849999999999999645e+00 1.000000000000000000e+01 3.500000000000000000e+01 1.000000000000000056e-01 4.000000000000000000e+01 2.772311450325082305e-03 2.183091666954073418e-04 1.271677557772077360e+00 1.468839911404934355e+02
6.000000000000000000e+00 1.500000000000000000e+00 1.800000000000000000e+01 4.849999999999999645e+00 1.000000000000000000e+00 4.000000000000000000e+01 1.000000000000000056e-01 4.000000000000000000e+01 4.977047314353777452e-03 8.135252416364036065e-03 1.260637411156363130e-01 7.350825415187023282e+02
6.000000000000000000e+00 1.500000000000000000e+00 1.800000000000000000e+01 4.849999999999999645e+00 5.000000000000000000e+00 4.000000000000000000e+01 1.000000000000000056e-01 4.000000000000000000e+01 4.296042965062696339e-03 1.490649468025795343e-03 4.187271524279460033e-01 3.627093438354712589e+02
6.000000000000000000e+00 1.500000000000000000e+00 1.800000000000000000e+01 4.849999999999999645e+00 1.000000000000000000e+01 4.000000000000000000e+01 1.000000000000000056e-01 4.000000000000000000e+01 3.169089655475909595e-03 3.420365035866623771e-04 1.204249918819205289e+00 1.568574134089471386e+02
7.000000000000000000e+00 1.500000000000000000e+00 1.200000000000000000e+01 5.209999999999999964e+00 1.000000000000000000e+00 2.500000000000000000e+01 1.000000000000000056e-01 4.000000000000000000e+01 3.564304319175759517e-03 2.739950370839849825e-03 1.308060721570735996e-01 3.077591586531875691e+02
7.000000000000000000e+00 1.500000000000000000e+00 1.200000000000000000e+01 5.209999999999999964e+00 5.000000000000000000e+00 2.500000000000000000e+01 1.000000000000000056e-01 4.000000000000000000e+01 8.009895147820245143e-06 4.289732791207256923e-09 4.699252627248078906e-01 1.829588659340953711e+02
7.000000000000000000e+00 1.500000000000000000e+00 1.200000000000000000e+01 5.209999999999999964e+00 1.000000000000000000e+00 3.500000000000000000e+01 1.000000000000000056e-01 4.000000000000000000e+01 5.161210412041317142e-03 5.126034800012391202e-03 1.355860781272809901e-01 2.145241294961074061e+02
7.000000000000000000e+00 1.500000000000000000e+00 1.200000000000000000e+01 5.209999999999999964e+00 5.000000000000000000e+00 3.500000000000000000e+01 1.000000000000000056e-01 4.000000000000000000e+01 3.944683689725003717e-04 8.337520593260094870e-06 4.443759407049325261e-01 1.836630286381073915e+02
7.000000000000000000e+00 1.500000000000000000e+00 1.200000000000000000e+01 5.209999999999999964e+00 1.000000000000000000e+01 3.500000000000000000e+01 1.000000000000000056e-01 4.000000000000000000e+01 1.131628968065179208e-05 4.282924237486440688e-09 1.001795722438656444e+00 1.305575367450311433e+02
7.000000000000000000e+00 1.500000000000000000e+00 1.200000000000000000e+01 5.209999999999999964e+00 1.000000000000000000e+00 4.000000000000000000e+01 1.000000000000000056e-01 4.000000000000000000e+01 3.213847234698530286e-03 2.327387556069204777e-03 1.322237883255613922e-01 2.215151494306558959e+02
7.000000000000000000e+00 1.500000000000000000e+00 1.200000000000000000e+01 5.209999999999999964e+00 5.000000000000000000e+00 4.000000000000000000e+01 1.000000000000000056e-01 4.000000000000000000e+01 8.808045035557654501e-06 5.571302530427146849e-09 4.324248059038893754e-01 1.893643975674841897e+02
7.000000000000000000e+00 1.500000000000000000e+00 1.200000000000000000e+01 5.209999999999999964e+00 1.000000000000000000e+01 4.000000000000000000e+01 1.000000000000000056e-01 4.000000000000000000e+01 9.258568799852540110e-06 4.565054334548790393e-09 1.003937359628965575e+00 1.228602427600898608e+02
8.000000000000000000e+00 2.500000000000000000e+00 1.800000000000000000e+01 8.449999999999999289e+00 1.000000000000000000e+00 2.500000000000000000e+01 1.000000000000000056e-01 4.000000000000000000e+01 7.495772805232081559e-02 4.211808413719952959e-02 3.129604225268878270e-01 2.841339602750794029e+02
8.000000000000000000e+00 2.500000000000000000e+00 1.800000000000000000e+01 8.449999999999999289e+00 5.000000000000000000e+00 2.500000000000000000e+01 1.000000000000000056e-01 4.000000000000000000e+01 6.484032161793185089e-02 1.602450772157570924e-02 6.548031140171759468e-01 1.741408338603396260e+02
8.000000000000000000e+00 2.500000000000000000e+00 1.800000000000000000e+01 8.449999999999999289e+00 1.000000000000000000e+01 2.500000000000000000e+01 1.000000000000000056e-01 4.000000000000000000e+01 5.366045085227422184e-02 6.812628778657403572e-03 1.075286503717163722e+00 1.311428524330923437e+02
8.000000000000000000e+00 2.500000000000000000e+00 1.800000000000000000e+01 8.449999999999999289e+00 1.000000000000000000e+00 3.500000000000000000e+01 1.000000000000000056e-01 4.000000000000000000e+01 9.136777341302981803e-02 7.005047926334984076e-02 2.729262453900812013e-01 2.315957343142533773e+02
8.000000000000000000e+00 2.500000000000000000e+00 1.800000000000000000e+01 8.449999999999999289e+00 5.000000000000000000e+00 3.500000000000000000e+01 1.000000000000000056e-01 4.000000000000000000e+01 8.402792323063890123e-02 2.709815770642798327e-02 6.033642929632470064e-01 1.583304647357451813e+02
8.000000000000000000e+00 2.500000000000000000e+00 1.800000000000000000e+01 8.449999999999999289e+00 1.000000000000000000e+01 3.500000000000000000e+01 1.000000000000000056e-01 4.000000000000000000e+01 6.834379503867094030e-02 1.105119108888441559e-02 1.035372937796203097e+00 1.215052797840524192e+02
8.000000000000000000e+00 2.500000000000000000e+00 1.800000000000000000e+01 8.449999999999999289e+00 1.000000000000000000e+00 4.000000000000000000e+01 1.000000000000000056e-01 4.000000000000000000e+01 7.952986319949983951e-02 6.552162412134587832e-02 2.663635815690583164e-01 2.453050614947450754e+02
8.000000000000000000e+00 2.500000000000000000e+00 1.800000000000000000e+01 8.449999999999999289e+00 5.000000000000000000e+00 4.000000000000000000e+01 1.000000000000000056e-01 4.000000000000000000e+01 7.539557819154474316e-02 2.692960721131010260e-02 5.855745001477983269e-01 1.672554024332857523e+02
8.000000000000000000e+00 2.500000000000000000e+00 1.800000000000000000e+01 8.449999999999999289e+00 1.000000000000000000e+01 4.000000000000000000e+01 1.000000000000000056e-01 4.000000000000000000e+01 6.722983429392215271e-02 1.344796507044643263e-02 1.003015413718104432e+00 1.251951175879769380e+02
9.000000000000000000e+00 2.500000000000000000e+00 1.400000000000000000e+01 5.490000000000000213e+00 1.000000000000000000e+00 2.500000000000000000e+01 1.000000000000000056e-01 4.000000000000000000e+01 2.936665931114279537e-02 3.611182465016837817e-02 1.425929217514382008e-01 5.654252738360308967e+02
9.000000000000000000e+00 2.500000000000000000e+00 1.400000000000000000e+01 5.490000000000000213e+00 5.000000000000000000e+00 2.500000000000000000e+01 1.000000000000000056e-01 4.000000000000000000e+01 2.829610667897841658e-02 1.408754176680049319e-02 3.363605321339633303e-01 3.135219776582901545e+02
9.000000000000000000e+00 2.500000000000000000e+00 1.400000000000000000e+01 5.490000000000000213e+00 1.000000000000000000e+01 2.500000000000000000e+01 1.000000000000000056e-01 4.000000000000000000e+01 2.346385977960796509e-02 4.165007381011553989e-03 8.017958043767031695e-01 1.748760974826139432e+02
9.000000000000000000e+00 2.500000000000000000e+00 1.400000000000000000e+01 5.490000000000000213e+00 1.000000000000000000e+00 3.500000000000000000e+01 1.000000000000000056e-01 4.000000000000000000e+01 3.387761190967775171e-02 4.348767416062426783e-02 1.323489209349707485e-01 4.102658439722378034e+02
9.000000000000000000e+00 2.500000000000000000e+00 1.400000000000000000e+01 5.490000000000000213e+00 5.000000000000000000e+00 3.500000000000000000e+01 1.000000000000000056e-01 4.000000000000000000e+01 4.129223550204752513e-02 2.573134818200073504e-02 3.172016613019355002e-01 2.738347072671965066e+02
9.000000000000000000e+00 2.500000000000000000e+00 1.400000000000000000e+01 5.490000000000000213e+00 1.000000000000000000e+00 4.000000000000000000e+01 1.000000000000000056e-01 4.000000000000000000e+01 3.192022356097079516e-02 4.879057875957104606e-02 1.246382684850918382e-01 5.114128345866690779e+02
9.000000000000000000e+00 2.500000000000000000e+00 1.400000000000000000e+01 5.490000000000000213e+00 5.000000000000000000e+00 4.000000000000000000e+01 1.000000000000000056e-01 4.000000000000000000e+01 3.779802797088649413e-02 2.996728817247662491e-02 2.921721400614820108e-01 3.129788217332801423e+02
9.000000000000000000e+00 2.500000000000000000e+00 1.400000000000000000e+01 5.490000000000000213e+00 1.000000000000000000e+01 4.000000000000000000e+01 1.000000000000000056e-01 4.000000000000000000e+01 3.157944122506184392e-02 9.160269972038559416e-03 7.139641260863742733e-01 1.698818718883157715e+02
1.000000000000000000e+01 2.500000000000000000e+00 1.200000000000000000e+01 4.709999999999999964e+00 1.000000000000000000e+00 2.500000000000000000e+01 1.000000000000000056e-01 4.000000000000000000e+01 3.030690406147562577e-02 8.613589201293470055e-02 7.837156231424984021e-02 2.800033313202123973e+05
1.000000000000000000e+01 2.500000000000000000e+00 1.200000000000000000e+01 4.709999999999999964e+00 5.000000000000000000e+00 2.500000000000000000e+01 1.000000000000000056e-01 4.000000000000000000e+01 3.918923832063292423e-02 2.159419010368046621e-02 3.556025845917846762e-01 4.222975521910731800e+02
1.000000000000000000e+01 2.500000000000000000e+00 1.200000000000000000e+01 4.709999999999999964e+00 1.000000000000000000e+00 3.500000000000000000e+01 1.000000000000000056e-01 4.000000000000000000e+01 3.444141633232478128e-02 9.946914259463124353e-02 7.541388930288653314e-02 3.661387939576269127e+05
1.000000000000000000e+01 2.500000000000000000e+00 1.200000000000000000e+01 4.709999999999999964e+00 5.000000000000000000e+00 3.500000000000000000e+01 1.000000000000000056e-01 4.000000000000000000e+01 4.687852165899530910e-02 3.469489354007926352e-02 3.262840620860313900e-01 3.269609893871329973e+02
1.000000000000000000e+01 2.500000000000000000e+00 1.200000000000000000e+01 4.709999999999999964e+00 1.000000000000000000e+01 3.500000000000000000e+01 1.000000000000000056e-01 4.000000000000000000e+01 3.488024531983557885e-02 6.432506942758209334e-03 1.002331991151375057e+00 1.374696418125728030e+02
1.000000000000000000e+01 2.500000000000000000e+00 1.200000000000000000e+01 4.709999999999999964e+00 1.000000000000000000e+00 4.000000000000000000e+01 1.000000000000000056e-01 4.000000000000000000e+01 2.950293311263063600e-02 1.065761004050032046e-01 7.383922044013735420e-02 2.171643839065234060e+05
1.000000000000000000e+01 2.500000000000000000e+00 1.200000000000000000e+01 4.709999999999999964e+00 5.000000000000000000e+00 4.000000000000000000e+01 1.000000000000000056e-01 4.000000000000000000e+01 2.755358860178813707e-02 2.354037227448735337e-02 3.038855810887153841e-01 3.715494846907552073e+02
1.000000000000000000e+01 2.500000000000000000e+00 1.200000000000000000e+01 4.709999999999999964e+00 1.000000000000000000e+01 4.000000000000000000e+01 1.000000000000000056e-01 4.000000000000000000e+01 1.693089359060850896e-02 3.069840670018475492e-03 9.269157942350847446e-01 1.431914296991355684e+02
1.100000000000000000e+01 3.500000000000000000e+00 1.200000000000000000e+01 4.450000000000000178e+00 1.000000000000000000e+00 2.500000000000000000e+01 1.000000000000000056e-01 4.000000000000000000e+01 4.041451630253445337e-02 1.018989249635033900e-01 9.831436898580452055e-02 2.512992364484231221e+05
1.100000000000000000e+01 3.500000000000000000e+00 1.200000000000000000e+01 4.450000000000000178e+00 5.000000000000000000e+00 2.500000000000000000e+01 1.000000000000000056e-01 4.000000000000000000e+01 4.301598900028569261e-02 5.910491110067450649e-02 1.795786936146576973e-01 2.508166499033629370e+05
1.100000000000000000e+01 3.500000000000000000e+00 1.200000000000000000e+01 4.450000000000000178e+00 1.000000000000000000e+01 2.500000000000000000e+01 1.000000000000000056e-01 4.000000000000000000e+01 4.678057012674519122e-02 2.721950940187767287e-02 3.748891621808337904e-01 5.834752931871051942e+02
1.100000000000000000e+01 3.500000000000000000e+00 1.200000000000000000e+01 4.450000000000000178e+00 1.000000000000000000e+00 3.500000000000000000e+01 1.000000000000000056e-01 4.000000000000000000e+01 2.952841393638294676e-02 7.339123830498928136e-02 8.971997805524437042e-02 1.036919608721264172e+06
1.100000000000000000e+01 3.500000000000000000e+00 1.200000000000000000e+01 4.450000000000000178e+00 5.000000000000000000e+00 3.500000000000000000e+01 1.000000000000000056e-01 4.000000000000000000e+01 4.085797208578134665e-02 6.326432050191699297e-02 1.739850028282592109e-01 1.133431710333035095e+06
1.100000000000000000e+01 3.500000000000000000e+00 1.200000000000000000e+01 4.450000000000000178e+00 1.000000000000000000e+01 3.500000000000000000e+01 1.000000000000000056e-01 4.000000000000000000e+01 4.622603976010908333e-02 3.484226673957158127e-02 3.593354890819044911e-01 2.781781445947097495e+02
1.100000000000000000e+01 3.500000000000000000e+00 1.200000000000000000e+01 4.450000000000000178e+00 1.000000000000000000e+00 4.000000000000000000e+01 1.000000000000000056e-01 4.000000000000000000e+01 2.385645548819148587e-02 6.531364694457253428e-02 8.939434279913896497e-02 9.936388792960979044e+05
1.100000000000000000e+01 3.500000000000000000e+00 1.200000000000000000e+01 4.450000000000000178e+00 5.000000000000000000e+00 4.000000000000000000e+01 1.000000000000000056e-01 4.000000000000000000e+01 3.205778321931807007e-02 5.759403013235786517e-02 1.605064549000282947e-01 4.288470996940152254e+05
1.100000000000000000e+01 3.500000000000000000e+00 1.200000000000000000e+01 4.450000000000000178e+00 1.000000000000000000e+01 4.000000000000000000e+01 1.000000000000000056e-01 4.000000000000000000e+01 3.089018030438817064e-02 3.023121333135647681e-02 3.038349954492011173e-01 3.544414499956372424e+02
1.200000000000000000e+01 1.500000000000000000e+00 1.200000000000000000e+01 6.099999999999999645e+00 1.000000000000000000e+00 2.500000000000000000e+01 1.000000000000000056e-01 4.000000000000000000e+01 1.236731555351333611e-02 7.465873390129385001e-03 2.483841157796806975e-01 2.698489343086481540e+02
1.200000000000000000e+01 1.500000000000000000e+00 1.200000000000000000e+01 6.099999999999999645e+00 5.000000000000000000e+00 2.500000000000000000e+01 1.000000000000000056e-01 4.000000000000000000e+01 1.069752720812067182e-02 3.097656767769185748e-03 4.354867163795976825e-01 2.458074431089491725e+02
1.200000000000000000e+01 1.500000000000000000e+00 1.200000000000000000e+01 6.099999999999999645e+00 1.000000000000000000e+01 2.500000000000000000e+01 1.000000000000000056e-01 4.000000000000000000e+01 8.103522869233881210e-04 6.895082510727235103e-06 1.075344975522277036e+00 1.401246058169018625e+02
1.200000000000000000e+01 1.500000000000000000e+00 1.200000000000000000e+01 6.099999999999999645e+00 1.000000000000000000e+00 3.500000000000000000e+01 1.000000000000000056e-01 4.000000000000000000e+01 1.426243446549246841e-02 9.476570220684266133e-03 2.373346044051478920e-01 2.218412365470883856e+02
1.200000000000000000e+01 1.500000000000000000e+00 1.200000000000000000e+01 6.099999999999999645e+00 5.000000000000000000e+00 3.500000000000000000e+01 1.000000000000000056e-01 4.000000000000000000e+01 1.086322757071345180e-02 2.878755593427761994e-03 4.426671858338875332e-01 1.912901618914254129e+02
1.200000000000000000e+01 1.500000000000000000e+00 1.200000000000000000e+01 6.099999999999999645e+00 1.000000000000000000e+01 3.500000000000000000e+01 1.000000000000000056e-01 4.000000000000000000e+01 2.860635714971193622e-03 8.680724900322900339e-05 1.033994245532172895e+00 1.349412519630882343e+02
1.200000000000000000e+01 1.500000000000000000e+00 1.200000000000000000e+01 6.099999999999999645e+00 1.000000000000000000e+00 4.000000000000000000e+01 1.000000000000000056e-01 4.000000000000000000e+01 1.179715531497937953e-02 7.753555407952861245e-03 2.278011381638304633e-01 2.276185603617356037e+02
1.200000000000000000e+01 1.500000000000000000e+00 1.200000000000000000e+01 6.099999999999999645e+00 5.000000000000000000e+00 4.000000000000000000e+01 1.000000000000000056e-01 4.000000000000000000e+01 7.740611624833526605e-03 1.883718050762928087e-03 4.216229935138577911e-01 2.037197586461373362e+02
1.200000000000000000e+01 1.500000000000000000e+00 1.200000000000000000e+01 6.099999999999999645e+00 1.000000000000000000e+01 4.000000000000000000e+01 1.000000000000000056e-01 4.000000000000000000e+01 2.149787314764672885e-05 6.792435280900122052e-09 9.604408914305061495e-01 1.389862004564222673e+02
1.300000000000000000e+01 3.500000000000000000e+00 1.800000000000000000e+01 3.000000000000000000e+00 1.000000000000000000e+00 2.500000000000000000e+01 1.000000000000000056e-01 4.000000000000000000e+01 6.775978614383837417e-02 7.258152219078195522e-02 1.255122521327968477e-01 2.987183788276628889e+02
1.300000000000000000e+01 3.500000000000000000e+00 1.800000000000000000e+01 3.000000000000000000e+00 5.000000000000000000e+00 2.500000000000000000e+01 1.000000000000000056e-01 4.000000000000000000e+01 5.611415088306981325e-02 1.318508964602926881e-02 6.212970529645150952e-01 1.603100883200159217e+02
1.300000000000000000e+01 3.500000000000000000e+00 1.800000000000000000e+01 3.000000000000000000e+00 1.000000000000000000e+01 2.500000000000000000e+01 1.000000000000000056e-01 4.000000000000000000e+01 4.836511585351144227e-02 5.479417089654603501e-03 1.210357054224423967e+00 1.239665779289098140e+02
1.300000000000000000e+01 3.500000000000000000e+00 1.800000000000000000e+01 3.000000000000000000e+00 1.000000000000000000e+00 3.500000000000000000e+01 1.000000000000000056e-01 4.000000000000000000e+01 5.204740114654060612e-02 7.066280812790126653e-02 1.065199135025165916e-01 3.046704793533156703e+02
1.300000000000000000e+01 3.500000000000000000e+00 1.800000000000000000e+01 3.000000000000000000e+00 5.000000000000000000e+00 3.500000000000000000e+01 1.000000000000000056e-01 4.000000000000000000e+01 6.232414025264443325e-02 1.907315026920186618e-02 5.607548049069951412e-01 1.485240895649284596e+02
1.300000000000000000e+01 3.500000000000000000e+00 1.800000000000000000e+01 3.000000000000000000e+00 1.000000000000000000e+01 3.500000000000000000e+01 1.000000000000000056e-01 4.000000000000000000e+01 5.567389266949729354e-02 7.940726243540252582e-03 1.124998413961194821e+00 1.145855355940620086e+02
1.300000000000000000e+01 3.500000000000000000e+00 1.800000000000000000e+01 3.000000000000000000e+00 1.000000000000000000e+00 4.000000000000000000e+01 1.000000000000000056e-01 4.000000000000000000e+01 4.683425772585425584e-02 5.649873552773043706e-02 1.119749218312323519e-01 2.217998931958941284e+02
1.300000000000000000e+01 3.500000000000000000e+00 1.800000000000000000e+01 3.000000000000000000e+00 5.000000000000000000e+00 4.000000000000000000e+01 1.000000000000000056e-01 4.000000000000000000e+01 6.261727096901847922e-02 2.243182782667352271e-02 5.480613043431313836e-01 1.489349827424332204e+02
1.300000000000000000e+01 3.500000000000000000e+00 1.800000000000000000e+01 3.000000000000000000e+00 1.000000000000000000e+01 4.000000000000000000e+01 1.000000000000000056e-01 4.000000000000000000e+01 6.083287711633356132e-02 1.033291348585785308e-02 1.117326110889933943e+00 1.111334352032640425e+02
1.400000000000000000e+01 2.500000000000000000e+00 1.400000000000000000e+01 7.190000000000000391e+00 1.000000000000000000e+00 2.500000000000000000e+01 1.000000000000000056e-01 4.000000000000000000e+01 3.047397398117324130e-02 4.378993608817816074e-02 1.097195971064327813e-01 1.719346530279766057e+03
1.400000000000000000e+01 2.500000000000000000e+00 1.400000000000000000e+01 7.190000000000000391e+00 5.000000000000000000e+00 2.500000000000000000e+01 1.000000000000000056e-01 4.000000000000000000e+01 2.567684446246532026e-02 7.973943258222870867e-03 5.271836187490379633e-01 2.279480982982695707e+02
1.400000000000000000e+01 2.500000000000000000e+00 1.400000000000000000e+01 7.190000000000000391e+00 1.000000000000000000e+01 2.500000000000000000e+01 1.000000000000000056e-01 4.000000000000000000e+01 1.977587451828810572e-02 2.379468914096793952e-03 1.120400920159735358e+00 1.372333858447886712e+02
1.400000000000000000e+01 2.500000000000000000e+00 1.400000000000000000e+01 7.190000000000000391e+00 1.000000000000000000e+00 3.500000000000000000e+01 1.000000000000000056e-01 4.000000000000000000e+01 2.928544709228497744e-02 4.679373369021977425e-02 1.017981782630698745e-01 4.145165471703726894e+02
1.400000000000000000e+01 2.500000000000000000e+00 1.400000000000000000e+01 7.190000000000000391e+00 5.000000000000000000e+00 3.500000000000000000e+01 1.000000000000000056e-01 4.000000000000000000e+01 3.584198952119121984e-02 1.458306511718698850e-02 4.935431980717621681e-01 2.006598326349338777e+02
1.400000000000000000e+01 2.500000000000000000e+00 1.400000000000000000e+01 7.190000000000000391e+00 1.000000000000000000e+01 3.500000000000000000e+01 1.000000000000000056e-01 4.000000000000000000e+01 3.377660815318805909e-02 5.478719227252293322e-03 1.066463239471052926e+00 1.276116826683418992e+02
1.400000000000000000e+01 2.500000000000000000e+00 1.400000000000000000e+01 7.190000000000000391e+00 1.000000000000000000e+00 4.000000000000000000e+01 1.000000000000000056e-01 4.000000000000000000e+01 2.735318757857019278e-02 4.504326364908894931e-02 9.846238316008371072e-02 5.004319774320909460e+02
1.400000000000000000e+01 2.500000000000000000e+00 1.400000000000000000e+01 7.190000000000000391e+00 5.000000000000000000e+00 4.000000000000000000e+01 1.000000000000000056e-01 4.000000000000000000e+01 4.026164813445665125e-02 1.823038917109354173e-02 4.755452744814327448e-01 2.119898175042050354e+02
1.400000000000000000e+01 2.500000000000000000e+00 1.400000000000000000e+01 7.190000000000000391e+00 1.000000000000000000e+01 4.000000000000000000e+01 1.000000000000000056e-01 4.000000000000000000e+01 3.499844279538844027e-02 6.798857337828811964e-03 9.765097852030019121e-01 1.367154128484482953e+02
1.500000000000000000e+01 3.500000000000000000e+00 1.200000000000000000e+01 9.460000000000000853e+00 1.000000000000000000e+00 2.500000000000000000e+01 1.000000000000000056e-01 4.000000000000000000e+01 1.454635580805716533e-01 1.797736918412971008e-01 1.088904045800434955e-01 4.936653043504621601e+05
1.500000000000000000e+01 3.500000000000000000e+00 1.200000000000000000e+01 9.460000000000000853e+00 1.000000000000000000e+01 2.500000000000000000e+01 1.000000000000000056e-01 4.000000000000000000e+01 1.359396423740448778e-01 1.828014829009494413e-02 1.144617758834903132e+00 1.044675385402359922e+02
1.500000000000000000e+01 3.500000000000000000e+00 1.200000000000000000e+01 9.460000000000000853e+00 1.000000000000000000e+00 3.500000000000000000e+01 1.000000000000000056e-01 4.000000000000000000e+01 1.751623963501685033e-01 2.263620774123040746e-01 9.662833309251714353e-02 5.547069618049776182e+05
1.500000000000000000e+01 3.500000000000000000e+00 1.200000000000000000e+01 9.460000000000000853e+00 1.000000000000000000e+01 3.500000000000000000e+01 1.000000000000000056e-01 4.000000000000000000e+01 2.048495027160239790e-01 4.362413502586748315e-02 1.018864250725899145e+00 9.968390481299616113e+01
1.500000000000000000e+01 3.500000000000000000e+00 1.200000000000000000e+01 9.460000000000000853e+00 1.000000000000000000e+00 4.000000000000000000e+01 1.000000000000000056e-01 4.000000000000000000e+01 1.343187081945198535e-01 1.919493198233237496e-01 9.098613269814599669e-02 3.281744096992584527e+05
1.500000000000000000e+01 3.500000000000000000e+00 1.200000000000000000e+01 9.460000000000000853e+00 5.000000000000000000e+00 4.000000000000000000e+01 1.000000000000000056e-01 4.000000000000000000e+01 1.877518166056380000e-01 8.897197224767783297e-02 4.503189958193092313e-01 1.739735801357135472e+02
1.500000000000000000e+01 3.500000000000000000e+00 1.200000000000000000e+01 9.460000000000000853e+00 1.000000000000000000e+01 4.000000000000000000e+01 1.000000000000000056e-01 4.000000000000000000e+01 1.933459204942633569e-01 4.737868228109975988e-02 9.301114818965756648e-01 1.070291106136576502e+02
1.600000000000000000e+01 1.500000000000000000e+00 1.800000000000000000e+01 3.000000000000000000e+00 1.000000000000000000e+00 2.500000000000000000e+01 1.000000000000000056e-01 4.000000000000000000e+01 7.964067377326022878e-03 4.094338241078299134e-03 2.113168818345707023e-01 2.439881078445442881e+02
1.600000000000000000e+01 1.500000000000000000e+00 1.800000000000000000e+01 3.000000000000000000e+00 5.000000000000000000e+00 2.500000000000000000e+01 1.000000000000000056e-01 4.000000000000000000e+01 4.539901600538742699e-03 5.802147937488122409e-04 5.812064058076943374e-01 1.821308756800479216e+02
1.600000000000000000e+01 1.500000000000000000e+00 1.800000000000000000e+01 3.000000000000000000e+00 1.000000000000000000e+01 2.500000000000000000e+01 1.000000000000000056e-01 4.000000000000000000e+01 2.578233217964687185e-05 9.292907332536515241e-09 1.572062744099320897e+00 1.152610972692147158e+02
1.600000000000000000e+01 1.500000000000000000e+00 1.800000000000000000e+01 3.000000000000000000e+00 1.000000000000000000e+00 3.500000000000000000e+01 1.000000000000000056e-01 4.000000000000000000e+01 6.648165320837451375e-03 3.727507121443318638e-03 2.078657055623987504e-01 2.113812193431903381e+02
1.600000000000000000e+01 1.500000000000000000e+00 1.800000000000000000e+01 3.000000000000000000e+00 5.000000000000000000e+00 3.500000000000000000e+01 1.000000000000000056e-01 4.000000000000000000e+01 4.033640289053730399e-03 5.113961759672935870e-04 5.395436643726643222e-01 1.773519297095447484e+02
1.600000000000000000e+01 1.500000000000000000e+00 1.800000000000000000e+01 3.000000000000000000e+00 1.000000000000000000e+01 3.500000000000000000e+01 1.000000000000000056e-01 4.000000000000000000e+01 2.124194594044226392e-05 6.487339998528796059e-09 1.533419453223932249e+00 1.099307372487640606e+02
1.600000000000000000e+01 1.500000000000000000e+00 1.800000000000000000e+01 3.000000000000000000e+00 1.000000000000000000e+00 4.000000000000000000e+01 1.000000000000000056e-01 4.000000000000000000e+01 4.244669349179552853e-03 1.797349301333683869e-03 2.121928918481513215e-01 2.055118943321423615e+02
1.600000000000000000e+01 1.500000000000000000e+00 1.800000000000000000e+01 3.000000000000000000e+00 5.000000000000000000e+00 4.000000000000000000e+01 1.000000000000000056e-01 4.000000000000000000e+01 2.141228415728946288e-03 1.550076944663025813e-04 5.706435982508213378e-01 1.687230134152798371e+02
1.600000000000000000e+01 1.500000000000000000e+00 1.800000000000000000e+01 3.000000000000000000e+00 1.000000000000000000e+01 4.000000000000000000e+01 1.000000000000000056e-01 4.000000000000000000e+01 1.880855563807237729e-05 5.772534672487950047e-09 1.510323634967222661e+00 1.104333842392689888e+02
1.700000000000000000e+01 3.500000000000000000e+00 1.800000000000000000e+01 9.560000000000000497e+00 1.000000000000000000e+00 2.500000000000000000e+01 1.000000000000000056e-01 4.000000000000000000e+01 1.585269493026610910e-01 7.918475397434310281e-02 3.699199715474805195e-01 2.022377460531019722e+02
1.700000000000000000e+01 3.500000000000000000e+00 1.800000000000000000e+01 9.560000000000000497e+00 5.000000000000000000e+00 2.500000000000000000e+01 1.000000000000000056e-01 4.000000000000000000e+01 1.514609755829672277e-01 5.431889768985098677e-02 5.068466791423344997e-01 1.809486119354594109e+02
1.700000000000000000e+01 3.500000000000000000e+00 1.800000000000000000e+01 9.560000000000000497e+00 1.000000000000000000e+01 2.500000000000000000e+01 1.000000000000000056e-01 4.000000000000000000e+01 1.484921507359948656e-01 3.342263549149726565e-02 7.408421672816026815e-01 1.493734857046015634e+02
1.700000000000000000e+01 3.500000000000000000e+00 1.800000000000000000e+01 9.560000000000000497e+00 1.000000000000000000e+00 3.500000000000000000e+01 1.000000000000000056e-01 4.000000000000000000e+01 2.053713408882231750e-01 1.404903270931103787e-01 3.038372427740381188e-01 1.712791347066237506e+02
1.700000000000000000e+01 3.500000000000000000e+00 1.800000000000000000e+01 9.560000000000000497e+00 5.000000000000000000e+00 3.500000000000000000e+01 1.000000000000000056e-01 4.000000000000000000e+01 1.971222878487266517e-01 9.163521591694179236e-02 4.449150881257971646e-01 1.570788449776341906e+02
1.700000000000000000e+01 3.500000000000000000e+00 1.800000000000000000e+01 9.560000000000000497e+00 1.000000000000000000e+01 3.500000000000000000e+01 1.000000000000000056e-01 4.000000000000000000e+01 1.829476370444096389e-01 5.379657162561413131e-02 6.501733851244896334e-01 1.422976610410366050e+02
1.700000000000000000e+01 3.500000000000000000e+00 1.800000000000000000e+01 9.560000000000000497e+00 1.000000000000000000e+00 4.000000000000000000e+01 1.000000000000000056e-01 4.000000000000000000e+01 1.866831754620286166e-01 1.588642158428106299e-01 2.617990203239426994e-01 2.290049495001598245e+02
1.700000000000000000e+01 3.500000000000000000e+00 1.800000000000000000e+01 9.560000000000000497e+00 5.000000000000000000e+00 4.000000000000000000e+01 1.000000000000000056e-01 4.000000000000000000e+01 1.805342020174187656e-01 9.633647122497435156e-02 4.017746389661420170e-01 1.894695278660719282e+02
1.700000000000000000e+01 3.500000000000000000e+00 1.800000000000000000e+01 9.560000000000000497e+00 1.000000000000000000e+01 4.000000000000000000e+01 1.000000000000000056e-01 4.000000000000000000e+01 1.670331008987426813e-01 5.635215531878867701e-02 5.876141606968214859e-01 1.621829348428135518e+02
1.800000000000000000e+01 3.500000000000000000e+00 1.800000000000000000e+01 6.599999999999999645e+00 1.000000000000000000e+00 2.500000000000000000e+01 1.000000000000000056e-01 4.000000000000000000e+01 9.318567443561009966e-02 6.122724945264312879e-02 3.172908210680369656e-01 1.961476782751929131e+05
1.800000000000000000e+01 3.500000000000000000e+00 1.800000000000000000e+01 6.599999999999999645e+00 5.000000000000000000e+00 2.500000000000000000e+01 1.000000000000000056e-01 4.000000000000000000e+01 9.717080393456378751e-02 5.125361122467353425e-02 4.478781392651694504e-01 4.938368415043071309e+02
1.800000000000000000e+01 3.500000000000000000e+00 1.800000000000000000e+01 6.599999999999999645e+00 1.000000000000000000e+01 2.500000000000000000e+01 1.000000000000000056e-01 4.000000000000000000e+01 9.516315149727949674e-02 2.166910860922843796e-02 1.080138254037791956e+00 1.710976209957523508e+02
1.800000000000000000e+01 3.500000000000000000e+00 1.800000000000000000e+01 6.599999999999999645e+00 1.000000000000000000e+00 3.500000000000000000e+01 1.000000000000000056e-01 4.000000000000000000e+01 1.082426285322761750e-01 1.815237523335584413e-01 1.386602878287730989e-01 1.443040684856248845e+05
1.800000000000000000e+01 3.500000000000000000e+00 1.800000000000000000e+01 6.599999999999999645e+00 5.000000000000000000e+00 3.500000000000000000e+01 1.000000000000000056e-01 4.000000000000000000e+01 1.260586645882146861e-01 1.006194612937232336e-01 4.131282332411642111e-01 2.898704120422459027e+02
1.800000000000000000e+01 3.500000000000000000e+00 1.800000000000000000e+01 6.599999999999999645e+00 1.000000000000000000e+01 3.500000000000000000e+01 1.000000000000000056e-01 4.000000000000000000e+01 1.214145550429410747e-01 3.500568317887542413e-02 1.041747902573875173e+00 1.348260993806783290e+02
1.800000000000000000e+01 3.500000000000000000e+00 1.800000000000000000e+01 6.599999999999999645e+00 1.000000000000000000e+00 4.000000000000000000e+01 1.000000000000000056e-01 4.000000000000000000e+01 1.021410796889492545e-01 2.299600010949671702e-01 1.316165151614392403e-01 3.049334457463999279e+05
1.800000000000000000e+01 3.500000000000000000e+00 1.800000000000000000e+01 6.599999999999999645e+00 5.000000000000000000e+00 4.000000000000000000e+01 1.000000000000000056e-01 4.000000000000000000e+01 1.075381760577995838e-01 7.576197027193476430e-02 4.029068993388993936e-01 3.835531185726898684e+02
1.900000000000000000e+01 1.500000000000000000e+00 1.200000000000000000e+01 8.449999999999999289e+00 1.000000000000000000e+00 2.500000000000000000e+01 0.000000000000000000e+00 4.000000000000000000e+01 6.127203082866072847e-03 1.131279695865372581e-02 1.023450678071009673e-01 1.693406300274727982e+05
1.900000000000000000e+01 1.500000000000000000e+00 1.200000000000000000e+01 8.449999999999999289e+00 5.000000000000000000e+00 2.500000000000000000e+01 0.000000000000000000e+00 4.000000000000000000e+01 5.134052211815509636e-03 1.675255235962902489e-03 4.507498995126217323e-01 3.022515843161598923e+02
1.900000000000000000e+01 1.500000000000000000e+00 1.200000000000000000e+01 8.449999999999999289e+00 1.000000000000000000e+00 2.500000000000000000e+01 1.000000000000000056e-01 4.000000000000000000e+01 8.327953229108064903e-03 1.929272125978442887e-02 1.018806280622662069e-01 2.728695102010653354e+05
1.900000000000000000e+01 1.500000000000000000e+00 1.200000000000000000e+01 8.449999999999999289e+00 5.000000000000000000e+00 2.500000000000000000e+01 1.000000000000000056e-01 4.000000000000000000e+01 7.189135147998015896e-03 2.923634607417291420e-03 4.333325621805676486e-01 3.544718870448231200e+02
1.900000000000000000e+01 1.500000000000000000e+00 1.200000000000000000e+01 8.449999999999999289e+00 1.000000000000000000e+00 3.500000000000000000e+01 1.000000000000000056e-01 4.000000000000000000e+01 8.561498995327321282e-03 1.675125914530828375e-02 9.831233696832727964e-02 8.960918602744070813e+05
1.900000000000000000e+01 1.500000000000000000e+00 1.200000000000000000e+01 8.449999999999999289e+00 5.000000000000000000e+00 3.500000000000000000e+01 1.000000000000000056e-01 4.000000000000000000e+01 1.179624279770430384e-02 6.698971053019642241e-03 4.147218007069118362e-01 3.120134406918982108e+02
1.900000000000000000e+01 1.500000000000000000e+00 1.200000000000000000e+01 8.449999999999999289e+00 1.000000000000000000e+00 4.000000000000000000e+01 1.000000000000000056e-01 4.000000000000000000e+01 7.606972563300340440e-03 1.818749779517192522e-02 9.353071745236953005e-02 5.231845573711757897e+05
1.900000000000000000e+01 1.500000000000000000e+00 1.200000000000000000e+01 8.449999999999999289e+00 5.000000000000000000e+00 4.000000000000000000e+01 1.000000000000000056e-01 4.000000000000000000e+01 8.659895113020343871e-03 5.323009558550362286e-03 4.029682807788057541e-01 3.508632147151633376e+02
1.900000000000000000e+01 1.500000000000000000e+00 1.200000000000000000e+01 8.449999999999999289e+00 1.000000000000000000e+00 2.500000000000000000e+01 1.000000000000000000e+00 4.000000000000000000e+01 1.181943401262253168e-02 2.314943610705122445e-02 1.039562099249173310e-01 2.294187903469738667e+05
1.900000000000000000e+01 1.500000000000000000e+00 1.200000000000000000e+01 8.449999999999999289e+00 1.000000000000000000e+00 3.500000000000000000e+01 1.000000000000000000e+00 4.000000000000000000e+01 1.414612985545082857e-02 3.912040861952670312e-02 9.679058727161890530e-02 7.594083071061214432e+05
1.900000000000000000e+01 1.500000000000000000e+00 1.200000000000000000e+01 8.449999999999999289e+00 1.000000000000000000e+00 4.000000000000000000e+01 1.000000000000000000e+00 4.000000000000000000e+01 1.207096829483012002e-02 2.913636040930289717e-02 9.331940568126673163e-02 2.885990904468935914e+05
1.900000000000000000e+01 1.500000000000000000e+00 1.200000000000000000e+01 8.449999999999999289e+00 5.000000000000000000e+00 4.000000000000000000e+01 1.000000000000000000e+00 4.000000000000000000e+01 8.736289321562562549e-04 7.851300831318575035e-05 3.891866867758403958e-01 2.978337898258486121e+02
1.900000000000000000e+01 1.500000000000000000e+00 1.200000000000000000e+01 8.449999999999999289e+00 1.000000000000000000e+00 2.500000000000000000e+01 2.000000000000000000e+00 4.000000000000000000e+01 1.562975905039132307e-02 3.316319870640493939e-02 9.999255047598849810e-02 4.735070950109641417e+05
1.900000000000000000e+01 1.500000000000000000e+00 1.200000000000000000e+01 8.449999999999999289e+00 5.000000000000000000e+00 2.500000000000000000e+01 2.000000000000000000e+00 4.000000000000000000e+01 1.858312543230300484e-02 1.168814804194018286e-02 4.041596787518233480e-01 4.038679722311970295e+02
1.900000000000000000e+01 1.500000000000000000e+00 1.200000000000000000e+01 8.449999999999999289e+00 1.000000000000000000e+00 3.500000000000000000e+01 2.000000000000000000e+00 4.000000000000000000e+01 1.019149572952504634e-02 2.767366387151559692e-02 9.573786212675330920e-02 3.126704852734105079e+05
1.900000000000000000e+01 1.500000000000000000e+00 1.200000000000000000e+01 8.449999999999999289e+00 5.000000000000000000e+00 3.500000000000000000e+01 2.000000000000000000e+00 4.000000000000000000e+01 8.211631005804242989e-03 5.040876415904449459e-03 3.789524555561237240e-01 3.008720570832588237e+02
1.900000000000000000e+01 1.500000000000000000e+00 1.200000000000000000e+01 8.449999999999999289e+00 1.000000000000000000e+00 4.000000000000000000e+01 2.000000000000000000e+00 4.000000000000000000e+01 2.639689200401962310e-02 7.884991220438930526e-02 9.783891577195039102e-02 5.423758361046530772e+05
1.900000000000000000e+01 1.500000000000000000e+00 1.200000000000000000e+01 8.449999999999999289e+00 5.000000000000000000e+00 4.000000000000000000e+01 2.000000000000000000e+00 4.000000000000000000e+01 1.201824278543384139e-02 9.275297769374635237e-03 3.812953150024224747e-01 2.307383153994611575e+02
1.900000000000000000e+01 1.500000000000000000e+00 1.200000000000000000e+01 8.449999999999999289e+00 1.000000000000000000e+00 2.500000000000000000e+01 3.000000000000000000e+00 4.000000000000000000e+01 1.969761619807997022e-02 4.571756261695880674e-02 9.386244166372613440e-02 2.634287566108104656e+05
1.900000000000000000e+01 1.500000000000000000e+00 1.200000000000000000e+01 8.449999999999999289e+00 1.000000000000000000e+00 3.500000000000000000e+01 3.000000000000000000e+00 4.000000000000000000e+01 1.409481907094578546e-02 4.007834293148793137e-02 8.904472493348074280e-02 6.886691282452434534e+05
1.900000000000000000e+01 1.500000000000000000e+00 1.200000000000000000e+01 8.449999999999999289e+00 1.000000000000000000e+00 4.000000000000000000e+01 3.000000000000000000e+00 4.000000000000000000e+01 2.449169617839697111e-04 1.288497380988262719e-02 8.043813157622844989e-02 6.106594573252045848e+02
1.900000000000000000e+01 1.500000000000000000e+00 1.200000000000000000e+01 8.449999999999999289e+00 5.000000000000000000e+00 4.000000000000000000e+01 3.000000000000000000e+00 4.000000000000000000e+01 1.584956960165850859e-02 1.249155392394296626e-02 3.319503471091851954e-01 2.432366224167534483e+02
1.900000000000000000e+01 1.500000000000000000e+00 1.200000000000000000e+01 8.449999999999999289e+00 1.000000000000000000e+00 2.500000000000000000e+01 4.000000000000000000e+00 4.000000000000000000e+01 2.334859704244296452e-02 5.838138802245018688e-02 9.306844299775234031e-02 1.018371977297294652e+06
1.900000000000000000e+01 1.500000000000000000e+00 1.200000000000000000e+01 8.449999999999999289e+00 5.000000000000000000e+00 2.500000000000000000e+01 4.000000000000000000e+00 4.000000000000000000e+01 2.456498866024614536e-02 2.020097391257991148e-02 3.382912446919814076e-01 4.809560927452945407e+02
1.900000000000000000e+01 1.500000000000000000e+00 1.200000000000000000e+01 8.449999999999999289e+00 1.000000000000000000e+00 3.500000000000000000e+01 4.000000000000000000e+00 4.000000000000000000e+01 3.864065544685590936e-02 1.142326043218324649e-01 9.047335522345012482e-02 1.887703679518358840e+05
1.900000000000000000e+01 1.500000000000000000e+00 1.200000000000000000e+01 8.449999999999999289e+00 5.000000000000000000e+00 3.500000000000000000e+01 4.000000000000000000e+00 4.000000000000000000e+01 6.110140671136132795e-03 3.346308531633646055e-03 3.320702001207659904e-01 3.002393545906066947e+02
1.900000000000000000e+01 1.500000000000000000e+00 1.200000000000000000e+01 8.449999999999999289e+00 1.000000000000000000e+00 4.000000000000000000e+01 4.000000000000000000e+00 4.000000000000000000e+01 6.664264539679720656e-05 7.699518324150557816e+07 7.100668138388668837e-02 3.664893574517476559e+07
1.900000000000000000e+01 1.500000000000000000e+00 1.200000000000000000e+01 8.449999999999999289e+00 5.000000000000000000e+00 4.000000000000000000e+01 4.000000000000000000e+00 4.000000000000000000e+01 2.158875920887615152e-02 1.865254515386594036e-02 3.067896329034095482e-01 2.525321441123630848e+02
1.900000000000000000e+01 1.500000000000000000e+00 1.200000000000000000e+01 8.449999999999999289e+00 1.000000000000000000e+00 2.500000000000000000e+01 5.000000000000000000e+00 4.000000000000000000e+01 2.720422887901730036e-02 7.341467276701907352e-02 9.298662094375269305e-02 2.079106029606551398e+06
1.900000000000000000e+01 1.500000000000000000e+00 1.200000000000000000e+01 8.449999999999999289e+00 1.000000000000000000e+00 3.500000000000000000e+01 5.000000000000000000e+00 4.000000000000000000e+01 3.975130877371624294e-02 1.265290329037851436e-01 8.790273093771745760e-02 7.137202094413189916e+05
1.900000000000000000e+01 1.500000000000000000e+00 1.200000000000000000e+01 8.449999999999999289e+00 1.000000000000000000e+00 4.000000000000000000e+01 5.000000000000000000e+00 4.000000000000000000e+01 1.728776455323099981e-09 2.426332670404668988e+03 7.580265801093261091e-02 7.807500147561101767e+04
1.900000000000000000e+01 1.500000000000000000e+00 1.200000000000000000e+01 8.449999999999999289e+00 5.000000000000000000e+00 4.000000000000000000e+01 5.000000000000000000e+00 4.000000000000000000e+01 3.660603192315781129e-02 3.536366386063694023e-02 2.949216639763178049e-01 2.465146891197221350e+02
1.900000000000000000e+01 1.500000000000000000e+00 1.200000000000000000e+01 8.449999999999999289e+00 1.000000000000000000e+00 2.500000000000000000e+01 6.000000000000000000e+00 4.000000000000000000e+01 3.099011079138280778e-02 8.324296354194293812e-02 9.607878635916963783e-02 4.381351629700870253e+05
1.900000000000000000e+01 1.500000000000000000e+00 1.200000000000000000e+01 8.449999999999999289e+00 5.000000000000000000e+00 2.500000000000000000e+01 6.000000000000000000e+00 4.000000000000000000e+01 2.959387944155222883e-02 2.805861985778346224e-02 3.294664764524687928e-01 4.602984446359311050e+02
1.900000000000000000e+01 1.500000000000000000e+00 1.200000000000000000e+01 8.449999999999999289e+00 1.000000000000000000e+00 3.500000000000000000e+01 6.000000000000000000e+00 4.000000000000000000e+01 7.041446419191910167e-02 2.636560383068440316e-01 9.093850346334238222e-02 2.631978161843263661e+05
1.900000000000000000e+01 1.500000000000000000e+00 1.200000000000000000e+01 8.449999999999999289e+00 5.000000000000000000e+00 3.500000000000000000e+01 6.000000000000000000e+00 4.000000000000000000e+01 1.058869510147109061e-02 8.150600783351169554e-03 3.043127071854365706e-01 3.107637726024514109e+02
1.900000000000000000e+01 1.500000000000000000e+00 1.200000000000000000e+01 8.449999999999999289e+00 1.000000000000000000e+00 4.000000000000000000e+01 6.000000000000000000e+00 4.000000000000000000e+01 2.102192153112802941e-04 3.591405366677218325e-01 7.649330070258300585e-02 8.936861875601144857e+04
1.900000000000000000e+01 1.500000000000000000e+00 1.200000000000000000e+01 8.449999999999999289e+00 5.000000000000000000e+00 4.000000000000000000e+01 6.000000000000000000e+00 4.000000000000000000e+01 3.910864732150187706e-02 4.542539182390714636e-02 2.799153991173015110e-01 2.579074751122120119e+02
1.900000000000000000e+01 1.500000000000000000e+00 1.200000000000000000e+01 8.449999999999999289e+00 1.000000000000000000e+00 2.500000000000000000e+01 7.000000000000000000e+00 4.000000000000000000e+01 3.363626380542283911e-02 8.156876388871259209e-02 9.440796446104815498e-02 2.454741255914650101e+05
1.900000000000000000e+01 1.500000000000000000e+00 1.200000000000000000e+01 8.449999999999999289e+00 1.000000000000000000e+00 3.500000000000000000e+01 7.000000000000000000e+00 4.000000000000000000e+01 8.299534092523996875e-02 2.516443032411512792e-01 9.282991635330109514e-02 6.433156736837986391e+05
1.900000000000000000e+01 1.500000000000000000e+00 1.200000000000000000e+01 8.449999999999999289e+00 5.000000000000000000e+00 4.000000000000000000e+01 7.000000000000000000e+00 4.000000000000000000e+01 4.850560293822336888e-02 5.203722952567013671e-02 2.745540105248154283e-01 2.521430457770838132e+02
1.900000000000000000e+01 1.500000000000000000e+00 1.200000000000000000e+01 8.449999999999999289e+00 1.000000000000000000e+00 2.500000000000000000e+01 8.000000000000000000e+00 4.000000000000000000e+01 3.700088108708099455e-02 1.024094238451520589e-01 1.011539593484545030e-01 8.418876033570604632e+05
1.900000000000000000e+01 1.500000000000000000e+00 1.200000000000000000e+01 8.449999999999999289e+00 5.000000000000000000e+00 2.500000000000000000e+01 8.000000000000000000e+00 4.000000000000000000e+01 3.358116323210635912e-02 3.470779263253520597e-02 3.294430135018103223e-01 4.119986818625581577e+02
1.900000000000000000e+01 1.500000000000000000e+00 1.200000000000000000e+01 8.449999999999999289e+00 1.000000000000000000e+00 3.500000000000000000e+01 8.000000000000000000e+00 4.000000000000000000e+01 6.131832671136816515e-04 4.818291225114901266e-04 9.572885654341936612e-02 8.087630120742912823e+02
1.900000000000000000e+01 1.500000000000000000e+00 1.200000000000000000e+01 8.449999999999999289e+00 5.000000000000000000e+00 3.500000000000000000e+01 8.000000000000000000e+00 4.000000000000000000e+01 9.723217757847235632e-03 7.153584349470554216e-03 3.282452991340004678e-01 2.541220576828081903e+02
1.900000000000000000e+01 1.500000000000000000e+00 1.200000000000000000e+01 8.449999999999999289e+00 5.000000000000000000e+00 4.000000000000000000e+01 8.000000000000000000e+00 4.000000000000000000e+01 7.645054226543823717e-04 1.447764298485587631e-04 3.514206984759883912e-01 2.358480471983393727e+02
1.900000000000000000e+01 1.500000000000000000e+00 1.200000000000000000e+01 8.449999999999999289e+00 1.000000000000000000e+00 2.500000000000000000e+01 9.000000000000000000e+00 4.000000000000000000e+01 3.842688633187441027e-02 1.079248052844890005e-01 1.074032182735809859e-01 2.753539717648740043e+05
1.900000000000000000e+01 1.500000000000000000e+00 1.200000000000000000e+01 8.449999999999999289e+00 1.000000000000000000e+00 3.500000000000000000e+01 9.000000000000000000e+00 4.000000000000000000e+01 2.653630207457635670e-02 8.549950059983624229e-02 9.228254302056106140e-02 4.803408932088335860e+05
1.900000000000000000e+01 1.500000000000000000e+00 1.200000000000000000e+01 8.449999999999999289e+00 5.000000000000000000e+00 4.000000000000000000e+01 9.000000000000000000e+00 4.000000000000000000e+01 2.252902999166539466e-02 1.676221741845229651e-02 3.048995173143693171e-01 2.233216954447937894e+02
1.900000000000000000e+01 1.500000000000000000e+00 1.200000000000000000e+01 8.449999999999999289e+00 1.000000000000000000e+00 2.500000000000000000e+01 1.000000000000000000e+01 4.000000000000000000e+01 3.002215664336405077e-02 1.020537504814229557e-01 7.618286402629226295e-02 2.005823641560543620e+05
1.900000000000000000e+01 1.500000000000000000e+00 1.200000000000000000e+01 8.449999999999999289e+00 5.000000000000000000e+00 2.500000000000000000e+01 1.000000000000000000e+01 4.000000000000000000e+01 3.399112123838454735e-02 4.099388510105628214e-02 2.865905093574198093e-01 5.459647761707043401e+02
1.900000000000000000e+01 1.500000000000000000e+00 1.200000000000000000e+01 8.449999999999999289e+00 5.000000000000000000e+00 3.500000000000000000e+01 1.000000000000000000e+01 4.000000000000000000e+01 1.904060172287969088e-02 1.806070284073846288e-02 2.883846788779063641e-01 2.665009781874825876e+02
1.900000000000000000e+01 1.500000000000000000e+00 1.200000000000000000e+01 8.449999999999999289e+00 5.000000000000000000e+00 4.000000000000000000e+01 1.000000000000000000e+01 4.000000000000000000e+01 2.118434312441408451e-04 1.665293160280079121e-05 3.095619859338493152e-01 2.988338737195541057e+02
1.900000000000000000e+01 1.500000000000000000e+00 1.200000000000000000e+01 8.449999999999999289e+00 1.000000000000000000e+00 2.500000000000000000e+01 1.100000000000000000e+01 4.000000000000000000e+01 3.293846595603233673e-02 8.757265571873840138e-02 9.344267806779292529e-02 2.427323825767764647e+05
1.900000000000000000e+01 1.500000000000000000e+00 1.200000000000000000e+01 8.449999999999999289e+00 5.000000000000000000e+00 4.000000000000000000e+01 1.100000000000000000e+01 4.000000000000000000e+01 6.710897763750001133e-03 3.984824643022077950e-03 3.084779205767830823e-01 2.288884132303886929e+02
1.900000000000000000e+01 1.500000000000000000e+00 1.200000000000000000e+01 8.449999999999999289e+00 1.000000000000000000e+00 2.500000000000000000e+01 1.200000000000000000e+01 4.000000000000000000e+01 3.579402226049221980e-02 1.052491710868237451e-01 8.546773452860165210e-02 1.240996884356544615e+05
1.900000000000000000e+01 1.500000000000000000e+00 1.200000000000000000e+01 8.449999999999999289e+00 5.000000000000000000e+00 2.500000000000000000e+01 1.200000000000000000e+01 4.000000000000000000e+01 3.536363656840046943e-02 4.552962355484635459e-02 2.696315140772430063e-01 5.153240180151942695e+02
1.900000000000000000e+01 1.500000000000000000e+00 1.200000000000000000e+01 8.449999999999999289e+00 5.000000000000000000e+00 3.500000000000000000e+01 1.200000000000000000e+01 4.000000000000000000e+01 1.271496489328205470e-02 1.071618691008158208e-02 2.531076027810841289e-01 2.759794941498138883e+02
1.900000000000000000e+01 1.500000000000000000e+00 1.200000000000000000e+01 8.449999999999999289e+00 5.000000000000000000e+00 4.000000000000000000e+01 1.200000000000000000e+01 4.000000000000000000e+01 1.499932600222697587e-02 1.037101862804812313e-02 2.996100933192932803e-01 2.307598945774887227e+02
1.900000000000000000e+01 1.500000000000000000e+00 1.200000000000000000e+01 8.449999999999999289e+00 5.000000000000000000e+00 2.500000000000000000e+01 1.400000000000000000e+01 4.000000000000000000e+01 3.540957302859992772e-02 4.314958266976098855e-02 2.635419569283359853e-01 1.632401959671436925e+05
1.900000000000000000e+01 1.500000000000000000e+00 1.200000000000000000e+01 8.449999999999999289e+00 5.000000000000000000e+00 3.500000000000000000e+01 1.400000000000000000e+01 4.000000000000000000e+01 2.714949500718133457e-02 2.795113963683126812e-02 2.852212268863519862e-01 2.443885077481959058e+02
1.900000000000000000e+01 1.500000000000000000e+00 1.200000000000000000e+01 8.449999999999999289e+00 5.000000000000000000e+00 2.500000000000000000e+01 1.600000000000000000e+01 4.000000000000000000e+01 3.836477779804137178e-02 5.199388697929796521e-02 2.593900514417530889e-01 5.789641401876261853e+02
1.900000000000000000e+01 1.500000000000000000e+00 1.200000000000000000e+01 8.449999999999999289e+00 5.000000000000000000e+00 3.500000000000000000e+01 1.600000000000000000e+01 4.000000000000000000e+01 2.950070283440542340e-02 3.006771612852632281e-02 2.440633565612199407e-01 2.889607266823823011e+02
1.900000000000000000e+01 1.500000000000000000e+00 1.200000000000000000e+01 8.449999999999999289e+00 5.000000000000000000e+00 2.500000000000000000e+01 1.800000000000000000e+01 4.000000000000000000e+01 3.538451107259921180e-02 4.520146041728789754e-02 2.568422159065843480e-01 5.166036763299935046e+02
1.900000000000000000e+01 1.500000000000000000e+00 1.200000000000000000e+01 8.449999999999999289e+00 5.000000000000000000e+00 3.500000000000000000e+01 1.800000000000000000e+01 4.000000000000000000e+01 3.628224101657728795e-02 3.045927105363177567e-02 2.615369072590298383e-01 2.579777817744151776e+02
1.900000000000000000e+01 1.500000000000000000e+00 1.200000000000000000e+01 8.449999999999999289e+00 5.000000000000000000e+00 2.500000000000000000e+01 2.200000000000000000e+01 4.000000000000000000e+01 4.734585826372939010e-02 5.463388722546524967e-02 2.609948005105265922e-01 3.291765212980004662e+02
1.900000000000000000e+01 1.500000000000000000e+00 1.200000000000000000e+01 8.449999999999999289e+00 5.000000000000000000e+00 2.500000000000000000e+01 2.400000000000000000e+01 4.000000000000000000e+01 5.181224890949942541e-02 9.112060759447948577e-02 2.338872193200377814e-01 3.661621755810396053e+02
