1.000000000000000000e+00 2.500000000000000000e+00 1.800000000000000000e+01 3.709999999999999964e+00 1.000000000000000000e+00 2.500000000000000000e+01 1.000000000000000056e-01 4.000000000000000000e+01 3.645017768631797495e-02 7.300797113569523766e-02 9.098255017758576091e-02 1.431645074300013075e+05
1.000000000000000000e+00 2.500000000000000000e+00 1.800000000000000000e+01 3.709999999999999964e+00 5.000000000000000000e+00 2.500000000000000000e+01 1.000000000000000056e-01 4.000000000000000000e+01 4.209659342053084785e-02 1.667315124489943123e-02 5.602801636242223937e-01 5.175229525053332509e+02
1.000000000000000000e+00 2.500000000000000000e+00 1.800000000000000000e+01 3.709999999999999964e+00 1.000000000000000000e+00 3.500000000000000000e+01 1.000000000000000056e-01 4.000000000000000000e+01 2.991943473204594639e-02 6.886926229132628308e-02 8.521790898369632772e-02 3.709936935558370315e+05
1.000000000000000000e+00 2.500000000000000000e+00 1.800000000000000000e+01 3.709999999999999964e+00 5.000000000000000000e+00 3.500000000000000000e+01 1.000000000000000056e-01 4.000000000000000000e+01 4.348833680739883079e-02 2.228508005299212336e-02 5.276859404796779840e-01 2.973180680638491253e+02
1.000000000000000000e+00 2.500000000000000000e+00 1.800000000000000000e+01 3.709999999999999964e+00 1.000000000000000000e+01 3.500000000000000000e+01 1.000000000000000056e-01 4.000000000000000000e+01 4.166064686288706298e-02 1.815189497100089255e-02 6.482425560188398439e-01 2.695211367866205023e+02
1.000000000000000000e+00 2.500000000000000000e+00 1.800000000000000000e+01 3.709999999999999964e+00 1.000000000000000000e+00 4.000000000000000000e+01 1.000000000000000056e-01 4.000000000000000000e+01 2.433105942731805804e-02 6.234363092940164996e-02 8.273159759529483126e-02 2.062497192068079021e+05
1.000000000000000000e+00 2.500000000000000000e+00 1.800000000000000000e+01 3.709999999999999964e+00 5.000000000000000000e+00 4.000000000000000000e+01 1.000000000000000056e-01 4.000000000000000000e+01 3.286029679617530341e-02 1.933165406011116971e-02 5.034661722514777171e-01 3.653406081538838635e+02
1.000000000000000000e+00 2.500000000000000000e+00 1.800000000000000000e+01 3.709999999999999964e+00 1.000000000000000000e+01 4.000000000000000000e+01 1.000000000000000056e-01 4.000000000000000000e+01 3.009656152596229539e-02 1.378917687722913676e-02 6.368058947345104359e-01 2.916985477361098447e+02
2.000000000000000000e+00 2.500000000000000000e+00 1.800000000000000000e+01 4.110000000000000320e+00 1.000000000000000000e+00 2.500000000000000000e+01 1.000000000000000056e-01 4.000000000000000000e+01 3.774652242000353652e-02 7.058047447913562422e-02 9.125933291395280089e-02 3.243456808281192207e+05
2.000000000000000000e+00 2.500000000000000000e+00 1.800000000000000000e+01 4.110000000000000320e+00 5.000000000000000000e+00 2.500000000000000000e+01 1.000000000000000056e-01 4.000000000000000000e+01 3.773909399492603178e-02 1.710816959891614530e-02 4.666015278794393151e-01 3.340706431334108402e+02
2.000000000000000000e+00 2.500000000000000000e+00 1.800000000000000000e+01 4.110000000000000320e+00 1.000000000000000000e+01 2.500000000000000000e+01 1.000000000000000056e-01 4.000000000000000000e+01 3.644084080099574408e-02 1.272688763117124644e-02 5.995247783195205571e-01 2.800280766245504651e+02
2.000000000000000000e+00 2.500000000000000000e+00 1.800000000000000000e+01 4.110000000000000320e+00 1.000000000000000000e+00 3.500000000000000000e+01 1.000000000000000056e-01 4.000000000000000000e+01 3.294212060685364207e-02 7.090243403305973580e-02 8.375867786420680694e-02 4.470311128172941389e+05
2.000000000000000000e+00 2.500000000000000000e+00 1.800000000000000000e+01 4.110000000000000320e+00 5.000000000000000000e+00 3.500000000000000000e+01 1.000000000000000056e-01 4.000000000000000000e+01 4.446607007664082900e-02 2.369358202497728882e-02 4.425607871296551865e-01 2.899076606276817074e+02
2.000000000000000000e+00 2.500000000000000000e+00 1.800000000000000000e+01 4.110000000000000320e+00 1.000000000000000000e+01 3.500000000000000000e+01 1.000000000000000056e-01 4.000000000000000000e+01 5.089210302859337176e-02 2.433892142578164552e-02 5.795832078388047925e-01 2.140047697164139322e+02
2.000000000000000000e+00 2.500000000000000000e+00 1.800000000000000000e+01 4.110000000000000320e+00 1.000000000000000000e+00 4.000000000000000000e+01 1.000000000000000056e-01 4.000000000000000000e+01 3.123323309850545293e-02 6.906361822482898205e-02 8.236220873237767859e-02 3.226065085211887490e+05
2.000000000000000000e+00 2.500000000000000000e+00 1.800000000000000000e+01 4.110000000000000320e+00 5.000000000000000000e+00 4.000000000000000000e+01 1.000000000000000056e-01 4.000000000000000000e+01 4.708525042907285574e-02 3.160986307092628067e-02 4.290195503546404554e-01 2.967896672507868630e+02
2.000000000000000000e+00 2.500000000000000000e+00 1.800000000000000000e+01 4.110000000000000320e+00 1.000000000000000000e+01 4.000000000000000000e+01 1.000000000000000056e-01 4.000000000000000000e+01 4.772701395850953432e-02 2.550458128361610122e-02 5.529597773213686951e-01 2.150251464180241783e+02
3.000000000000000000e+00 2.500000000000000000e+00 1.200000000000000000e+01 3.109999999999999876e+00 1.000000000000000000e+00 2.500000000000000000e+01 1.000000000000000056e-01 4.000000000000000000e+01 2.365735778373467824e-02 4.365521640500524825e-02 1.098768044074400901e-01 7.865362746549288277e+05
3.000000000000000000e+00 2.500000000000000000e+00 1.200000000000000000e+01 3.109999999999999876e+00 5.000000000000000000e+00 2.500000000000000000e+01 1.000000000000000056e-01 4.000000000000000000e+01 2.423231098722689048e-02 1.058600636952422569e-02 4.047131998832391164e-01 2.466340673970931050e+02
3.000000000000000000e+00 2.500000000000000000e+00 1.200000000000000000e+01 3.109999999999999876e+00 1.000000000000000000e+01 2.500000000000000000e+01 1.000000000000000056e-01 4.000000000000000000e+01 2.283959892865117247e-02 3.572469493020369313e-03 1.025307696689855552e+00 1.196820599989658689e+02
3.000000000000000000e+00 2.500000000000000000e+00 1.200000000000000000e+01 3.109999999999999876e+00 1.000000000000000000e+00 3.500000000000000000e+01 1.000000000000000056e-01 4.000000000000000000e+01 2.329311463463024090e-02 4.393352257658822424e-02 9.979364593079577406e-02 2.514018738023034239e+05
3.000000000000000000e+00 2.500000000000000000e+00 1.200000000000000000e+01 3.109999999999999876e+00 5.000000000000000000e+00 3.500000000000000000e+01 1.000000000000000056e-01 4.000000000000000000e+01 3.629988843462528258e-02 2.108937358688889319e-02 3.986098861569675189e-01 2.227406247039294271e+02
3.000000000000000000e+00 2.500000000000000000e+00 1.200000000000000000e+01 3.109999999999999876e+00 1.000000000000000000e+01 3.500000000000000000e+01 1.000000000000000056e-01 4.000000000000000000e+01 3.727289805575972892e-02 8.443633640489167647e-03 9.555800230705802090e-01 1.183757715456812036e+02
3.000000000000000000e+00 2.500000000000000000e+00 1.200000000000000000e+01 3.109999999999999876e+00 1.000000000000000000e+00 4.000000000000000000e+01 1.000000000000000056e-01 4.000000000000000000e+01 2.236376980753318477e-02 4.813121164675648878e-02 9.707491210289186101e-02 9.217738069226500811e+05
3.000000000000000000e+00 2.500000000000000000e+00 1.200000000000000000e+01 3.109999999999999876e+00 5.000000000000000000e+00 4.000000000000000000e+01 1.000000000000000056e-01 4.000000000000000000e+01 3.156247288456648370e-02 2.036858201734625951e-02 3.710441966010404324e-01 2.353550034385858396e+02
3.000000000000000000e+00 2.500000000000000000e+00 1.200000000000000000e+01 3.109999999999999876e+00 1.000000000000000000e+01 4.000000000000000000e+01 1.000000000000000056e-01 4.000000000000000000e+01 2.675224774983320231e-02 5.821461198228128353e-03 9.020104339894989831e-01 1.222623882213132873e+02
4.000000000000000000e+00 3.500000000000000000e+00 1.200000000000000000e+01 5.000000000000000000e+00 1.000000000000000000e+00 2.500000000000000000e+01 1.000000000000000056e-01 4.000000000000000000e+01 5.969029210962273346e-02 7.880497479298131935e-02 1.309216979675083548e-01 8.344145344051533611e+05
4.000000000000000000e+00 3.500000000000000000e+00 1.200000000000000000e+01 5.000000000000000000e+00 1.000000000000000000e+01 2.500000000000000000e+01 1.000000000000000056e-01 4.000000000000000000e+01 6.196035376792097260e-02 1.142648229409903848e-02 1.021168830913256942e+00 1.217379149095609705e+02
4.000000000000000000e+00 3.500000000000000000e+00 1.200000000000000000e+01 5.000000000000000000e+00 1.000000000000000000e+00 3.500000000000000000e+01 1.000000000000000056e-01 4.000000000000000000e+01 7.179358207586461482e-02 1.104750629382151850e-01 1.108036582398940484e-01 5.891380183019887190e+05
4.000000000000000000e+00 3.500000000000000000e+00 1.200000000000000000e+01 5.000000000000000000e+00 5.000000000000000000e+00 3.500000000000000000e+01 1.000000000000000056e-01 4.000000000000000000e+01 9.546713141244245193e-02 7.016364165498822913e-02 3.742988845825663824e-01 2.154541708774393385e+02
4.000000000000000000e+00 3.500000000000000000e+00 1.200000000000000000e+01 5.000000000000000000e+00 1.000000000000000000e+01 3.500000000000000000e+01 1.000000000000000056e-01 4.000000000000000000e+01 9.658802266127475278e-02 2.293982478600287145e-02 9.673825617422809886e-01 1.142936480421537198e+02
4.000000000000000000e+00 3.500000000000000000e+00 1.200000000000000000e+01 5.000000000000000000e+00 1.000000000000000000e+00 4.000000000000000000e+01 1.000000000000000056e-01 4.000000000000000000e+01 7.297988140190336814e-02 1.565368861039562187e-01 1.033855255783571458e-01 4.616894710879898630e+05
4.000000000000000000e+00 3.500000000000000000e+00 1.200000000000000000e+01 5.000000000000000000e+00 5.000000000000000000e+00 4.000000000000000000e+01 1.000000000000000056e-01 4.000000000000000000e+01 8.276093936264738993e-02 5.553964430515612172e-02 3.480067717184704978e-01 2.185777464801898589e+02
4.000000000000000000e+00 3.500000000000000000e+00 1.200000000000000000e+01 5.000000000000000000e+00 1.000000000000000000e+01 4.000000000000000000e+01 1.000000000000000056e-01 4.000000000000000000e+01 7.823208962644989661e-02 1.687847049657942300e-02 9.093145310417710681e-01 1.123973687645438702e+02
5.000000000000000000e+00 1.500000000000000000e+00 1.800000000000000000e+01 1.096000000000000085e+01 1.000000000000000000e+00 2.500000000000000000e+01 1.000000000000000056e-01 4.000000000000000000e+01 2.830067271017377983e-02 2.388704966726007406e-02 2.454497676916567450e-01 9.263565256335082813e+04
5.000000000000000000e+00 1.500000000000000000e+00 1.800000000000000000e+01 1.096000000000000085e+01 5.000000000000000000e+00 2.500000000000000000e+01 1.000000000000000056e-01 4.000000000000000000e+01 2.421653256199518545e-02 8.129213987185135437e-03 6.644834836225657071e-01 2.647830746169003078e+02
5.000000000000000000e+00 1.500000000000000000e+00 1.800000000000000000e+01 1.096000000000000085e+01 1.000000000000000000e+00 3.500000000000000000e+01 1.000000000000000056e-01 4.000000000000000000e+01 3.416776868506765652e-02 3.265269544833304671e-02 2.233973270840826642e-01 8.149771752850094344e+05
5.000000000000000000e+00 1.500000000000000000e+00 1.800000000000000000e+01 1.096000000000000085e+01 5.000000000000000000e+00 3.500000000000000000e+01 1.000000000000000056e-01 4.000000000000000000e+01 3.601414325683616191e-02 1.278819003116993258e-02 6.711858734516252811e-01 2.249793710896718437e+02
5.000000000000000000e+00 1.500000000000000000e+00 1.800000000000000000e+01 1.096000000000000085e+01 1.000000000000000000e+01 3.500000000000000000e+01 1.000000000000000056e-01 4.000000000000000000e+01 3.132232475829122009e-02 6.171808827255098606e-03 1.086550111592898604e+00 1.523994796041387474e+02
5.000000000000000000e+00 1.500000000000000000e+00 1.800000000000000000e+01 1.096000000000000085e+01 1.000000000000000000e+00 4.000000000000000000e+01 1.000000000000000056e-01 4.000000000000000000e+01 4.632171742837121187e-02 5.038642716970986868e-02 2.271723767286382978e-01 2.340887531821580138e+06
5.000000000000000000e+00 1.500000000000000000e+00 1.800000000000000000e+01 1.096000000000000085e+01 5.000000000000000000e+00 4.000000000000000000e+01 1.000000000000000056e-01 4.000000000000000000e+01 4.824310066802817154e-02 2.086642035743024870e-02 6.060449451735949733e-01 2.653027065787807715e+02
5.000000000000000000e+00 1.500000000000000000e+00 1.800000000000000000e+01 1.096000000000000085e+01 1.000000000000000000e+01 4.000000000000000000e+01 1.000000000000000056e-01 4.000000000000000000e+01 4.167920431398686176e-02 9.353091231646182280e-03 1.015762309476076819e+00 1.672009849504283636e+02
6.000000000000000000e+00 1.500000000000000000e+00 1.800000000000000000e+01 4.849999999999999645e+00 1.000000000000000000e+00 2.500000000000000000e+01 1.000000000000000056e-01 4.000000000000000000e+01 6.266238188470607540e-03 7.907519847776045552e-03 1.343149079022476489e-01 6.368912432971268427e+05
6.000000000000000000e+00 1.500000000000000000e+00 1.800000000000000000e+01 4.849999999999999645e+00 5.000000000000000000e+00 2.500000000000000000e+01 1.000000000000000056e-01 4.000000000000000000e+01 5.086580968355569610e-03 1.970593650257868035e-03 4.507134387537610198e-01 3.949113822809039220e+02
6.000000000000000000e+00 1.500000000000000000e+00 1.800000000000000000e+01 4.849999999999999645e+00 1.000000000000000000e+01 2.500000000000000000e+01 1.000000000000000056e-01 4.000000000000000000e+01 6.402512499392720713e-04 1.419629405785549636e-05 1.282323145255606534e+00 1.533344662989491667e+02
6.000000000000000000e+00 1.500000000000000000e+00 1.800000000000000000e+01 4.849999999999999645e+00 1.000000000000000000e+00 3.500000000000000000e+01 1.000000000000000056e-01 4.000000000000000000e+01 5.690260262330326668e-03 9.204501838156353699e-03 1.274091074211600172e-01 7.263504006956540024e+02
6.000000000000000000e+00 1.500000000000000000e+00 1.800000000000000000e+01 4.849999999999999645e+00 5.000000000000000000e+00 3.500000000000000000e+01 1.000000000000000056e-01 4.000000000000000000e+01 5.340980642199566475e-03 2.444092115619467265e-03 4.348164530680926898e-01 3.074794091312127193e+02
6.000000000000000000e+00 1.500000000000000000e+00 1.800000000000000000e+01 4.849999999999999645e+00 1.000000000000000000e+01 3.500000000000000000e+01 1.000000000000000056e-01 4.000000000000000000e+01 2.772311450325082305e-03 2.183091666954073418e-04 1.271677557772077360e+00 1.468839911404934355e+02
6.000000000000000000e+00 1.500000000000000000e+00 1.800000000000000000e+01 4.849999999999999645e+00 1.000000000000000000e+00 4.000000000000000000e+01 1.000000000000000056e-01 4.000000000000000000e+01 4.977047314353777452e-03 8.135252416364036065e-03 1.260637411156363130e-01 7.350825415187023282e+02
6.000000000000000000e+00 1.500000000000000000e+00 1.800000000000000000e+01 4.849999999999999645e+00 5.000000000000000000e+00 4.000000000000000000e+01 1.000000000000000056e-01 4.000000000000000000e+01 4.296042965062696339e-03 1.490649468025795343e-03 4.187271524279460033e-01 3.627093438354712589e+02
6.000000000000000000e+00 1.500000000000000000e+00 1.800000000000000000e+01 4.849999999999999645e+00 1.000000000000000000e+01 4.000000000000000000e+01 1.000000000000000056e-01 4.000000000000000000e+01 3.169089655475909595e-03 3.420365035866623771e-04 1.204249918819205289e+00 1.568574134089471386e+02
7.000000000000000000e+00 1.500000000000000000e+00 1.200000000000000000e+01 5.209999999999999964e+00 1.000000000000000000e+00 2.500000000000000000e+01 1.000000000000000056e-01 4.000000000000000000e+01 3.564304319175759517e-03 2.739950370839849825e-03 1.308060721570735996e-01 3.077591586531875691e+02
7.000000000000000000e+00 1.500000000000000000e+00 1.200000000000000000e+01 5.209999999999999964e+00 5.000000000000000000e+00 2.500000000000000000e+01 1.000000000000000056e-01 4.000000000000000000e+01 8.009895147820245143e-06 4.289732791207256923e-09 4.699252627248078906e-01 1.829588659340953711e+02
7.000000000000000000e+00 1.500000000000000000e+00 1.200000000000000000e+01 5.209999999999999964e+00 1.000000000000000000e+00 3.500000000000000000e+01 1.000000000000000056e-01 4.000000000000000000e+01 5.161210412041317142e-03 5.126034800012391202e-03 1.355860781272809901e-01 2.145241294961074061e+02
7.000000000000000000e+00 1.500000000000000000e+00 1.200000000000000000e+01 5.209999999999999964e+00 5.000000000000000000e+00 3.500000000000000000e+01 1.000000000000000056e-01 4.000000000000000000e+01 3.944683689725003717e-04 8.337520593260094870e-06 4.443759407049325261e-01 1.836630286381073915e+02
7.000000000000000000e+00 1.500000000000000000e+00 1.200000000000000000e+01 5.209999999999999964e+00 1.000000000000000000e+01 3.500000000000000000e+01 1.000000000000000056e-01 4.000000000000000000e+01 1.131628968065179208e-05 4.282924237486440688e-09 1.001795722438656444e+00 1.305575367450311433e+02
7.000000000000000000e+00 1.500000000000000000e+00 1.200000000000000000e+01 5.209999999999999964e+00 1.000000000000000000e+00 4.000000000000000000e+01 1.000000000000000056e-01 4.000000000000000000e+01 3.213847234698530286e-03 2.327387556069204777e-03 1.322237883255613922e-01 2.215151494306558959e+02
7.000000000000000000e+00 1.500000000000000000e+00 1.200000000000000000e+01 5.209999999999999964e+00 5.000000000000000000e+00 4.000000000000000000e+01 1.000000000000000056e-01 4.000000000000000000e+01 8.808045035557654501e-06 5.571302530427146849e-09 4.324248059038893754e-01 1.893643975674841897e+02
7.000000000000000000e+00 1.500000000000000000e+00 1.200000000000000000e+01 5.209999999999999964e+00 1.000000000000000000e+01 4.000000000000000000e+01 1.000000000000000056e-01 4.000000000000000000e+01 9.258568799852540110e-06 4.565054334548790393e-09 1.003937359628965575e+00 1.228602427600898608e+02
8.000000000000000000e+00 2.500000000000000000e+00 1.800000000000000000e+01 8.449999999999999289e+00 1.000000000000000000e+00 2.500000000000000000e+01 1.000000000000000056e-01 4.000000000000000000e+01 7.495772805232081559e-02 4.211808413719952959e-02 3.129604225268878270e-01 2.841339602750794029e+02
8.000000000000000000e+00 2.500000000000000000e+00 1.800000000000000000e+01 8.449999999999999289e+00 5.000000000000000000e+00 2.500000000000000000e+01 1.000000000000000056e-01 4.000000000000000000e+01 6.484032161793185089e-02 1.602450772157570924e-02 6.548031140171759468e-01 1.741408338603396260e+02
8.000000000000000000e+00 2.500000000000000000e+00 1.800000000000000000e+01 8.449999999999999289e+00 1.000000000000000000e+01 2.500000000000000000e+01 1.000000000000000056e-01 4.000000000000000000e+01 5.366045085227422184e-02 6.812628778657403572e-03 1.075286503717163722e+00 1.311428524330923437e+02
8.000000000000000000e+00 2.500000000000000000e+00 1.800000000000000000e+01 8.449999999999999289e+00 1.000000000000000000e+00 3.500000000000000000e+01 1.000000000000000056e-01 4.000000000000000000e+01 9.136777341302981803e-02 7.005047926334984076e-02 2.729262453900812013e-01 2.315957343142533773e+02
8.000000000000000000e+00 2.500000000000000000e+00 1.800000000000000000e+01 8.449999999999999289e+00 5.000000000000000000e+00 3.500000000000000000e+01 1.000000000000000056e-01 4.000000000000000000e+01 8.402792323063890123e-02 2.709815770642798327e-02 6.033642929632470064e-01 1.583304647357451813e+02
8.000000000000000000e+00 2.500000000000000000e+00 1.800000000000000000e+01 8.449999999999999289e+00 1.000000000000000000e+01 3.500000000000000000e+01 1.000000000000000056e-01 4.000000000000000000e+01 6.834379503867094030e-02 1.105119108888441559e-02 1.035372937796203097e+00 1.215052797840524192e+02
8.000000000000000000e+00 2.500000000000000000e+00 1.800000000000000000e+01 8.449999999999999289e+00 1.000000000000000000e+00 4.000000000000000000e+01 1.000000000000000056e-01 4.000000000000000000e+01 7.952986319949983951e-02 6.552162412134587832e-02 2.663635815690583164e-01 2.453050614947450754e+02
8.000000000000000000e+00 2.500000000000000000e+00 1.800000000000000000e+01 8.449999999999999289e+00 5.000000000000000000e+00 4.000000000000000000e+01 1.000000000000000056e-01 4.000000000000000000e+01 7.539557819154474316e-02 2.692960721131010260e-02 5.855745001477983269e-01 1.672554024332857523e+02
8.000000000000000000e+00 2.500000000000000000e+00 1.800000000000000000e+01 8.449999999999999289e+00 1.000000000000000000e+01 4.000000000000000000e+01 1.000000000000000056e-01 4.000000000000000000e+01 6.722983429392215271e-02 1.344796507044643263e-02 1.003015413718104432e+00 1.251951175879769380e+02
9.000000000000000000e+00 2.500000000000000000e+00 1.400000000000000000e+01 5.490000000000000213e+00 1.000000000000000000e+00 2.500000000000000000e+01 1.000000000000000056e-01 4.000000000000000000e+01 2.936665931114279537e-02 3.611182465016837817e-02 1.425929217514382008e-01 5.654252738360308967e+02
9.000000000000000000e+00 2.500000000000000000e+00 1.400000000000000000e+01 5.490000000000000213e+00 5.000000000000000000e+00 2.500000000000000000e+01 1.000000000000000056e-01 4.000000000000000000e+01 2.829610667897841658e-02 1.408754176680049319e-02 3.363605321339633303e-01 3.135219776582901545e+02
9.000000000000000000e+00 2.500000000000000000e+00 1.400000000000000000e+01 5.490000000000000213e+00 1.000000000000000000e+01 2.500000000000000000e+01 1.000000000000000056e-01 4.000000000000000000e+01 2.346385977960796509e-02 4.165007381011553989e-03 8.017958043767031695e-01 1.748760974826139432e+02
9.000000000000000000e+00 2.500000000000000000e+00 1.400000000000000000e+01 5.490000000000000213e+00 1.000000000000000000e+00 3.500000000000000000e+01 1.000000000000000056e-01 4.000000000000000000e+01 3.387761190967775171e-02 4.348767416062426783e-02 1.323489209349707485e-01 4.102658439722378034e+02
9.000000000000000000e+00 2.500000000000000000e+00 1.400000000000000000e+01 5.490000000000000213e+00 5.000000000000000000e+00 3.500000000000000000e+01 1.000000000000000056e-01 4.000000000000000000e+01 4.129223550204752513e-02 2.573134818200073504e-02 3.172016613019355002e-01 2.738347072671965066e+02
9.000000000000000000e+00 2.500000000000000000e+00 1.400000000000000000e+01 5.490000000000000213e+00 1.000000000000000000e+00 4.000000000000000000e+01 1.000000000000000056e-01 4.000000000000000000e+01 3.192022356097079516e-02 4.879057875957104606e-02 1.246382684850918382e-01 5.114128345866690779e+02
9.000000000000000000e+00 2.500000000000000000e+00 1.400000000000000000e+01 5.490000000000000213e+00 5.000000000000000000e+00 4.000000000000000000e+01 1.000000000000000056e-01 4.000000000000000000e+01 3.779802797088649413e-02 2.996728817247662491e-02 2.921721400614820108e-01 3.129788217332801423e+02
9.000000000000000000e+00 2.500000000000000000e+00 1.400000000000000000e+01 5.490000000000000213e+00 1.000000000000000000e+01 4.000000000000000000e+01 1.000000000000000056e-01 4.000000000000000000e+01 3.157944122506184392e-02 9.160269972038559416e-03 7.139641260863742733e-01 1.698818718883157715e+02
1.000000000000000000e+01 2.500000000000000000e+00 1.200000000000000000e+01 4.709999999999999964e+00 1.000000000000000000e+00 2.500000000000000000e+01 1.000000000000000056e-01 4.000000000000000000e+01 3.030690406147562577e-02 8.613589201293470055e-02 7.837156231424984021e-02 2.800033313202123973e+05
1.000000000000000000e+01 2.500000000000000000e+00 1.200000000000000000e+01 4.709999999999999964e+00 5.000000000000000000e+00 2.500000000000000000e+01 1.000000000000000056e-01 4.000000000000000000e+01 3.918923832063292423e-02 2.159419010368046621e-02 3.556025845917846762e-01 4.222975521910731800e+02
1.000000000000000000e+01 2.500000000000000000e+00 1.200000000000000000e+01 4.709999999999999964e+00 1.000000000000000000e+00 3.500000000000000000e+01 1.000000000000000056e-01 4.000000000000000000e+01 3.444141633232478128e-02 9.946914259463124353e-02 7.541388930288653314e-02 3.661387939576269127e+05
1.000000000000000000e+01 2.500000000000000000e+00 1.200000000000000000e+01 4.709999999999999964e+00 5.000000000000000000e+00 3.500000000000000000e+01 1.000000000000000056e-01 4.000000000000000000e+01 4.687852165899530910e-02 3.469489354007926352e-02 3.262840620860313900e-01 3.269609893871329973e+02
1.000000000000000000e+01 2.500000000000000000e+00 1.200000000000000000e+01 4.709999999999999964e+00 1.000000000000000000e+01 3.500000000000000000e+01 1.000000000000000056e-01 4.000000000000000000e+01 3.488024531983557885e-02 6.432506942758209334e-03 1.002331991151375057e+00 1.374696418125728030e+02
1.000000000000000000e+01 2.500000000000000000e+00 1.200000000000000000e+01 4.709999999999999964e+00 1.000000000000000000e+00 4.000000000000000000e+01 1.000000000000000056e-01 4.000000000000000000e+01 2.950293311263063600e-02 1.065761004050032046e-01 7.383922044013735420e-02 2.171643839065234060e+05
1.000000000000000000e+01 2.500000000000000000e+00 1.200000000000000000e+01 4.709999999999999964e+00 5.000000000000000000e+00 4.000000000000000000e+01 1.000000000000000056e-01 4.000000000000000000e+01 2.755358860178813707e-02 2.354037227448735337e-02 3.038855810887153841e-01 3.715494846907552073e+02
1.000000000000000000e+01 2.500000000000000000e+00 1.200000000000000000e+01 4.709999999999999964e+00 1.000000000000000000e+01 4.000000000000000000e+01 1.000000000000000056e-01 4.000000000000000000e+01 1.693089359060850896e-02 3.069840670018475492e-03 9.269157942350847446e-01 1.431914296991355684e+02
1.100000000000000000e+01 3.500000000000000000e+00 1.200000000000000000e+01 4.450000000000000178e+00 1.000000000000000000e+00 2.500000000000000000e+01 1.000000000000000056e-01 4.000000000000000000e+01 4.041451630253445337e-02 1.018989249635033900e-01 9.831436898580452055e-02 2.512992364484231221e+05
1.100000000000000000e+01 3.500000000000000000e+00 1.200000000000000000e+01 4.450000000000000178e+00 5.000000000000000000e+00 2.500000000000000000e+01 1.000000000000000056e-01 4.000000000000000000e+01 4.301598900028569261e-02 5.910491110067450649e-02 1.795786936146576973e-01 2.508166499033629370e+05
1.100000000000000000e+01 3.500000000000000000e+00 1.200000000000000000e+01 4.450000000000000178e+00 1.000000000000000000e+01 2.500000000000000000e+01 1.000000000000000056e-01 4.000000000000000000e+01 4.678057012674519122e-02 2.721950940187767287e-02 3.748891621808337904e-01 5.834752931871051942e+02
1.100000000000000000e+01 3.500000000000000000e+00 1.200000000000000000e+01 4.450000000000000178e+00 1.000000000000000000e+00 3.500000000000000000e+01 1.000000000000000056e-01 4.000000000000000000e+01 2.952841393638294676e-02 7.339123830498928136e-02 8.971997805524437042e-02 1.036919608721264172e+06
1.100000000000000000e+01 3.500000000000000000e+00 1.200000000000000000e+01 4.450000000000000178e+00 5.000000000000000000e+00 3.500000000000000000e+01 1.000000000000000056e-01 4.000000000000000000e+01 4.085797208578134665e-02 6.326432050191699297e-02 1.739850028282592109e-01 1.133431710333035095e+06
1.100000000000000000e+01 3.500000000000000000e+00 1.200000000000000000e+01 4.450000000000000178e+00 1.000000000000000000e+01 3.500000000000000000e+01 1.000000000000000056e-01 4.000000000000000000e+01 4.622603976010908333e-02 3.484226673957158127e-02 3.593354890819044911e-01 2.781781445947097495e+02
1.100000000000000000e+01 3.500000000000000000e+00 1.200000000000000000e+01 4.450000000000000178e+00 1.000000000000000000e+00 4.000000000000000000e+01 1.000000000000000056e-01 4.000000000000000000e+01 2.385645548819148587e-02 6.531364694457253428e-02 8.939434279913896497e-02 9.936388792960979044e+05
1.100000000000000000e+01 3.500000000000000000e+00 1.200000000000000000e+01 4.450000000000000178e+00 5.000000000000000000e+00 4.000000000000000000e+01 1.000000000000000056e-01 4.000000000000000000e+01 3.205778321931807007e-02 5.759403013235786517e-02 1.605064549000282947e-01 4.288470996940152254e+05
1.100000000000000000e+01 3.500000000000000000e+00 1.200000000000000000e+01 4.450000000000000178e+00 1.000000000000000000e+01 4.000000000000000000e+01 1.000000000000000056e-01 4.000000000000000000e+01 3.089018030438817064e-02 3.023121333135647681e-02 3.038349954492011173e-01 3.544414499956372424e+02
1.300000000000000000e+01 3.500000000000000000e+00 1.800000000000000000e+01 3.000000000000000000e+00 1.000000000000000000e+00 2.500000000000000000e+01 1.000000000000000056e-01 4.000000000000000000e+01 6.775978614383837417e-02 7.258152219078195522e-02 1.255122521327968477e-01 2.987183788276628889e+02
1.300000000000000000e+01 3.500000000000000000e+00 1.800000000000000000e+01 3.000000000000000000e+00 5.000000000000000000e+00 2.500000000000000000e+01 1.000000000000000056e-01 4.000000000000000000e+01 5.611415088306981325e-02 1.318508964602926881e-02 6.212970529645150952e-01 1.603100883200159217e+02
1.300000000000000000e+01 3.500000000000000000e+00 1.800000000000000000e+01 3.000000000000000000e+00 1.000000000000000000e+01 2.500000000000000000e+01 1.000000000000000056e-01 4.000000000000000000e+01 4.836511585351144227e-02 5.479417089654603501e-03 1.210357054224423967e+00 1.239665779289098140e+02
1.300000000000000000e+01 3.500000000000000000e+00 1.800000000000000000e+01 3.000000000000000000e+00 1.000000000000000000e+00 3.500000000000000000e+01 1.000000000000000056e-01 4.000000000000000000e+01 5.204740114654060612e-02 7.066280812790126653e-02 1.065199135025165916e-01 3.046704793533156703e+02
1.300000000000000000e+01 3.500000000000000000e+00 1.800000000000000000e+01 3.000000000000000000e+00 5.000000000000000000e+00 3.500000000000000000e+01 1.000000000000000056e-01 4.000000000000000000e+01 6.232414025264443325e-02 1.907315026920186618e-02 5.607548049069951412e-01 1.485240895649284596e+02
1.300000000000000000e+01 3.500000000000000000e+00 1.800000000000000000e+01 3.000000000000000000e+00 1.000000000000000000e+01 3.500000000000000000e+01 1.000000000000000056e-01 4.000000000000000000e+01 5.567389266949729354e-02 7.940726243540252582e-03 1.124998413961194821e+00 1.145855355940620086e+02
1.300000000000000000e+01 3.500000000000000000e+00 1.800000000000000000e+01 3.000000000000000000e+00 1.000000000000000000e+00 4.000000000000000000e+01 1.000000000000000056e-01 4.000000000000000000e+01 4.683425772585425584e-02 5.649873552773043706e-02 1.119749218312323519e-01 2.217998931958941284e+02
1.300000000000000000e+01 3.500000000000000000e+00 1.800000000000000000e+01 3.000000000000000000e+00 5.000000000000000000e+00 4.000000000000000000e+01 1.000000000000000056e-01 4.000000000000000000e+01 6.261727096901847922e-02 2.243182782667352271e-02 5.480613043431313836e-01 1.489349827424332204e+02
1.300000000000000000e+01 3.500000000000000000e+00 1.800000000000000000e+01 3.000000000000000000e+00 1.000000000000000000e+01 4.000000000000000000e+01 1.000000000000000056e-01 4.000000000000000000e+01 6.083287711633356132e-02 1.033291348585785308e-02 1.117326110889933943e+00 1.111334352032640425e+02
1.400000000000000000e+01 2.500000000000000000e+00 1.400000000000000000e+01 7.190000000000000391e+00 1.000000000000000000e+00 2.500000000000000000e+01 1.000000000000000056e-01 4.000000000000000000e+01 3.047397398117324130e-02 4.378993608817816074e-02 1.097195971064327813e-01 1.719346530279766057e+03
1.400000000000000000e+01 2.500000000000000000e+00 1.400000000000000000e+01 7.190000000000000391e+00 5.000000000000000000e+00 2.500000000000000000e+01 1.000000000000000056e-01 4.000000000000000000e+01 2.567684446246532026e-02 7.973943258222870867e-03 5.271836187490379633e-01 2.279480982982695707e+02
1.400000000000000000e+01 2.500000000000000000e+00 1.400000000000000000e+01 7.190000000000000391e+00 1.000000000000000000e+01 2.500000000000000000e+01 1.000000000000000056e-01 4.000000000000000000e+01 1.977587451828810572e-02 2.379468914096793952e-03 1.120400920159735358e+00 1.372333858447886712e+02
1.400000000000000000e+01 2.500000000000000000e+00 1.400000000000000000e+01 7.190000000000000391e+00 1.000000000000000000e+00 3.500000000000000000e+01 1.000000000000000056e-01 4.000000000000000000e+01 2.928544709228497744e-02 4.679373369021977425e-02 1.017981782630698745e-01 4.145165471703726894e+02
1.400000000000000000e+01 2.500000000000000000e+00 1.400000000000000000e+01 7.190000000000000391e+00 5.000000000000000000e+00 3.500000000000000000e+01 1.000000000000000056e-01 4.000000000000000000e+01 3.584198952119121984e-02 1.458306511718698850e-02 4.935431980717621681e-01 2.006598326349338777e+02
1.400000000000000000e+01 2.500000000000000000e+00 1.400000000000000000e+01 7.190000000000000391e+00 1.000000000000000000e+01 3.500000000000000000e+01 1.000000000000000056e-01 4.000000000000000000e+01 3.377660815318805909e-02 5.478719227252293322e-03 1.066463239471052926e+00 1.276116826683418992e+02
1.400000000000000000e+01 2.500000000000000000e+00 1.400000000000000000e+01 7.190000000000000391e+00 1.000000000000000000e+00 4.000000000000000000e+01 1.000000000000000056e-01 4.000000000000000000e+01 2.735318757857019278e-02 4.504326364908894931e-02 9.846238316008371072e-02 5.004319774320909460e+02
1.400000000000000000e+01 2.500000000000000000e+00 1.400000000000000000e+01 7.190000000000000391e+00 5.000000000000000000e+00 4.000000000000000000e+01 1.000000000000000056e-01 4.000000000000000000e+01 4.026164813445665125e-02 1.823038917109354173e-02 4.755452744814327448e-01 2.119898175042050354e+02
1.400000000000000000e+01 2.500000000000000000e+00 1.400000000000000000e+01 7.190000000000000391e+00 1.000000000000000000e+01 4.000000000000000000e+01 1.000000000000000056e-01 4.000000000000000000e+01 3.499844279538844027e-02 6.798857337828811964e-03 9.765097852030019121e-01 1.367154128484482953e+02
1.500000000000000000e+01 3.500000000000000000e+00 1.200000000000000000e+01 9.460000000000000853e+00 1.000000000000000000e+00 2.500000000000000000e+01 1.000000000000000056e-01 4.000000000000000000e+01 1.454635580805716533e-01 1.797736918412971008e-01 1.088904045800434955e-01 4.936653043504621601e+05
1.500000000000000000e+01 3.500000000000000000e+00 1.200000000000000000e+01 9.460000000000000853e+00 1.000000000000000000e+01 2.500000000000000000e+01 1.000000000000000056e-01 4.000000000000000000e+01 1.359396423740448778e-01 1.828014829009494413e-02 1.144617758834903132e+00 1.044675385402359922e+02
1.500000000000000000e+01 3.500000000000000000e+00 1.200000000000000000e+01 9.460000000000000853e+00 1.000000000000000000e+00 3.500000000000000000e+01 1.000000000000000056e-01 4.000000000000000000e+01 1.751623963501685033e-01 2.263620774123040746e-01 9.662833309251714353e-02 5.547069618049776182e+05
1.500000000000000000e+01 3.500000000000000000e+00 1.200000000000000000e+01 9.460000000000000853e+00 1.000000000000000000e+01 3.500000000000000000e+01 1.000000000000000056e-01 4.000000000000000000e+01 2.048495027160239790e-01 4.362413502586748315e-02 1.018864250725899145e+00 9.968390481299616113e+01
1.500000000000000000e+01 3.500000000000000000e+00 1.200000000000000000e+01 9.460000000000000853e+00 1.000000000000000000e+00 4.000000000000000000e+01 1.000000000000000056e-01 4.000000000000000000e+01 1.343187081945198535e-01 1.919493198233237496e-01 9.098613269814599669e-02 3.281744096992584527e+05
1.500000000000000000e+01 3.500000000000000000e+00 1.200000000000000000e+01 9.460000000000000853e+00 5.000000000000000000e+00 4.000000000000000000e+01 1.000000000000000056e-01 4.000000000000000000e+01 1.877518166056380000e-01 8.897197224767783297e-02 4.503189958193092313e-01 1.739735801357135472e+02
1.500000000000000000e+01 3.500000000000000000e+00 1.200000000000000000e+01 9.460000000000000853e+00 1.000000000000000000e+01 4.000000000000000000e+01 1.000000000000000056e-01 4.000000000000000000e+01 1.933459204942633569e-01 4.737868228109975988e-02 9.301114818965756648e-01 1.070291106136576502e+02
1.600000000000000000e+01 1.500000000000000000e+00 1.800000000000000000e+01 3.000000000000000000e+00 1.000000000000000000e+00 2.500000000000000000e+01 1.000000000000000056e-01 4.000000000000000000e+01 7.964067377326022878e-03 4.094338241078299134e-03 2.113168818345707023e-01 2.439881078445442881e+02
1.600000000000000000e+01 1.500000000000000000e+00 1.800000000000000000e+01 3.000000000000000000e+00 5.000000000000000000e+00 2.500000000000000000e+01 1.000000000000000056e-01 4.000000000000000000e+01 4.539901600538742699e-03 5.802147937488122409e-04 5.812064058076943374e-01 1.821308756800479216e+02
1.600000000000000000e+01 1.500000000000000000e+00 1.800000000000000000e+01 3.000000000000000000e+00 1.000000000000000000e+01 2.500000000000000000e+01 1.000000000000000056e-01 4.000000000000000000e+01 2.578233217964687185e-05 9.292907332536515241e-09 1.572062744099320897e+00 1.152610972692147158e+02
1.600000000000000000e+01 1.500000000000000000e+00 1.800000000000000000e+01 3.000000000000000000e+00 1.000000000000000000e+00 3.500000000000000000e+01 1.000000000000000056e-01 4.000000000000000000e+01 6.648165320837451375e-03 3.727507121443318638e-03 2.078657055623987504e-01 2.113812193431903381e+02
1.600000000000000000e+01 1.500000000000000000e+00 1.800000000000000000e+01 3.000000000000000000e+00 5.000000000000000000e+00 3.500000000000000000e+01 1.000000000000000056e-01 4.000000000000000000e+01 4.033640289053730399e-03 5.113961759672935870e-04 5.395436643726643222e-01 1.773519297095447484e+02
1.600000000000000000e+01 1.500000000000000000e+00 1.800000000000000000e+01 3.000000000000000000e+00 1.000000000000000000e+01 3.500000000000000000e+01 1.000000000000000056e-01 4.000000000000000000e+01 2.124194594044226392e-05 6.487339998528796059e-09 1.533419453223932249e+00 1.099307372487640606e+02
1.600000000000000000e+01 1.500000000000000000e+00 1.800000000000000000e+01 3.000000000000000000e+00 1.000000000000000000e+00 4.000000000000000000e+01 1.000000000000000056e-01 4.000000000000000000e+01 4.244669349179552853e-03 1.797349301333683869e-03 2.121928918481513215e-01 2.055118943321423615e+02
1.600000000000000000e+01 1.500000000000000000e+00 1.800000000000000000e+01 3.000000000000000000e+00 5.000000000000000000e+00 4.000000000000000000e+01 1.000000000000000056e-01 4.000000000000000000e+01 2.141228415728946288e-03 1.550076944663025813e-04 5.706435982508213378e-01 1.687230134152798371e+02
1.600000000000000000e+01 1.500000000000000000e+00 1.800000000000000000e+01 3.000000000000000000e+00 1.000000000000000000e+01 4.000000000000000000e+01 1.000000000000000056e-01 4.000000000000000000e+01 1.880855563807237729e-05 5.772534672487950047e-09 1.510323634967222661e+00 1.104333842392689888e+02
1.700000000000000000e+01 3.500000000000000000e+00 1.800000000000000000e+01 9.560000000000000497e+00 1.000000000000000000e+00 2.500000000000000000e+01 1.000000000000000056e-01 4.000000000000000000e+01 1.585269493026610910e-01 7.918475397434310281e-02 3.699199715474805195e-01 2.022377460531019722e+02
1.700000000000000000e+01 3.500000000000000000e+00 1.800000000000000000e+01 9.560000000000000497e+00 5.000000000000000000e+00 2.500000000000000000e+01 1.000000000000000056e-01 4.000000000000000000e+01 1.514609755829672277e-01 5.431889768985098677e-02 5.068466791423344997e-01 1.809486119354594109e+02
1.700000000000000000e+01 3.500000000000000000e+00 1.800000000000000000e+01 9.560000000000000497e+00 1.000000000000000000e+01 2.500000000000000000e+01 1.000000000000000056e-01 4.000000000000000000e+01 1.484921507359948656e-01 3.342263549149726565e-02 7.408421672816026815e-01 1.493734857046015634e+02
1.700000000000000000e+01 3.500000000000000000e+00 1.800000000000000000e+01 9.560000000000000497e+00 1.000000000000000000e+00 3.500000000000000000e+01 1.000000000000000056e-01 4.000000000000000000e+01 2.053713408882231750e-01 1.404903270931103787e-01 3.038372427740381188e-01 1.712791347066237506e+02
1.700000000000000000e+01 3.500000000000000000e+00 1.800000000000000000e+01 9.560000000000000497e+00 5.000000000000000000e+00 3.500000000000000000e+01 1.000000000000000056e-01 4.000000000000000000e+01 1.971222878487266517e-01 9.163521591694179236e-02 4.449150881257971646e-01 1.570788449776341906e+02
1.700000000000000000e+01 3.500000000000000000e+00 1.800000000000000000e+01 9.560000000000000497e+00 1.000000000000000000e+01 3.500000000000000000e+01 1.000000000000000056e-01 4.000000000000000000e+01 1.829476370444096389e-01 5.379657162561413131e-02 6.501733851244896334e-01 1.422976610410366050e+02
1.700000000000000000e+01 3.500000000000000000e+00 1.800000000000000000e+01 9.560000000000000497e+00 1.000000000000000000e+00 4.000000000000000000e+01 1.000000000000000056e-01 4.000000000000000000e+01 1.866831754620286166e-01 1.588642158428106299e-01 2.617990203239426994e-01 2.290049495001598245e+02
1.700000000000000000e+01 3.500000000000000000e+00 1.800000000000000000e+01 9.560000000000000497e+00 5.000000000000000000e+00 4.000000000000000000e+01 1.000000000000000056e-01 4.000000000000000000e+01 1.805342020174187656e-01 9.633647122497435156e-02 4.017746389661420170e-01 1.894695278660719282e+02
1.700000000000000000e+01 3.500000000000000000e+00 1.800000000000000000e+01 9.560000000000000497e+00 1.000000000000000000e+01 4.000000000000000000e+01 1.000000000000000056e-01 4.000000000000000000e+01 1.670331008987426813e-01 5.635215531878867701e-02 5.876141606968214859e-01 1.621829348428135518e+02
1.800000000000000000e+01 3.500000000000000000e+00 1.800000000000000000e+01 6.599999999999999645e+00 1.000000000000000000e+00 2.500000000000000000e+01 1.000000000000000056e-01 4.000000000000000000e+01 9.318567443561009966e-02 6.122724945264312879e-02 3.172908210680369656e-01 1.961476782751929131e+05
1.800000000000000000e+01 3.500000000000000000e+00 1.800000000000000000e+01 6.599999999999999645e+00 5.000000000000000000e+00 2.500000000000000000e+01 1.000000000000000056e-01 4.000000000000000000e+01 9.717080393456378751e-02 5.125361122467353425e-02 4.478781392651694504e-01 4.938368415043071309e+02
1.800000000000000000e+01 3.500000000000000000e+00 1.800000000000000000e+01 6.599999999999999645e+00 1.000000000000000000e+01 2.500000000000000000e+01 1.000000000000000056e-01 4.000000000000000000e+01 9.516315149727949674e-02 2.166910860922843796e-02 1.080138254037791956e+00 1.710976209957523508e+02
1.800000000000000000e+01 3.500000000000000000e+00 1.800000000000000000e+01 6.599999999999999645e+00 1.000000000000000000e+00 3.500000000000000000e+01 1.000000000000000056e-01 4.000000000000000000e+01 1.082426285322761750e-01 1.815237523335584413e-01 1.386602878287730989e-01 1.443040684856248845e+05
1.800000000000000000e+01 3.500000000000000000e+00 1.800000000000000000e+01 6.599999999999999645e+00 5.000000000000000000e+00 3.500000000000000000e+01 1.000000000000000056e-01 4.000000000000000000e+01 1.260586645882146861e-01 1.006194612937232336e-01 4.131282332411642111e-01 2.898704120422459027e+02
1.800000000000000000e+01 3.500000000000000000e+00 1.800000000000000000e+01 6.599999999999999645e+00 1.000000000000000000e+01 3.500000000000000000e+01 1.000000000000000056e-01 4.000000000000000000e+01 1.214145550429410747e-01 3.500568317887542413e-02 1.041747902573875173e+00 1.348260993806783290e+02
1.800000000000000000e+01 3.500000000000000000e+00 1.800000000000000000e+01 6.599999999999999645e+00 1.000000000000000000e+00 4.000000000000000000e+01 1.000000000000000056e-01 4.000000000000000000e+01 1.021410796889492545e-01 2.299600010949671702e-01 1.316165151614392403e-01 3.049334457463999279e+05
1.800000000000000000e+01 3.500000000000000000e+00 1.800000000000000000e+01 6.599999999999999645e+00 5.000000000000000000e+00 4.000000000000000000e+01 1.000000000000000056e-01 4.000000000000000000e+01 1.075381760577995838e-01 7.576197027193476430e-02 4.029068993388993936e-01 3.835531185726898684e+02
1.900000000000000000e+01 1.500000000000000000e+00 1.200000000000000000e+01 8.449999999999999289e+00 1.000000000000000000e+00 2.500000000000000000e+01 1.000000000000000056e-01 4.000000000000000000e+01 8.327953229108064903e-03 1.929272125978442887e-02 1.018806280622662069e-01 2.728695102010653354e+05
1.900000000000000000e+01 1.500000000000000000e+00 1.200000000000000000e+01 8.449999999999999289e+00 5.000000000000000000e+00 2.500000000000000000e+01 1.000000000000000056e-01 4.000000000000000000e+01 7.189135147998015896e-03 2.923634607417291420e-03 4.333325621805676486e-01 3.544718870448231200e+02
1.900000000000000000e+01 1.500000000000000000e+00 1.200000000000000000e+01 8.449999999999999289e+00 1.000000000000000000e+01 2.500000000000000000e+01 1.000000000000000056e-01 4.000000000000000000e+01 2.870740941738558760e-03 1.758924905159719998e-04 1.029821324283435535e+00 1.569326930548569408e+02
1.900000000000000000e+01 1.500000000000000000e+00 1.200000000000000000e+01 8.449999999999999289e+00 1.000000000000000000e+00 3.500000000000000000e+01 1.000000000000000056e-01 4.000000000000000000e+01 8.561498995327321282e-03 1.675125914530828375e-02 9.831233696832727964e-02 8.960918602744070813e+05
1.900000000000000000e+01 1.500000000000000000e+00 1.200000000000000000e+01 8.449999999999999289e+00 5.000000000000000000e+00 3.500000000000000000e+01 1.000000000000000056e-01 4.000000000000000000e+01 1.179624279770430384e-02 6.698971053019642241e-03 4.147218007069118362e-01 3.120134406918982108e+02
1.900000000000000000e+01 1.500000000000000000e+00 1.200000000000000000e+01 8.449999999999999289e+00 1.000000000000000000e+01 3.500000000000000000e+01 1.000000000000000056e-01 4.000000000000000000e+01 6.738625474997927967e-03 9.417856450337769303e-04 9.570585010324870190e-01 1.610863347387523845e+02
1.900000000000000000e+01 1.500000000000000000e+00 1.200000000000000000e+01 8.449999999999999289e+00 1.000000000000000000e+00 4.000000000000000000e+01 1.000000000000000056e-01 4.000000000000000000e+01 7.606972563300340440e-03 1.818749779517192522e-02 9.353071745236953005e-02 5.231845573711757897e+05
1.900000000000000000e+01 1.500000000000000000e+00 1.200000000000000000e+01 8.449999999999999289e+00 5.000000000000000000e+00 4.000000000000000000e+01 1.000000000000000056e-01 4.000000000000000000e+01 8.659895113020343871e-03 5.323009558550362286e-03 4.029682807788057541e-01 3.508632147151633376e+02
1.900000000000000000e+01 1.500000000000000000e+00 1.200000000000000000e+01 8.449999999999999289e+00 1.000000000000000000e+01 4.000000000000000000e+01 1.000000000000000056e-01 4.000000000000000000e+01 3.760177519503304921e-03 4.147279966648653726e-04 9.392340119117222885e-01 1.650779241646105220e+02
1.200000000000000000e+01 1.500000000000000000e+00 1.200000000000000000e+01 6.099999999999999645e+00 1.000000000000000000e+00 2.500000000000000000e+01 0.000000000000000000e+00 4.000000000000000000e+01 9.884559831273787012e-03 5.518221460306893533e-03 2.436033979155812212e-01 2.897960005408324946e+02
1.200000000000000000e+01 1.500000000000000000e+00 1.200000000000000000e+01 6.099999999999999645e+00 5.000000000000000000e+00 2.500000000000000000e+01 0.000000000000000000e+00 4.000000000000000000e+01 5.276149403198315824e-03 7.861942129299137605e-04 4.547324900306184969e-01 2.281544129030217221e+02
1.200000000000000000e+01 1.500000000000000000e+00 1.200000000000000000e+01 6.099999999999999645e+00 1.000000000000000000e+00 2.500000000000000000e+01 1.000000000000000056e-01 4.000000000000000000e+01 1.236731555351333611e-02 7.465873390129385001e-03 2.483841157796806975e-01 2.698489343086481540e+02
1.200000000000000000e+01 1.500000000000000000e+00 1.200000000000000000e+01 6.099999999999999645e+00 5.000000000000000000e+00 2.500000000000000000e+01 1.000000000000000056e-01 4.000000000000000000e+01 1.069752720812067182e-02 3.097656767769185748e-03 4.354867163795976825e-01 2.458074431089491725e+02
1.200000000000000000e+01 1.500000000000000000e+00 1.200000000000000000e+01 6.099999999999999645e+00 1.000000000000000000e+00 3.500000000000000000e+01 1.000000000000000056e-01 4.000000000000000000e+01 1.426243446549246841e-02 9.476570220684266133e-03 2.373346044051478920e-01 2.218412365470883856e+02
1.200000000000000000e+01 1.500000000000000000e+00 1.200000000000000000e+01 6.099999999999999645e+00 5.000000000000000000e+00 3.500000000000000000e+01 1.000000000000000056e-01 4.000000000000000000e+01 1.086322757071345180e-02 2.878755593427761994e-03 4.426671858338875332e-01 1.912901618914254129e+02
1.200000000000000000e+01 1.500000000000000000e+00 1.200000000000000000e+01 6.099999999999999645e+00 1.000000000000000000e+00 4.000000000000000000e+01 1.000000000000000056e-01 4.000000000000000000e+01 1.179715531497937953e-02 7.753555407952861245e-03 2.278011381638304633e-01 2.276185603617356037e+02
1.200000000000000000e+01 1.500000000000000000e+00 1.200000000000000000e+01 6.099999999999999645e+00 5.000000000000000000e+00 4.000000000000000000e+01 1.000000000000000056e-01 4.000000000000000000e+01 7.740611624833526605e-03 1.883718050762928087e-03 4.216229935138577911e-01 2.037197586461373362e+02
1.200000000000000000e+01 1.500000000000000000e+00 1.200000000000000000e+01 6.099999999999999645e+00 1.000000000000000000e+00 2.500000000000000000e+01 1.000000000000000000e+00 4.000000000000000000e+01 1.992679992693391355e-02 1.482597476707447903e-02 2.330171925816926781e-01 2.789802182706956728e+02
1.200000000000000000e+01 1.500000000000000000e+00 1.200000000000000000e+01 6.099999999999999645e+00 1.000000000000000000e+00 3.500000000000000000e+01 1.000000000000000000e+00 4.000000000000000000e+01 1.505881028249511644e-02 1.401596634381130357e-02 2.096544749872748803e-01 2.200155884660523498e+02
1.200000000000000000e+01 1.500000000000000000e+00 1.200000000000000000e+01 6.099999999999999645e+00 1.000000000000000000e+00 4.000000000000000000e+01 1.000000000000000000e+00 4.000000000000000000e+01 2.312066452781236237e-02 1.979648999311667268e-02 2.140089566266056842e-01 2.196143469404774464e+02
1.200000000000000000e+01 1.500000000000000000e+00 1.200000000000000000e+01 6.099999999999999645e+00 5.000000000000000000e+00 4.000000000000000000e+01 1.000000000000000000e+00 4.000000000000000000e+01 6.285440781766515883e-03 1.634655702020593182e-03 4.074811426428270877e-01 1.807369903463498133e+02
1.200000000000000000e+01 1.500000000000000000e+00 1.200000000000000000e+01 6.099999999999999645e+00 1.000000000000000000e+00 2.500000000000000000e+01 2.000000000000000000e+00 4.000000000000000000e+01 2.626108464820742228e-02 2.046940808818376034e-02 2.305428913248409317e-01 2.706667893119163182e+02
1.200000000000000000e+01 1.500000000000000000e+00 1.200000000000000000e+01 6.099999999999999645e+00 5.000000000000000000e+00 2.500000000000000000e+01 2.000000000000000000e+00 4.000000000000000000e+01 2.114669416940273550e-02 7.337133501382098189e-03 4.353577593496928411e-01 2.225977432120387789e+02
1.200000000000000000e+01 1.500000000000000000e+00 1.200000000000000000e+01 6.099999999999999645e+00 1.000000000000000000e+00 3.500000000000000000e+01 2.000000000000000000e+00 4.000000000000000000e+01 1.598841832357500437e-02 1.180321172229192861e-02 2.178321066812517748e-01 2.226288598938609198e+02
1.200000000000000000e+01 1.500000000000000000e+00 1.200000000000000000e+01 6.099999999999999645e+00 5.000000000000000000e+00 3.500000000000000000e+01 2.000000000000000000e+00 4.000000000000000000e+01 1.029821431443145308e-02 3.065155148999521018e-03 4.262079461661281710e-01 1.795358832535419822e+02
1.200000000000000000e+01 1.500000000000000000e+00 1.200000000000000000e+01 6.099999999999999645e+00 1.000000000000000000e+00 4.000000000000000000e+01 2.000000000000000000e+00 4.000000000000000000e+01 4.761541312938710746e-02 4.339421125833919923e-02 2.163383126382186494e-01 2.437405279231727206e+02
1.200000000000000000e+01 1.500000000000000000e+00 1.200000000000000000e+01 6.099999999999999645e+00 5.000000000000000000e+00 4.000000000000000000e+01 2.000000000000000000e+00 4.000000000000000000e+01 6.585071561239663751e-03 1.435058352435625295e-03 4.145064140741382408e-01 1.765704905880437536e+02
1.200000000000000000e+01 1.500000000000000000e+00 1.200000000000000000e+01 6.099999999999999645e+00 1.000000000000000000e+00 2.500000000000000000e+01 3.000000000000000000e+00 4.000000000000000000e+01 3.607408493771968594e-02 3.320344706552513792e-02 2.386372082819866736e-01 2.609553111336626330e+02
1.200000000000000000e+01 1.500000000000000000e+00 1.200000000000000000e+01 6.099999999999999645e+00 1.000000000000000000e+00 3.500000000000000000e+01 3.000000000000000000e+00 4.000000000000000000e+01 4.627533280682483152e-02 4.197578668059831486e-02 2.155928371344929817e-01 2.360302541714244740e+02
1.200000000000000000e+01 1.500000000000000000e+00 1.200000000000000000e+01 6.099999999999999645e+00 1.000000000000000000e+00 4.000000000000000000e+01 3.000000000000000000e+00 4.000000000000000000e+01 4.389297199743724676e-02 3.417388085056738412e-02 2.188157817142074579e-01 2.349688039693396888e+02
1.200000000000000000e+01 1.500000000000000000e+00 1.200000000000000000e+01 6.099999999999999645e+00 5.000000000000000000e+00 4.000000000000000000e+01 3.000000000000000000e+00 4.000000000000000000e+01 2.412949393864338710e-02 8.977689841274338889e-03 4.251245787787852892e-01 1.708791414937012121e+02
1.200000000000000000e+01 1.500000000000000000e+00 1.200000000000000000e+01 6.099999999999999645e+00 1.000000000000000000e+00 2.500000000000000000e+01 4.000000000000000000e+00 4.000000000000000000e+01 3.334145312467362565e-02 2.973879362756814970e-02 2.267280508392338079e-01 2.689807192407577645e+02
1.200000000000000000e+01 1.500000000000000000e+00 1.200000000000000000e+01 6.099999999999999645e+00 5.000000000000000000e+00 2.500000000000000000e+01 4.000000000000000000e+00 4.000000000000000000e+01 2.856382578472316247e-02 1.288778708849958043e-02 4.389048117380949243e-01 2.010571628122786763e+02
1.200000000000000000e+01 1.500000000000000000e+00 1.200000000000000000e+01 6.099999999999999645e+00 1.000000000000000000e+00 3.500000000000000000e+01 4.000000000000000000e+00 4.000000000000000000e+01 4.329057373168310185e-02 3.656430826774403897e-02 2.236191745359245864e-01 2.347814965800712912e+02
1.200000000000000000e+01 1.500000000000000000e+00 1.200000000000000000e+01 6.099999999999999645e+00 5.000000000000000000e+00 3.500000000000000000e+01 4.000000000000000000e+00 4.000000000000000000e+01 1.199337420733792570e-02 3.520492768548821871e-03 4.327940244040176521e-01 1.744087351503819434e+02
1.200000000000000000e+01 1.500000000000000000e+00 1.200000000000000000e+01 6.099999999999999645e+00 1.000000000000000000e+00 4.000000000000000000e+01 4.000000000000000000e+00 4.000000000000000000e+01 3.760792122164957618e-09 1.322833318976446435e+03 1.535239271672445838e-01 5.645791387941902212e+04
1.200000000000000000e+01 1.500000000000000000e+00 1.200000000000000000e+01 6.099999999999999645e+00 5.000000000000000000e+00 4.000000000000000000e+01 4.000000000000000000e+00 4.000000000000000000e+01 4.434941677076031930e-02 1.817655326071410116e-02 4.260932778611923322e-01 1.724174046002004275e+02
1.200000000000000000e+01 1.500000000000000000e+00 1.200000000000000000e+01 6.099999999999999645e+00 1.000000000000000000e+00 2.500000000000000000e+01 5.000000000000000000e+00 4.000000000000000000e+01 3.379775620226177502e-02 2.963004693581705595e-02 2.251606181362439396e-01 2.632079870646050495e+02
1.200000000000000000e+01 1.500000000000000000e+00 1.200000000000000000e+01 6.099999999999999645e+00 1.000000000000000000e+00 3.500000000000000000e+01 5.000000000000000000e+00 4.000000000000000000e+01 8.589983424497438236e-02 7.767102862844010858e-02 2.168532907882244065e-01 2.528340350157013461e+02
1.200000000000000000e+01 1.500000000000000000e+00 1.200000000000000000e+01 6.099999999999999645e+00 1.000000000000000000e+00 4.000000000000000000e+01 5.000000000000000000e+00 4.000000000000000000e+01 3.333500870025307705e-02 3.195313926135900928e-02 2.109974725176206878e-01 2.274227591389244765e+02
1.200000000000000000e+01 1.500000000000000000e+00 1.200000000000000000e+01 6.099999999999999645e+00 5.000000000000000000e+00 4.000000000000000000e+01 5.000000000000000000e+00 4.000000000000000000e+01 2.892630912434013268e-02 1.549844993508542323e-02 4.086957201486036140e-01 1.692100436645926038e+02
1.200000000000000000e+01 1.500000000000000000e+00 1.200000000000000000e+01 6.099999999999999645e+00 1.000000000000000000e+00 2.500000000000000000e+01 6.000000000000000000e+00 4.000000000000000000e+01 3.712391903212641786e-02 3.229559656017166880e-02 2.357662669469315353e-01 2.547158450629254105e+02
1.200000000000000000e+01 1.500000000000000000e+00 1.200000000000000000e+01 6.099999999999999645e+00 5.000000000000000000e+00 2.500000000000000000e+01 6.000000000000000000e+00 4.000000000000000000e+01 3.045082447674896109e-02 1.268292785393199118e-02 4.558941125425884922e-01 1.898091439952520716e+02
1.200000000000000000e+01 1.500000000000000000e+00 1.200000000000000000e+01 6.099999999999999645e+00 1.000000000000000000e+00 3.500000000000000000e+01 6.000000000000000000e+00 4.000000000000000000e+01 6.691795012295131961e-02 5.039992101434442873e-02 2.285833008535979594e-01 2.444490044502138630e+02
1.200000000000000000e+01 1.500000000000000000e+00 1.200000000000000000e+01 6.099999999999999645e+00 5.000000000000000000e+00 3.500000000000000000e+01 6.000000000000000000e+00 4.000000000000000000e+01 1.240528890852155008e-02 3.630079571575350883e-03 4.540773846289655191e-01 1.643348405474083052e+02
1.200000000000000000e+01 1.500000000000000000e+00 1.200000000000000000e+01 6.099999999999999645e+00 1.000000000000000000e+00 4.000000000000000000e+01 6.000000000000000000e+00 4.000000000000000000e+01 2.868997786009686024e-07 6.585986200846605243e-09 2.088231205671816082e-01 2.092564269818736022e+02
1.200000000000000000e+01 1.500000000000000000e+00 1.200000000000000000e+01 6.099999999999999645e+00 5.000000000000000000e+00 4.000000000000000000e+01 6.000000000000000000e+00 4.000000000000000000e+01 7.782547101150205648e-02 3.753177039633914802e-02 4.473798071751248218e-01 1.644597614899955147e+02
1.200000000000000000e+01 1.500000000000000000e+00 1.200000000000000000e+01 6.099999999999999645e+00 1.000000000000000000e+00 2.500000000000000000e+01 7.000000000000000000e+00 4.000000000000000000e+01 4.299040780686658181e-02 4.237671033688261701e-02 2.422811518221327509e-01 2.453285206252080570e+02
1.200000000000000000e+01 1.500000000000000000e+00 1.200000000000000000e+01 6.099999999999999645e+00 1.000000000000000000e+00 3.500000000000000000e+01 7.000000000000000000e+00 4.000000000000000000e+01 8.399266031715391101e-02 6.586218637074736648e-02 2.389194434378730247e-01 2.436041573595772718e+02
1.200000000000000000e+01 1.500000000000000000e+00 1.200000000000000000e+01 6.099999999999999645e+00 5.000000000000000000e+00 4.000000000000000000e+01 7.000000000000000000e+00 4.000000000000000000e+01 6.216418551007163451e-02 2.541569094743323376e-02 4.607012239251682684e-01 1.604135500229693889e+02
1.200000000000000000e+01 1.500000000000000000e+00 1.200000000000000000e+01 6.099999999999999645e+00 1.000000000000000000e+00 2.500000000000000000e+01 8.000000000000000000e+00 4.000000000000000000e+01 3.778277776955785150e-02 3.578434238089878150e-02 2.402468525362159157e-01 2.453716639673637019e+02
1.200000000000000000e+01 1.500000000000000000e+00 1.200000000000000000e+01 6.099999999999999645e+00 5.000000000000000000e+00 2.500000000000000000e+01 8.000000000000000000e+00 4.000000000000000000e+01 3.485936402430889203e-02 1.608240666313465184e-02 4.890750424185486001e-01 1.825843447725749229e+02
1.200000000000000000e+01 1.500000000000000000e+00 1.200000000000000000e+01 6.099999999999999645e+00 1.000000000000000000e+00 3.500000000000000000e+01 8.000000000000000000e+00 4.000000000000000000e+01 9.623321259588624166e-02 8.168230512943863708e-02 2.317896356899930288e-01 2.445859698824901329e+02
1.200000000000000000e+01 1.500000000000000000e+00 1.200000000000000000e+01 6.099999999999999645e+00 5.000000000000000000e+00 3.500000000000000000e+01 8.000000000000000000e+00 4.000000000000000000e+01 2.189868079065226958e-02 8.198284124002253037e-03 4.546329276419914245e-01 1.622523907366068840e+02
1.200000000000000000e+01 1.500000000000000000e+00 1.200000000000000000e+01 6.099999999999999645e+00 5.000000000000000000e+00 4.000000000000000000e+01 8.000000000000000000e+00 4.000000000000000000e+01 1.371099637380135405e-02 5.341895877713387364e-03 4.982689084648307398e-01 1.494503972272773353e+02
1.200000000000000000e+01 1.500000000000000000e+00 1.200000000000000000e+01 6.099999999999999645e+00 1.000000000000000000e+00 2.500000000000000000e+01 9.000000000000000000e+00 4.000000000000000000e+01 4.187198348795151404e-02 3.557156527791316414e-02 2.462170416703575448e-01 2.476163302133128639e+02
1.200000000000000000e+01 1.500000000000000000e+00 1.200000000000000000e+01 6.099999999999999645e+00 1.000000000000000000e+00 3.500000000000000000e+01 9.000000000000000000e+00 4.000000000000000000e+01 7.613317286225984581e-02 6.492341433958959129e-02 2.420231459328304191e-01 2.442553267411028060e+02
1.200000000000000000e+01 1.500000000000000000e+00 1.200000000000000000e+01 6.099999999999999645e+00 5.000000000000000000e+00 4.000000000000000000e+01 9.000000000000000000e+00 4.000000000000000000e+01 2.824959432029539030e-02 1.160525454743566165e-02 4.737916583351530764e-01 1.572443912032459252e+02
1.200000000000000000e+01 1.500000000000000000e+00 1.200000000000000000e+01 6.099999999999999645e+00 1.000000000000000000e+00 2.500000000000000000e+01 1.000000000000000000e+01 4.000000000000000000e+01 4.801165646391791775e-02 4.574647472382942226e-02 2.590706114684573347e-01 2.173169915378938981e+02
1.200000000000000000e+01 1.500000000000000000e+00 1.200000000000000000e+01 6.099999999999999645e+00 5.000000000000000000e+00 2.500000000000000000e+01 1.000000000000000000e+01 4.000000000000000000e+01 3.785542224078719542e-02 1.808955276694135250e-02 4.993243138717778362e-01 1.704411822427892673e+02
1.200000000000000000e+01 1.500000000000000000e+00 1.200000000000000000e+01 6.099999999999999645e+00 5.000000000000000000e+00 3.500000000000000000e+01 1.000000000000000000e+01 4.000000000000000000e+01 1.677409617632141803e-02 5.103985107038466751e-03 4.895406752732505695e-01 1.544581706681586297e+02
1.200000000000000000e+01 1.500000000000000000e+00 1.200000000000000000e+01 6.099999999999999645e+00 5.000000000000000000e+00 4.000000000000000000e+01 1.000000000000000000e+01 4.000000000000000000e+01 4.210286778464866764e-02 1.424184361085512052e-02 5.278088456358466241e-01 1.470798381052073864e+02
1.200000000000000000e+01 1.500000000000000000e+00 1.200000000000000000e+01 6.099999999999999645e+00 1.000000000000000000e+00 2.500000000000000000e+01 1.100000000000000000e+01 4.000000000000000000e+01 4.319186693902055119e-02 4.556520360859606100e-02 2.349232407421854296e-01 2.397152635432521777e+02
1.200000000000000000e+01 1.500000000000000000e+00 1.200000000000000000e+01 6.099999999999999645e+00 5.000000000000000000e+00 4.000000000000000000e+01 1.100000000000000000e+01 4.000000000000000000e+01 2.005727591473882576e-02 6.263483483264664642e-03 5.056305020811983075e-01 1.546213516582686509e+02
1.200000000000000000e+01 1.500000000000000000e+00 1.200000000000000000e+01 6.099999999999999645e+00 1.000000000000000000e+00 2.500000000000000000e+01 1.200000000000000000e+01 4.000000000000000000e+01 4.638571659649004530e-02 4.827352084600189386e-02 2.376706851167917078e-01 2.574297346482534294e+02
1.200000000000000000e+01 1.500000000000000000e+00 1.200000000000000000e+01 6.099999999999999645e+00 5.000000000000000000e+00 2.500000000000000000e+01 1.200000000000000000e+01 4.000000000000000000e+01 3.597073168054243375e-02 1.736356398878990959e-02 4.892062812915017322e-01 1.767613427943466320e+02
1.200000000000000000e+01 1.500000000000000000e+00 1.200000000000000000e+01 6.099999999999999645e+00 5.000000000000000000e+00 3.500000000000000000e+01 1.200000000000000000e+01 4.000000000000000000e+01 4.236690621172245486e-02 2.005602600595368656e-02 4.606211676523428999e-01 1.570734197104576708e+02
1.200000000000000000e+01 1.500000000000000000e+00 1.200000000000000000e+01 6.099999999999999645e+00 5.000000000000000000e+00 4.000000000000000000e+01 1.200000000000000000e+01 4.000000000000000000e+01 4.517616364818510810e-02 1.900158050977451829e-02 4.833003274392818627e-01 1.501891849630679019e+02
1.200000000000000000e+01 1.500000000000000000e+00 1.200000000000000000e+01 6.099999999999999645e+00 5.000000000000000000e+00 2.500000000000000000e+01 1.400000000000000000e+01 4.000000000000000000e+01 3.313013540466580586e-02 1.617912438190249880e-02 4.772418298369470180e-01 1.681315059586308109e+02
1.200000000000000000e+01 1.500000000000000000e+00 1.200000000000000000e+01 6.099999999999999645e+00 5.000000000000000000e+00 3.500000000000000000e+01 1.400000000000000000e+01 4.000000000000000000e+01 1.713529504554056615e-02 4.782488844912613501e-03 4.976397535297441554e-01 1.527123428080693373e+02
1.200000000000000000e+01 1.500000000000000000e+00 1.200000000000000000e+01 6.099999999999999645e+00 5.000000000000000000e+00 2.500000000000000000e+01 1.600000000000000000e+01 4.000000000000000000e+01 3.433806011652640322e-02 1.665976474650832095e-02 4.755999695640599767e-01 1.755262118136787990e+02
1.200000000000000000e+01 1.500000000000000000e+00 1.200000000000000000e+01 6.099999999999999645e+00 5.000000000000000000e+00 3.500000000000000000e+01 1.600000000000000000e+01 4.000000000000000000e+01 5.111503966023400736e-02 3.071101951000732022e-02 4.897157150757586730e-01 1.506566878754327092e+02
1.200000000000000000e+01 1.500000000000000000e+00 1.200000000000000000e+01 6.099999999999999645e+00 5.000000000000000000e+00 2.500000000000000000e+01 1.800000000000000000e+01 4.000000000000000000e+01 3.062720052824530192e-02 1.280787367422409062e-02 4.955757404310001668e-01 1.658167723163060145e+02
1.200000000000000000e+01 1.500000000000000000e+00 1.200000000000000000e+01 6.099999999999999645e+00 5.000000000000000000e+00 3.500000000000000000e+01 1.800000000000000000e+01 4.000000000000000000e+01 5.413970557816605300e-02 2.159859779549533343e-02 5.368724190566922516e-01 1.391887644128185002e+02
1.200000000000000000e+01 1.500000000000000000e+00 1.200000000000000000e+01 6.099999999999999645e+00 5.000000000000000000e+00 2.500000000000000000e+01 2.000000000000000000e+01 4.000000000000000000e+01 4.015091738244280783e-02 1.756735281336796461e-02 5.051769706060269538e-01 1.659635138657086202e+02
1.200000000000000000e+01 1.500000000000000000e+00 1.200000000000000000e+01 6.099999999999999645e+00 5.000000000000000000e+00 2.500000000000000000e+01 2.200000000000000000e+01 4.000000000000000000e+01 4.326990391030505201e-02 1.738054631077412537e-02 5.232820970452809473e-01 1.529586394143256030e+02
1.200000000000000000e+01 1.500000000000000000e+00 1.200000000000000000e+01 6.099999999999999645e+00 5.000000000000000000e+00 2.500000000000000000e+01 2.400000000000000000e+01 4.000000000000000000e+01 3.666128432743587240e-02 1.437237822303738533e-02 5.014073678590527106e-01 1.592622323539958984e+02
