15,3.5,12,9.46,0,100.04,0.51256
15,3.5,12,9.46,0,79.466,0.54075
15,3.5,12,9.46,0,63.121,0.56979
15,3.5,12,9.46,0,50.139,0.5996
15,3.5,12,9.46,0,39.827,0.62867
15,3.5,12,9.46,0,31.635,0.65739
15,3.5,12,9.46,0,25.129,0.68564
15,3.5,12,9.46,0,19.961,0.7146
15,3.5,12,9.46,0,15.855,0.7444
15,3.5,12,9.46,0,12.594,0.77547
15,3.5,12,9.46,0,10.004,0.80786
15,3.5,12,9.46,0,7.9459,0.84313
15,3.5,12,9.46,0,6.3123,0.88153
15,3.5,12,9.46,0,5.013,0.92403
15,3.5,12,9.46,0,3.9826,0.97015
15,3.5,12,9.46,0,3.1632,1.022
15,3.5,12,9.46,0,2.5124,1.0803
15,3.5,12,9.46,0,1.9959,1.1485
15,3.5,12,9.46,0,1.5854,1.2253
15,3.5,12,9.46,0,1.2598,1.3116
15,3.5,12,9.46,0,1.0001,1.4112
15,3.5,12,9.46,0,0.79407,1.5295
15,3.5,12,9.46,0,0.63108,1.6585
15,3.5,12,9.46,0,0.50128,1.8143
15,3.5,12,9.46,0,0.39874,1.9895
15,3.5,12,9.46,0,0.31622,2.206
15,3.5,12,9.46,0,0.25153,2.4519
15,3.5,12,9.46,0,0.19983,2.7425
15,3.5,12,9.46,0,0.15893,3.0834
15,3.5,12,9.46,0,0.1262,3.4905
15,3.5,12,9.46,0,0.10042,3.968
15,3.5,12,9.46,0,0.079687,4.537
15,3.5,12,9.46,0,0.063282,5.2297
15,3.5,12,9.46,0,0.050218,6.0652
15,3.5,12,9.46,0,0.03981,7.0736
15,3.5,12,9.46,0,0.031446,8.2953
15,3.5,12,9.46,0,0.025062,9.7026
15,3.5,12,9.46,0,0.019969,11.423
15,3.5,12,9.46,0,0.01556,13.816
15,3.5,12,9.46,0,0.012397,16.346
15,3.5,12,9.46,0,0.010222,18.816
15,3.5,12,9.46,0,0.010751,18.276
15,3.5,12,9.46,0.1,100.04,0.52109
15,3.5,12,9.46,0.1,79.463,0.54917
15,3.5,12,9.46,0.1,63.121,0.5806
15,3.5,12,9.46,0.1,50.139,0.61155
15,3.5,12,9.46,0.1,39.828,0.64265
15,3.5,12,9.46,0.1,31.638,0.67278
15,3.5,12,9.46,0.1,25.128,0.70327
15,3.5,12,9.46,0.1,19.96,0.7335
15,3.5,12,9.46,0.1,15.854,0.76504
15,3.5,12,9.46,0.1,12.595,0.79776
15,3.5,12,9.46,0.1,10.004,0.83252
15,3.5,12,9.46,0.1,7.9461,0.86908
15,3.5,12,9.46,0.1,6.3113,0.91038
15,3.5,12,9.46,0.1,5.0142,0.9543
15,3.5,12,9.46,0.1,3.9823,1.0024
15,3.5,12,9.46,0.1,3.1627,1.0577
15,3.5,12,9.46,0.1,2.5124,1.1207
15,3.5,12,9.46,0.1,1.9972,1.1899
15,3.5,12,9.46,0.1,1.5857,1.2702
15,3.5,12,9.46,0.1,1.259,1.3644
15,3.5,12,9.46,0.1,1.0011,1.4664
15,3.5,12,9.46,0.1,0.79413,1.5911
15,3.5,12,9.46,0.1,0.63216,1.7248
15,3.5,12,9.46,0.1,0.5008,1.8955
15,3.5,12,9.46,0.1,0.39755,2.0877
15,3.5,12,9.46,0.1,0.31613,2.3092
15,3.5,12,9.46,0.1,0.25234,2.5565
15,3.5,12,9.46,0.1,0.19948,2.8804
15,3.5,12,9.46,0.1,0.15871,3.2417
15,3.5,12,9.46,0.1,0.12544,3.6898
15,3.5,12,9.46,0.1,0.099505,4.2188
15,3.5,12,9.46,0.1,0.07973,4.7917
15,3.5,12,9.46,0.1,0.063533,5.4972
15,3.5,12,9.46,0.1,0.049952,6.4491
15,3.5,12,9.46,0.1,0.040311,7.3827
15,3.5,12,9.46,0.1,0.03157,8.7865
15,3.5,12,9.46,0.1,0.025168,10.279
15,3.5,12,9.46,0.1,0.019932,12.191
15,3.5,12,9.46,0.1,0.015132,15.065
15,3.5,12,9.46,0.1,0.012701,17.017
15,3.5,12,9.46,0.1,0.010094,20.294
15,3.5,12,9.46,0.1,0.010415,19.961
15,3.5,12,9.46,1,100.04,0.61743
15,3.5,12,9.46,1,79.465,0.65117
15,3.5,12,9.46,1,63.122,0.69324
15,3.5,12,9.46,1,50.138,0.7385
15,3.5,12,9.46,1,39.827,0.78464
15,3.5,12,9.46,1,31.635,0.83289
15,3.5,12,9.46,1,25.128,0.88314
15,3.5,12,9.46,1,19.96,0.93424
15,3.5,12,9.46,1,15.856,0.98996
15,3.5,12,9.46,1,12.594,1.0479
15,3.5,12,9.46,1,10.004,1.1141
15,3.5,12,9.46,1,7.9461,1.1837
15,3.5,12,9.46,1,6.3126,1.2615
15,3.5,12,9.46,1,5.0142,1.3507
15,3.5,12,9.46,1,3.9829,1.4523
15,3.5,12,9.46,1,3.1635,1.5703
15,3.5,12,9.46,1,2.5124,1.704
15,3.5,12,9.46,1,1.9957,1.8598
15,3.5,12,9.46,1,1.5855,2.0414
15,3.5,12,9.46,1,1.259,2.2564
15,3.5,12,9.46,1,1.0008,2.5085
15,3.5,12,9.46,1,0.79487,2.8075
15,3.5,12,9.46,1,0.63171,3.1671
15,3.5,12,9.46,1,0.5014,3.5928
15,3.5,12,9.46,1,0.39751,4.1145
15,3.5,12,9.46,1,0.31651,4.7174
15,3.5,12,9.46,1,0.25152,5.4431
15,3.5,12,9.46,1,0.19956,6.3398
15,3.5,12,9.46,1,0.15853,7.3989
15,3.5,12,9.46,1,0.12625,8.6738
15,3.5,12,9.46,1,0.099746,10.302
15,3.5,12,9.46,1,0.079803,12.105
15,3.5,12,9.46,1,0.063174,14.448
15,3.5,12,9.46,1,0.050237,17.238
15,3.5,12,9.46,1,0.039643,20.785
15,3.5,12,9.46,1,0.03172,24.783
15,3.5,12,9.46,1,0.025124,29.944
15,3.5,12,9.46,1,0.019935,36.105
15,3.5,12,9.46,1,0.015917,43.445
15,3.5,12,9.46,1,0.012484,53.279
15,3.5,12,9.46,1,0.009784,65.742
15,3.5,12,9.46,1,0.010058,64.229
15,3.5,12,9.46,2,100.04,0.67731
15,3.5,12,9.46,2,79.465,0.71971
15,3.5,12,9.46,2,63.121,0.76965
15,3.5,12,9.46,2,50.138,0.82377
15,3.5,12,9.46,2,39.827,0.87924
15,3.5,12,9.46,2,31.635,0.93818
15,3.5,12,9.46,2,25.13,0.99758
15,3.5,12,9.46,2,19.96,1.0624
15,3.5,12,9.46,2,15.856,1.1299
15,3.5,12,9.46,2,12.594,1.2016
15,3.5,12,9.46,2,10.004,1.2775
15,3.5,12,9.46,2,7.9462,1.3666
15,3.5,12,9.46,2,6.3119,1.4608
15,3.5,12,9.46,2,5.0131,1.5712
15,3.5,12,9.46,2,3.9821,1.6966
15,3.5,12,9.46,2,3.1638,1.8371
15,3.5,12,9.46,2,2.5129,2.0018
15,3.5,12,9.46,2,1.996,2.193
15,3.5,12,9.46,2,1.5857,2.4209
15,3.5,12,9.46,2,1.2593,2.6904
15,3.5,12,9.46,2,1.001,3
15,3.5,12,9.46,2,0.79375,3.3818
15,3.5,12,9.46,2,0.63113,3.8201
15,3.5,12,9.46,2,0.50126,4.3541
15,3.5,12,9.46,2,0.3974,5.0049
15,3.5,12,9.46,2,0.31594,5.7636
15,3.5,12,9.46,2,0.25127,6.6699
15,3.5,12,9.46,2,0.19989,7.7727
15,3.5,12,9.46,2,0.15806,9.1599
15,3.5,12,9.46,2,0.12612,10.72
15,3.5,12,9.46,2,0.10029,12.668
15,3.5,12,9.46,2,0.079467,15.108
15,3.5,12,9.46,2,0.063368,17.939
15,3.5,12,9.46,2,0.050005,21.627
15,3.5,12,9.46,2,0.039403,26.159
15,3.5,12,9.46,2,0.031676,31.17
15,3.5,12,9.46,2,0.025409,37.097
15,3.5,12,9.46,2,0.020341,44.746
15,3.5,12,9.46,2,0.016011,54.717
15,3.5,12,9.46,2,0.013908,60.79
15,3.5,12,9.46,2,0.010389,78.113
15,3.5,12,9.46,2,0.0098877,82.984
15,3.5,12,9.46,3,100.04,0.62759
15,3.5,12,9.46,3,79.464,0.66589
15,3.5,12,9.46,3,63.121,0.71167
15,3.5,12,9.46,3,50.138,0.76012
15,3.5,12,9.46,3,39.827,0.81178
15,3.5,12,9.46,3,31.635,0.86393
15,3.5,12,9.46,3,25.128,0.92122
15,3.5,12,9.46,3,19.961,0.97844
15,3.5,12,9.46,3,15.856,1.04
15,3.5,12,9.46,3,12.595,1.1085
15,3.5,12,9.46,3,10.005,1.1839
15,3.5,12,9.46,3,7.9469,1.2645
15,3.5,12,9.46,3,6.3125,1.3586
15,3.5,12,9.46,3,5.0144,1.4618
15,3.5,12,9.46,3,3.9825,1.5824
15,3.5,12,9.46,3,3.1629,1.7238
15,3.5,12,9.46,3,2.5131,1.8835
15,3.5,12,9.46,3,1.9957,2.0738
15,3.5,12,9.46,3,1.5849,2.2951
15,3.5,12,9.46,3,1.2596,2.5545
15,3.5,12,9.46,3,1.0003,2.8661
15,3.5,12,9.46,3,0.7953,3.2333
15,3.5,12,9.46,3,0.63077,3.6788
15,3.5,12,9.46,3,0.50152,4.1993
15,3.5,12,9.46,3,0.39812,4.8419
15,3.5,12,9.46,3,0.31713,5.5812
15,3.5,12,9.46,3,0.25105,6.5162
15,3.5,12,9.46,3,0.19961,7.6208
15,3.5,12,9.46,3,0.15858,8.957
15,3.5,12,9.46,3,0.12631,10.55
15,3.5,12,9.46,3,0.10013,12.551
15,3.5,12,9.46,3,0.079174,15.013
15,3.5,12,9.46,3,0.063173,17.846
15,3.5,12,9.46,3,0.050679,21.177
15,3.5,12,9.46,3,0.04025,25.518
15,3.5,12,9.46,3,0.031578,31.041
15,3.5,12,9.46,3,0.024599,38.371
15,3.5,12,9.46,3,0.019793,45.656
15,3.5,12,9.46,3,0.015708,55.334
15,3.5,12,9.46,3,0.012474,67.259
15,3.5,12,9.46,3,0.010048,80.948
15,3.5,12,9.46,3,0.010006,81.679
15,3.5,12,9.46,4,100.04,0.52801
15,3.5,12,9.46,4,79.464,0.55354
15,3.5,12,9.46,4,63.121,0.58441
15,3.5,12,9.46,4,50.139,0.61684
15,3.5,12,9.46,4,39.827,0.64958
15,3.5,12,9.46,4,31.636,0.68295
15,3.5,12,9.46,4,25.13,0.71776
15,3.5,12,9.46,4,19.96,0.75346
15,3.5,12,9.46,4,15.855,0.79168
15,3.5,12,9.46,4,12.594,0.83133
15,3.5,12,9.46,4,10.004,0.87635
15,3.5,12,9.46,4,7.9468,0.92495
15,3.5,12,9.46,4,6.3116,0.97862
15,3.5,12,9.46,4,5.0133,1.04
15,3.5,12,9.46,4,3.9834,1.108
15,3.5,12,9.46,4,3.1633,1.1882
15,3.5,12,9.46,4,2.5125,1.2789
15,3.5,12,9.46,4,1.997,1.383
15,3.5,12,9.46,4,1.5857,1.504
15,3.5,12,9.46,4,1.259,1.6462
15,3.5,12,9.46,4,0.99991,1.812
15,3.5,12,9.46,4,0.79369,2.009
15,3.5,12,9.46,4,0.63189,2.2298
15,3.5,12,9.46,4,0.50161,2.5014
15,3.5,12,9.46,4,0.39865,2.8254
15,3.5,12,9.46,4,0.31665,3.2035
15,3.5,12,9.46,4,0.25183,3.6502
15,3.5,12,9.46,4,0.19934,4.2152
15,3.5,12,9.46,4,0.15964,4.8228
15,3.5,12,9.46,4,0.12562,5.6651
15,3.5,12,9.46,4,0.099449,6.6163
15,3.5,12,9.46,4,0.079574,7.7027
15,3.5,12,9.46,4,0.063413,9.0288
15,3.5,12,9.46,4,0.050795,10.587
15,3.5,12,9.46,4,0.039913,12.742
15,3.5,12,9.46,4,0.031813,15.138
15,3.5,12,9.46,4,0.025403,18.014
15,3.5,12,9.46,4,0.020106,21.647
15,3.5,12,9.46,4,0.015586,26.745
15,3.5,12,9.46,4,0.012599,31.722
15,3.5,12,9.46,4,0.010339,37.164
15,3.5,12,9.46,4,0.0099519,39.007
15,3.5,12,9.46,5,100.03,0.57199
15,3.5,12,9.46,5,79.465,0.60018
15,3.5,12,9.46,5,63.121,0.6355
15,3.5,12,9.46,5,50.139,0.67342
15,3.5,12,9.46,5,39.827,0.71255
15,3.5,12,9.46,5,31.635,0.7527
15,3.5,12,9.46,5,25.129,0.79478
15,3.5,12,9.46,5,19.96,0.83788
15,3.5,12,9.46,5,15.855,0.8849
15,3.5,12,9.46,5,12.595,0.93471
15,3.5,12,9.46,5,10.005,0.99091
15,3.5,12,9.46,5,7.946,1.052
15,3.5,12,9.46,5,6.3099,1.1206
15,3.5,12,9.46,5,5.0135,1.1982
15,3.5,12,9.46,5,3.9827,1.2873
15,3.5,12,9.46,5,3.1628,1.3904
15,3.5,12,9.46,5,2.5128,1.5068
15,3.5,12,9.46,5,1.9963,1.6434
15,3.5,12,9.46,5,1.5855,1.8032
15,3.5,12,9.46,5,1.2609,1.9898
15,3.5,12,9.46,5,1.0007,2.211
15,3.5,12,9.46,5,0.79553,2.4733
15,3.5,12,9.46,5,0.63069,2.7913
15,3.5,12,9.46,5,0.50097,3.1592
15,3.5,12,9.46,5,0.39877,3.5887
15,3.5,12,9.46,5,0.31676,4.1149
15,3.5,12,9.46,5,0.2507,4.7714
15,3.5,12,9.46,5,0.19976,5.5215
15,3.5,12,9.46,5,0.15858,6.4449
15,3.5,12,9.46,5,0.12596,7.5594
15,3.5,12,9.46,5,0.099803,8.9324
15,3.5,12,9.46,5,0.079478,10.556
15,3.5,12,9.46,5,0.062945,12.551
15,3.5,12,9.46,5,0.050057,14.993
15,3.5,12,9.46,5,0.039865,17.869
15,3.5,12,9.46,5,0.031406,21.685
15,3.5,12,9.46,5,0.025107,25.955
15,3.5,12,9.46,5,0.019904,31.443
15,3.5,12,9.46,5,0.015711,38.312
15,3.5,12,9.46,5,0.012369,46.955
15,3.5,12,9.46,5,0.01011,55.509
15,3.5,12,9.46,5,0.0096694,58.717
15,3.5,12,9.46,6,100.03,0.56679
15,3.5,12,9.46,6,79.465,0.59553
15,3.5,12,9.46,6,63.121,0.62989
15,3.5,12,9.46,6,50.137,0.66678
15,3.5,12,9.46,6,39.827,0.70507
15,3.5,12,9.46,6,31.635,0.74365
15,3.5,12,9.46,6,25.129,0.78421
15,3.5,12,9.46,6,19.959,0.82752
15,3.5,12,9.46,6,15.854,0.87295
15,3.5,12,9.46,6,12.594,0.92147
15,3.5,12,9.46,6,10.003,0.97513
15,3.5,12,9.46,6,7.9461,1.0351
15,3.5,12,9.46,6,6.3119,1.1005
15,3.5,12,9.46,6,5.0121,1.1768
15,3.5,12,9.46,6,3.9825,1.2614
15,3.5,12,9.46,6,3.163,1.3614
15,3.5,12,9.46,6,2.513,1.4723
15,3.5,12,9.46,6,1.9958,1.6057
15,3.5,12,9.46,6,1.5855,1.7608
15,3.5,12,9.46,6,1.2595,1.9442
15,3.5,12,9.46,6,1.001,2.1546
15,3.5,12,9.46,6,0.79548,2.4077
15,3.5,12,9.46,6,0.63121,2.7114
15,3.5,12,9.46,6,0.50133,3.0604
15,3.5,12,9.46,6,0.39908,3.4842
15,3.5,12,9.46,6,0.31588,4.0077
15,3.5,12,9.46,6,0.25024,4.6317
15,3.5,12,9.46,6,0.19915,5.3591
15,3.5,12,9.46,6,0.15879,6.2283
15,3.5,12,9.46,6,0.12588,7.3065
15,3.5,12,9.46,6,0.10041,8.5729
15,3.5,12,9.46,6,0.079408,10.188
15,3.5,12,9.46,6,0.062787,12.157
15,3.5,12,9.46,6,0.050357,14.335
15,3.5,12,9.46,6,0.040089,17.129
15,3.5,12,9.46,6,0.032097,20.401
15,3.5,12,9.46,6,0.025171,24.878
15,3.5,12,9.46,6,0.020058,29.956
15,3.5,12,9.46,6,0.015623,36.998
15,3.5,12,9.46,6,0.012448,44.681
15,3.5,12,9.46,6,0.0099697,53.715
15,3.5,12,9.46,6,0.010214,53.168
15,3.5,12,9.46,7,100.04,0.55538
15,3.5,12,9.46,7,79.464,0.58148
15,3.5,12,9.46,7,63.12,0.61565
15,3.5,12,9.46,7,50.138,0.65107
15,3.5,12,9.46,7,39.826,0.68794
15,3.5,12,9.46,7,31.635,0.72611
15,3.5,12,9.46,7,25.13,0.76524
15,3.5,12,9.46,7,19.961,0.80688
15,3.5,12,9.46,7,15.855,0.85119
15,3.5,12,9.46,7,12.595,0.89861
15,3.5,12,9.46,7,10.004,0.95057
15,3.5,12,9.46,7,7.9474,1.0082
15,3.5,12,9.46,7,6.3109,1.0739
15,3.5,12,9.46,7,5.0134,1.146
15,3.5,12,9.46,7,3.9836,1.2292
15,3.5,12,9.46,7,3.164,1.3261
15,3.5,12,9.46,7,2.5134,1.437
15,3.5,12,9.46,7,1.9955,1.5697
15,3.5,12,9.46,7,1.5855,1.7221
15,3.5,12,9.46,7,1.2591,1.8996
15,3.5,12,9.46,7,1.0003,2.1065
15,3.5,12,9.46,7,0.79442,2.3577
15,3.5,12,9.46,7,0.63145,2.6494
15,3.5,12,9.46,7,0.50184,2.9996
15,3.5,12,9.46,7,0.39822,3.4253
15,3.5,12,9.46,7,0.31629,3.9263
15,3.5,12,9.46,7,0.25164,4.5286
15,3.5,12,9.46,7,0.19953,5.2665
15,3.5,12,9.46,7,0.15917,6.1183
15,3.5,12,9.46,7,0.12609,7.1895
15,3.5,12,9.46,7,0.099857,8.5148
15,3.5,12,9.46,7,0.079603,10.049
15,3.5,12,9.46,7,0.062839,12.044
15,3.5,12,9.46,7,0.05039,14.207
15,3.5,12,9.46,7,0.039836,17.139
15,3.5,12,9.46,7,0.031622,20.552
15,3.5,12,9.46,7,0.02518,24.761
15,3.5,12,9.46,7,0.01941,30.774
15,3.5,12,9.46,7,0.015644,36.784
15,3.5,12,9.46,7,0.012449,44.477
15,3.5,12,9.46,7,0.009475,56.544
15,3.5,12,9.46,7,0.010313,52.568
15,3.5,12,9.46,8,100.04,0.51898
15,3.5,12,9.46,8,79.466,0.54372
15,3.5,12,9.46,8,63.121,0.57386
15,3.5,12,9.46,8,50.137,0.60516
15,3.5,12,9.46,8,39.827,0.63684
15,3.5,12,9.46,8,31.633,0.66926
15,3.5,12,9.46,8,25.128,0.70197
15,3.5,12,9.46,8,19.962,0.73594
15,3.5,12,9.46,8,15.853,0.77115
15,3.5,12,9.46,8,12.596,0.8092
15,3.5,12,9.46,8,10.006,0.84981
15,3.5,12,9.46,8,7.9463,0.89455
15,3.5,12,9.46,8,6.3134,0.94428
15,3.5,12,9.46,8,5.0146,1.0015
15,3.5,12,9.46,8,3.9818,1.064
15,3.5,12,9.46,8,3.1638,1.1363
15,3.5,12,9.46,8,2.5109,1.2218
15,3.5,12,9.46,8,1.9968,1.3168
15,3.5,12,9.46,8,1.5852,1.4311
15,3.5,12,9.46,8,1.2597,1.564
15,3.5,12,9.46,8,1.0008,1.7126
15,3.5,12,9.46,8,0.79544,1.8869
15,3.5,12,9.46,8,0.63172,2.1022
15,3.5,12,9.46,8,0.50086,2.3576
15,3.5,12,9.46,8,0.39819,2.6587
15,3.5,12,9.46,8,0.31624,3.0098
15,3.5,12,9.46,8,0.25182,3.4138
15,3.5,12,9.46,8,0.19989,3.9266
15,3.5,12,9.46,8,0.15855,4.5438
15,3.5,12,9.46,8,0.12551,5.2901
15,3.5,12,9.46,8,0.10009,6.1328
15,3.5,12,9.46,8,0.079525,7.1735
15,3.5,12,9.46,8,0.062845,8.4974
15,3.5,12,9.46,8,0.050172,9.9845
15,3.5,12,9.46,8,0.039873,11.82
15,3.5,12,9.46,8,0.031298,14.296
15,3.5,12,9.46,8,0.025255,16.739
15,3.5,12,9.46,8,0.02032,19.887
15,3.5,12,9.46,8,0.015985,24.132
15,3.5,12,9.46,8,0.012829,28.666
15,3.5,12,9.46,8,0.0099914,35.293
15,3.5,12,9.46,8,0.010226,34.761
15,3.5,12,9.46,9,100.04,0.58997
15,3.5,12,9.46,9,79.466,0.61773
15,3.5,12,9.46,9,63.122,0.65551
15,3.5,12,9.46,9,50.14,0.69539
15,3.5,12,9.46,9,39.826,0.73754
15,3.5,12,9.46,9,31.634,0.78063
15,3.5,12,9.46,9,25.129,0.8253
15,3.5,12,9.46,9,19.961,0.87135
15,3.5,12,9.46,9,15.855,0.92097
15,3.5,12,9.46,9,12.595,0.97403
15,3.5,12,9.46,9,10.003,1.0327
15,3.5,12,9.46,9,7.9462,1.0958
15,3.5,12,9.46,9,6.3116,1.1678
15,3.5,12,9.46,9,5.0124,1.2489
15,3.5,12,9.46,9,3.9821,1.3401
15,3.5,12,9.46,9,3.1636,1.4452
15,3.5,12,9.46,9,2.512,1.5718
15,3.5,12,9.46,9,1.9961,1.712
15,3.5,12,9.46,9,1.5858,1.8787
15,3.5,12,9.46,9,1.2602,2.073
15,3.5,12,9.46,9,1.0001,2.3057
15,3.5,12,9.46,9,0.7931,2.5875
15,3.5,12,9.46,9,0.63193,2.8947
15,3.5,12,9.46,9,0.50116,3.2873
15,3.5,12,9.46,9,0.39847,3.744
15,3.5,12,9.46,9,0.31636,4.307
15,3.5,12,9.46,9,0.25054,4.9745
15,3.5,12,9.46,9,0.19872,5.7891
15,3.5,12,9.46,9,0.15928,6.6752
15,3.5,12,9.46,9,0.12599,7.8702
15,3.5,12,9.46,9,0.10039,9.2528
15,3.5,12,9.46,9,0.079053,11.051
15,3.5,12,9.46,9,0.063114,13.077
15,3.5,12,9.46,9,0.050262,15.485
15,3.5,12,9.46,9,0.040233,18.366
15,3.5,12,9.46,9,0.032641,21.496
15,3.5,12,9.46,9,0.025008,26.86
15,3.5,12,9.46,9,0.019052,33.691
15,3.5,12,9.46,9,0.0162,38.109
15,3.5,12,9.46,9,0.012275,48.195
15,3.5,12,9.46,9,0.0098761,57.644
15,3.5,12,9.46,9,0.010311,55.995
15,3.5,12,9.46,10,100.04,0.62306
15,3.5,12,9.46,10,79.464,0.65467
15,3.5,12,9.46,10,63.12,0.69634
15,3.5,12,9.46,10,50.139,0.74072
15,3.5,12,9.46,10,39.827,0.78812
15,3.5,12,9.46,10,31.636,0.83652
15,3.5,12,9.46,10,25.129,0.88623
15,3.5,12,9.46,10,19.96,0.93817
15,3.5,12,9.46,10,15.856,0.99257
15,3.5,12,9.46,10,12.595,1.0518
15,3.5,12,9.46,10,10.002,1.1167
15,3.5,12,9.46,10,7.9459,1.1862
15,3.5,12,9.46,10,6.3117,1.2658
15,3.5,12,9.46,10,5.0138,1.3535
15,3.5,12,9.46,10,3.9832,1.4549
15,3.5,12,9.46,10,3.164,1.5698
15,3.5,12,9.46,10,2.5139,1.7055
15,3.5,12,9.46,10,1.9956,1.8622
15,3.5,12,9.46,10,1.5854,2.0424
15,3.5,12,9.46,10,1.2597,2.2545
15,3.5,12,9.46,10,1.001,2.504
15,3.5,12,9.46,10,0.79449,2.8048
15,3.5,12,9.46,10,0.63141,3.1505
15,3.5,12,9.46,10,0.50096,3.5798
15,3.5,12,9.46,10,0.39889,4.0704
15,3.5,12,9.46,10,0.31728,4.6697
15,3.5,12,9.46,10,0.25159,5.392
15,3.5,12,9.46,10,0.20006,6.2565
15,3.5,12,9.46,10,0.15849,7.3378
15,3.5,12,9.46,10,0.12573,8.6003
15,3.5,12,9.46,10,0.099732,10.136
15,3.5,12,9.46,10,0.080354,11.808
15,3.5,12,9.46,10,0.063079,14.186
15,3.5,12,9.46,10,0.050673,16.697
15,3.5,12,9.46,10,0.040053,20.043
15,3.5,12,9.46,10,0.031254,24.451
15,3.5,12,9.46,10,0.025451,28.574
15,3.5,12,9.46,10,0.019907,34.921
15,3.5,12,9.46,10,0.015795,42.238
15,3.5,12,9.46,10,0.012637,50.562
15,3.5,12,9.46,10,0.0099574,61.59
15,3.5,12,9.46,10,0.0096808,64.043
15,3.5,12,9.46,11,100.04,0.66138
15,3.5,12,9.46,11,79.466,0.69224
15,3.5,12,9.46,11,63.121,0.7365
15,3.5,12,9.46,11,50.138,0.78421
15,3.5,12,9.46,11,39.827,0.8348
15,3.5,12,9.46,11,31.635,0.88766
15,3.5,12,9.46,11,25.129,0.94258
15,3.5,12,9.46,11,19.96,1
15,3.5,12,9.46,11,15.855,1.0616
15,3.5,12,9.46,11,12.594,1.1258
15,3.5,12,9.46,11,10.005,1.1963
15,3.5,12,9.46,11,7.9462,1.2768
15,3.5,12,9.46,11,6.3112,1.3628
15,3.5,12,9.46,11,5.0146,1.4635
15,3.5,12,9.46,11,3.9829,1.5749
15,3.5,12,9.46,11,3.1632,1.7055
15,3.5,12,9.46,11,2.5138,1.8533
15,3.5,12,9.46,11,1.9969,2.0295
15,3.5,12,9.46,11,1.5859,2.2362
15,3.5,12,9.46,11,1.2588,2.4816
15,3.5,12,9.46,11,1.0004,2.7674
15,3.5,12,9.46,11,0.79377,3.106
15,3.5,12,9.46,11,0.63166,3.4989
15,3.5,12,9.46,11,0.50093,3.9854
15,3.5,12,9.46,11,0.39862,4.553
15,3.5,12,9.46,11,0.31653,5.2402
15,3.5,12,9.46,11,0.25117,6.0709
15,3.5,12,9.46,11,0.20007,7.0653
15,3.5,12,9.46,11,0.15841,8.2917
15,3.5,12,9.46,11,0.12652,9.6938
15,3.5,12,9.46,11,0.10026,11.484
15,3.5,12,9.46,11,0.079528,13.649
15,3.5,12,9.46,11,0.063235,16.23
15,3.5,12,9.46,11,0.050339,19.343
15,3.5,12,9.46,11,0.039875,23.287
15,3.5,12,9.46,11,0.031152,28.389
15,3.5,12,9.46,11,0.025158,33.781
15,3.5,12,9.46,11,0.020333,39.898
15,3.5,12,9.46,11,0.015856,49.306
15,3.5,12,9.46,11,0.012681,59.205
15,3.5,12,9.46,11,0.0097514,74.481
15,3.5,12,9.46,11,0.0096239,76.263
15,3.5,12,9.46,12,100.04,0.65053
15,3.5,12,9.46,12,79.464,0.68211
15,3.5,12,9.46,12,63.122,0.72617
15,3.5,12,9.46,12,50.139,0.77346
15,3.5,12,9.46,12,39.826,0.82382
15,3.5,12,9.46,12,31.634,0.87564
15,3.5,12,9.46,12,25.129,0.92988
15,3.5,12,9.46,12,19.96,0.98496
15,3.5,12,9.46,12,15.856,1.045
15,3.5,12,9.46,12,12.595,1.108
15,3.5,12,9.46,12,10.005,1.178
15,3.5,12,9.46,12,7.946,1.2546
15,3.5,12,9.46,12,6.3128,1.338
15,3.5,12,9.46,12,5.0137,1.4325
15,3.5,12,9.46,12,3.9829,1.5413
15,3.5,12,9.46,12,3.1638,1.6669
15,3.5,12,9.46,12,2.5119,1.8134
15,3.5,12,9.46,12,1.9959,1.9772
15,3.5,12,9.46,12,1.5856,2.1715
15,3.5,12,9.46,12,1.2607,2.3977
15,3.5,12,9.46,12,1.0013,2.6672
15,3.5,12,9.46,12,0.79372,3.0009
15,3.5,12,9.46,12,0.63165,3.3776
15,3.5,12,9.46,12,0.50131,3.8333
15,3.5,12,9.46,12,0.39841,4.382
15,3.5,12,9.46,12,0.31616,5.0372
15,3.5,12,9.46,12,0.25146,5.8225
15,3.5,12,9.46,12,0.19948,6.7759
15,3.5,12,9.46,12,0.15861,7.9164
15,3.5,12,9.46,12,0.12629,9.2675
15,3.5,12,9.46,12,0.099765,11.005
15,3.5,12,9.46,12,0.079284,13.052
15,3.5,12,9.46,12,0.06295,15.545
15,3.5,12,9.46,12,0.04994,18.569
15,3.5,12,9.46,12,0.039946,22.111
15,3.5,12,9.46,12,0.031787,26.487
15,3.5,12,9.46,12,0.025146,32.131
15,3.5,12,9.46,12,0.0202,38.327
15,3.5,12,9.46,12,0.015736,47.45
15,3.5,12,9.46,12,0.012681,56.546
15,3.5,12,9.46,12,0.0098859,69.882
15,3.5,12,9.46,12,0.010039,69.903
