2.000169341828431868e+00
1.900176980772384061e+00
1.800164926059187209e+00
1.700167872199974672e+00
1.600162327466922996e+00
1.500176075691582289e+00
1.400157923390448422e+00
1.300154009430124713e+00
1.200218287364536174e+00
1.100191275479545316e+00
1.000147635027314408e+00
9.001808064067292614e-01
8.001621738543572837e-01
7.001522803825713792e-01
6.002004929659491284e-01
5.001815668690701155e-01
4.002114982811888488e-01
3.000996096041774752e-01
2.001552895681451005e-01
1.002774720418264792e-01
2.561581850868880185e-04
-9.916714229305771677e-02
-1.991681786830321321e-01
-2.999092261341601007e-01
-3.993330685800233759e-01
-5.004806204111384993e-01
-5.993722254043793995e-01
-6.989178921248605514e-01
-7.995763485000110249e-01
-9.006370831310696046e-01
-9.990152687736489900e-01
-1.097308661102994298e+00
-1.199744260964572984e+00
-1.301503634829520806e+00
-1.397550404183403039e+00
-1.496574332115341743e+00
-1.595246652393367048e+00
-1.693783054708769997e+00
-1.801178022396794143e+00
-1.900968869477484446e+00
-1.997039539017401166e+00
-2.000953888892470722e+00
2.000173683058465102e+00
1.900173155104339262e+00
1.800163549958952336e+00
1.700171336972269742e+00
1.600167779886418229e+00
1.500163720288376190e+00
1.400164836650959144e+00
1.300147481810785877e+00
1.200147071790513165e+00
1.100180930742329366e+00
1.000160659238177763e+00
9.001146728406429487e-01
8.001429079321779048e-01
7.002033848056766763e-01
6.001863176006883016e-01
5.000731032562194533e-01
4.000248216721084549e-01
3.002040512524661309e-01
2.001936371412000870e-01
1.001705857586995541e-01
1.259271411988378483e-04
-1.003184502760999380e-01
-1.998034248387938749e-01
-3.000625972181524825e-01
-3.995509681237048305e-01
-5.006992814373351086e-01
-5.993635931898509961e-01
-6.997611404455212902e-01
-8.000748670041413213e-01
-8.997983800296407431e-01
-1.000184179909227700e+00
-1.099596818203820936e+00
-1.196270511449753826e+00
-1.299474535892014337e+00
-1.398977038161201225e+00
-1.499675686880710179e+00
-1.607786842354792078e+00
-1.697870460907608514e+00
-1.799491493014006016e+00
-1.895639234861724143e+00
-1.996306872429125523e+00
-1.994737957647930715e+00
2.000165000555002681e+00
1.900170422463674402e+00
1.800175934704097758e+00
1.700175667898767840e+00
1.600171051305258052e+00
1.500180194081207175e+00
1.400175206335389833e+00
1.300169240160376605e+00
1.200158028792800868e+00
1.100180930742329366e+00
1.000165000555002903e+00
9.001491072763647683e-01
8.001752466719661561e-01
7.001999202890486496e-01
6.001884984562287917e-01
5.001980399849658143e-01
4.001803910847574475e-01
3.001518335679132510e-01
2.002730606299091831e-01
1.001050618060121133e-01
1.259271411988378483e-04
-9.907220141792627555e-02
-2.004334005129662366e-01
-2.997385886489353224e-01
-3.989465659377303686e-01
-4.991764441654343853e-01
-5.987476961231907868e-01
-6.996937072984321659e-01
-7.994969670611958845e-01
-8.993710231688289980e-01
-9.973459013525957095e-01
-1.096075883417001240e+00
-1.202319141067509589e+00
-1.301123813404753138e+00
-1.401657145639256363e+00
-1.498943477819169257e+00
-1.602480591990023795e+00
-1.712834507186218769e+00
-1.809371401951120895e+00
-1.900277933729892732e+00
-2.028077367306315271e+00
-2.007385959077034876e+00
2.000160659238177541e+00
1.900168236338762640e+00
1.800169742375671955e+00
1.700169604589577332e+00
1.600166689407995557e+00
1.500151364533656606e+00
1.400161380034459668e+00
1.300186646055208950e+00
1.200149811067001471e+00
1.100211964214782956e+00
1.000143293536894573e+00
9.001589451851181867e-01
8.002261581058023321e-01
7.001314904219098079e-01
6.001099807565717370e-01
5.001252790081391897e-01
4.000663122979611908e-01
3.002258067681577436e-01
2.000292665537702907e-01
1.003946719185970504e-01
2.691791418660990334e-04
-9.974979150723556343e-02
-1.999864711126548844e-01
-2.994987701091939014e-01
-4.006705150279926131e-01
-5.007116617693673222e-01
-6.008664544682469355e-01
-7.002160438317868163e-01
-8.009582655385171224e-01
-8.998880404702511715e-01
-9.983095457678471396e-01
-1.099274112049934304e+00
-1.198230758294928089e+00
-1.297344619268503862e+00
-1.400892366229499197e+00
-1.499991438582905179e+00
-1.598268694174361348e+00
-1.699556697993971577e+00
-1.796556414589765005e+00
-1.894871480785907059e+00
-1.995536751196640424e+00
-2.011434800740429463e+00
2.000165000555002681e+00
1.900179166853279256e+00
1.800176622735139453e+00
1.700186928105540396e+00
1.600165598926834409e+00
1.500159601742527604e+00
1.400159651715892961e+00
1.300145305915870075e+00
1.200193637141200087e+00
1.100129203359808239e+00
1.000169341828431646e+00
9.001791668532792556e-01
8.001663021550616817e-01
7.000890411617542997e-01
6.001808654139242361e-01
5.001417542591735099e-01
3.999643074032067647e-01
2.999516075942583737e-01
2.000402265285826375e-01
9.989117801337847602e-02
3.906892499100880116e-04
-9.914422362974648073e-02
-1.993798241762000656e-01
-2.996970221588397543e-01
-3.995869320584630735e-01
-4.986764055124350836e-01
-6.016883942723125767e-01
-6.997763687343702133e-01
-7.989198350869859411e-01
-9.017197802174361509e-01
-9.993317009561561992e-01
-1.098077661963119178e+00
-1.200578803345358825e+00
-1.298178246996906982e+00
-1.400668329865540240e+00
-1.501899061109647660e+00
-1.596733594115846921e+00
-1.694274696334353569e+00
-1.799464123812969385e+00
-1.891966331045315641e+00
-1.986463407798970682e+00
-1.995351953260837252e+00
2.000165000555002681e+00
1.900175887727810098e+00
1.800177310765091132e+00
1.700178266433935770e+00
1.600174322699455587e+00
1.500178821289005038e+00
1.400170021524124175e+00
1.300167064374471604e+00
1.200190898141128226e+00
1.100149895052151772e+00
1.000156317877955114e+00
9.001715155220036957e-01
8.000747822819656019e-01
7.001124320836493720e-01
6.001601464799578567e-01
5.002296117106979079e-01
4.002685223550502269e-01
3.001344262777628780e-01
2.001059805697241734e-01
9.987737544123218014e-02
4.123839064525102187e-04
-9.973940947165968463e-02
-2.000993651686122643e-01
-3.000201331345385136e-01
-3.984353868006206278e-01
-4.996551023502554534e-01
-5.995000022443002230e-01
-6.999569734441714042e-01
-8.001598365615751884e-01
-8.991161878432218924e-01
-1.000170711278351776e+00
-1.099378378340399642e+00
-1.200409286266302278e+00
-1.297671155516626484e+00
-1.402275204096504746e+00
-1.498260373961300296e+00
-1.602816321925081944e+00
-1.702394856276613355e+00
-1.800966504414222680e+00
-1.904307717160207858e+00
-2.004542946538586889e+00
-2.006535552300458214e+00
2.000169341828431868e+00
1.900171515522003585e+00
1.800175246671966267e+00
1.700171336972269742e+00
1.600171051305258052e+00
1.500158228885231981e+00
1.400152738372845596e+00
1.300199700018546345e+00
1.200166246363107536e+00
1.100163688966043996e+00
1.000147635027314408e+00
9.002409190926585758e-01
8.001924471482610990e-01
7.002120459763340188e-01
6.001001650459181214e-01
5.001898035051226543e-01
4.001389113565901878e-01
3.000408501375084191e-01
2.001087201054032871e-01
1.002567864270617753e-01
-4.864370607155637393e-05
-1.000132504009381973e-01
-1.995530654203503951e-01
-2.998104734266642812e-01
-3.994256625280027673e-01
-4.993642786106466946e-01
-5.997038323041019581e-01
-6.999874442932242369e-01
-8.002503062973294057e-01
-9.005956276544576644e-01
-1.000202862895222644e+00
-1.099549844360637074e+00
-1.200203336261310261e+00
-1.300784254525407579e+00
-1.397073370711229057e+00
-1.501705991077233460e+00
-1.596803955916087592e+00
-1.697411515381985980e+00
-1.799584561201183597e+00
-1.902555265511078231e+00
-2.002783609183540481e+00
-1.995553945700583087e+00
2.000165000555002681e+00
1.900169875933478192e+00
1.800178686821724439e+00
1.700185195785039349e+00
1.600162327466922996e+00
1.500169211622085497e+00
1.400138911356590077e+00
1.300186646055208950e+00
1.200155289568145101e+00
1.100225756157427570e+00
1.000147635027314408e+00
9.002272578491853361e-01
8.003059532096482576e-01
7.003012459834992987e-01
6.001328832187177165e-01
5.003380362479988852e-01
3.998069308308738190e-01
3.001518335679132510e-01
2.003962752254255242e-01
1.001636889660440927e-01
2.387963020817398803e-04
-9.936909707972732542e-02
-1.992787986883075013e-01
-2.995758092813058382e-01
-3.987387588592181675e-01
-5.004572480726747763e-01
-5.987597641448633157e-01
-7.001528947880953924e-01
-8.004422742079411179e-01
-8.999328776329378332e-01
-9.983614617483723697e-01
-1.101885563003165203e+00
-1.201563447522181693e+00
-1.301413212420463150e+00
-1.402134858332103828e+00
-1.502717803681353326e+00
-1.604883377252825927e+00
-1.705079875767775421e+00
-1.788740592181552014e+00
-1.897237096287435643e+00
-1.986286637774725694e+00
-1.993944913408356889e+00
2.000165000555002681e+00
1.900169329402594087e+00
1.800160109689288968e+00
1.700163541195734318e+00
1.600171051305258052e+00
1.500165093128313032e+00
1.400187303987631138e+00
1.300201875640955684e+00
1.200215548519923958e+00
1.100211964214782956e+00
1.000173683058464880e+00
9.001890040811357796e-01
8.001683662906980965e-01
7.001574777172360209e-01
6.002560995466640348e-01
5.001664659639101229e-01
4.001821193207918403e-01
3.003628414623121801e-01
1.999744625304906431e-01
1.009629872798272071e-01
-7.861441604377811298e-05
-1.000723046082001577e-01
-1.996947346165318937e-01
-3.001163332342941525e-01
-3.993918906834481586e-01
-4.990133546022492705e-01
-6.004145305870137728e-01
-7.002574223224529160e-01
-7.996584825013344222e-01
-8.993159109671857721e-01
-9.978598670462645037e-01
-1.101751597581248854e+00
-1.197578640699666241e+00
-1.306553586886082030e+00
-1.399147939887629200e+00
-1.501368324914327257e+00
-1.577219808219963770e+00
-1.700287914259550170e+00
-1.810066353974545628e+00
-1.930376296616075127e+00
-1.986825590121132912e+00
-2.003757656407780363e+00
2.000169341828431868e+00
1.900175887727810098e+00
1.800171806494957671e+00
1.700174801716923367e+00
1.600174322699455587e+00
1.500152737412651316e+00
1.400161380034459668e+00
1.300171415935381214e+00
1.200196376123997766e+00
1.100170585758699637e+00
1.000160659238177763e+00
9.001338034197768900e-01
8.001876310835664974e-01
7.002051170536266467e-01
6.002353842016753260e-01
5.001335167117813008e-01
4.002598828251293650e-01
3.000909049996393629e-01
2.003168742689839521e-01
9.983251405196665040e-02
1.085600510348161207e-04
-9.967384445379202929e-02
-1.993509573529951839e-01
-2.999178897237188557e-01
-3.991490286492302975e-01
-4.995988429445283319e-01
-6.010778599745907336e-01
-7.000048571668844311e-01
-7.995900364215807743e-01
-8.975731552651469158e-01
-9.987466990960560675e-01
-1.098552576971042249e+00
-1.202963867471634529e+00
-1.300163140988872756e+00
-1.400058007546391314e+00
-1.497430869820629340e+00
-1.594745871017185790e+00
-1.706652916614372684e+00
-1.803044940005512187e+00
-1.902263876506250506e+00
-1.994189102449305251e+00
-2.014129577884214317e+00
2.000178024245103270e+00
1.900176434250441027e+00
1.800181438921910848e+00
1.700169604589577332e+00
1.600189588879892266e+00
1.500162347444099709e+00
1.400178662841845778e+00
1.300147481810785877e+00
1.200199115089521706e+00
1.100211964214782956e+00
1.000208411336593217e+00
9.001589451851181867e-01
8.001181362049054613e-01
7.001288916068485468e-01
6.002441065726301650e-01
5.000648644065635029e-01
4.004084588003701262e-01
3.002345086692941867e-01
2.000977618589991625e-01
1.007805185601386849e-01
-3.606140955401972137e-04
-1.002599096627157654e-01
-1.991551260068304963e-01
-3.004492980473255082e-01
-3.995411602947128715e-01
-4.991887811617032322e-01
-5.995811773304842163e-01
-7.010094551363634796e-01
-7.991276236447985015e-01
-8.999570226380336768e-01
-1.001063585598851002e+00
-1.101797712160663023e+00
-1.202025142391386137e+00
-1.298746409413476188e+00
-1.402997385747516201e+00
-1.498801018817362163e+00
-1.602232006003950326e+00
-1.697504564188240472e+00
-1.804211009964126644e+00
-1.884908955495766536e+00
-1.991706497297714540e+00
-2.004873974063598130e+00
2.000169341828431868e+00
1.900171515522003585e+00
1.800164238009614781e+00
1.700167006002581749e+00
1.600175413158711812e+00
1.500181566869070116e+00
1.400159651715892961e+00
1.300186646055208950e+00
1.200190898141128226e+00
1.100180930742329366e+00
1.000138952003074122e+00
9.001731551043392621e-01
8.001546052011424548e-01
7.001626749897031932e-01
6.001263397813443312e-01
5.001801940812071745e-01
4.001717498014236707e-01
3.002345086692941867e-01
2.003196124746698115e-01
9.983596509259146101e-02
2.648388663164649498e-04
-1.000422297029446017e-01
-1.996768514898811242e-01
-2.999672754846066103e-01
-4.008869005526752849e-01
-5.000340139823514773e-01
-6.000979446428823527e-01
-7.003859385597567266e-01
-7.997242008881489950e-01
-8.993193552749004782e-01
-9.984306927110621066e-01
-1.101650601799995854e+00
-1.199784849266085862e+00
-1.303190329114050749e+00
-1.397437603520155003e+00
-1.502666673389270402e+00
-1.596105990912762840e+00
-1.699519734633393453e+00
-1.802391432165012519e+00
-1.883093532293517391e+00
-1.996160487318196619e+00
-1.988890736902362288e+00
2.000169341828431868e+00
1.900180259889600265e+00
1.800176622735139453e+00
1.700170470781787291e+00
1.600176503615230450e+00
1.500177448492463483e+00
1.400170021524124175e+00
1.300173591699485431e+00
1.200174463777927025e+00
1.100163688966043996e+00
1.000182365388348149e+00
9.001480141616355901e-01
8.001986391529648524e-01
7.002077154125966318e-01
6.002659117336351935e-01
5.001088031320812810e-01
4.003929125329115934e-01
3.001909974199187259e-01
2.001552895681451005e-01
1.002498910031868334e-01
2.431368379033595683e-04
-9.986346370913719295e-02
-1.995819456809113379e-01
-2.997472488351409781e-01
-3.995378910676023465e-01
-5.001425314559019286e-01
-5.991909849207566197e-01
-6.990351533946058682e-01
-7.993437198148714007e-01
-8.971239920713257598e-01
-1.002297403580516777e+00
-1.097580973145203975e+00
-1.198574335682242031e+00
-1.297940150729670394e+00
-1.399423483620069852e+00
-1.506813903875881877e+00
-1.597580408376388483e+00
-1.710718818901143079e+00
-1.813951039131635801e+00
-1.904656268127474572e+00
-1.983606045130468898e+00
-1.985920700019235152e+00
2.000165000555002681e+00
1.900174248155790835e+00
1.800174558638744537e+00
1.700160942572458200e+00
1.600181955856752936e+00
1.500176075691582289e+00
1.400194216780470180e+00
1.300147481810785877e+00
1.200201854037771687e+00
1.100194723670527397e+00
1.000195388557727494e+00
9.001966551043095732e-01
8.001552932659761197e-01
7.001496816919146049e-01
6.002321132674031112e-01
5.001499916503218124e-01
4.004585485435853687e-01
3.003432677245265747e-01
2.000731047935837281e-01
1.006772003900683887e-01
3.386176521614175212e-04
-1.000334810306467148e-01
-1.989017070564376155e-01
-2.994676120783376083e-01
-3.987322324987497835e-01
-5.003307842942559258e-01
-5.997383892551368945e-01
-6.997698422594791356e-01
-7.991412974307170458e-01
-8.998949381939879144e-01
-1.000156808613625214e+00
-1.099239180252640669e+00
-1.203154490858185710e+00
-1.302651199084635447e+00
-1.394836149456761820e+00
-1.500724042454332885e+00
-1.598087913537882487e+00
-1.695365162225668021e+00
-1.808261228046289304e+00
-1.903994260284887163e+00
-2.013483992709408366e+00
-2.000431468680201164e+00
2.000169341828431868e+00
1.900166050202846568e+00
1.800162173854357395e+00
1.700172203161024465e+00
1.600167779886418229e+00
1.500170584444664001e+00
1.400173478071845556e+00
1.300158361121844131e+00
1.200182681037265331e+00
1.100105061806011975e+00
1.000169341828431646e+00
9.002021200383395483e-01
8.002220303740379403e-01
7.001903927258126270e-01
6.002168485817230836e-01
5.001170411482411815e-01
3.996096972567048100e-01
3.000125557067758186e-01
2.000703650332328609e-01
1.004980573157390061e-01
5.034896314468036756e-04
-1.003901322403897012e-01
-1.991626827715536341e-01
-3.002966574859318727e-01
-3.992633638096240722e-01
-4.995988429445283319e-01
-5.993480556360617495e-01
-6.991090008108501452e-01
-7.985345957514300430e-01
-8.994054718467167087e-01
-9.985865027397257121e-01
-1.099348897374468059e+00
-1.198233500351635117e+00
-1.298274903016869652e+00
-1.399154472498178370e+00
-1.497867972725356323e+00
-1.603905314787383407e+00
-1.700196444870049062e+00
-1.798878835932006703e+00
-1.892800209248335586e+00
-1.981382707480558336e+00
-1.978211374656586585e+00
2.000165000555002681e+00
1.900168236338762640e+00
1.800175934704097758e+00
1.700180864953555915e+00
1.600179774968357727e+00
1.500171957262902867e+00
1.400168293239946848e+00
1.300147481810785877e+00
1.200174463777927025e+00
1.100208516160684269e+00
1.000165000555002903e+00
9.001392691447517302e-01
8.003176460880416787e-01
7.002016525508174549e-01
6.000979837467558253e-01
5.002762787536637612e-01
4.003030787561524528e-01
3.002214557522041027e-01
2.001525503262119865e-01
1.003395229751944256e-01
2.604985473903181437e-04
-1.004267985819119885e-01
-1.990987979038453259e-01
-2.995065599662021794e-01
-4.006377387455950512e-01
-4.990476120341577615e-01
-6.007988957201905178e-01
-6.999678556448426514e-01
-7.990510583986437654e-01
-8.993675784513232019e-01
-1.000831165897450248e+00
-1.100914700743453878e+00
-1.195746043562046834e+00
-1.299213238464026476e+00
-1.399653418688583173e+00
-1.496399958238535222e+00
-1.605100246416056420e+00
-1.705104101057783206e+00
-1.799943334027785724e+00
-1.900219254848442008e+00
-1.991527580697277866e+00
-1.997656799510548309e+00
2.000173683058465102e+00
1.900174794680485002e+00
1.800176622735139453e+00
1.700178266433935770e+00
1.600167779886418229e+00
1.500181566869070116e+00
1.400185575772228574e+00
1.300156185281435173e+00
1.200193637141200087e+00
1.100129203359808239e+00
1.000134610425851944e+00
9.001879110668219441e-01
8.001415317621748402e-01
7.001765340788845826e-01
6.001634179562983507e-01
5.002021581663106398e-01
4.001873039876311933e-01
3.001387781657116616e-01
2.003031829815850318e-01
1.000705715439263593e-01
7.816597201616296085e-05
-9.983777556148655530e-02
-2.003610617894408807e-01
-2.999525458103269870e-01
-3.995444295464331552e-01
-5.008010857587978926e-01
-6.000201309794285232e-01
-7.001006404536745942e-01
-7.998994985534776392e-01
-8.984247537440664955e-01
-1.000105546383507571e+00
-1.100737766023092146e+00
-1.198630595798998444e+00
-1.301371485349791524e+00
-1.400681441005177552e+00
-1.501326996073329312e+00
-1.604479659549511217e+00
-1.700719386772608255e+00
-1.800050201536435690e+00
-1.899970820386520653e+00
-2.003488327845821537e+00
-2.000358006171895742e+00
2.000169341828431868e+00
1.900159491729070282e+00
1.800180062873997677e+00
1.700180864953555915e+00
1.600175413158711812e+00
1.500171957262902867e+00
1.400173478071845556e+00
1.300149657694800398e+00
1.200185420089161070e+00
1.100174034113956090e+00
1.000160659238177763e+00
9.002316294938516039e-01
8.000871695587151722e-01
6.998958012860169164e-01
6.001775940690107225e-01
5.002749062651493661e-01
4.001233554370808299e-01
3.002540873093750839e-01
2.004127011972462735e-01
9.961504318912224598e-02
5.555414660992596650e-04
-1.005023300561586341e-01
-2.007166708903776742e-01
-3.000106009517118921e-01
-3.999620062739330240e-01
-5.008286045372634110e-01
-6.002501538874448483e-01
-6.992936743070768957e-01
-8.001954739047127951e-01
-9.000122162623439559e-01
-9.986687583525194478e-01
-1.101961348631027349e+00
-1.200791137566719069e+00
-1.298211038592595790e+00
-1.397721830507555163e+00
-1.498894159799367909e+00
-1.603634989822798840e+00
-1.696309431009727531e+00
-1.789205435456952653e+00
-1.921550432332468805e+00
-2.015640136080935285e+00
-2.019061288362538509e+00
2.000169341828431868e+00
1.900177527293639423e+00
1.800171118456285857e+00
1.700176534078884583e+00
1.600183046296843603e+00
1.500180194081207175e+00
1.400152738372845596e+00
1.300156185281435173e+00
1.200188159123781961e+00
1.100180930742329366e+00
1.000173683058464880e+00
9.001704224636744023e-01
8.001229530403138890e-01
7.001488154582401480e-01
6.001557844731690849e-01
5.002776512378408480e-01
4.001648366509590882e-01
3.000691427249694843e-01
2.000731047935837281e-01
9.967718883414641851e-02
3.559755451255062239e-04
-9.998864685102407113e-02
-1.997002372651907887e-01
-2.998208673911299527e-01
-4.002784544012412127e-01
-4.995000635726894456e-01
-5.999302303288008842e-01
-7.003576181559216796e-01
-8.009665044142226797e-01
-8.985416354176896103e-01
-1.000069927040864171e+00
-1.097534760470690429e+00
-1.201211976282105853e+00
-1.299323967847780370e+00
-1.405385386328382058e+00
-1.497917174343418756e+00
-1.601884571789634837e+00
-1.700492701299512355e+00
-1.807739281357956473e+00
-1.888220137097665452e+00
-1.999149615919898260e+00
-1.982040597062275200e+00
2.000165000555002681e+00
1.900174794680485002e+00
1.800176622735139453e+00
1.700175667898767840e+00
1.600165598926834409e+00
1.500182939652593639e+00
1.400185575772228574e+00
1.300164888577665767e+00
1.200144332496747124e+00
1.100163688966043996e+00
1.000151976474334292e+00
9.001671432721801702e-01
8.001539171352186619e-01
7.001912588765620837e-01
6.001841367341963496e-01
5.002103944118507783e-01
4.001544667189245730e-01
3.002606133265993682e-01
2.000868033360863607e-01
1.004739362576544115e-01
-1.346521615535695377e-04
-1.000116101209128083e-01
-2.003452177729019568e-01
-2.995238712598207176e-01
-4.000056405852515096e-01
-4.988900502171736973e-01
-5.997798612263204321e-01
-7.010203637415846067e-01
-8.023087797264749632e-01
-9.004850990588610937e-01
-1.000052987159074647e+00
-1.099301950337614908e+00
-1.202855076354974795e+00
-1.303519544851911016e+00
-1.403973909549288690e+00
-1.496312797547971751e+00
-1.600258803741789970e+00
-1.702114797556104397e+00
-1.796461275016398407e+00
-1.887090161047421777e+00
-2.013054135128269806e+00
-2.024105650014564883e+00
