2.096175188328331870e-02
7.262849910794326458e-02
1.174237692395835170e-01
1.543448372679283864e-01
1.850971504677549895e-01
2.091824643173144371e-01
2.267931683486777150e-01
2.411329071100607180e-01
2.519519669689487817e-01
2.599067066602611109e-01
2.657491406772105602e-01
2.704342583316221016e-01
2.734712138735245768e-01
2.769371997462009571e-01
2.787513151863827421e-01
2.812561418247195855e-01
2.832197908531556840e-01
2.855415571087825399e-01
2.871654928137811758e-01
2.897940124005224938e-01
2.894350940842725373e-01
2.911823035599148124e-01
2.922605029102121055e-01
2.925418140084429242e-01
2.922206172985843398e-01
2.953537485035545029e-01
2.951226828529706081e-01
2.959847014094766915e-01
2.970159935777805793e-01
2.944265426193006241e-01
2.954681355145282184e-01
2.972591970041071896e-01
2.989534544879010047e-01
2.941861592308149809e-01
2.979770573739882744e-01
2.916818027085562037e-01
2.906599903612518410e-01
2.942016006947461015e-01
2.963272742356659606e-01
2.927454846752831630e-01
2.863486687001187692e-01
2.860768014218041388e-01
