2.996377646923065186e-01
3.664734065532684326e-01
4.285939633846282959e-01
4.862008988857269287e-01
5.396121144294738770e-01
5.891566276550292969e-01
6.353454589843750000e-01
6.785646677017211914e-01
7.193253040313720703e-01
7.581329941749572754e-01
7.952545285224914551e-01
8.312133550643920898e-01
8.661904931068420410e-01
9.006845355033874512e-01
9.347056746482849121e-01
9.686262011528015137e-01
1.002595901489257812e+00
1.036730051040649414e+00
1.071181893348693848e+00
1.106451749801635742e+00
1.141647100448608398e+00
1.178223371505737305e+00
1.215151071548461914e+00
1.253005623817443848e+00
1.291754364967346191e+00
1.332602739334106445e+00
1.373389959335327148e+00
1.415928125381469727e+00
1.460119366645812988e+00
1.504163861274719238e+00
1.550722122192382812e+00
1.599447965621948242e+00
1.648125529289245605e+00
1.698220729827880859e+00
1.750789642333984375e+00
1.803662180900573730e+00
1.856100082397460938e+00
1.915458202362060547e+00
1.972735881805419922e+00
2.029840946197509766e+00
2.087162256240844727e+00
2.084925651550292969e+00
