-1.212559439686977797e-01
-7.633536516841921138e-02
-3.865722839400119459e-02
-7.162494314640064155e-03
1.791773080340543917e-02
3.868373196948958481e-02
5.522538385381958043e-02
6.767331464180956213e-02
7.838430874818995420e-02
8.628862902168223104e-02
9.424746005877407407e-02
1.011453793675239216e-01
1.072710380156170623e-01
1.132579627707138992e-01
1.194109667592856833e-01
1.262061111813062020e-01
1.317180852351968467e-01
1.384921671499758367e-01
1.443936031806425935e-01
1.517772890311622769e-01
1.585705416932585154e-01
1.669833609495832705e-01
1.764009453444563558e-01
1.875404610460936761e-01
1.964249139491952845e-01
2.074512412172515030e-01
2.202598029826648152e-01
2.349043315951510613e-01
2.468726416614724917e-01
2.633827548923924899e-01
2.806739592619275081e-01
2.991039781180471757e-01
3.237078186154847548e-01
3.432431167655042858e-01
3.633242349975711605e-01
3.883072826185742787e-01
4.189290725135089710e-01
4.342654305603044773e-01
4.868638485670725435e-01
5.293764492243400177e-01
5.268701879617746497e-01
5.704436945887594312e-01
1.468811933703244865e-01
1.426991190562242884e-01
1.308610356644347161e-01
1.172580345530928603e-01
1.073320977974375340e-01
9.251011168398207141e-02
8.241552418905327693e-02
7.292600260208710605e-02
5.863476970587076093e-02
4.380224497121051885e-02
3.308986381771120838e-02
2.480162717120723906e-02
1.276975624427792791e-02
2.386394100561030872e-03
-9.473346797937392053e-03
-1.919517417452424463e-02
-3.094024328359711723e-02
-4.229312871071858049e-02
-5.529678200257474169e-02
-6.740144432519426521e-02
-7.712253959796613878e-02
-8.999920718877707504e-02
-9.827094198350386223e-02
-1.077272617525088794e-01
-1.215712775745298874e-01
-1.321096198148966616e-01
-1.411885977604689368e-01
-1.540534335307421898e-01
-1.641839133513482984e-01
-1.743233750172738239e-01
-1.843956901343708210e-01
-1.975841166017898443e-01
-2.066616004737381052e-01
-2.163000439935895691e-01
-2.258437579439571963e-01
-2.387526884392429660e-01
-2.536912546856081585e-01
-2.641512931662191588e-01
-2.704747982477985202e-01
-2.816419925371158595e-01
-2.927185979844098007e-01
-3.074394747405416739e-01
-3.161724740521683064e-01
-3.241795136490042695e-01
-3.364027147262790840e-01
-3.476385717005636700e-01
-3.598834441277834473e-01
-3.692975993237924137e-01
-3.790274064581232727e-01
-3.891642386169065770e-01
-3.996337986243427842e-01
-4.088362960523620471e-01
-4.182289178321066947e-01
-4.317313762603650629e-01
-4.413598182364463773e-01
-4.510752615891082673e-01
-4.612089220187626792e-01
-4.716387293512054324e-01
-4.775909809874142598e-01
-4.890731394179627656e-01
-5.018631987559870611e-01
-5.084884303861445520e-01
-5.212892444872406772e-01
-5.282141200601959685e-01
-5.408443276065834082e-01
-5.496769755061938767e-01
-5.593537770993917135e-01
-5.704124279447682078e-01
-5.816539554479907004e-01
-5.888569327774564321e-01
-5.953253258318036423e-01
-6.098901297945460431e-01
-6.202921076427457825e-01
-6.297960411809564452e-01
-6.368300597256624229e-01
-6.451331688989081492e-01
-6.531738632863755001e-01
-6.632721670741204001e-01
-6.727902841735202699e-01
-6.818886447446393939e-01
-6.947539919943314102e-01
-7.035322611998847675e-01
-7.106318179028413562e-01
-7.225649967834474330e-01
-7.364254706846925513e-01
-7.468365230563691615e-01
-7.534349506457594936e-01
-7.635962718428344065e-01
-7.702593003090815182e-01
-7.759981528350177182e-01
