5.461452156379388301e-01
5.428243881671465099e-01
5.395167191484623315e-01
5.362222531104110512e-01
5.329410340020338532e-01
5.296731051820371405e-01
5.264185094080268135e-01
5.231772888258322540e-01
5.199494849589243461e-01
5.167351386979348593e-01
5.135342902902767515e-01
5.103469793298766044e-01
5.071732447470184146e-01
5.040131247983058449e-01
5.008666570567473775e-01
4.977338784019700313e-01
4.946148250105625865e-01
4.915095323465576427e-01
4.884180351520537311e-01
4.853403674379827004e-01
4.822765624750276481e-01
4.792266527846954505e-01
4.761906701305468892e-01
4.731686455095908128e-01
4.701606091438451651e-01
4.671665904720693763e-01
4.641866181416724468e-01
4.612207200007995556e-01
4.582689230906042965e-01
4.553312536377058795e-01
4.524077370468388981e-01
4.494983978936974989e-01
4.466032599179784457e-01
4.437223460166259126e-01
4.408556782372815563e-01
4.380032777719442549e-01
4.351651649508412323e-01
4.323413592365148439e-01
4.295318792181271328e-01
4.267367426059868740e-01
4.239559662262997186e-01
4.211895660161443233e-01
4.184375570186809612e-01
4.156999533785885048e-01
4.129767683377377208e-01
4.102680142311008749e-01
4.075737024828994803e-01
4.048938436029925203e-01
4.022284471835085307e-01
3.995775218957197117e-01
3.969410754871640079e-01
3.943191147790129358e-01
3.917116456636886013e-01
3.891186731027307388e-01
3.865402011249139402e-01
3.839762328246169587e-01
3.814267703604449777e-01
3.788918149541043445e-01
3.763713668895309339e-01
3.738654255122730863e-01
3.713739892291280098e-01
3.688970555080337554e-01
3.664346208782127134e-01
3.639866809305726258e-01
3.615532303183572882e-01
3.591342627580542679e-01
3.567297710305511460e-01
3.543397469825466106e-01
3.519641815282097963e-01
3.496030646510908668e-01
3.472563854062790667e-01
3.449241319228076863e-01
3.426062914063052189e-01
3.403028501418898788e-01
3.380137934973065361e-01
3.357391059263029609e-01
3.334787709722458193e-01
3.312327712719712602e-01
3.290010885598702028e-01
3.267837036722039401e-01
3.245805965516498359e-01
3.223917462520715094e-01
3.202171309435139501e-01
3.180567279174181250e-01
3.159105135920534102e-01
3.137784635181640747e-01
3.116605523848265391e-01
3.095567540255155237e-01
3.074670414243735328e-01
3.053913867226807910e-01
3.033297612255239639e-01
3.012821354086556713e-01
2.992484789255462907e-01
2.972287606146194472e-01
2.952229485066703574e-01
2.932310098324601988e-01
2.912529110304863389e-01
2.892886177549187643e-01
2.873380948837042648e-01
2.854013065268281579e-01
2.834782160347350533e-01
2.815687860068984416e-01
2.796729783005391656e-01
2.777907540394847774e-01
2.759220736231676185e-01
2.740668967357554053e-01
2.722251823554097672e-01
2.703968887636680751e-01
2.685819735549442866e-01
2.667803936461426995e-01
2.649921052863807858e-01
2.632170640668158312e-01
2.614552249305691078e-01
2.597065421827460252e-01
2.579709695005423797e-01
2.562484599434360355e-01
2.545389659634570423e-01
2.528424394155294186e-01
2.511588315678843220e-01
2.494880931125338930e-01
2.478301741758049681e-01
2.461850243289249451e-01
2.445525925986565818e-01
2.429328274779746222e-01
2.413256769367818078e-01
2.397310884326559477e-01
2.381490089216260209e-01
2.365793848689705103e-01
2.350221622600327243e-01
2.334772866110500500e-01
2.319447029799892035e-01
2.304243559773851424e-01
2.289161897771770371e-01
2.274201481275371084e-01
2.259361743616864759e-01
2.244642114086943807e-01
2.230042018042557861e-01
2.215560877014396413e-01
2.201198108814079735e-01
2.186953127640965389e-01
2.172825344188538677e-01
2.158814165750350123e-01
2.144918996325429206e-01
2.131139236723148533e-01
2.117474284667473228e-01
2.103923534900564996e-01
2.090486379285676211e-01
2.077162206909304032e-01
2.063950404182550435e-01
2.050850354941631815e-01
2.037861440547517888e-01
2.024983039984618871e-01
2.012214529958506470e-01
1.999555284992602378e-01
1.987004677523795948e-01
1.974562077996944998e-01
1.962226854958204758e-01
1.949998375147161400e-01
1.937876003587678808e-01
1.925859103677474982e-01
1.913947037276319263e-01
1.902139164792845394e-01
1.890434845269911845e-01
1.878833436468466955e-01
1.867334294949871132e-01
1.855936776156631718e-01
1.844640234491488340e-01
1.833444023394810163e-01
1.822347495420250651e-01
1.811350002308603768e-01
1.800450895059819700e-01
1.789649524003114334e-01
1.778945238865118905e-01
1.768337388836035695e-01
1.757825322633704002e-01
1.747408388565555304e-01
1.737085934588379899e-01
1.726857308365839228e-01
1.716721857323675604e-01
1.706678928702544118e-01
1.696727869608407047e-01
1.686868027060410002e-01
1.677098748036185138e-01
1.667419379514499811e-01
1.657829268515166599e-01
1.648327762136161390e-01
1.638914207587836291e-01
1.629587952224168801e-01
1.620348343570947591e-01
1.611194729350806654e-01
1.602126457505016477e-01
1.593142876211930403e-01
1.584243333901983186e-01
1.575427179269143219e-01
1.566693761278697417e-01
1.558042429171266618e-01
1.549472532462912999e-01
1.540983420941229309e-01
1.532574444657282819e-01
1.524244953913250211e-01
1.515994299245637111e-01
1.507821831403900747e-01
1.499726901324346939e-01
1.491708860099114908e-01
1.483767058940094197e-01
1.475900849137590787e-01
1.468109582013556458e-01
1.460392608869191255e-01
1.452749280926692033e-01
1.445178949264975254e-01
1.437680964749108448e-01
1.430254677953242681e-01
1.422899439076782679e-01
1.415614597853565582e-01
1.408399503453740542e-01
1.401253504378104642e-01
1.394175948344582860e-01
1.387166182166535422e-01
1.380223551622601075e-01
1.373347401317699668e-01
1.366537074534875107e-01
1.359791913077580128e-01
1.353111257102034559e-01
1.346494444939247692e-01
1.339940812906273149e-01
1.333449695106258548e-01
1.327020423216820066e-01
1.320652326266270049e-01
1.314344730397157823e-01
1.308096958616624672e-01
1.301908330532999536e-01
1.295778162078047580e-01
1.289705765214268496e-01
1.283690447626618381e-01
1.277731512397958791e-01
1.271828257667562134e-01
1.265979976271938423e-01
1.260185955367214561e-01
1.254445476032261253e-01
1.248757812851775534e-01
1.243122233478389516e-01
1.237537998172952014e-01
1.232004359321991760e-01
1.226520560931404630e-01
1.221085838095309767e-01
1.215699416438996705e-01
1.210360511534844252e-01
1.205068328290029994e-01
1.199822060304809174e-01
1.194620889200067593e-01
1.189463983912835143e-01
1.184350499958360808e-01
1.179279578657289329e-01
1.174250346326453087e-01
1.169261913431683814e-01
1.164313373701020282e-01
1.159403803196605992e-01
1.154532259343505063e-01
1.149697779913587820e-01
1.144899381962570933e-01
1.140136060718238142e-01
1.135406788417741147e-01
1.130710513091855579e-01
1.126046157293962430e-01
1.121412616771439996e-01
1.116808759077057289e-01
1.112233422117921422e-01
1.107685412639369676e-01
1.103163504641168774e-01
1.098666437723282568e-01
1.094192915358336571e-01
1.089741603087877181e-01
1.085311126639394441e-01
1.080900069960978732e-01
1.076506973170421461e-01
1.072130330415456551e-01
1.067768587641744205e-01
1.063420140265138036e-01
1.059083330744657048e-01
1.054756446052527580e-01
1.050437715037579461e-01
1.046125305678176909e-01
1.041817322220843084e-01
1.037511802200644373e-01
1.033206713339346050e-01
1.028899950317321010e-01
1.024589331415163146e-01
1.020272595020897261e-01
1.015947395998722802e-01
1.011611301915187333e-01
1.007261789118746864e-01
1.002896238668676832e-01
9.985119321093999245e-02
9.941060470863610776e-02
9.896756527997017938e-02
9.852177052921351486e-02
9.807290425676183643e-02
9.762063795375859609e-02
9.716463027918322004e-02
9.670452651913759301e-02
9.623995802810073052e-02
9.577054165196431657e-02
9.529587913270166910e-02
9.481555649458227319e-02
9.432914341189647944e-02
9.383619255822409078e-02
9.333623893735516763e-02
9.282879919605256658e-02
9.231337091893693225e-02
9.178943190587851575e-02
9.125643943238943845e-02
9.071382949363460124e-02
9.016101603281384547e-02
8.959739015481435476e-02
8.902231932619218691e-02
8.843514656271943275e-02
8.783518960591428504e-02
8.722174009018501817e-02
8.659406270242669956e-02
8.595139433615529845e-02
8.529294324250465131e-02
8.461788818069088114e-02
8.392537757082266237e-02
8.321452865224852891e-02
8.248442665094095350e-02
8.173412395976374645e-02
8.096263933580578886e-02
8.016895711934779456e-02
7.935202647939067211e-02
7.851076069108403610e-02
7.764403645077948279e-02
7.675069323486206907e-02
7.582953270891300279e-02
7.487931819419155199e-02
7.389877419883092435e-02
7.288658602156164457e-02
7.184139943617590118e-02
7.076182046533219250e-02
6.964641525266455913e-02
6.849371004249456274e-02
6.730219127674451352e-02
6.607030581890288579e-02
6.479646131509596285e-02
6.347902670245766932e-02
6.211633287505704398e-02
6.070667351762849134e-02
5.924830611723962831e-02
5.773945316282445839e-02
5.617830354218140976e-02
5.456301414558904772e-02
5.289171168460807260e-02
5.116249473390990093e-02
4.937343600309777869e-02
4.752258484444084330e-02
4.560797000124643119e-02
4.362760260021460168e-02
4.157947938958824613e-02
3.946158622318670511e-02
3.727190178854768859e-02
3.500840157535385633e-02
3.266906207815117869e-02
3.025186522503672815e-02
2.775480302157228366e-02
2.517588239665278713e-02
2.251313023446586264e-02
1.976459857405862830e-02
1.692836995539121273e-02
1.400256288816958440e-02
1.098533741722685503e-02
7.874900755824478307e-03
4.669512956001608400e-03
1.367492583076618771e-03
-2.032777640386103021e-03
-5.532845257304224579e-03
-9.134182602816507887e-03
-1.283818147311742257e-02
-1.664614797483759262e-02
-2.055929759334515494e-02
-2.457875051782186862e-02
-2.870552725995354285e-02
-3.294054460161458669e-02
-3.728461190495799271e-02
-4.173842781593319062e-02
-4.630257738938669404e-02
-5.097752966066641800e-02
-5.576363568501822854e-02
-6.066112706213172556e-02
-6.567011495899965912e-02
-7.079058963984360964e-02
-7.602242050734089873e-02
-8.136535665477349910e-02
-8.681902792414564196e-02
-9.238294646077871430e-02
-9.805650875054355842e-02
-1.038389981217108932e-01
-1.097295876895291872e-01
-1.157273437180589143e-01
-1.218312293706197980e-01
-1.280401088174124291e-01
-1.343527516665568855e-01
-1.407678376828965516e-01
4.254978104639208780e-01
3.363774007840981684e-01
2.490239084569846606e-01
1.637525939659851271e-01
8.091146058841182376e-02
8.750232933497358338e-04
-7.596608569397959865e-02
-1.492200089245464545e-01
-2.185127320644254245e-01
-2.835101182454938251e-01
-3.439407420640038238e-01
-3.996166141721219645e-01
-4.504486738146764591e-01
-4.964544528661704592e-01
-5.377565506784949267e-01
-5.745721943928520092e-01
-6.071957126530947990e-01
-6.359767761994074009e-01
-6.612975332179451549e-01
-6.835513496644265441e-01
-7.031250170539937727e-01
-7.203853298810667383e-01
-7.356701100108086200e-01
-7.492831908782328076e-01
-7.614925832440362363e-01
-7.725309718962161121e-01
-7.825977613713172021e-01
-7.918620275851490087e-01
-8.004658899636025726e-01
-8.085279648446374035e-01
-8.161466815739895075e-01
-8.234033344825016920e-01
-8.303648092261248781e-01
-8.370859656073021959e-01
-8.436116862170888187e-01
-8.499786157231241646e-01
-8.562166231481200818e-01
-8.623500218683884944e-01
-8.683985813324112124e-01
-8.743783620355455311e-01
-8.803024019931234845e-01
-8.861812793973330438e-01
