1.300000000000000000e+01 3.500000000000000000e+00 1.800000000000000000e+01 3.000000000000000000e+00 1.000000000000000000e+00 2.500000000000000000e+01 1.000000000000000056e-01 4.000000000000000000e+01 1.000000000000000021e-02 1.323469015982158226e+01
1.300000000000000000e+01 3.500000000000000000e+00 1.800000000000000000e+01 3.000000000000000000e+00 1.000000000000000000e+00 2.500000000000000000e+01 1.000000000000000056e-01 4.000000000000000000e+01 1.251875025862529169e-02 1.069749269760997912e+01
1.300000000000000000e+01 3.500000000000000000e+00 1.800000000000000000e+01 3.000000000000000000e+00 1.000000000000000000e+00 2.500000000000000000e+01 1.000000000000000056e-01 4.000000000000000000e+01 1.567191080378307552e-02 8.666138713394786919e+00
1.300000000000000000e+01 3.500000000000000000e+00 1.800000000000000000e+01 3.000000000000000000e+00 1.000000000000000000e+00 2.500000000000000000e+01 1.000000000000000056e-01 4.000000000000000000e+01 1.961927374280118819e-02 7.039024530505788135e+00
1.300000000000000000e+01 3.500000000000000000e+00 1.800000000000000000e+01 3.000000000000000000e+00 1.000000000000000000e+00 2.500000000000000000e+01 1.000000000000000056e-01 4.000000000000000000e+01 2.456087882417326562e-02 5.734982634271570845e+00
1.300000000000000000e+01 3.500000000000000000e+00 1.800000000000000000e+01 3.000000000000000000e+00 1.000000000000000000e+00 2.500000000000000000e+01 1.000000000000000056e-01 4.000000000000000000e+01 3.074715081321835117e-02 4.689170185786073475e+00
1.300000000000000000e+01 3.500000000000000000e+00 1.800000000000000000e+01 3.000000000000000000e+00 1.000000000000000000e+00 2.500000000000000000e+01 1.000000000000000056e-01 4.000000000000000000e+01 3.849159021949680876e-02 3.849784750776833242e+00
1.300000000000000000e+01 3.500000000000000000e+00 1.800000000000000000e+01 3.000000000000000000e+00 1.000000000000000000e+00 2.500000000000000000e+01 1.000000000000000056e-01 4.000000000000000000e+01 4.818666050152244779e-02 3.175440809687211541e+00
1.300000000000000000e+01 3.500000000000000000e+00 1.800000000000000000e+01 3.000000000000000000e+00 1.000000000000000000e+00 2.500000000000000000e+01 1.000000000000000056e-01 4.000000000000000000e+01 6.032367686157229930e-02 2.633074101275073353e+00
1.300000000000000000e+01 3.500000000000000000e+00 1.800000000000000000e+01 3.000000000000000000e+00 1.000000000000000000e+00 2.500000000000000000e+01 1.000000000000000056e-01 4.000000000000000000e+01 7.551770453120364157e-02 2.196267600859032498e+00
1.300000000000000000e+01 3.500000000000000000e+00 1.800000000000000000e+01 3.000000000000000000e+00 1.000000000000000000e+00 2.500000000000000000e+01 1.000000000000000056e-01 4.000000000000000000e+01 9.453872831307939817e-02 1.843914301355828567e+00
1.300000000000000000e+01 3.500000000000000000e+00 1.800000000000000000e+01 3.000000000000000000e+00 1.000000000000000000e+00 2.500000000000000000e+01 1.000000000000000056e-01 4.000000000000000000e+01 1.183506729519469003e-01 1.559149033260354589e+00
1.300000000000000000e+01 3.500000000000000000e+00 1.800000000000000000e+01 3.000000000000000000e+00 1.000000000000000000e+00 2.500000000000000000e+01 1.000000000000000056e-01 4.000000000000000000e+01 1.481602517625662530e-01 1.328495193675409247e+00
1.300000000000000000e+01 3.500000000000000000e+00 1.800000000000000000e+01 3.000000000000000000e+00 1.000000000000000000e+00 2.500000000000000000e+01 1.000000000000000056e-01 4.000000000000000000e+01 1.854781190070613761e-01 1.141183145326601034e+00
1.300000000000000000e+01 3.500000000000000000e+00 1.800000000000000000e+01 3.000000000000000000e+00 1.000000000000000000e+00 2.500000000000000000e+01 1.000000000000000056e-01 4.000000000000000000e+01 2.321954250288982280e-01 9.886057461112609523e-01
1.300000000000000000e+01 3.500000000000000000e+00 1.800000000000000000e+01 3.000000000000000000e+00 1.000000000000000000e+00 2.500000000000000000e+01 1.000000000000000056e-01 4.000000000000000000e+01 2.906796537132128044e-01 8.638834189972640631e-01
1.300000000000000000e+01 3.500000000000000000e+00 1.800000000000000000e+01 3.000000000000000000e+00 1.000000000000000000e+00 2.500000000000000000e+01 1.000000000000000056e-01 4.000000000000000000e+01 3.638945990099393124e-01 7.615167231749002674e-01
1.300000000000000000e+01 3.500000000000000000e+00 1.800000000000000000e+01 3.000000000000000000e+00 1.000000000000000000e+00 2.500000000000000000e+01 1.000000000000000056e-01 4.000000000000000000e+01 4.555505605468024855e-01 6.771088215836041924e-01
1.300000000000000000e+01 3.500000000000000000e+00 1.800000000000000000e+01 3.000000000000000000e+00 1.000000000000000000e+00 2.500000000000000000e+01 1.000000000000000056e-01 4.000000000000000000e+01 5.702923697662177771e-01 6.071437819974561112e-01
1.300000000000000000e+01 3.500000000000000000e+00 1.800000000000000000e+01 3.000000000000000000e+00 1.000000000000000000e+00 2.500000000000000000e+01 1.000000000000000056e-01 4.000000000000000000e+01 7.139347751502869155e-01 5.488094782591532717e-01
1.300000000000000000e+01 3.500000000000000000e+00 1.800000000000000000e+01 3.000000000000000000e+00 1.000000000000000000e+00 2.500000000000000000e+01 1.000000000000000056e-01 4.000000000000000000e+01 8.937571151054239937e-01 4.998561183868463487e-01
1.300000000000000000e+01 3.500000000000000000e+00 1.800000000000000000e+01 3.000000000000000000e+00 1.000000000000000000e+00 2.500000000000000000e+01 1.000000000000000056e-01 4.000000000000000000e+01 1.118872211587422116e+00 4.584832316780993455e-01
1.300000000000000000e+01 3.500000000000000000e+00 1.800000000000000000e+01 3.000000000000000000e+00 1.000000000000000000e+00 2.500000000000000000e+01 1.000000000000000056e-01 4.000000000000000000e+01 1.400688178817869334e+00 4.232493890921567026e-01
1.300000000000000000e+01 3.500000000000000000e+00 1.800000000000000000e+01 3.000000000000000000e+00 1.000000000000000000e+00 2.500000000000000000e+01 1.000000000000000056e-01 4.000000000000000000e+01 1.753486550082959283e+00 3.930000831894445157e-01
1.300000000000000000e+01 3.500000000000000000e+00 1.800000000000000000e+01 3.000000000000000000e+00 1.000000000000000000e+00 2.500000000000000000e+01 1.000000000000000056e-01 4.000000000000000000e+01 2.195146020234701734e+00 3.668101141253563013e-01
1.300000000000000000e+01 3.500000000000000000e+00 1.800000000000000000e+01 3.000000000000000000e+00 1.000000000000000000e+00 2.500000000000000000e+01 1.000000000000000056e-01 4.000000000000000000e+01 2.748048480853342745e+00 3.439375632674642191e-01
1.300000000000000000e+01 3.500000000000000000e+00 1.800000000000000000e+01 3.000000000000000000e+00 1.000000000000000000e+00 2.500000000000000000e+01 1.000000000000000056e-01 4.000000000000000000e+01 3.440213263039762381e+00 3.237870231824350742e-01
1.300000000000000000e+01 3.500000000000000000e+00 1.800000000000000000e+01 3.000000000000000000e+00 1.000000000000000000e+00 2.500000000000000000e+01 1.000000000000000056e-01 4.000000000000000000e+01 4.306717067640518870e+00 3.058802217772868537e-01
1.300000000000000000e+01 3.500000000000000000e+00 1.800000000000000000e+01 3.000000000000000000e+00 1.000000000000000000e+00 2.500000000000000000e+01 1.000000000000000056e-01 4.000000000000000000e+01 5.391471540435070153e+00 2.898325530485083568e-01
1.300000000000000000e+01 3.500000000000000000e+00 1.800000000000000000e+01 3.000000000000000000e+00 1.000000000000000000e+00 2.500000000000000000e+01 1.000000000000000056e-01 4.000000000000000000e+01 6.749448574119243816e+00 2.753343261789451546e-01
1.300000000000000000e+01 3.500000000000000000e+00 1.800000000000000000e+01 3.000000000000000000e+00 1.000000000000000000e+00 2.500000000000000000e+01 1.000000000000000056e-01 4.000000000000000000e+01 8.449466108283331778e+00 2.621357837930442525e-01
1.300000000000000000e+01 3.500000000000000000e+00 1.800000000000000000e+01 3.000000000000000000e+00 1.000000000000000000e+00 2.500000000000000000e+01 1.000000000000000056e-01 4.000000000000000000e+01 1.057767560283175889e+01 2.500351311513283603e-01
1.300000000000000000e+01 3.500000000000000000e+00 1.800000000000000000e+01 3.000000000000000000e+00 1.000000000000000000e+00 2.500000000000000000e+01 1.000000000000000056e-01 4.000000000000000000e+01 1.324192791886045306e+01 2.388689706125577406e-01
1.300000000000000000e+01 3.500000000000000000e+00 1.800000000000000000e+01 3.000000000000000000e+00 1.000000000000000000e+00 2.500000000000000000e+01 1.000000000000000056e-01 4.000000000000000000e+01 1.657723885589317803e+01 2.285046575474901365e-01
1.300000000000000000e+01 3.500000000000000000e+00 1.800000000000000000e+01 3.000000000000000000e+00 1.000000000000000000e+00 2.500000000000000000e+01 1.000000000000000056e-01 4.000000000000000000e+01 2.075263132145059686e+01 2.188341912266771327e-01
1.300000000000000000e+01 3.500000000000000000e+00 1.800000000000000000e+01 3.000000000000000000e+00 1.000000000000000000e+00 2.500000000000000000e+01 1.000000000000000056e-01 4.000000000000000000e+01 2.597970087225647262e+01 2.097693319590832051e-01
1.300000000000000000e+01 3.500000000000000000e+00 1.800000000000000000e+01 3.000000000000000000e+00 1.000000000000000000e+00 2.500000000000000000e+01 1.000000000000000056e-01 4.000000000000000000e+01 3.252333870135684180e+01 2.012376978687834550e-01
1.300000000000000000e+01 3.500000000000000000e+00 1.800000000000000000e+01 3.000000000000000000e+00 1.000000000000000000e+00 2.500000000000000000e+01 1.000000000000000056e-01 4.000000000000000000e+01 4.071515547789690004e+01 1.931796443111022110e-01
1.300000000000000000e+01 3.500000000000000000e+00 1.800000000000000000e+01 3.000000000000000000e+00 1.000000000000000000e+00 2.500000000000000000e+01 1.000000000000000056e-01 4.000000000000000000e+01 5.097028631688908007e+01 1.855457685615345131e-01
1.300000000000000000e+01 3.500000000000000000e+00 1.800000000000000000e+01 3.000000000000000000e+00 1.000000000000000000e+00 2.500000000000000000e+01 1.000000000000000056e-01 4.000000000000000000e+01 6.380842850117603149e+01 1.782949140690285039e-01
1.300000000000000000e+01 3.500000000000000000e+00 1.800000000000000000e+01 3.000000000000000000e+00 1.000000000000000000e+00 2.500000000000000000e+01 1.000000000000000056e-01 4.000000000000000000e+01 7.988017808015700894e+01 1.713925738539998356e-01
1.300000000000000000e+01 3.500000000000000000e+00 1.800000000000000000e+01 3.000000000000000000e+00 1.000000000000000000e+00 2.500000000000000000e+01 1.000000000000000056e-01 4.000000000000000000e+01 1.000000000000000000e+02 1.648096128323082998e-01
