1.400000000000000000e+01 2.500000000000000000e+00 1.400000000000000000e+01 7.190000000000000391e+00 1.000000000000000000e+00 2.500000000000000000e+01 1.000000000000000056e-01 4.000000000000000000e+01 1.000000000000000021e-02 6.885783006755024971e+00
1.400000000000000000e+01 2.500000000000000000e+00 1.400000000000000000e+01 7.190000000000000391e+00 1.000000000000000000e+00 2.500000000000000000e+01 1.000000000000000056e-01 4.000000000000000000e+01 1.251875025862529169e-02 5.571887081313698253e+00
1.400000000000000000e+01 2.500000000000000000e+00 1.400000000000000000e+01 7.190000000000000391e+00 1.000000000000000000e+00 2.500000000000000000e+01 1.000000000000000056e-01 4.000000000000000000e+01 1.567191080378307552e-02 4.520722785453728854e+00
1.400000000000000000e+01 2.500000000000000000e+00 1.400000000000000000e+01 7.190000000000000391e+00 1.000000000000000000e+00 2.500000000000000000e+01 1.000000000000000056e-01 4.000000000000000000e+01 1.961927374280118819e-02 3.679465767962732059e+00
1.400000000000000000e+01 2.500000000000000000e+00 1.400000000000000000e+01 7.190000000000000391e+00 1.000000000000000000e+00 2.500000000000000000e+01 1.000000000000000056e-01 4.000000000000000000e+01 2.456087882417326562e-02 3.005919008736755771e+00
1.400000000000000000e+01 2.500000000000000000e+00 1.400000000000000000e+01 7.190000000000000391e+00 1.000000000000000000e+00 2.500000000000000000e+01 1.000000000000000056e-01 4.000000000000000000e+01 3.074715081321835117e-02 2.466374637608178322e+00
1.400000000000000000e+01 2.500000000000000000e+00 1.400000000000000000e+01 7.190000000000000391e+00 1.000000000000000000e+00 2.500000000000000000e+01 1.000000000000000056e-01 4.000000000000000000e+01 3.849159021949680876e-02 2.033905950988627698e+00
1.400000000000000000e+01 2.500000000000000000e+00 1.400000000000000000e+01 7.190000000000000391e+00 1.000000000000000000e+00 2.500000000000000000e+01 1.000000000000000056e-01 4.000000000000000000e+01 4.818666050152244779e-02 1.687003071302337842e+00
1.400000000000000000e+01 2.500000000000000000e+00 1.400000000000000000e+01 7.190000000000000391e+00 1.000000000000000000e+00 2.500000000000000000e+01 1.000000000000000056e-01 4.000000000000000000e+01 6.032367686157229930e-02 1.408483108901994907e+00
1.400000000000000000e+01 2.500000000000000000e+00 1.400000000000000000e+01 7.190000000000000391e+00 1.000000000000000000e+00 2.500000000000000000e+01 1.000000000000000056e-01 4.000000000000000000e+01 7.551770453120364157e-02 1.184619597065722285e+00
1.400000000000000000e+01 2.500000000000000000e+00 1.400000000000000000e+01 7.190000000000000391e+00 1.000000000000000000e+00 2.500000000000000000e+01 1.000000000000000056e-01 4.000000000000000000e+01 9.453872831307939817e-02 1.004447082730848040e+00
1.400000000000000000e+01 2.500000000000000000e+00 1.400000000000000000e+01 7.190000000000000391e+00 1.000000000000000000e+00 2.500000000000000000e+01 1.000000000000000056e-01 4.000000000000000000e+01 1.183506729519469003e-01 8.592056319510136264e-01
1.400000000000000000e+01 2.500000000000000000e+00 1.400000000000000000e+01 7.190000000000000391e+00 1.000000000000000000e+00 2.500000000000000000e+01 1.000000000000000056e-01 4.000000000000000000e+01 1.481602517625662530e-01 7.418970994921193496e-01
1.400000000000000000e+01 2.500000000000000000e+00 1.400000000000000000e+01 7.190000000000000391e+00 1.000000000000000000e+00 2.500000000000000000e+01 1.000000000000000056e-01 4.000000000000000000e+01 1.854781190070613761e-01 6.469306758298919435e-01
1.400000000000000000e+01 2.500000000000000000e+00 1.400000000000000000e+01 7.190000000000000391e+00 1.000000000000000000e+00 2.500000000000000000e+01 1.000000000000000056e-01 4.000000000000000000e+01 2.321954250288982280e-01 5.698397491031380602e-01
1.400000000000000000e+01 2.500000000000000000e+00 1.400000000000000000e+01 7.190000000000000391e+00 1.000000000000000000e+00 2.500000000000000000e+01 1.000000000000000056e-01 4.000000000000000000e+01 2.906796537132128044e-01 5.070557335887003747e-01
1.400000000000000000e+01 2.500000000000000000e+00 1.400000000000000000e+01 7.190000000000000391e+00 1.000000000000000000e+00 2.500000000000000000e+01 1.000000000000000056e-01 4.000000000000000000e+01 3.638945990099393124e-01 4.557274031433118933e-01
1.400000000000000000e+01 2.500000000000000000e+00 1.400000000000000000e+01 7.190000000000000391e+00 1.000000000000000000e+00 2.500000000000000000e+01 1.000000000000000056e-01 4.000000000000000000e+01 4.555505605468024855e-01 4.135765741017818908e-01
1.400000000000000000e+01 2.500000000000000000e+00 1.400000000000000000e+01 7.190000000000000391e+00 1.000000000000000000e+00 2.500000000000000000e+01 1.000000000000000056e-01 4.000000000000000000e+01 5.702923697662177771e-01 3.787828241931949225e-01
1.400000000000000000e+01 2.500000000000000000e+00 1.400000000000000000e+01 7.190000000000000391e+00 1.000000000000000000e+00 2.500000000000000000e+01 1.000000000000000056e-01 4.000000000000000000e+01 7.139347751502869155e-01 3.498914054873944468e-01
1.400000000000000000e+01 2.500000000000000000e+00 1.400000000000000000e+01 7.190000000000000391e+00 1.000000000000000000e+00 2.500000000000000000e+01 1.000000000000000056e-01 4.000000000000000000e+01 8.937571151054239937e-01 3.257396847813867624e-01
1.400000000000000000e+01 2.500000000000000000e+00 1.400000000000000000e+01 7.190000000000000391e+00 1.000000000000000000e+00 2.500000000000000000e+01 1.000000000000000056e-01 4.000000000000000000e+01 1.118872211587422116e+00 3.053983837448056016e-01
1.400000000000000000e+01 2.500000000000000000e+00 1.400000000000000000e+01 7.190000000000000391e+00 1.000000000000000000e+00 2.500000000000000000e+01 1.000000000000000056e-01 4.000000000000000000e+01 1.400688178817869334e+00 2.881246411461689805e-01
1.400000000000000000e+01 2.500000000000000000e+00 1.400000000000000000e+01 7.190000000000000391e+00 1.000000000000000000e+00 2.500000000000000000e+01 1.000000000000000056e-01 4.000000000000000000e+01 1.753486550082959283e+00 2.733245185850697312e-01
1.400000000000000000e+01 2.500000000000000000e+00 1.400000000000000000e+01 7.190000000000000391e+00 1.000000000000000000e+00 2.500000000000000000e+01 1.000000000000000056e-01 4.000000000000000000e+01 2.195146020234701734e+00 2.605230497203108730e-01
1.400000000000000000e+01 2.500000000000000000e+00 1.400000000000000000e+01 7.190000000000000391e+00 1.000000000000000000e+00 2.500000000000000000e+01 1.000000000000000056e-01 4.000000000000000000e+01 2.748048480853342745e+00 2.493403152624770469e-01
1.400000000000000000e+01 2.500000000000000000e+00 1.400000000000000000e+01 7.190000000000000391e+00 1.000000000000000000e+00 2.500000000000000000e+01 1.000000000000000056e-01 4.000000000000000000e+01 3.440213263039762381e+00 2.394723313641620444e-01
1.400000000000000000e+01 2.500000000000000000e+00 1.400000000000000000e+01 7.190000000000000391e+00 1.000000000000000000e+00 2.500000000000000000e+01 1.000000000000000056e-01 4.000000000000000000e+01 4.306717067640518870e+00 2.306757829669677240e-01
1.400000000000000000e+01 2.500000000000000000e+00 1.400000000000000000e+01 7.190000000000000391e+00 1.000000000000000000e+00 2.500000000000000000e+01 1.000000000000000056e-01 4.000000000000000000e+01 5.391471540435070153e+00 2.227558285128302396e-01
1.400000000000000000e+01 2.500000000000000000e+00 1.400000000000000000e+01 7.190000000000000391e+00 1.000000000000000000e+00 2.500000000000000000e+01 1.000000000000000056e-01 4.000000000000000000e+01 6.749448574119243816e+00 2.155563580725171346e-01
1.400000000000000000e+01 2.500000000000000000e+00 1.400000000000000000e+01 7.190000000000000391e+00 1.000000000000000000e+00 2.500000000000000000e+01 1.000000000000000056e-01 4.000000000000000000e+01 8.449466108283331778e+00 2.089522112738713133e-01
1.400000000000000000e+01 2.500000000000000000e+00 1.400000000000000000e+01 7.190000000000000391e+00 1.000000000000000000e+00 2.500000000000000000e+01 1.000000000000000056e-01 4.000000000000000000e+01 1.057767560283175889e+01 2.028429607271955704e-01
1.400000000000000000e+01 2.500000000000000000e+00 1.400000000000000000e+01 7.190000000000000391e+00 1.000000000000000000e+00 2.500000000000000000e+01 1.000000000000000056e-01 4.000000000000000000e+01 1.324192791886045306e+01 1.971479459780254850e-01
1.400000000000000000e+01 2.500000000000000000e+00 1.400000000000000000e+01 7.190000000000000391e+00 1.000000000000000000e+00 2.500000000000000000e+01 1.000000000000000056e-01 4.000000000000000000e+01 1.657723885589317803e+01 1.918023063887677182e-01
1.400000000000000000e+01 2.500000000000000000e+00 1.400000000000000000e+01 7.190000000000000391e+00 1.000000000000000000e+00 2.500000000000000000e+01 1.000000000000000056e-01 4.000000000000000000e+01 2.075263132145059686e+01 1.867538119717339351e-01
1.400000000000000000e+01 2.500000000000000000e+00 1.400000000000000000e+01 7.190000000000000391e+00 1.000000000000000000e+00 2.500000000000000000e+01 1.000000000000000056e-01 4.000000000000000000e+01 2.597970087225647262e+01 1.819603316322903619e-01
1.400000000000000000e+01 2.500000000000000000e+00 1.400000000000000000e+01 7.190000000000000391e+00 1.000000000000000000e+00 2.500000000000000000e+01 1.000000000000000056e-01 4.000000000000000000e+01 3.252333870135684180e+01 1.773878105813474770e-01
1.400000000000000000e+01 2.500000000000000000e+00 1.400000000000000000e+01 7.190000000000000391e+00 1.000000000000000000e+00 2.500000000000000000e+01 1.000000000000000056e-01 4.000000000000000000e+01 4.071515547789690004e+01 1.730086544781150593e-01
1.400000000000000000e+01 2.500000000000000000e+00 1.400000000000000000e+01 7.190000000000000391e+00 1.000000000000000000e+00 2.500000000000000000e+01 1.000000000000000056e-01 4.000000000000000000e+01 5.097028631688908007e+01 1.688004384744978548e-01
1.400000000000000000e+01 2.500000000000000000e+00 1.400000000000000000e+01 7.190000000000000391e+00 1.000000000000000000e+00 2.500000000000000000e+01 1.000000000000000056e-01 4.000000000000000000e+01 6.380842850117603149e+01 1.647448757961711419e-01
1.400000000000000000e+01 2.500000000000000000e+00 1.400000000000000000e+01 7.190000000000000391e+00 1.000000000000000000e+00 2.500000000000000000e+01 1.000000000000000056e-01 4.000000000000000000e+01 7.988017808015700894e+01 1.608269936465835104e-01
1.400000000000000000e+01 2.500000000000000000e+00 1.400000000000000000e+01 7.190000000000000391e+00 1.000000000000000000e+00 2.500000000000000000e+01 1.000000000000000056e-01 4.000000000000000000e+01 1.000000000000000000e+02 1.570344747253453188e-01
