6.000000000000000000e+00 1.500000000000000000e+00 1.800000000000000000e+01 4.849999999999999645e+00 1.000000000000000000e+00 2.500000000000000000e+01 1.000000000000000056e-01 4.000000000000000000e+01 1.000000000000000021e-02 2.629585296318025733e+00
6.000000000000000000e+00 1.500000000000000000e+00 1.800000000000000000e+01 4.849999999999999645e+00 1.000000000000000000e+00 2.500000000000000000e+01 1.000000000000000056e-01 4.000000000000000000e+01 1.251875025862529169e-02 2.148111293087207052e+00
6.000000000000000000e+00 1.500000000000000000e+00 1.800000000000000000e+01 4.849999999999999645e+00 1.000000000000000000e+00 2.500000000000000000e+01 1.000000000000000056e-01 4.000000000000000000e+01 1.567191080378307552e-02 1.762990659930125936e+00
6.000000000000000000e+00 1.500000000000000000e+00 1.800000000000000000e+01 4.849999999999999645e+00 1.000000000000000000e+00 2.500000000000000000e+01 1.000000000000000056e-01 4.000000000000000000e+01 1.961927374280118819e-02 1.454842915604597664e+00
6.000000000000000000e+00 1.500000000000000000e+00 1.800000000000000000e+01 4.849999999999999645e+00 1.000000000000000000e+00 2.500000000000000000e+01 1.000000000000000056e-01 4.000000000000000000e+01 2.456087882417326562e-02 1.208186835699717410e+00
6.000000000000000000e+00 1.500000000000000000e+00 1.800000000000000000e+01 4.849999999999999645e+00 1.000000000000000000e+00 2.500000000000000000e+01 1.000000000000000056e-01 4.000000000000000000e+01 3.074715081321835117e-02 1.010655929774803452e+00
6.000000000000000000e+00 1.500000000000000000e+00 1.800000000000000000e+01 4.849999999999999645e+00 1.000000000000000000e+00 2.500000000000000000e+01 1.000000000000000056e-01 4.000000000000000000e+01 3.849159021949680876e-02 8.523717630936149536e-01
6.000000000000000000e+00 1.500000000000000000e+00 1.800000000000000000e+01 4.849999999999999645e+00 1.000000000000000000e+00 2.500000000000000000e+01 1.000000000000000056e-01 4.000000000000000000e+01 4.818666050152244779e-02 7.254433649024417674e-01
6.000000000000000000e+00 1.500000000000000000e+00 1.800000000000000000e+01 4.849999999999999645e+00 1.000000000000000000e+00 2.500000000000000000e+01 1.000000000000000056e-01 4.000000000000000000e+01 6.032367686157229930e-02 6.235673548640521258e-01
6.000000000000000000e+00 1.500000000000000000e+00 1.800000000000000000e+01 4.849999999999999645e+00 1.000000000000000000e+00 2.500000000000000000e+01 1.000000000000000056e-01 4.000000000000000000e+01 7.551770453120364157e-02 5.417085233339793415e-01
6.000000000000000000e+00 1.500000000000000000e+00 1.800000000000000000e+01 4.849999999999999645e+00 1.000000000000000000e+00 2.500000000000000000e+01 1.000000000000000056e-01 4.000000000000000000e+01 9.453872831307939817e-02 4.758446783094157917e-01
6.000000000000000000e+00 1.500000000000000000e+00 1.800000000000000000e+01 4.849999999999999645e+00 1.000000000000000000e+00 2.500000000000000000e+01 1.000000000000000056e-01 4.000000000000000000e+01 1.183506729519469003e-01 4.227628287107093596e-01
6.000000000000000000e+00 1.500000000000000000e+00 1.800000000000000000e+01 4.849999999999999645e+00 1.000000000000000000e+00 2.500000000000000000e+01 1.000000000000000056e-01 4.000000000000000000e+01 1.481602517625662530e-01 3.798963752168355024e-01
6.000000000000000000e+00 1.500000000000000000e+00 1.800000000000000000e+01 4.849999999999999645e+00 1.000000000000000000e+00 2.500000000000000000e+01 1.000000000000000056e-01 4.000000000000000000e+01 1.854781190070613761e-01 3.451950580080880848e-01
6.000000000000000000e+00 1.500000000000000000e+00 1.800000000000000000e+01 4.849999999999999645e+00 1.000000000000000000e+00 2.500000000000000000e+01 1.000000000000000056e-01 4.000000000000000000e+01 2.321954250288982280e-01 3.170210707846624065e-01
6.000000000000000000e+00 1.500000000000000000e+00 1.800000000000000000e+01 4.849999999999999645e+00 1.000000000000000000e+00 2.500000000000000000e+01 1.000000000000000056e-01 4.000000000000000000e+01 2.906796537132128044e-01 2.940660764530910187e-01
6.000000000000000000e+00 1.500000000000000000e+00 1.800000000000000000e+01 4.849999999999999645e+00 1.000000000000000000e+00 2.500000000000000000e+01 1.000000000000000056e-01 4.000000000000000000e+01 3.638945990099393124e-01 2.752849191022540554e-01
6.000000000000000000e+00 1.500000000000000000e+00 1.800000000000000000e+01 4.849999999999999645e+00 1.000000000000000000e+00 2.500000000000000000e+01 1.000000000000000056e-01 4.000000000000000000e+01 4.555505605468024855e-01 2.598426730053051692e-01
6.000000000000000000e+00 1.500000000000000000e+00 1.800000000000000000e+01 4.849999999999999645e+00 1.000000000000000000e+00 2.500000000000000000e+01 1.000000000000000056e-01 4.000000000000000000e+01 5.702923697662177771e-01 2.470723452617208382e-01
6.000000000000000000e+00 1.500000000000000000e+00 1.800000000000000000e+01 4.849999999999999645e+00 1.000000000000000000e+00 2.500000000000000000e+01 1.000000000000000056e-01 4.000000000000000000e+01 7.139347751502869155e-01 2.364410885861204237e-01
6.000000000000000000e+00 1.500000000000000000e+00 1.800000000000000000e+01 4.849999999999999645e+00 1.000000000000000000e+00 2.500000000000000000e+01 1.000000000000000056e-01 4.000000000000000000e+01 8.937571151054239937e-01 2.275232120175521566e-01
6.000000000000000000e+00 1.500000000000000000e+00 1.800000000000000000e+01 4.849999999999999645e+00 1.000000000000000000e+00 2.500000000000000000e+01 1.000000000000000056e-01 4.000000000000000000e+01 1.118872211587422116e+00 2.199786218198199472e-01
6.000000000000000000e+00 1.500000000000000000e+00 1.800000000000000000e+01 4.849999999999999645e+00 1.000000000000000000e+00 2.500000000000000000e+01 1.000000000000000056e-01 4.000000000000000000e+01 1.400688178817869334e+00 2.135356000281513622e-01
6.000000000000000000e+00 1.500000000000000000e+00 1.800000000000000000e+01 4.849999999999999645e+00 1.000000000000000000e+00 2.500000000000000000e+01 1.000000000000000056e-01 4.000000000000000000e+01 1.753486550082959283e+00 2.079770479155548246e-01
6.000000000000000000e+00 1.500000000000000000e+00 1.800000000000000000e+01 4.849999999999999645e+00 1.000000000000000000e+00 2.500000000000000000e+01 1.000000000000000056e-01 4.000000000000000000e+01 2.195146020234701734e+00 2.031294972432592383e-01
6.000000000000000000e+00 1.500000000000000000e+00 1.800000000000000000e+01 4.849999999999999645e+00 1.000000000000000000e+00 2.500000000000000000e+01 1.000000000000000056e-01 4.000000000000000000e+01 2.748048480853342745e+00 1.988543324220747310e-01
6.000000000000000000e+00 1.500000000000000000e+00 1.800000000000000000e+01 4.849999999999999645e+00 1.000000000000000000e+00 2.500000000000000000e+01 1.000000000000000056e-01 4.000000000000000000e+01 3.440213263039762381e+00 1.950407787533970372e-01
6.000000000000000000e+00 1.500000000000000000e+00 1.800000000000000000e+01 4.849999999999999645e+00 1.000000000000000000e+00 2.500000000000000000e+01 1.000000000000000056e-01 4.000000000000000000e+01 4.306717067640518870e+00 1.916003014178415398e-01
6.000000000000000000e+00 1.500000000000000000e+00 1.800000000000000000e+01 4.849999999999999645e+00 1.000000000000000000e+00 2.500000000000000000e+01 1.000000000000000056e-01 4.000000000000000000e+01 5.391471540435070153e+00 1.884621313716581814e-01
6.000000000000000000e+00 1.500000000000000000e+00 1.800000000000000000e+01 4.849999999999999645e+00 1.000000000000000000e+00 2.500000000000000000e+01 1.000000000000000056e-01 4.000000000000000000e+01 6.749448574119243816e+00 1.855696914191514446e-01
6.000000000000000000e+00 1.500000000000000000e+00 1.800000000000000000e+01 4.849999999999999645e+00 1.000000000000000000e+00 2.500000000000000000e+01 1.000000000000000056e-01 4.000000000000000000e+01 8.449466108283331778e+00 1.828777413473581248e-01
6.000000000000000000e+00 1.500000000000000000e+00 1.800000000000000000e+01 4.849999999999999645e+00 1.000000000000000000e+00 2.500000000000000000e+01 1.000000000000000056e-01 4.000000000000000000e+01 1.057767560283175889e+01 1.803500974489974651e-01
6.000000000000000000e+00 1.500000000000000000e+00 1.800000000000000000e+01 4.849999999999999645e+00 1.000000000000000000e+00 2.500000000000000000e+01 1.000000000000000056e-01 4.000000000000000000e+01 1.324192791886045306e+01 1.779578108678576687e-01
6.000000000000000000e+00 1.500000000000000000e+00 1.800000000000000000e+01 4.849999999999999645e+00 1.000000000000000000e+00 2.500000000000000000e+01 1.000000000000000056e-01 4.000000000000000000e+01 1.657723885589317803e+01 1.756777124524201983e-01
6.000000000000000000e+00 1.500000000000000000e+00 1.800000000000000000e+01 4.849999999999999645e+00 1.000000000000000000e+00 2.500000000000000000e+01 1.000000000000000056e-01 4.000000000000000000e+01 2.075263132145059686e+01 1.734912503769770464e-01
6.000000000000000000e+00 1.500000000000000000e+00 1.800000000000000000e+01 4.849999999999999645e+00 1.000000000000000000e+00 2.500000000000000000e+01 1.000000000000000056e-01 4.000000000000000000e+01 2.597970087225647262e+01 1.713835616260007688e-01
6.000000000000000000e+00 1.500000000000000000e+00 1.800000000000000000e+01 4.849999999999999645e+00 1.000000000000000000e+00 2.500000000000000000e+01 1.000000000000000056e-01 4.000000000000000000e+01 3.252333870135684180e+01 1.693427302889553010e-01
6.000000000000000000e+00 1.500000000000000000e+00 1.800000000000000000e+01 4.849999999999999645e+00 1.000000000000000000e+00 2.500000000000000000e+01 1.000000000000000056e-01 4.000000000000000000e+01 4.071515547789690004e+01 1.673591950796767258e-01
6.000000000000000000e+00 1.500000000000000000e+00 1.800000000000000000e+01 4.849999999999999645e+00 1.000000000000000000e+00 2.500000000000000000e+01 1.000000000000000056e-01 4.000000000000000000e+01 5.097028631688908007e+01 1.654252760566625458e-01
6.000000000000000000e+00 1.500000000000000000e+00 1.800000000000000000e+01 4.849999999999999645e+00 1.000000000000000000e+00 2.500000000000000000e+01 1.000000000000000056e-01 4.000000000000000000e+01 6.380842850117603149e+01 1.635347965613153931e-01
6.000000000000000000e+00 1.500000000000000000e+00 1.800000000000000000e+01 4.849999999999999645e+00 1.000000000000000000e+00 2.500000000000000000e+01 1.000000000000000056e-01 4.000000000000000000e+01 7.988017808015700894e+01 1.616827812165131106e-01
6.000000000000000000e+00 1.500000000000000000e+00 1.800000000000000000e+01 4.849999999999999645e+00 1.000000000000000000e+00 2.500000000000000000e+01 1.000000000000000056e-01 4.000000000000000000e+01 1.000000000000000000e+02 1.598652146823579534e-01
