1.500000000000000000e+01 3.500000000000000000e+00 1.200000000000000000e+01 9.460000000000000853e+00 1.000000000000000000e+00 2.500000000000000000e+01 1.000000000000000056e-01 4.000000000000000000e+01 1.000000000000000021e-02 2.145864860907497373e+01
1.500000000000000000e+01 3.500000000000000000e+00 1.200000000000000000e+01 9.460000000000000853e+00 1.000000000000000000e+00 2.500000000000000000e+01 1.000000000000000056e-01 4.000000000000000000e+01 1.251875025862529169e-02 1.731250721498120271e+01
1.500000000000000000e+01 3.500000000000000000e+00 1.200000000000000000e+01 9.460000000000000853e+00 1.000000000000000000e+00 2.500000000000000000e+01 1.000000000000000056e-01 4.000000000000000000e+01 1.567191080378307552e-02 1.399301702080484944e+01
1.500000000000000000e+01 3.500000000000000000e+00 1.200000000000000000e+01 9.460000000000000853e+00 1.000000000000000000e+00 2.500000000000000000e+01 1.000000000000000056e-01 4.000000000000000000e+01 1.961927374280118819e-02 1.133418960556049626e+01
1.500000000000000000e+01 3.500000000000000000e+00 1.200000000000000000e+01 9.460000000000000853e+00 1.000000000000000000e+00 2.500000000000000000e+01 1.000000000000000056e-01 4.000000000000000000e+01 2.456087882417326562e-02 9.203418485309233787e+00
1.500000000000000000e+01 3.500000000000000000e+00 1.200000000000000000e+01 9.460000000000000853e+00 1.000000000000000000e+00 2.500000000000000000e+01 1.000000000000000056e-01 4.000000000000000000e+01 3.074715081321835117e-02 7.494763371598886614e+00
1.500000000000000000e+01 3.500000000000000000e+00 1.200000000000000000e+01 9.460000000000000853e+00 1.000000000000000000e+00 2.500000000000000000e+01 1.000000000000000056e-01 4.000000000000000000e+01 3.849159021949680876e-02 6.123585596749197890e+00
1.500000000000000000e+01 3.500000000000000000e+00 1.200000000000000000e+01 9.460000000000000853e+00 1.000000000000000000e+00 2.500000000000000000e+01 1.000000000000000056e-01 4.000000000000000000e+01 4.818666050152244779e-02 5.022262854869610216e+00
1.500000000000000000e+01 3.500000000000000000e+00 1.200000000000000000e+01 9.460000000000000853e+00 1.000000000000000000e+00 2.500000000000000000e+01 1.000000000000000056e-01 4.000000000000000000e+01 6.032367686157229930e-02 4.136766103402066186e+00
1.500000000000000000e+01 3.500000000000000000e+00 1.200000000000000000e+01 9.460000000000000853e+00 1.000000000000000000e+00 2.500000000000000000e+01 1.000000000000000056e-01 4.000000000000000000e+01 7.551770453120364157e-02 3.423925161169514730e+00
1.500000000000000000e+01 3.500000000000000000e+00 1.200000000000000000e+01 9.460000000000000853e+00 1.000000000000000000e+00 2.500000000000000000e+01 1.000000000000000056e-01 4.000000000000000000e+01 9.453872831307939817e-02 2.849244439512336413e+00
1.500000000000000000e+01 3.500000000000000000e+00 1.200000000000000000e+01 9.460000000000000853e+00 1.000000000000000000e+00 2.500000000000000000e+01 1.000000000000000056e-01 4.000000000000000000e+01 1.183506729519469003e-01 2.385158121759605176e+00
1.500000000000000000e+01 3.500000000000000000e+00 1.200000000000000000e+01 9.460000000000000853e+00 1.000000000000000000e+00 2.500000000000000000e+01 1.000000000000000056e-01 4.000000000000000000e+01 1.481602517625662530e-01 2.009636375811349129e+00
1.500000000000000000e+01 3.500000000000000000e+00 1.200000000000000000e+01 9.460000000000000853e+00 1.000000000000000000e+00 2.500000000000000000e+01 1.000000000000000056e-01 4.000000000000000000e+01 1.854781190070613761e-01 1.705071973549574071e+00
1.500000000000000000e+01 3.500000000000000000e+00 1.200000000000000000e+01 9.460000000000000853e+00 1.000000000000000000e+00 2.500000000000000000e+01 1.000000000000000056e-01 4.000000000000000000e+01 2.321954250288982280e-01 1.457390900635961106e+00
1.500000000000000000e+01 3.500000000000000000e+00 1.200000000000000000e+01 9.460000000000000853e+00 1.000000000000000000e+00 2.500000000000000000e+01 1.000000000000000056e-01 4.000000000000000000e+01 2.906796537132128044e-01 1.255341891101673379e+00
1.500000000000000000e+01 3.500000000000000000e+00 1.200000000000000000e+01 9.460000000000000853e+00 1.000000000000000000e+00 2.500000000000000000e+01 1.000000000000000056e-01 4.000000000000000000e+01 3.638945990099393124e-01 1.089928888213615776e+00
1.500000000000000000e+01 3.500000000000000000e+00 1.200000000000000000e+01 9.460000000000000853e+00 1.000000000000000000e+00 2.500000000000000000e+01 1.000000000000000056e-01 4.000000000000000000e+01 4.555505605468024855e-01 9.539576759020473862e-01
1.500000000000000000e+01 3.500000000000000000e+00 1.200000000000000000e+01 9.460000000000000853e+00 1.000000000000000000e+00 2.500000000000000000e+01 1.000000000000000056e-01 4.000000000000000000e+01 5.702923697662177771e-01 8.416737105979720246e-01
1.500000000000000000e+01 3.500000000000000000e+00 1.200000000000000000e+01 9.460000000000000853e+00 1.000000000000000000e+00 2.500000000000000000e+01 1.000000000000000056e-01 4.000000000000000000e+01 7.139347751502869155e-01 7.484728048487725438e-01
1.500000000000000000e+01 3.500000000000000000e+00 1.200000000000000000e+01 9.460000000000000853e+00 1.000000000000000000e+00 2.500000000000000000e+01 1.000000000000000056e-01 4.000000000000000000e+01 8.937571151054239937e-01 6.706700057604586540e-01
1.500000000000000000e+01 3.500000000000000000e+00 1.200000000000000000e+01 9.460000000000000853e+00 1.000000000000000000e+00 2.500000000000000000e+01 1.000000000000000056e-01 4.000000000000000000e+01 1.118872211587422116e+00 6.053149602367802196e-01
1.500000000000000000e+01 3.500000000000000000e+00 1.200000000000000000e+01 9.460000000000000853e+00 1.000000000000000000e+00 2.500000000000000000e+01 1.000000000000000056e-01 4.000000000000000000e+01 1.400688178817869334e+00 5.500444145908816029e-01
1.500000000000000000e+01 3.500000000000000000e+00 1.200000000000000000e+01 9.460000000000000853e+00 1.000000000000000000e+00 2.500000000000000000e+01 1.000000000000000056e-01 4.000000000000000000e+01 1.753486550082959283e+00 5.029643777682516470e-01
1.500000000000000000e+01 3.500000000000000000e+00 1.200000000000000000e+01 9.460000000000000853e+00 1.000000000000000000e+00 2.500000000000000000e+01 1.000000000000000056e-01 4.000000000000000000e+01 2.195146020234701734e+00 4.625559804967925848e-01
1.500000000000000000e+01 3.500000000000000000e+00 1.200000000000000000e+01 9.460000000000000853e+00 1.000000000000000000e+00 2.500000000000000000e+01 1.000000000000000056e-01 4.000000000000000000e+01 2.748048480853342745e+00 4.276002633416394194e-01
1.500000000000000000e+01 3.500000000000000000e+00 1.200000000000000000e+01 9.460000000000000853e+00 1.000000000000000000e+00 2.500000000000000000e+01 1.000000000000000056e-01 4.000000000000000000e+01 3.440213263039762381e+00 3.971180857342855863e-01
1.500000000000000000e+01 3.500000000000000000e+00 1.200000000000000000e+01 9.460000000000000853e+00 1.000000000000000000e+00 2.500000000000000000e+01 1.000000000000000056e-01 4.000000000000000000e+01 4.306717067640518870e+00 3.703221141709874265e-01
1.500000000000000000e+01 3.500000000000000000e+00 1.200000000000000000e+01 9.460000000000000853e+00 1.000000000000000000e+00 2.500000000000000000e+01 1.000000000000000056e-01 4.000000000000000000e+01 5.391471540435070153e+00 3.465784597587919791e-01
1.500000000000000000e+01 3.500000000000000000e+00 1.200000000000000000e+01 9.460000000000000853e+00 1.000000000000000000e+00 2.500000000000000000e+01 1.000000000000000056e-01 4.000000000000000000e+01 6.749448574119243816e+00 3.253760241419339505e-01
1.500000000000000000e+01 3.500000000000000000e+00 1.200000000000000000e+01 9.460000000000000853e+00 1.000000000000000000e+00 2.500000000000000000e+01 1.000000000000000056e-01 4.000000000000000000e+01 8.449466108283331778e+00 3.063020033400499220e-01
1.500000000000000000e+01 3.500000000000000000e+00 1.200000000000000000e+01 9.460000000000000853e+00 1.000000000000000000e+00 2.500000000000000000e+01 1.000000000000000056e-01 4.000000000000000000e+01 1.057767560283175889e+01 2.890223109616200103e-01
1.500000000000000000e+01 3.500000000000000000e+00 1.200000000000000000e+01 9.460000000000000853e+00 1.000000000000000000e+00 2.500000000000000000e+01 1.000000000000000056e-01 4.000000000000000000e+01 1.324192791886045306e+01 2.732659314287155250e-01
1.500000000000000000e+01 3.500000000000000000e+00 1.200000000000000000e+01 9.460000000000000853e+00 1.000000000000000000e+00 2.500000000000000000e+01 1.000000000000000056e-01 4.000000000000000000e+01 1.657723885589317803e+01 2.588124128895231690e-01
1.500000000000000000e+01 3.500000000000000000e+00 1.200000000000000000e+01 9.460000000000000853e+00 1.000000000000000000e+00 2.500000000000000000e+01 1.000000000000000056e-01 4.000000000000000000e+01 2.075263132145059686e+01 2.454818684897268621e-01
1.500000000000000000e+01 3.500000000000000000e+00 1.200000000000000000e+01 9.460000000000000853e+00 1.000000000000000000e+00 2.500000000000000000e+01 1.000000000000000056e-01 4.000000000000000000e+01 2.597970087225647262e+01 2.331269816797528760e-01
1.500000000000000000e+01 3.500000000000000000e+00 1.200000000000000000e+01 9.460000000000000853e+00 1.000000000000000000e+00 2.500000000000000000e+01 1.000000000000000056e-01 4.000000000000000000e+01 3.252333870135684180e+01 2.216266126881679399e-01
1.500000000000000000e+01 3.500000000000000000e+00 1.200000000000000000e+01 9.460000000000000853e+00 1.000000000000000000e+00 2.500000000000000000e+01 1.000000000000000056e-01 4.000000000000000000e+01 4.071515547789690004e+01 2.108806843332670933e-01
1.500000000000000000e+01 3.500000000000000000e+00 1.200000000000000000e+01 9.460000000000000853e+00 1.000000000000000000e+00 2.500000000000000000e+01 1.000000000000000056e-01 4.000000000000000000e+01 5.097028631688908007e+01 2.008060900818378347e-01
1.500000000000000000e+01 3.500000000000000000e+00 1.200000000000000000e+01 9.460000000000000853e+00 1.000000000000000000e+00 2.500000000000000000e+01 1.000000000000000056e-01 4.000000000000000000e+01 6.380842850117603149e+01 1.913334189767083027e-01
1.500000000000000000e+01 3.500000000000000000e+00 1.200000000000000000e+01 9.460000000000000853e+00 1.000000000000000000e+00 2.500000000000000000e+01 1.000000000000000056e-01 4.000000000000000000e+01 7.988017808015700894e+01 1.824043333634183250e-01
1.500000000000000000e+01 3.500000000000000000e+00 1.200000000000000000e+01 9.460000000000000853e+00 1.000000000000000000e+00 2.500000000000000000e+01 1.000000000000000056e-01 4.000000000000000000e+01 1.000000000000000000e+02 1.739694683444174828e-01
