4.000000000000000000e+00 3.500000000000000000e+00 1.200000000000000000e+01 5.000000000000000000e+00 1.000000000000000000e+00 2.500000000000000000e+01 1.000000000000000056e-01 4.000000000000000000e+01 1.000000000000000021e-02 1.333147951487413074e+01
4.000000000000000000e+00 3.500000000000000000e+00 1.200000000000000000e+01 5.000000000000000000e+00 1.000000000000000000e+00 2.500000000000000000e+01 1.000000000000000056e-01 4.000000000000000000e+01 1.251875025862529169e-02 1.075586806065631507e+01
4.000000000000000000e+00 3.500000000000000000e+00 1.200000000000000000e+01 5.000000000000000000e+00 1.000000000000000000e+00 2.500000000000000000e+01 1.000000000000000056e-01 4.000000000000000000e+01 1.567191080378307552e-02 8.695500782167139064e+00
4.000000000000000000e+00 3.500000000000000000e+00 1.200000000000000000e+01 5.000000000000000000e+00 1.000000000000000000e+00 2.500000000000000000e+01 1.000000000000000056e-01 4.000000000000000000e+01 1.961927374280118819e-02 7.046793851840667422e+00
4.000000000000000000e+00 3.500000000000000000e+00 1.200000000000000000e+01 5.000000000000000000e+00 1.000000000000000000e+00 2.500000000000000000e+01 1.000000000000000056e-01 4.000000000000000000e+01 2.456087882417326562e-02 5.727002034158019228e+00
4.000000000000000000e+00 3.500000000000000000e+00 1.200000000000000000e+01 5.000000000000000000e+00 1.000000000000000000e+00 2.500000000000000000e+01 1.000000000000000056e-01 4.000000000000000000e+01 3.074715081321835117e-02 4.670026061669572570e+00
4.000000000000000000e+00 3.500000000000000000e+00 1.200000000000000000e+01 5.000000000000000000e+00 1.000000000000000000e+00 2.500000000000000000e+01 1.000000000000000056e-01 4.000000000000000000e+01 3.849159021949680876e-02 3.823063557726809503e+00
4.000000000000000000e+00 3.500000000000000000e+00 1.200000000000000000e+01 5.000000000000000000e+00 1.000000000000000000e+00 2.500000000000000000e+01 1.000000000000000056e-01 4.000000000000000000e+01 4.818666050152244779e-02 3.143933785877113252e+00
4.000000000000000000e+00 3.500000000000000000e+00 1.200000000000000000e+01 5.000000000000000000e+00 1.000000000000000000e+00 2.500000000000000000e+01 1.000000000000000056e-01 4.000000000000000000e+01 6.032367686157229930e-02 2.598940653244703469e+00
4.000000000000000000e+00 3.500000000000000000e+00 1.200000000000000000e+01 5.000000000000000000e+00 1.000000000000000000e+00 2.500000000000000000e+01 1.000000000000000056e-01 4.000000000000000000e+01 7.551770453120364157e-02 2.161165672200660470e+00
4.000000000000000000e+00 3.500000000000000000e+00 1.200000000000000000e+01 5.000000000000000000e+00 1.000000000000000000e+00 2.500000000000000000e+01 1.000000000000000056e-01 4.000000000000000000e+01 9.453872831307939817e-02 1.809104373525114218e+00
4.000000000000000000e+00 3.500000000000000000e+00 1.200000000000000000e+01 5.000000000000000000e+00 1.000000000000000000e+00 2.500000000000000000e+01 1.000000000000000056e-01 4.000000000000000000e+01 1.183506729519469003e-01 1.525577069276903952e+00
4.000000000000000000e+00 3.500000000000000000e+00 1.200000000000000000e+01 5.000000000000000000e+00 1.000000000000000000e+00 2.500000000000000000e+01 1.000000000000000056e-01 4.000000000000000000e+01 1.481602517625662530e-01 1.296858766740810687e+00
4.000000000000000000e+00 3.500000000000000000e+00 1.200000000000000000e+01 5.000000000000000000e+00 1.000000000000000000e+00 2.500000000000000000e+01 1.000000000000000056e-01 4.000000000000000000e+01 1.854781190070613761e-01 1.111984140687330314e+00
4.000000000000000000e+00 3.500000000000000000e+00 1.200000000000000000e+01 5.000000000000000000e+00 1.000000000000000000e+00 2.500000000000000000e+01 1.000000000000000056e-01 4.000000000000000000e+01 2.321954250288982280e-01 9.621923425645919625e-01
4.000000000000000000e+00 3.500000000000000000e+00 1.200000000000000000e+01 5.000000000000000000e+00 1.000000000000000000e+00 2.500000000000000000e+01 1.000000000000000056e-01 4.000000000000000000e+01 2.906796537132128044e-01 8.404835117199284111e-01
4.000000000000000000e+00 3.500000000000000000e+00 1.200000000000000000e+01 5.000000000000000000e+00 1.000000000000000000e+00 2.500000000000000000e+01 1.000000000000000056e-01 4.000000000000000000e+01 3.638945990099393124e-01 7.412645144397838060e-01
4.000000000000000000e+00 3.500000000000000000e+00 1.200000000000000000e+01 5.000000000000000000e+00 1.000000000000000000e+00 2.500000000000000000e+01 1.000000000000000056e-01 4.000000000000000000e+01 4.555505605468024855e-01 6.600659583668903041e-01
4.000000000000000000e+00 3.500000000000000000e+00 1.200000000000000000e+01 5.000000000000000000e+00 1.000000000000000000e+00 2.500000000000000000e+01 1.000000000000000056e-01 4.000000000000000000e+01 5.702923697662177771e-01 5.933161418517761687e-01
4.000000000000000000e+00 3.500000000000000000e+00 1.200000000000000000e+01 5.000000000000000000e+00 1.000000000000000000e+00 2.500000000000000000e+01 1.000000000000000056e-01 4.000000000000000000e+01 7.139347751502869155e-01 5.381604830662566341e-01
4.000000000000000000e+00 3.500000000000000000e+00 1.200000000000000000e+01 5.000000000000000000e+00 1.000000000000000000e+00 2.500000000000000000e+01 1.000000000000000056e-01 4.000000000000000000e+01 8.937571151054239937e-01 4.923172784658587098e-01
4.000000000000000000e+00 3.500000000000000000e+00 1.200000000000000000e+01 5.000000000000000000e+00 1.000000000000000000e+00 2.500000000000000000e+01 1.000000000000000056e-01 4.000000000000000000e+01 1.118872211587422116e+00 4.539624812339909665e-01
4.000000000000000000e+00 3.500000000000000000e+00 1.200000000000000000e+01 5.000000000000000000e+00 1.000000000000000000e+00 2.500000000000000000e+01 1.000000000000000056e-01 4.000000000000000000e+01 1.400688178817869334e+00 4.216376609714185264e-01
4.000000000000000000e+00 3.500000000000000000e+00 1.200000000000000000e+01 5.000000000000000000e+00 1.000000000000000000e+00 2.500000000000000000e+01 1.000000000000000056e-01 4.000000000000000000e+01 1.753486550082959283e+00 3.941764806370752217e-01
4.000000000000000000e+00 3.500000000000000000e+00 1.200000000000000000e+01 5.000000000000000000e+00 1.000000000000000000e+00 2.500000000000000000e+01 1.000000000000000056e-01 4.000000000000000000e+01 2.195146020234701734e+00 3.706459651326581284e-01
4.000000000000000000e+00 3.500000000000000000e+00 1.200000000000000000e+01 5.000000000000000000e+00 1.000000000000000000e+00 2.500000000000000000e+01 1.000000000000000056e-01 4.000000000000000000e+01 2.748048480853342745e+00 3.502995855082116083e-01
4.000000000000000000e+00 3.500000000000000000e+00 1.200000000000000000e+01 5.000000000000000000e+00 1.000000000000000000e+00 2.500000000000000000e+01 1.000000000000000056e-01 4.000000000000000000e+01 3.440213263039762381e+00 3.325397815355664033e-01
4.000000000000000000e+00 3.500000000000000000e+00 1.200000000000000000e+01 5.000000000000000000e+00 1.000000000000000000e+00 2.500000000000000000e+01 1.000000000000000056e-01 4.000000000000000000e+01 4.306717067640518870e+00 3.168880236948034557e-01
4.000000000000000000e+00 3.500000000000000000e+00 1.200000000000000000e+01 5.000000000000000000e+00 1.000000000000000000e+00 2.500000000000000000e+01 1.000000000000000056e-01 4.000000000000000000e+01 5.391471540435070153e+00 3.029608976844585522e-01
4.000000000000000000e+00 3.500000000000000000e+00 1.200000000000000000e+01 5.000000000000000000e+00 1.000000000000000000e+00 2.500000000000000000e+01 1.000000000000000056e-01 4.000000000000000000e+01 6.749448574119243816e+00 2.904509997608553662e-01
4.000000000000000000e+00 3.500000000000000000e+00 1.200000000000000000e+01 5.000000000000000000e+00 1.000000000000000000e+00 2.500000000000000000e+01 1.000000000000000056e-01 4.000000000000000000e+01 8.449466108283331778e+00 2.791116750020161130e-01
4.000000000000000000e+00 3.500000000000000000e+00 1.200000000000000000e+01 5.000000000000000000e+00 1.000000000000000000e+00 2.500000000000000000e+01 1.000000000000000056e-01 4.000000000000000000e+01 1.057767560283175889e+01 2.687448253315568025e-01
4.000000000000000000e+00 3.500000000000000000e+00 1.200000000000000000e+01 5.000000000000000000e+00 1.000000000000000000e+00 2.500000000000000000e+01 1.000000000000000056e-01 4.000000000000000000e+01 1.324192791886045306e+01 2.591911696966190393e-01
4.000000000000000000e+00 3.500000000000000000e+00 1.200000000000000000e+01 5.000000000000000000e+00 1.000000000000000000e+00 2.500000000000000000e+01 1.000000000000000056e-01 4.000000000000000000e+01 1.657723885589317803e+01 2.503224630544316209e-01
4.000000000000000000e+00 3.500000000000000000e+00 1.200000000000000000e+01 5.000000000000000000e+00 1.000000000000000000e+00 2.500000000000000000e+01 1.000000000000000056e-01 4.000000000000000000e+01 2.075263132145059686e+01 2.420352800816568395e-01
4.000000000000000000e+00 3.500000000000000000e+00 1.200000000000000000e+01 5.000000000000000000e+00 1.000000000000000000e+00 2.500000000000000000e+01 1.000000000000000056e-01 4.000000000000000000e+01 2.597970087225647262e+01 2.342460488094081361e-01
4.000000000000000000e+00 3.500000000000000000e+00 1.200000000000000000e+01 5.000000000000000000e+00 1.000000000000000000e+00 2.500000000000000000e+01 1.000000000000000056e-01 4.000000000000000000e+01 3.252333870135684180e+01 2.268870827228228471e-01
4.000000000000000000e+00 3.500000000000000000e+00 1.200000000000000000e+01 5.000000000000000000e+00 1.000000000000000000e+00 2.500000000000000000e+01 1.000000000000000056e-01 4.000000000000000000e+01 4.071515547789690004e+01 2.199034104570016801e-01
4.000000000000000000e+00 3.500000000000000000e+00 1.200000000000000000e+01 5.000000000000000000e+00 1.000000000000000000e+00 2.500000000000000000e+01 1.000000000000000056e-01 4.000000000000000000e+01 5.097028631688908007e+01 2.132502426348597546e-01
4.000000000000000000e+00 3.500000000000000000e+00 1.200000000000000000e+01 5.000000000000000000e+00 1.000000000000000000e+00 2.500000000000000000e+01 1.000000000000000056e-01 4.000000000000000000e+01 6.380842850117603149e+01 2.068909476750152299e-01
4.000000000000000000e+00 3.500000000000000000e+00 1.200000000000000000e+01 5.000000000000000000e+00 1.000000000000000000e+00 2.500000000000000000e+01 1.000000000000000056e-01 4.000000000000000000e+01 7.988017808015700894e+01 2.007954341852408175e-01
4.000000000000000000e+00 3.500000000000000000e+00 1.200000000000000000e+01 5.000000000000000000e+00 1.000000000000000000e+00 2.500000000000000000e+01 1.000000000000000056e-01 4.000000000000000000e+01 1.000000000000000000e+02 1.949388581560375366e-01
