5.000000000000000000e+00 1.500000000000000000e+00 1.800000000000000000e+01 1.096000000000000085e+01 1.000000000000000000e+00 2.500000000000000000e+01 1.000000000000000056e-01 4.000000000000000000e+01 1.000000000000000021e-02 7.490145059577129949e+00
5.000000000000000000e+00 1.500000000000000000e+00 1.800000000000000000e+01 1.096000000000000085e+01 1.000000000000000000e+00 2.500000000000000000e+01 1.000000000000000056e-01 4.000000000000000000e+01 1.251875025862529169e-02 6.089374993374203626e+00
5.000000000000000000e+00 1.500000000000000000e+00 1.800000000000000000e+01 1.096000000000000085e+01 1.000000000000000000e+00 2.500000000000000000e+01 1.000000000000000056e-01 4.000000000000000000e+01 1.567191080378307552e-02 4.968702777208356736e+00
5.000000000000000000e+00 1.500000000000000000e+00 1.800000000000000000e+01 1.096000000000000085e+01 1.000000000000000000e+00 2.500000000000000000e+01 1.000000000000000056e-01 4.000000000000000000e+01 1.961927374280118819e-02 4.071801545006107581e+00
5.000000000000000000e+00 1.500000000000000000e+00 1.800000000000000000e+01 1.096000000000000085e+01 1.000000000000000000e+00 2.500000000000000000e+01 1.000000000000000056e-01 4.000000000000000000e+01 2.456087882417326562e-02 3.353676833388280265e+00
5.000000000000000000e+00 1.500000000000000000e+00 1.800000000000000000e+01 1.096000000000000085e+01 1.000000000000000000e+00 2.500000000000000000e+01 1.000000000000000056e-01 4.000000000000000000e+01 3.074715081321835117e-02 2.778386529979623543e+00
5.000000000000000000e+00 1.500000000000000000e+00 1.800000000000000000e+01 1.096000000000000085e+01 1.000000000000000000e+00 2.500000000000000000e+01 1.000000000000000056e-01 4.000000000000000000e+01 3.849159021949680876e-02 2.317219563934938886e+00
5.000000000000000000e+00 1.500000000000000000e+00 1.800000000000000000e+01 1.096000000000000085e+01 1.000000000000000000e+00 2.500000000000000000e+01 1.000000000000000056e-01 4.000000000000000000e+01 4.818666050152244779e-02 1.947241040566666470e+00
5.000000000000000000e+00 1.500000000000000000e+00 1.800000000000000000e+01 1.096000000000000085e+01 1.000000000000000000e+00 2.500000000000000000e+01 1.000000000000000056e-01 4.000000000000000000e+01 6.032367686157229930e-02 1.650130092175285279e+00
5.000000000000000000e+00 1.500000000000000000e+00 1.800000000000000000e+01 1.096000000000000085e+01 1.000000000000000000e+00 2.500000000000000000e+01 1.000000000000000056e-01 4.000000000000000000e+01 7.551770453120364157e-02 1.411251551105720869e+00
5.000000000000000000e+00 1.500000000000000000e+00 1.800000000000000000e+01 1.096000000000000085e+01 1.000000000000000000e+00 2.500000000000000000e+01 1.000000000000000056e-01 4.000000000000000000e+01 9.453872831307939817e-02 1.218914400416209576e+00
5.000000000000000000e+00 1.500000000000000000e+00 1.800000000000000000e+01 1.096000000000000085e+01 1.000000000000000000e+00 2.500000000000000000e+01 1.000000000000000056e-01 4.000000000000000000e+01 1.183506729519469003e-01 1.063779422838480038e+00
5.000000000000000000e+00 1.500000000000000000e+00 1.800000000000000000e+01 1.096000000000000085e+01 1.000000000000000000e+00 2.500000000000000000e+01 1.000000000000000056e-01 4.000000000000000000e+01 1.481602517625662530e-01 9.383860296005921420e-01
5.000000000000000000e+00 1.500000000000000000e+00 1.800000000000000000e+01 1.096000000000000085e+01 1.000000000000000000e+00 2.500000000000000000e+01 1.000000000000000056e-01 4.000000000000000000e+01 1.854781190070613761e-01 8.367742903381223396e-01
5.000000000000000000e+00 1.500000000000000000e+00 1.800000000000000000e+01 1.096000000000000085e+01 1.000000000000000000e+00 2.500000000000000000e+01 1.000000000000000056e-01 4.000000000000000000e+01 2.321954250288982280e-01 7.541830098060525733e-01
5.000000000000000000e+00 1.500000000000000000e+00 1.800000000000000000e+01 1.096000000000000085e+01 1.000000000000000000e+00 2.500000000000000000e+01 1.000000000000000056e-01 4.000000000000000000e+01 2.906796537132128044e-01 6.868085509122467958e-01
5.000000000000000000e+00 1.500000000000000000e+00 1.800000000000000000e+01 1.096000000000000085e+01 1.000000000000000000e+00 2.500000000000000000e+01 1.000000000000000056e-01 4.000000000000000000e+01 3.638945990099393124e-01 6.316121820225257810e-01
5.000000000000000000e+00 1.500000000000000000e+00 1.800000000000000000e+01 1.096000000000000085e+01 1.000000000000000000e+00 2.500000000000000000e+01 1.000000000000000056e-01 4.000000000000000000e+01 4.555505605468024855e-01 5.861661855420147171e-01
5.000000000000000000e+00 1.500000000000000000e+00 1.800000000000000000e+01 1.096000000000000085e+01 1.000000000000000000e+00 2.500000000000000000e+01 1.000000000000000056e-01 4.000000000000000000e+01 5.702923697662177771e-01 5.485309290746822608e-01
5.000000000000000000e+00 1.500000000000000000e+00 1.800000000000000000e+01 1.096000000000000085e+01 1.000000000000000000e+00 2.500000000000000000e+01 1.000000000000000056e-01 4.000000000000000000e+01 7.139347751502869155e-01 5.171566695471303543e-01
5.000000000000000000e+00 1.500000000000000000e+00 1.800000000000000000e+01 1.096000000000000085e+01 1.000000000000000000e+00 2.500000000000000000e+01 1.000000000000000056e-01 4.000000000000000000e+01 8.937571151054239937e-01 4.908051140698978521e-01
5.000000000000000000e+00 1.500000000000000000e+00 1.800000000000000000e+01 1.096000000000000085e+01 1.000000000000000000e+00 2.500000000000000000e+01 1.000000000000000056e-01 4.000000000000000000e+01 1.118872211587422116e+00 4.684867625174690686e-01
5.000000000000000000e+00 1.500000000000000000e+00 1.800000000000000000e+01 1.096000000000000085e+01 1.000000000000000000e+00 2.500000000000000000e+01 1.000000000000000056e-01 4.000000000000000000e+01 1.400688178817869334e+00 4.494108565748640149e-01
5.000000000000000000e+00 1.500000000000000000e+00 1.800000000000000000e+01 1.096000000000000085e+01 1.000000000000000000e+00 2.500000000000000000e+01 1.000000000000000056e-01 4.000000000000000000e+01 1.753486550082959283e+00 4.329453988537286246e-01
5.000000000000000000e+00 1.500000000000000000e+00 1.800000000000000000e+01 1.096000000000000085e+01 1.000000000000000000e+00 2.500000000000000000e+01 1.000000000000000056e-01 4.000000000000000000e+01 2.195146020234701734e+00 4.185852159993961319e-01
5.000000000000000000e+00 1.500000000000000000e+00 1.800000000000000000e+01 1.096000000000000085e+01 1.000000000000000000e+00 2.500000000000000000e+01 1.000000000000000056e-01 4.000000000000000000e+01 2.748048480853342745e+00 4.059264473537581019e-01
5.000000000000000000e+00 1.500000000000000000e+00 1.800000000000000000e+01 1.096000000000000085e+01 1.000000000000000000e+00 2.500000000000000000e+01 1.000000000000000056e-01 4.000000000000000000e+01 3.440213263039762381e+00 3.946461663650315255e-01
5.000000000000000000e+00 1.500000000000000000e+00 1.800000000000000000e+01 1.096000000000000085e+01 1.000000000000000000e+00 2.500000000000000000e+01 1.000000000000000056e-01 4.000000000000000000e+01 4.306717067640518870e+00 3.844861020463353762e-01
5.000000000000000000e+00 1.500000000000000000e+00 1.800000000000000000e+01 1.096000000000000085e+01 1.000000000000000000e+00 2.500000000000000000e+01 1.000000000000000056e-01 4.000000000000000000e+01 5.391471540435070153e+00 3.752396355619810331e-01
5.000000000000000000e+00 1.500000000000000000e+00 1.800000000000000000e+01 1.096000000000000085e+01 1.000000000000000000e+00 2.500000000000000000e+01 1.000000000000000056e-01 4.000000000000000000e+01 6.749448574119243816e+00 3.667414129930159361e-01
5.000000000000000000e+00 1.500000000000000000e+00 1.800000000000000000e+01 1.096000000000000085e+01 1.000000000000000000e+00 2.500000000000000000e+01 1.000000000000000056e-01 4.000000000000000000e+01 8.449466108283331778e+00 3.588590479127912181e-01
5.000000000000000000e+00 1.500000000000000000e+00 1.800000000000000000e+01 1.096000000000000085e+01 1.000000000000000000e+00 2.500000000000000000e+01 1.000000000000000056e-01 4.000000000000000000e+01 1.057767560283175889e+01 3.514864933078539755e-01
5.000000000000000000e+00 1.500000000000000000e+00 1.800000000000000000e+01 1.096000000000000085e+01 1.000000000000000000e+00 2.500000000000000000e+01 1.000000000000000056e-01 4.000000000000000000e+01 1.324192791886045306e+01 3.445387469761927446e-01
5.000000000000000000e+00 1.500000000000000000e+00 1.800000000000000000e+01 1.096000000000000085e+01 1.000000000000000000e+00 2.500000000000000000e+01 1.000000000000000056e-01 4.000000000000000000e+01 1.657723885589317803e+01 3.379476221108779765e-01
5.000000000000000000e+00 1.500000000000000000e+00 1.800000000000000000e+01 1.096000000000000085e+01 1.000000000000000000e+00 2.500000000000000000e+01 1.000000000000000056e-01 4.000000000000000000e+01 2.075263132145059686e+01 3.316583687569841787e-01
5.000000000000000000e+00 1.500000000000000000e+00 1.800000000000000000e+01 1.096000000000000085e+01 1.000000000000000000e+00 2.500000000000000000e+01 1.000000000000000056e-01 4.000000000000000000e+01 2.597970087225647262e+01 3.256269749488752696e-01
5.000000000000000000e+00 1.500000000000000000e+00 1.800000000000000000e+01 1.096000000000000085e+01 1.000000000000000000e+00 2.500000000000000000e+01 1.000000000000000056e-01 4.000000000000000000e+01 3.252333870135684180e+01 3.198180107786218196e-01
5.000000000000000000e+00 1.500000000000000000e+00 1.800000000000000000e+01 1.096000000000000085e+01 1.000000000000000000e+00 2.500000000000000000e+01 1.000000000000000056e-01 4.000000000000000000e+01 4.071515547789690004e+01 3.142029061600029594e-01
5.000000000000000000e+00 1.500000000000000000e+00 1.800000000000000000e+01 1.096000000000000085e+01 1.000000000000000000e+00 2.500000000000000000e+01 1.000000000000000056e-01 4.000000000000000000e+01 5.097028631688908007e+01 3.087585750305217314e-01
5.000000000000000000e+00 1.500000000000000000e+00 1.800000000000000000e+01 1.096000000000000085e+01 1.000000000000000000e+00 2.500000000000000000e+01 1.000000000000000056e-01 4.000000000000000000e+01 6.380842850117603149e+01 3.034663162899106092e-01
5.000000000000000000e+00 1.500000000000000000e+00 1.800000000000000000e+01 1.096000000000000085e+01 1.000000000000000000e+00 2.500000000000000000e+01 1.000000000000000056e-01 4.000000000000000000e+01 7.988017808015700894e+01 2.983109357974090270e-01
5.000000000000000000e+00 1.500000000000000000e+00 1.800000000000000000e+01 1.096000000000000085e+01 1.000000000000000000e+00 2.500000000000000000e+01 1.000000000000000056e-01 4.000000000000000000e+01 1.000000000000000000e+02 2.932800449523297326e-01
