8.000000000000000000e+00 2.500000000000000000e+00 1.800000000000000000e+01 8.449999999999999289e+00 1.000000000000000000e+00 2.500000000000000000e+01 1.000000000000000056e-01 4.000000000000000000e+01 1.000000000000000021e-02 1.526544593534187833e+01
8.000000000000000000e+00 2.500000000000000000e+00 1.800000000000000000e+01 8.449999999999999289e+00 1.000000000000000000e+00 2.500000000000000000e+01 1.000000000000000056e-01 4.000000000000000000e+01 1.251875025862529169e-02 1.239085589197853920e+01
8.000000000000000000e+00 2.500000000000000000e+00 1.800000000000000000e+01 8.449999999999999289e+00 1.000000000000000000e+00 2.500000000000000000e+01 1.000000000000000056e-01 4.000000000000000000e+01 1.567191080378307552e-02 1.008967630335073373e+01
8.000000000000000000e+00 2.500000000000000000e+00 1.800000000000000000e+01 8.449999999999999289e+00 1.000000000000000000e+00 2.500000000000000000e+01 1.000000000000000056e-01 4.000000000000000000e+01 1.961927374280118819e-02 8.246662615445226052e+00
8.000000000000000000e+00 2.500000000000000000e+00 1.800000000000000000e+01 8.449999999999999289e+00 1.000000000000000000e+00 2.500000000000000000e+01 1.000000000000000056e-01 4.000000000000000000e+01 2.456087882417326562e-02 6.769754137703001717e+00
8.000000000000000000e+00 2.500000000000000000e+00 1.800000000000000000e+01 8.449999999999999289e+00 1.000000000000000000e+00 2.500000000000000000e+01 1.000000000000000056e-01 4.000000000000000000e+01 3.074715081321835117e-02 5.585409569880512848e+00
8.000000000000000000e+00 2.500000000000000000e+00 1.800000000000000000e+01 8.449999999999999289e+00 1.000000000000000000e+00 2.500000000000000000e+01 1.000000000000000056e-01 4.000000000000000000e+01 3.849159021949680876e-02 4.634881010614518182e+00
8.000000000000000000e+00 2.500000000000000000e+00 1.800000000000000000e+01 8.449999999999999289e+00 1.000000000000000000e+00 2.500000000000000000e+01 1.000000000000000056e-01 4.000000000000000000e+01 4.818666050152244779e-02 3.871237626892888972e+00
8.000000000000000000e+00 2.500000000000000000e+00 1.800000000000000000e+01 8.449999999999999289e+00 1.000000000000000000e+00 2.500000000000000000e+01 1.000000000000000056e-01 4.000000000000000000e+01 6.032367686157229930e-02 3.256988154040852290e+00
8.000000000000000000e+00 2.500000000000000000e+00 1.800000000000000000e+01 8.449999999999999289e+00 1.000000000000000000e+00 2.500000000000000000e+01 1.000000000000000056e-01 4.000000000000000000e+01 7.551770453120364157e-02 2.762181742636823589e+00
8.000000000000000000e+00 2.500000000000000000e+00 1.800000000000000000e+01 8.449999999999999289e+00 1.000000000000000000e+00 2.500000000000000000e+01 1.000000000000000056e-01 4.000000000000000000e+01 9.453872831307939817e-02 2.362890909853728072e+00
8.000000000000000000e+00 2.500000000000000000e+00 1.800000000000000000e+01 8.449999999999999289e+00 1.000000000000000000e+00 2.500000000000000000e+01 1.000000000000000056e-01 4.000000000000000000e+01 1.183506729519469003e-01 2.039999716540970010e+00
8.000000000000000000e+00 2.500000000000000000e+00 1.800000000000000000e+01 8.449999999999999289e+00 1.000000000000000000e+00 2.500000000000000000e+01 1.000000000000000056e-01 4.000000000000000000e+01 1.481602517625662530e-01 1.778235759215556211e+00
8.000000000000000000e+00 2.500000000000000000e+00 1.800000000000000000e+01 8.449999999999999289e+00 1.000000000000000000e+00 2.500000000000000000e+01 1.000000000000000056e-01 4.000000000000000000e+01 1.854781190070613761e-01 1.565396921879722125e+00
8.000000000000000000e+00 2.500000000000000000e+00 1.800000000000000000e+01 8.449999999999999289e+00 1.000000000000000000e+00 2.500000000000000000e+01 1.000000000000000056e-01 4.000000000000000000e+01 2.321954250288982280e-01 1.391733702376594550e+00
8.000000000000000000e+00 2.500000000000000000e+00 1.800000000000000000e+01 8.449999999999999289e+00 1.000000000000000000e+00 2.500000000000000000e+01 1.000000000000000056e-01 4.000000000000000000e+01 2.906796537132128044e-01 1.249455812004630406e+00
8.000000000000000000e+00 2.500000000000000000e+00 1.800000000000000000e+01 8.449999999999999289e+00 1.000000000000000000e+00 2.500000000000000000e+01 1.000000000000000056e-01 4.000000000000000000e+01 3.638945990099393124e-01 1.132338044872187588e+00
8.000000000000000000e+00 2.500000000000000000e+00 1.800000000000000000e+01 8.449999999999999289e+00 1.000000000000000000e+00 2.500000000000000000e+01 1.000000000000000056e-01 4.000000000000000000e+01 4.555505605468024855e-01 1.035405444136025199e+00
8.000000000000000000e+00 2.500000000000000000e+00 1.800000000000000000e+01 8.449999999999999289e+00 1.000000000000000000e+00 2.500000000000000000e+01 1.000000000000000056e-01 4.000000000000000000e+01 5.702923697662177771e-01 9.546818107696338762e-01
8.000000000000000000e+00 2.500000000000000000e+00 1.800000000000000000e+01 8.449999999999999289e+00 1.000000000000000000e+00 2.500000000000000000e+01 1.000000000000000056e-01 4.000000000000000000e+01 7.139347751502869155e-01 8.869888104940001350e-01
8.000000000000000000e+00 2.500000000000000000e+00 1.800000000000000000e+01 8.449999999999999289e+00 1.000000000000000000e+00 2.500000000000000000e+01 1.000000000000000056e-01 4.000000000000000000e+01 8.937571151054239937e-01 8.297854986464980875e-01
8.000000000000000000e+00 2.500000000000000000e+00 1.800000000000000000e+01 8.449999999999999289e+00 1.000000000000000000e+00 2.500000000000000000e+01 1.000000000000000056e-01 4.000000000000000000e+01 1.118872211587422116e+00 7.810401310056973578e-01
8.000000000000000000e+00 2.500000000000000000e+00 1.800000000000000000e+01 8.449999999999999289e+00 1.000000000000000000e+00 2.500000000000000000e+01 1.000000000000000056e-01 4.000000000000000000e+01 1.400688178817869334e+00 7.391277647293490460e-01
8.000000000000000000e+00 2.500000000000000000e+00 1.800000000000000000e+01 8.449999999999999289e+00 1.000000000000000000e+00 2.500000000000000000e+01 1.000000000000000056e-01 4.000000000000000000e+01 1.753486550082959283e+00 7.027484605139265872e-01
8.000000000000000000e+00 2.500000000000000000e+00 1.800000000000000000e+01 8.449999999999999289e+00 1.000000000000000000e+00 2.500000000000000000e+01 1.000000000000000056e-01 4.000000000000000000e+01 2.195146020234701734e+00 6.708619410790336302e-01
8.000000000000000000e+00 2.500000000000000000e+00 1.800000000000000000e+01 8.449999999999999289e+00 1.000000000000000000e+00 2.500000000000000000e+01 1.000000000000000056e-01 4.000000000000000000e+01 2.748048480853342745e+00 6.426353950249968916e-01
8.000000000000000000e+00 2.500000000000000000e+00 1.800000000000000000e+01 8.449999999999999289e+00 1.000000000000000000e+00 2.500000000000000000e+01 1.000000000000000056e-01 4.000000000000000000e+01 3.440213263039762381e+00 6.174017812687534468e-01
8.000000000000000000e+00 2.500000000000000000e+00 1.800000000000000000e+01 8.449999999999999289e+00 1.000000000000000000e+00 2.500000000000000000e+01 1.000000000000000056e-01 4.000000000000000000e+01 4.306717067640518870e+00 5.946265213903916269e-01
8.000000000000000000e+00 2.500000000000000000e+00 1.800000000000000000e+01 8.449999999999999289e+00 1.000000000000000000e+00 2.500000000000000000e+01 1.000000000000000056e-01 4.000000000000000000e+01 5.391471540435070153e+00 5.738808922869101936e-01
8.000000000000000000e+00 2.500000000000000000e+00 1.800000000000000000e+01 8.449999999999999289e+00 1.000000000000000000e+00 2.500000000000000000e+01 1.000000000000000056e-01 4.000000000000000000e+01 6.749448574119243816e+00 5.548207710718386920e-01
8.000000000000000000e+00 2.500000000000000000e+00 1.800000000000000000e+01 8.449999999999999289e+00 1.000000000000000000e+00 2.500000000000000000e+01 1.000000000000000056e-01 4.000000000000000000e+01 8.449466108283331778e+00 5.371696553861808887e-01
8.000000000000000000e+00 2.500000000000000000e+00 1.800000000000000000e+01 8.449999999999999289e+00 1.000000000000000000e+00 2.500000000000000000e+01 1.000000000000000056e-01 4.000000000000000000e+01 1.057767560283175889e+01 5.207050989426397214e-01
8.000000000000000000e+00 2.500000000000000000e+00 1.800000000000000000e+01 8.449999999999999289e+00 1.000000000000000000e+00 2.500000000000000000e+01 1.000000000000000056e-01 4.000000000000000000e+01 1.324192791886045306e+01 5.052478751906896992e-01
8.000000000000000000e+00 2.500000000000000000e+00 1.800000000000000000e+01 8.449999999999999289e+00 1.000000000000000000e+00 2.500000000000000000e+01 1.000000000000000056e-01 4.000000000000000000e+01 1.657723885589317803e+01 4.906533202351939238e-01
8.000000000000000000e+00 2.500000000000000000e+00 1.800000000000000000e+01 8.449999999999999289e+00 1.000000000000000000e+00 2.500000000000000000e+01 1.000000000000000056e-01 4.000000000000000000e+01 2.075263132145059686e+01 4.768044165717403859e-01
8.000000000000000000e+00 2.500000000000000000e+00 1.800000000000000000e+01 8.449999999999999289e+00 1.000000000000000000e+00 2.500000000000000000e+01 1.000000000000000056e-01 4.000000000000000000e+01 2.597970087225647262e+01 4.636062674139506679e-01
8.000000000000000000e+00 2.500000000000000000e+00 1.800000000000000000e+01 8.449999999999999289e+00 1.000000000000000000e+00 2.500000000000000000e+01 1.000000000000000056e-01 4.000000000000000000e+01 3.252333870135684180e+01 4.509816818519880033e-01
8.000000000000000000e+00 2.500000000000000000e+00 1.800000000000000000e+01 8.449999999999999289e+00 1.000000000000000000e+00 2.500000000000000000e+01 1.000000000000000056e-01 4.000000000000000000e+01 4.071515547789690004e+01 4.388676473682688317e-01
8.000000000000000000e+00 2.500000000000000000e+00 1.800000000000000000e+01 8.449999999999999289e+00 1.000000000000000000e+00 2.500000000000000000e+01 1.000000000000000056e-01 4.000000000000000000e+01 5.097028631688908007e+01 4.272125111983572365e-01
8.000000000000000000e+00 2.500000000000000000e+00 1.800000000000000000e+01 8.449999999999999289e+00 1.000000000000000000e+00 2.500000000000000000e+01 1.000000000000000056e-01 4.000000000000000000e+01 6.380842850117603149e+01 4.159737279407614285e-01
8.000000000000000000e+00 2.500000000000000000e+00 1.800000000000000000e+01 8.449999999999999289e+00 1.000000000000000000e+00 2.500000000000000000e+01 1.000000000000000056e-01 4.000000000000000000e+01 7.988017808015700894e+01 4.051160595089050021e-01
8.000000000000000000e+00 2.500000000000000000e+00 1.800000000000000000e+01 8.449999999999999289e+00 1.000000000000000000e+00 2.500000000000000000e+01 1.000000000000000056e-01 4.000000000000000000e+01 1.000000000000000000e+02 3.946101364358386987e-01
