2.000000000000000000e+00 2.500000000000000000e+00 1.800000000000000000e+01 4.110000000000000320e+00 1.000000000000000000e+00 2.500000000000000000e+01 1.000000000000000056e-01 4.000000000000000000e+01 1.000000000000000021e-02 9.247004459265360410e+00
2.000000000000000000e+00 2.500000000000000000e+00 1.800000000000000000e+01 4.110000000000000320e+00 1.000000000000000000e+00 2.500000000000000000e+01 1.000000000000000056e-01 4.000000000000000000e+01 1.251875025862529169e-02 7.448829578430679277e+00
2.000000000000000000e+00 2.500000000000000000e+00 1.800000000000000000e+01 4.110000000000000320e+00 1.000000000000000000e+00 2.500000000000000000e+01 1.000000000000000056e-01 4.000000000000000000e+01 1.567191080378307552e-02 6.011053333903183749e+00
2.000000000000000000e+00 2.500000000000000000e+00 1.800000000000000000e+01 4.110000000000000320e+00 1.000000000000000000e+00 2.500000000000000000e+01 1.000000000000000056e-01 4.000000000000000000e+01 1.961927374280118819e-02 4.861195214027690170e+00
2.000000000000000000e+00 2.500000000000000000e+00 1.800000000000000000e+01 4.110000000000000320e+00 1.000000000000000000e+00 2.500000000000000000e+01 1.000000000000000056e-01 4.000000000000000000e+01 2.456087882417326562e-02 3.941356963797258750e+00
2.000000000000000000e+00 2.500000000000000000e+00 1.800000000000000000e+01 4.110000000000000320e+00 1.000000000000000000e+00 2.500000000000000000e+01 1.000000000000000056e-01 4.000000000000000000e+01 3.074715081321835117e-02 3.205288676259500313e+00
2.000000000000000000e+00 2.500000000000000000e+00 1.800000000000000000e+01 4.110000000000000320e+00 1.000000000000000000e+00 2.500000000000000000e+01 1.000000000000000056e-01 4.000000000000000000e+01 3.849159021949680876e-02 2.616045180761764399e+00
2.000000000000000000e+00 2.500000000000000000e+00 1.800000000000000000e+01 4.110000000000000320e+00 1.000000000000000000e+00 2.500000000000000000e+01 1.000000000000000056e-01 4.000000000000000000e+01 4.818666050152244779e-02 2.144113961370098131e+00
2.000000000000000000e+00 2.500000000000000000e+00 1.800000000000000000e+01 4.110000000000000320e+00 1.000000000000000000e+00 2.500000000000000000e+01 1.000000000000000056e-01 4.000000000000000000e+01 6.032367686157229930e-02 1.765919734438269995e+00
2.000000000000000000e+00 2.500000000000000000e+00 1.800000000000000000e+01 4.110000000000000320e+00 1.000000000000000000e+00 2.500000000000000000e+01 1.000000000000000056e-01 4.000000000000000000e+01 7.551770453120364157e-02 1.462629902183991026e+00
2.000000000000000000e+00 2.500000000000000000e+00 1.800000000000000000e+01 4.110000000000000320e+00 1.000000000000000000e+00 2.500000000000000000e+01 1.000000000000000056e-01 4.000000000000000000e+01 9.453872831307939817e-02 1.219200346562695492e+00
2.000000000000000000e+00 2.500000000000000000e+00 1.800000000000000000e+01 4.110000000000000320e+00 1.000000000000000000e+00 2.500000000000000000e+01 1.000000000000000056e-01 4.000000000000000000e+01 1.183506729519469003e-01 1.023613207406056214e+00
2.000000000000000000e+00 2.500000000000000000e+00 1.800000000000000000e+01 4.110000000000000320e+00 1.000000000000000000e+00 2.500000000000000000e+01 1.000000000000000056e-01 4.000000000000000000e+01 1.481602517625662530e-01 8.662680179399410152e-01
2.000000000000000000e+00 2.500000000000000000e+00 1.800000000000000000e+01 4.110000000000000320e+00 1.000000000000000000e+00 2.500000000000000000e+01 1.000000000000000056e-01 4.000000000000000000e+01 1.854781190070613761e-01 7.394953424569081779e-01
2.000000000000000000e+00 2.500000000000000000e+00 1.800000000000000000e+01 4.110000000000000320e+00 1.000000000000000000e+00 2.500000000000000000e+01 1.000000000000000056e-01 4.000000000000000000e+01 2.321954250288982280e-01 6.371682689344806416e-01
2.000000000000000000e+00 2.500000000000000000e+00 1.800000000000000000e+01 4.110000000000000320e+00 1.000000000000000000e+00 2.500000000000000000e+01 1.000000000000000056e-01 4.000000000000000000e+01 2.906796537132128044e-01 5.543920683648102532e-01
2.000000000000000000e+00 2.500000000000000000e+00 1.800000000000000000e+01 4.110000000000000320e+00 1.000000000000000000e+00 2.500000000000000000e+01 1.000000000000000056e-01 4.000000000000000000e+01 3.638945990099393124e-01 4.872562937988893506e-01
2.000000000000000000e+00 2.500000000000000000e+00 1.800000000000000000e+01 4.110000000000000320e+00 1.000000000000000000e+00 2.500000000000000000e+01 1.000000000000000056e-01 4.000000000000000000e+01 4.555505605468024855e-01 4.326367563520964743e-01
2.000000000000000000e+00 2.500000000000000000e+00 1.800000000000000000e+01 4.110000000000000320e+00 1.000000000000000000e+00 2.500000000000000000e+01 1.000000000000000056e-01 4.000000000000000000e+01 5.702923697662177771e-01 3.880373430212864516e-01
2.000000000000000000e+00 2.500000000000000000e+00 1.800000000000000000e+01 4.110000000000000320e+00 1.000000000000000000e+00 2.500000000000000000e+01 1.000000000000000056e-01 4.000000000000000000e+01 7.139347751502869155e-01 3.514636602177801383e-01
2.000000000000000000e+00 2.500000000000000000e+00 1.800000000000000000e+01 4.110000000000000320e+00 1.000000000000000000e+00 2.500000000000000000e+01 1.000000000000000056e-01 4.000000000000000000e+01 8.937571151054239937e-01 3.213220997446381566e-01
2.000000000000000000e+00 2.500000000000000000e+00 1.800000000000000000e+01 4.110000000000000320e+00 1.000000000000000000e+00 2.500000000000000000e+01 1.000000000000000056e-01 4.000000000000000000e+01 1.118872211587422116e+00 2.963392122733254364e-01
2.000000000000000000e+00 2.500000000000000000e+00 1.800000000000000000e+01 4.110000000000000320e+00 1.000000000000000000e+00 2.500000000000000000e+01 1.000000000000000056e-01 4.000000000000000000e+01 1.400688178817869334e+00 2.754973024925484459e-01
2.000000000000000000e+00 2.500000000000000000e+00 1.800000000000000000e+01 4.110000000000000320e+00 1.000000000000000000e+00 2.500000000000000000e+01 1.000000000000000056e-01 4.000000000000000000e+01 1.753486550082959283e+00 2.579829821630873488e-01
2.000000000000000000e+00 2.500000000000000000e+00 1.800000000000000000e+01 4.110000000000000320e+00 1.000000000000000000e+00 2.500000000000000000e+01 1.000000000000000056e-01 4.000000000000000000e+01 2.195146020234701734e+00 2.431460739762657530e-01
2.000000000000000000e+00 2.500000000000000000e+00 1.800000000000000000e+01 4.110000000000000320e+00 1.000000000000000000e+00 2.500000000000000000e+01 1.000000000000000056e-01 4.000000000000000000e+01 2.748048480853342745e+00 2.304667836579367690e-01
2.000000000000000000e+00 2.500000000000000000e+00 1.800000000000000000e+01 4.110000000000000320e+00 1.000000000000000000e+00 2.500000000000000000e+01 1.000000000000000056e-01 4.000000000000000000e+01 3.440213263039762381e+00 2.195294767667334557e-01
2.000000000000000000e+00 2.500000000000000000e+00 1.800000000000000000e+01 4.110000000000000320e+00 1.000000000000000000e+00 2.500000000000000000e+01 1.000000000000000056e-01 4.000000000000000000e+01 4.306717067640518870e+00 2.100017313387702589e-01
2.000000000000000000e+00 2.500000000000000000e+00 1.800000000000000000e+01 4.110000000000000320e+00 1.000000000000000000e+00 2.500000000000000000e+01 1.000000000000000056e-01 4.000000000000000000e+01 5.391471540435070153e+00 2.016176048926852649e-01
2.000000000000000000e+00 2.500000000000000000e+00 1.800000000000000000e+01 4.110000000000000320e+00 1.000000000000000000e+00 2.500000000000000000e+01 1.000000000000000056e-01 4.000000000000000000e+01 6.749448574119243816e+00 1.941642678779206266e-01
2.000000000000000000e+00 2.500000000000000000e+00 1.800000000000000000e+01 4.110000000000000320e+00 1.000000000000000000e+00 2.500000000000000000e+01 1.000000000000000056e-01 4.000000000000000000e+01 8.449466108283331778e+00 1.874713262484462573e-01
2.000000000000000000e+00 2.500000000000000000e+00 1.800000000000000000e+01 4.110000000000000320e+00 1.000000000000000000e+00 2.500000000000000000e+01 1.000000000000000056e-01 4.000000000000000000e+01 1.057767560283175889e+01 1.814022921191620619e-01
2.000000000000000000e+00 2.500000000000000000e+00 1.800000000000000000e+01 4.110000000000000320e+00 1.000000000000000000e+00 2.500000000000000000e+01 1.000000000000000056e-01 4.000000000000000000e+01 1.324192791886045306e+01 1.758477703189558483e-01
2.000000000000000000e+00 2.500000000000000000e+00 1.800000000000000000e+01 4.110000000000000320e+00 1.000000000000000000e+00 2.500000000000000000e+01 1.000000000000000056e-01 4.000000000000000000e+01 1.657723885589317803e+01 1.707200156093529875e-01
2.000000000000000000e+00 2.500000000000000000e+00 1.800000000000000000e+01 4.110000000000000320e+00 1.000000000000000000e+00 2.500000000000000000e+01 1.000000000000000056e-01 4.000000000000000000e+01 2.075263132145059686e+01 1.659485847974748740e-01
2.000000000000000000e+00 2.500000000000000000e+00 1.800000000000000000e+01 4.110000000000000320e+00 1.000000000000000000e+00 2.500000000000000000e+01 1.000000000000000056e-01 4.000000000000000000e+01 2.597970087225647262e+01 1.614768634566194350e-01
2.000000000000000000e+00 2.500000000000000000e+00 1.800000000000000000e+01 4.110000000000000320e+00 1.000000000000000000e+00 2.500000000000000000e+01 1.000000000000000056e-01 4.000000000000000000e+01 3.252333870135684180e+01 1.572592912889754224e-01
2.000000000000000000e+00 2.500000000000000000e+00 1.800000000000000000e+01 4.110000000000000320e+00 1.000000000000000000e+00 2.500000000000000000e+01 1.000000000000000056e-01 4.000000000000000000e+01 4.071515547789690004e+01 1.532591455688351034e-01
2.000000000000000000e+00 2.500000000000000000e+00 1.800000000000000000e+01 4.110000000000000320e+00 1.000000000000000000e+00 2.500000000000000000e+01 1.000000000000000056e-01 4.000000000000000000e+01 5.097028631688908007e+01 1.494467703853332996e-01
2.000000000000000000e+00 2.500000000000000000e+00 1.800000000000000000e+01 4.110000000000000320e+00 1.000000000000000000e+00 2.500000000000000000e+01 1.000000000000000056e-01 4.000000000000000000e+01 6.380842850117603149e+01 1.457981619943871654e-01
2.000000000000000000e+00 2.500000000000000000e+00 1.800000000000000000e+01 4.110000000000000320e+00 1.000000000000000000e+00 2.500000000000000000e+01 1.000000000000000056e-01 4.000000000000000000e+01 7.988017808015700894e+01 1.422938386349608120e-01
2.000000000000000000e+00 2.500000000000000000e+00 1.800000000000000000e+01 4.110000000000000320e+00 1.000000000000000000e+00 2.500000000000000000e+01 1.000000000000000056e-01 4.000000000000000000e+01 1.000000000000000000e+02 1.389179375795189797e-01
