1.900000000000000000e+01 1.500000000000000000e+00 1.200000000000000000e+01 8.449999999999999289e+00 1.000000000000000000e+00 2.500000000000000000e+01 1.000000000000000056e-01 4.000000000000000000e+01 1.000000000000000021e-02 2.663776667054974734e+00
1.900000000000000000e+01 1.500000000000000000e+00 1.200000000000000000e+01 8.449999999999999289e+00 1.000000000000000000e+00 2.500000000000000000e+01 1.000000000000000056e-01 4.000000000000000000e+01 1.251875025862529169e-02 2.169588652808203566e+00
1.900000000000000000e+01 1.500000000000000000e+00 1.200000000000000000e+01 8.449999999999999289e+00 1.000000000000000000e+00 2.500000000000000000e+01 1.000000000000000056e-01 4.000000000000000000e+01 1.567191080378307552e-02 1.774287154939137690e+00
1.900000000000000000e+01 1.500000000000000000e+00 1.200000000000000000e+01 8.449999999999999289e+00 1.000000000000000000e+00 2.500000000000000000e+01 1.000000000000000056e-01 4.000000000000000000e+01 1.961927374280118819e-02 1.457983449196831094e+00
1.900000000000000000e+01 1.500000000000000000e+00 1.200000000000000000e+01 8.449999999999999289e+00 1.000000000000000000e+00 2.500000000000000000e+01 1.000000000000000056e-01 4.000000000000000000e+01 2.456087882417326562e-02 1.204790295302509140e+00
1.900000000000000000e+01 1.500000000000000000e+00 1.200000000000000000e+01 8.449999999999999289e+00 1.000000000000000000e+00 2.500000000000000000e+01 1.000000000000000056e-01 4.000000000000000000e+01 3.074715081321835117e-02 1.002016846696094587e+00
1.900000000000000000e+01 1.500000000000000000e+00 1.200000000000000000e+01 8.449999999999999289e+00 1.000000000000000000e+00 2.500000000000000000e+01 1.000000000000000056e-01 4.000000000000000000e+01 3.849159021949680876e-02 8.395255429924767254e-01
1.900000000000000000e+01 1.500000000000000000e+00 1.200000000000000000e+01 8.449999999999999289e+00 1.000000000000000000e+00 2.500000000000000000e+01 1.000000000000000056e-01 4.000000000000000000e+01 4.818666050152244779e-02 7.092183945149697077e-01
1.900000000000000000e+01 1.500000000000000000e+00 1.200000000000000000e+01 8.449999999999999289e+00 1.000000000000000000e+00 2.500000000000000000e+01 1.000000000000000056e-01 4.000000000000000000e+01 6.032367686157229930e-02 6.046266254506659221e-01
1.900000000000000000e+01 1.500000000000000000e+00 1.200000000000000000e+01 8.449999999999999289e+00 1.000000000000000000e+00 2.500000000000000000e+01 1.000000000000000056e-01 4.000000000000000000e+01 7.551770453120364157e-02 5.205828800572047665e-01
1.900000000000000000e+01 1.500000000000000000e+00 1.200000000000000000e+01 8.449999999999999289e+00 1.000000000000000000e+00 2.500000000000000000e+01 1.000000000000000056e-01 4.000000000000000000e+01 9.453872831307939817e-02 4.529593803822450360e-01
1.900000000000000000e+01 1.500000000000000000e+00 1.200000000000000000e+01 8.449999999999999289e+00 1.000000000000000000e+00 2.500000000000000000e+01 1.000000000000000056e-01 4.000000000000000000e+01 1.183506729519469003e-01 3.984587661689178995e-01
1.900000000000000000e+01 1.500000000000000000e+00 1.200000000000000000e+01 8.449999999999999289e+00 1.000000000000000000e+00 2.500000000000000000e+01 1.000000000000000056e-01 4.000000000000000000e+01 1.481602517625662530e-01 3.544470173854482042e-01
1.900000000000000000e+01 1.500000000000000000e+00 1.200000000000000000e+01 8.449999999999999289e+00 1.000000000000000000e+00 2.500000000000000000e+01 1.000000000000000056e-01 4.000000000000000000e+01 1.854781190070613761e-01 3.188199924300901822e-01
1.900000000000000000e+01 1.500000000000000000e+00 1.200000000000000000e+01 8.449999999999999289e+00 1.000000000000000000e+00 2.500000000000000000e+01 1.000000000000000056e-01 4.000000000000000000e+01 2.321954250288982280e-01 2.898968185975515088e-01
1.900000000000000000e+01 1.500000000000000000e+00 1.200000000000000000e+01 8.449999999999999289e+00 1.000000000000000000e+00 2.500000000000000000e+01 1.000000000000000056e-01 4.000000000000000000e+01 2.906796537132128044e-01 2.663347321798952283e-01
1.900000000000000000e+01 1.500000000000000000e+00 1.200000000000000000e+01 8.449999999999999289e+00 1.000000000000000000e+00 2.500000000000000000e+01 1.000000000000000056e-01 4.000000000000000000e+01 3.638945990099393124e-01 2.470610525738391183e-01
1.900000000000000000e+01 1.500000000000000000e+00 1.200000000000000000e+01 8.449999999999999289e+00 1.000000000000000000e+00 2.500000000000000000e+01 1.000000000000000056e-01 4.000000000000000000e+01 4.555505605468024855e-01 2.312188430630561509e-01
1.900000000000000000e+01 1.500000000000000000e+00 1.200000000000000000e+01 8.449999999999999289e+00 1.000000000000000000e+00 2.500000000000000000e+01 1.000000000000000056e-01 4.000000000000000000e+01 5.702923697662177771e-01 2.181235045410142293e-01
1.900000000000000000e+01 1.500000000000000000e+00 1.200000000000000000e+01 8.449999999999999289e+00 1.000000000000000000e+00 2.500000000000000000e+01 1.000000000000000056e-01 4.000000000000000000e+01 7.139347751502869155e-01 2.072281024863599497e-01
1.900000000000000000e+01 1.500000000000000000e+00 1.200000000000000000e+01 8.449999999999999289e+00 1.000000000000000000e+00 2.500000000000000000e+01 1.000000000000000056e-01 4.000000000000000000e+01 8.937571151054239937e-01 1.980956700761590805e-01
1.900000000000000000e+01 1.500000000000000000e+00 1.200000000000000000e+01 8.449999999999999289e+00 1.000000000000000000e+00 2.500000000000000000e+01 1.000000000000000056e-01 4.000000000000000000e+01 1.118872211587422116e+00 1.903770838506471108e-01
1.900000000000000000e+01 1.500000000000000000e+00 1.200000000000000000e+01 8.449999999999999289e+00 1.000000000000000000e+00 2.500000000000000000e+01 1.000000000000000056e-01 4.000000000000000000e+01 1.400688178817869334e+00 1.837933907422168167e-01
1.900000000000000000e+01 1.500000000000000000e+00 1.200000000000000000e+01 8.449999999999999289e+00 1.000000000000000000e+00 2.500000000000000000e+01 1.000000000000000056e-01 4.000000000000000000e+01 1.753486550082959283e+00 1.781216908622492434e-01
1.900000000000000000e+01 1.500000000000000000e+00 1.200000000000000000e+01 8.449999999999999289e+00 1.000000000000000000e+00 2.500000000000000000e+01 1.000000000000000056e-01 4.000000000000000000e+01 2.195146020234701734e+00 1.731838606338037823e-01
1.900000000000000000e+01 1.500000000000000000e+00 1.200000000000000000e+01 8.449999999999999289e+00 1.000000000000000000e+00 2.500000000000000000e+01 1.000000000000000056e-01 4.000000000000000000e+01 2.748048480853342745e+00 1.688375447977991384e-01
1.900000000000000000e+01 1.500000000000000000e+00 1.200000000000000000e+01 8.449999999999999289e+00 1.000000000000000000e+00 2.500000000000000000e+01 1.000000000000000056e-01 4.000000000000000000e+01 3.440213263039762381e+00 1.649689607995362683e-01
1.900000000000000000e+01 1.500000000000000000e+00 1.200000000000000000e+01 8.449999999999999289e+00 1.000000000000000000e+00 2.500000000000000000e+01 1.000000000000000056e-01 4.000000000000000000e+01 4.306717067640518870e+00 1.614871509080222645e-01
1.900000000000000000e+01 1.500000000000000000e+00 1.200000000000000000e+01 8.449999999999999289e+00 1.000000000000000000e+00 2.500000000000000000e+01 1.000000000000000056e-01 4.000000000000000000e+01 5.391471540435070153e+00 1.583193907869873962e-01
1.900000000000000000e+01 1.500000000000000000e+00 1.200000000000000000e+01 8.449999999999999289e+00 1.000000000000000000e+00 2.500000000000000000e+01 1.000000000000000056e-01 4.000000000000000000e+01 6.749448574119243816e+00 1.554075218417254323e-01
1.900000000000000000e+01 1.500000000000000000e+00 1.200000000000000000e+01 8.449999999999999289e+00 1.000000000000000000e+00 2.500000000000000000e+01 1.000000000000000056e-01 4.000000000000000000e+01 8.449466108283331778e+00 1.527050214798570116e-01
1.900000000000000000e+01 1.500000000000000000e+00 1.200000000000000000e+01 8.449999999999999289e+00 1.000000000000000000e+00 2.500000000000000000e+01 1.000000000000000056e-01 4.000000000000000000e+01 1.057767560283175889e+01 1.501746628191958921e-01
1.900000000000000000e+01 1.500000000000000000e+00 1.200000000000000000e+01 8.449999999999999289e+00 1.000000000000000000e+00 2.500000000000000000e+01 1.000000000000000056e-01 4.000000000000000000e+01 1.324192791886045306e+01 1.477866452471572611e-01
1.900000000000000000e+01 1.500000000000000000e+00 1.200000000000000000e+01 8.449999999999999289e+00 1.000000000000000000e+00 2.500000000000000000e+01 1.000000000000000056e-01 4.000000000000000000e+01 1.657723885589317803e+01 1.455171010973599077e-01
1.900000000000000000e+01 1.500000000000000000e+00 1.200000000000000000e+01 8.449999999999999289e+00 1.000000000000000000e+00 2.500000000000000000e+01 1.000000000000000056e-01 4.000000000000000000e+01 2.075263132145059686e+01 1.433469027694546094e-01
1.900000000000000000e+01 1.500000000000000000e+00 1.200000000000000000e+01 8.449999999999999289e+00 1.000000000000000000e+00 2.500000000000000000e+01 1.000000000000000056e-01 4.000000000000000000e+01 2.597970087225647262e+01 1.412607098436775288e-01
1.900000000000000000e+01 1.500000000000000000e+00 1.200000000000000000e+01 8.449999999999999289e+00 1.000000000000000000e+00 2.500000000000000000e+01 1.000000000000000056e-01 4.000000000000000000e+01 3.252333870135684180e+01 1.392462079037549705e-01
1.900000000000000000e+01 1.500000000000000000e+00 1.200000000000000000e+01 8.449999999999999289e+00 1.000000000000000000e+00 2.500000000000000000e+01 1.000000000000000056e-01 4.000000000000000000e+01 4.071515547789690004e+01 1.372935004969178252e-01
1.900000000000000000e+01 1.500000000000000000e+00 1.200000000000000000e+01 8.449999999999999289e+00 1.000000000000000000e+00 2.500000000000000000e+01 1.000000000000000056e-01 4.000000000000000000e+01 5.097028631688908007e+01 1.353946234202466903e-01
1.900000000000000000e+01 1.500000000000000000e+00 1.200000000000000000e+01 8.449999999999999289e+00 1.000000000000000000e+00 2.500000000000000000e+01 1.000000000000000056e-01 4.000000000000000000e+01 6.380842850117603149e+01 1.335431567216406046e-01
1.900000000000000000e+01 1.500000000000000000e+00 1.200000000000000000e+01 8.449999999999999289e+00 1.000000000000000000e+00 2.500000000000000000e+01 1.000000000000000056e-01 4.000000000000000000e+01 7.988017808015700894e+01 1.317339147555326995e-01
1.900000000000000000e+01 1.500000000000000000e+00 1.200000000000000000e+01 8.449999999999999289e+00 1.000000000000000000e+00 2.500000000000000000e+01 1.000000000000000056e-01 4.000000000000000000e+01 1.000000000000000000e+02 1.299626985890064701e-01
