3.000000000000000000e+00 2.500000000000000000e+00 1.200000000000000000e+01 3.109999999999999876e+00 1.000000000000000000e+00 2.500000000000000000e+01 1.000000000000000056e-01 4.000000000000000000e+01 1.000000000000000021e-02 6.047041652968024650e+00
3.000000000000000000e+00 2.500000000000000000e+00 1.200000000000000000e+01 3.109999999999999876e+00 1.000000000000000000e+00 2.500000000000000000e+01 1.000000000000000056e-01 4.000000000000000000e+01 1.251875025862529169e-02 4.893355959842371483e+00
3.000000000000000000e+00 2.500000000000000000e+00 1.200000000000000000e+01 3.109999999999999876e+00 1.000000000000000000e+00 2.500000000000000000e+01 1.000000000000000056e-01 4.000000000000000000e+01 1.567191080378307552e-02 3.970542478724784718e+00
3.000000000000000000e+00 2.500000000000000000e+00 1.200000000000000000e+01 3.109999999999999876e+00 1.000000000000000000e+00 2.500000000000000000e+01 1.000000000000000056e-01 4.000000000000000000e+01 1.961927374280118819e-02 3.232174838481994605e+00
3.000000000000000000e+00 2.500000000000000000e+00 1.200000000000000000e+01 3.109999999999999876e+00 1.000000000000000000e+00 2.500000000000000000e+01 1.000000000000000056e-01 4.000000000000000000e+01 2.456087882417326562e-02 2.641167081777334502e+00
3.000000000000000000e+00 2.500000000000000000e+00 1.200000000000000000e+01 3.109999999999999876e+00 1.000000000000000000e+00 2.500000000000000000e+01 1.000000000000000056e-01 4.000000000000000000e+01 3.074715081321835117e-02 2.167894400142441835e+00
3.000000000000000000e+00 2.500000000000000000e+00 1.200000000000000000e+01 3.109999999999999876e+00 1.000000000000000000e+00 2.500000000000000000e+01 1.000000000000000056e-01 4.000000000000000000e+01 3.849159021949680876e-02 1.788691973613930397e+00
3.000000000000000000e+00 2.500000000000000000e+00 1.200000000000000000e+01 3.109999999999999876e+00 1.000000000000000000e+00 2.500000000000000000e+01 1.000000000000000056e-01 4.000000000000000000e+01 4.818666050152244779e-02 1.484655840973660323e+00
3.000000000000000000e+00 2.500000000000000000e+00 1.200000000000000000e+01 3.109999999999999876e+00 1.000000000000000000e+00 2.500000000000000000e+01 1.000000000000000056e-01 4.000000000000000000e+01 6.032367686157229930e-02 1.240685032576764657e+00
3.000000000000000000e+00 2.500000000000000000e+00 1.200000000000000000e+01 3.109999999999999876e+00 1.000000000000000000e+00 2.500000000000000000e+01 1.000000000000000056e-01 4.000000000000000000e+01 7.551770453120364157e-02 1.044716424168066649e+00
3.000000000000000000e+00 2.500000000000000000e+00 1.200000000000000000e+01 3.109999999999999876e+00 1.000000000000000000e+00 2.500000000000000000e+01 1.000000000000000056e-01 4.000000000000000000e+01 9.453872831307939817e-02 8.871135365708057163e-01
3.000000000000000000e+00 2.500000000000000000e+00 1.200000000000000000e+01 3.109999999999999876e+00 1.000000000000000000e+00 2.500000000000000000e+01 1.000000000000000056e-01 4.000000000000000000e+01 1.183506729519469003e-01 7.601783076158203922e-01
3.000000000000000000e+00 2.500000000000000000e+00 1.200000000000000000e+01 3.109999999999999876e+00 1.000000000000000000e+00 2.500000000000000000e+01 1.000000000000000056e-01 4.000000000000000000e+01 1.481602517625662530e-01 6.577610945188361313e-01
3.000000000000000000e+00 2.500000000000000000e+00 1.200000000000000000e+01 3.109999999999999876e+00 1.000000000000000000e+00 2.500000000000000000e+01 1.000000000000000056e-01 4.000000000000000000e+01 1.854781190070613761e-01 5.749491429180068058e-01
3.000000000000000000e+00 2.500000000000000000e+00 1.200000000000000000e+01 3.109999999999999876e+00 1.000000000000000000e+00 2.500000000000000000e+01 1.000000000000000056e-01 4.000000000000000000e+01 2.321954250288982280e-01 5.078177352227026820e-01
3.000000000000000000e+00 2.500000000000000000e+00 1.200000000000000000e+01 3.109999999999999876e+00 1.000000000000000000e+00 2.500000000000000000e+01 1.000000000000000056e-01 4.000000000000000000e+01 2.906796537132128044e-01 4.532314073109870445e-01
3.000000000000000000e+00 2.500000000000000000e+00 1.200000000000000000e+01 3.109999999999999876e+00 1.000000000000000000e+00 2.500000000000000000e+01 1.000000000000000056e-01 4.000000000000000000e+01 3.638945990099393124e-01 4.086851599163584536e-01
3.000000000000000000e+00 2.500000000000000000e+00 1.200000000000000000e+01 3.109999999999999876e+00 1.000000000000000000e+00 2.500000000000000000e+01 1.000000000000000056e-01 4.000000000000000000e+01 4.555505605468024855e-01 3.721776178466201235e-01
3.000000000000000000e+00 2.500000000000000000e+00 1.200000000000000000e+01 3.109999999999999876e+00 1.000000000000000000e+00 2.500000000000000000e+01 1.000000000000000056e-01 4.000000000000000000e+01 5.702923697662177771e-01 3.421097091909944821e-01
3.000000000000000000e+00 2.500000000000000000e+00 1.200000000000000000e+01 3.109999999999999876e+00 1.000000000000000000e+00 2.500000000000000000e+01 1.000000000000000056e-01 4.000000000000000000e+01 7.139347751502869155e-01 3.172037299422861278e-01
3.000000000000000000e+00 2.500000000000000000e+00 1.200000000000000000e+01 3.109999999999999876e+00 1.000000000000000000e+00 2.500000000000000000e+01 1.000000000000000056e-01 4.000000000000000000e+01 8.937571151054239937e-01 2.964386925278221785e-01
3.000000000000000000e+00 2.500000000000000000e+00 1.200000000000000000e+01 3.109999999999999876e+00 1.000000000000000000e+00 2.500000000000000000e+01 1.000000000000000056e-01 4.000000000000000000e+01 1.118872211587422116e+00 2.789986819585945632e-01
3.000000000000000000e+00 2.500000000000000000e+00 1.200000000000000000e+01 3.109999999999999876e+00 1.000000000000000000e+00 2.500000000000000000e+01 1.000000000000000056e-01 4.000000000000000000e+01 1.400688178817869334e+00 2.642316024898051507e-01
3.000000000000000000e+00 2.500000000000000000e+00 1.200000000000000000e+01 3.109999999999999876e+00 1.000000000000000000e+00 2.500000000000000000e+01 1.000000000000000056e-01 4.000000000000000000e+01 1.753486550082959283e+00 2.516162242431840279e-01
3.000000000000000000e+00 2.500000000000000000e+00 1.200000000000000000e+01 3.109999999999999876e+00 1.000000000000000000e+00 2.500000000000000000e+01 1.000000000000000056e-01 4.000000000000000000e+01 2.195146020234701734e+00 2.407358598562597540e-01
3.000000000000000000e+00 2.500000000000000000e+00 1.200000000000000000e+01 3.109999999999999876e+00 1.000000000000000000e+00 2.500000000000000000e+01 1.000000000000000056e-01 4.000000000000000000e+01 2.748048480853342745e+00 2.312573372116191461e-01
3.000000000000000000e+00 2.500000000000000000e+00 1.200000000000000000e+01 3.109999999999999876e+00 1.000000000000000000e+00 2.500000000000000000e+01 1.000000000000000056e-01 4.000000000000000000e+01 3.440213263039762381e+00 2.229142026868948523e-01
3.000000000000000000e+00 2.500000000000000000e+00 1.200000000000000000e+01 3.109999999999999876e+00 1.000000000000000000e+00 2.500000000000000000e+01 1.000000000000000056e-01 4.000000000000000000e+01 4.306717067640518870e+00 2.154933037547932251e-01
3.000000000000000000e+00 2.500000000000000000e+00 1.200000000000000000e+01 3.109999999999999876e+00 1.000000000000000000e+00 2.500000000000000000e+01 1.000000000000000056e-01 4.000000000000000000e+01 5.391471540435070153e+00 2.088240710164513125e-01
3.000000000000000000e+00 2.500000000000000000e+00 1.200000000000000000e+01 3.109999999999999876e+00 1.000000000000000000e+00 2.500000000000000000e+01 1.000000000000000056e-01 4.000000000000000000e+01 6.749448574119243816e+00 2.027699565493930600e-01
3.000000000000000000e+00 2.500000000000000000e+00 1.200000000000000000e+01 3.109999999999999876e+00 1.000000000000000000e+00 2.500000000000000000e+01 1.000000000000000056e-01 4.000000000000000000e+01 8.449466108283331778e+00 1.972215947258293689e-01
3.000000000000000000e+00 2.500000000000000000e+00 1.200000000000000000e+01 3.109999999999999876e+00 1.000000000000000000e+00 2.500000000000000000e+01 1.000000000000000056e-01 4.000000000000000000e+01 1.057767560283175889e+01 1.920913389456878617e-01
3.000000000000000000e+00 2.500000000000000000e+00 1.200000000000000000e+01 3.109999999999999876e+00 1.000000000000000000e+00 2.500000000000000000e+01 1.000000000000000056e-01 4.000000000000000000e+01 1.324192791886045306e+01 1.873088974550871089e-01
3.000000000000000000e+00 2.500000000000000000e+00 1.200000000000000000e+01 3.109999999999999876e+00 1.000000000000000000e+00 2.500000000000000000e+01 1.000000000000000056e-01 4.000000000000000000e+01 1.657723885589317803e+01 1.828178471184810361e-01
3.000000000000000000e+00 2.500000000000000000e+00 1.200000000000000000e+01 3.109999999999999876e+00 1.000000000000000000e+00 2.500000000000000000e+01 1.000000000000000056e-01 4.000000000000000000e+01 2.075263132145059686e+01 1.785728485039750901e-01
3.000000000000000000e+00 2.500000000000000000e+00 1.200000000000000000e+01 3.109999999999999876e+00 1.000000000000000000e+00 2.500000000000000000e+01 1.000000000000000056e-01 4.000000000000000000e+01 2.597970087225647262e+01 1.745374211810255538e-01
3.000000000000000000e+00 2.500000000000000000e+00 1.200000000000000000e+01 3.109999999999999876e+00 1.000000000000000000e+00 2.500000000000000000e+01 1.000000000000000056e-01 4.000000000000000000e+01 3.252333870135684180e+01 1.706821665189163229e-01
3.000000000000000000e+00 2.500000000000000000e+00 1.200000000000000000e+01 3.109999999999999876e+00 1.000000000000000000e+00 2.500000000000000000e+01 1.000000000000000056e-01 4.000000000000000000e+01 4.071515547789690004e+01 1.669833479517421893e-01
3.000000000000000000e+00 2.500000000000000000e+00 1.200000000000000000e+01 3.109999999999999876e+00 1.000000000000000000e+00 2.500000000000000000e+01 1.000000000000000056e-01 4.000000000000000000e+01 5.097028631688908007e+01 1.634217567903182289e-01
3.000000000000000000e+00 2.500000000000000000e+00 1.200000000000000000e+01 3.109999999999999876e+00 1.000000000000000000e+00 2.500000000000000000e+01 1.000000000000000056e-01 4.000000000000000000e+01 6.380842850117603149e+01 1.599818061314887963e-01
3.000000000000000000e+00 2.500000000000000000e+00 1.200000000000000000e+01 3.109999999999999876e+00 1.000000000000000000e+00 2.500000000000000000e+01 1.000000000000000056e-01 4.000000000000000000e+01 7.988017808015700894e+01 1.566508069740100151e-01
3.000000000000000000e+00 2.500000000000000000e+00 1.200000000000000000e+01 3.109999999999999876e+00 1.000000000000000000e+00 2.500000000000000000e+01 1.000000000000000056e-01 4.000000000000000000e+01 1.000000000000000000e+02 1.534183898832950366e-01
