1.000000000000000000e+00 2.500000000000000000e+00 1.800000000000000000e+01 3.709999999999999964e+00 1.000000000000000000e+00 2.500000000000000000e+01 1.000000000000000056e-01 4.000000000000000000e+01 1.000000000000000021e-02 7.493541392565347792e+00
1.000000000000000000e+00 2.500000000000000000e+00 1.800000000000000000e+01 3.709999999999999964e+00 1.000000000000000000e+00 2.500000000000000000e+01 1.000000000000000056e-01 4.000000000000000000e+01 1.251875025862529169e-02 6.053433971419860171e+00
1.000000000000000000e+00 2.500000000000000000e+00 1.800000000000000000e+01 3.709999999999999964e+00 1.000000000000000000e+00 2.500000000000000000e+01 1.000000000000000056e-01 4.000000000000000000e+01 1.567191080378307552e-02 4.901399058547210252e+00
1.000000000000000000e+00 2.500000000000000000e+00 1.800000000000000000e+01 3.709999999999999964e+00 1.000000000000000000e+00 2.500000000000000000e+01 1.000000000000000056e-01 4.000000000000000000e+01 1.961927374280118819e-02 3.979518471255999224e+00
1.000000000000000000e+00 2.500000000000000000e+00 1.800000000000000000e+01 3.709999999999999964e+00 1.000000000000000000e+00 2.500000000000000000e+01 1.000000000000000056e-01 4.000000000000000000e+01 2.456087882417326562e-02 3.241526033928599393e+00
1.000000000000000000e+00 2.500000000000000000e+00 1.800000000000000000e+01 3.709999999999999964e+00 1.000000000000000000e+00 2.500000000000000000e+01 1.000000000000000056e-01 4.000000000000000000e+01 3.074715081321835117e-02 2.650463240423891254e+00
1.000000000000000000e+00 2.500000000000000000e+00 1.800000000000000000e+01 3.709999999999999964e+00 1.000000000000000000e+00 2.500000000000000000e+01 1.000000000000000056e-01 4.000000000000000000e+01 3.849159021949680876e-02 2.176806592398514706e+00
1.000000000000000000e+00 2.500000000000000000e+00 1.800000000000000000e+01 3.709999999999999964e+00 1.000000000000000000e+00 2.500000000000000000e+01 1.000000000000000056e-01 4.000000000000000000e+01 4.818666050152244779e-02 1.796971713207411447e+00
1.000000000000000000e+00 2.500000000000000000e+00 1.800000000000000000e+01 3.709999999999999964e+00 1.000000000000000000e+00 2.500000000000000000e+01 1.000000000000000056e-01 4.000000000000000000e+01 6.032367686157229930e-02 1.492118430823343056e+00
1.000000000000000000e+00 2.500000000000000000e+00 1.800000000000000000e+01 3.709999999999999964e+00 1.000000000000000000e+00 2.500000000000000000e+01 1.000000000000000056e-01 4.000000000000000000e+01 7.551770453120364157e-02 1.247196275359592432e+00
1.000000000000000000e+00 2.500000000000000000e+00 1.800000000000000000e+01 3.709999999999999964e+00 1.000000000000000000e+00 2.500000000000000000e+01 1.000000000000000056e-01 4.000000000000000000e+01 9.453872831307939817e-02 1.050182020220340906e+00
1.000000000000000000e+00 2.500000000000000000e+00 1.800000000000000000e+01 3.709999999999999964e+00 1.000000000000000000e+00 2.500000000000000000e+01 1.000000000000000056e-01 4.000000000000000000e+01 1.183506729519469003e-01 8.914706280569615338e-01
1.000000000000000000e+00 2.500000000000000000e+00 1.800000000000000000e+01 3.709999999999999964e+00 1.000000000000000000e+00 2.500000000000000000e+01 1.000000000000000056e-01 4.000000000000000000e+01 1.481602517625662530e-01 7.633887367702649751e-01
1.000000000000000000e+00 2.500000000000000000e+00 1.800000000000000000e+01 3.709999999999999964e+00 1.000000000000000000e+00 2.500000000000000000e+01 1.000000000000000056e-01 4.000000000000000000e+01 1.854781190070613761e-01 6.598060307331251595e-01
1.000000000000000000e+00 2.500000000000000000e+00 1.800000000000000000e+01 3.709999999999999964e+00 1.000000000000000000e+00 2.500000000000000000e+01 1.000000000000000056e-01 4.000000000000000000e+01 2.321954250288982280e-01 5.758248029145822677e-01
1.000000000000000000e+00 2.500000000000000000e+00 1.800000000000000000e+01 3.709999999999999964e+00 1.000000000000000000e+00 2.500000000000000000e+01 1.000000000000000056e-01 4.000000000000000000e+01 2.906796537132128044e-01 5.075319760480864195e-01
1.000000000000000000e+00 2.500000000000000000e+00 1.800000000000000000e+01 3.709999999999999964e+00 1.000000000000000000e+00 2.500000000000000000e+01 1.000000000000000056e-01 4.000000000000000000e+01 3.638945990099393124e-01 4.518010162079046932e-01
1.000000000000000000e+00 2.500000000000000000e+00 1.800000000000000000e+01 3.709999999999999964e+00 1.000000000000000000e+00 2.500000000000000000e+01 1.000000000000000056e-01 4.000000000000000000e+01 4.555505605468024855e-01 4.061337005421927770e-01
1.000000000000000000e+00 2.500000000000000000e+00 1.800000000000000000e+01 3.709999999999999964e+00 1.000000000000000000e+00 2.500000000000000000e+01 1.000000000000000056e-01 4.000000000000000000e+01 5.702923697662177771e-01 3.685337205892481038e-01
1.000000000000000000e+00 2.500000000000000000e+00 1.800000000000000000e+01 3.709999999999999964e+00 1.000000000000000000e+00 2.500000000000000000e+01 1.000000000000000056e-01 4.000000000000000000e+01 7.139347751502869155e-01 3.374057159258788685e-01
1.000000000000000000e+00 2.500000000000000000e+00 1.800000000000000000e+01 3.709999999999999964e+00 1.000000000000000000e+00 2.500000000000000000e+01 1.000000000000000056e-01 4.000000000000000000e+01 8.937571151054239937e-01 3.114746216216416896e-01
1.000000000000000000e+00 2.500000000000000000e+00 1.800000000000000000e+01 3.709999999999999964e+00 1.000000000000000000e+00 2.500000000000000000e+01 1.000000000000000056e-01 4.000000000000000000e+01 1.118872211587422116e+00 2.897212424083888682e-01
1.000000000000000000e+00 2.500000000000000000e+00 1.800000000000000000e+01 3.709999999999999964e+00 1.000000000000000000e+00 2.500000000000000000e+01 1.000000000000000056e-01 4.000000000000000000e+01 1.400688178817869334e+00 2.713307887896401760e-01
1.000000000000000000e+00 2.500000000000000000e+00 1.800000000000000000e+01 3.709999999999999964e+00 1.000000000000000000e+00 2.500000000000000000e+01 1.000000000000000056e-01 4.000000000000000000e+01 1.753486550082959283e+00 2.556517671810364378e-01
1.000000000000000000e+00 2.500000000000000000e+00 1.800000000000000000e+01 3.709999999999999964e+00 1.000000000000000000e+00 2.500000000000000000e+01 1.000000000000000056e-01 4.000000000000000000e+01 2.195146020234701734e+00 2.421631408794719664e-01
1.000000000000000000e+00 2.500000000000000000e+00 1.800000000000000000e+01 3.709999999999999964e+00 1.000000000000000000e+00 2.500000000000000000e+01 1.000000000000000056e-01 4.000000000000000000e+01 2.748048480853342745e+00 2.304480977948606124e-01
1.000000000000000000e+00 2.500000000000000000e+00 1.800000000000000000e+01 3.709999999999999964e+00 1.000000000000000000e+00 2.500000000000000000e+01 1.000000000000000056e-01 4.000000000000000000e+01 3.440213263039762381e+00 2.201730956853699683e-01
1.000000000000000000e+00 2.500000000000000000e+00 1.800000000000000000e+01 3.709999999999999964e+00 1.000000000000000000e+00 2.500000000000000000e+01 1.000000000000000056e-01 4.000000000000000000e+01 4.306717067640518870e+00 2.110711230812950812e-01
1.000000000000000000e+00 2.500000000000000000e+00 1.800000000000000000e+01 3.709999999999999964e+00 1.000000000000000000e+00 2.500000000000000000e+01 1.000000000000000056e-01 4.000000000000000000e+01 5.391471540435070153e+00 2.029283277177584277e-01
1.000000000000000000e+00 2.500000000000000000e+00 1.800000000000000000e+01 3.709999999999999964e+00 1.000000000000000000e+00 2.500000000000000000e+01 1.000000000000000056e-01 4.000000000000000000e+01 6.749448574119243816e+00 1.955733349484650718e-01
1.000000000000000000e+00 2.500000000000000000e+00 1.800000000000000000e+01 3.709999999999999964e+00 1.000000000000000000e+00 2.500000000000000000e+01 1.000000000000000056e-01 4.000000000000000000e+01 8.449466108283331778e+00 1.888687149298979573e-01
1.000000000000000000e+00 2.500000000000000000e+00 1.800000000000000000e+01 3.709999999999999964e+00 1.000000000000000000e+00 2.500000000000000000e+01 1.000000000000000056e-01 4.000000000000000000e+01 1.057767560283175889e+01 1.827041662557332691e-01
1.000000000000000000e+00 2.500000000000000000e+00 1.800000000000000000e+01 3.709999999999999964e+00 1.000000000000000000e+00 2.500000000000000000e+01 1.000000000000000056e-01 4.000000000000000000e+01 1.324192791886045306e+01 1.769910707031014108e-01
1.000000000000000000e+00 2.500000000000000000e+00 1.800000000000000000e+01 3.709999999999999964e+00 1.000000000000000000e+00 2.500000000000000000e+01 1.000000000000000056e-01 4.000000000000000000e+01 1.657723885589317803e+01 1.716581432335790580e-01
1.000000000000000000e+00 2.500000000000000000e+00 1.800000000000000000e+01 3.709999999999999964e+00 1.000000000000000000e+00 2.500000000000000000e+01 1.000000000000000056e-01 4.000000000000000000e+01 2.075263132145059686e+01 1.666479568935546329e-01
1.000000000000000000e+00 2.500000000000000000e+00 1.800000000000000000e+01 3.709999999999999964e+00 1.000000000000000000e+00 2.500000000000000000e+01 1.000000000000000056e-01 4.000000000000000000e+01 2.597970087225647262e+01 1.619141665935201202e-01
1.000000000000000000e+00 2.500000000000000000e+00 1.800000000000000000e+01 3.709999999999999964e+00 1.000000000000000000e+00 2.500000000000000000e+01 1.000000000000000056e-01 4.000000000000000000e+01 3.252333870135684180e+01 1.574192911606488166e-01
1.000000000000000000e+00 2.500000000000000000e+00 1.800000000000000000e+01 3.709999999999999964e+00 1.000000000000000000e+00 2.500000000000000000e+01 1.000000000000000056e-01 4.000000000000000000e+01 4.071515547789690004e+01 1.531329413484371071e-01
1.000000000000000000e+00 2.500000000000000000e+00 1.800000000000000000e+01 3.709999999999999964e+00 1.000000000000000000e+00 2.500000000000000000e+01 1.000000000000000056e-01 4.000000000000000000e+01 5.097028631688908007e+01 1.490304040848290101e-01
1.000000000000000000e+00 2.500000000000000000e+00 1.800000000000000000e+01 3.709999999999999964e+00 1.000000000000000000e+00 2.500000000000000000e+01 1.000000000000000056e-01 4.000000000000000000e+01 6.380842850117603149e+01 1.450915112912831151e-01
1.000000000000000000e+00 2.500000000000000000e+00 1.800000000000000000e+01 3.709999999999999964e+00 1.000000000000000000e+00 2.500000000000000000e+01 1.000000000000000056e-01 4.000000000000000000e+01 7.988017808015700894e+01 1.412997360244493683e-01
1.000000000000000000e+00 2.500000000000000000e+00 1.800000000000000000e+01 3.709999999999999964e+00 1.000000000000000000e+00 2.500000000000000000e+01 1.000000000000000056e-01 4.000000000000000000e+01 1.000000000000000000e+02 1.376414702102166654e-01
