2.000173683058465102e+00
1.900170422463674402e+00
1.800173870604432791e+00
1.700167006002581749e+00
1.600177594069010834e+00
1.500167838795167574e+00
1.400157923390448422e+00
1.300160536951352253e+00
1.200193637141200087e+00
1.100198171834131822e+00
1.000173683058464880e+00
9.001758877278100979e-01
8.002013911267178425e-01
7.002016525508174549e-01
6.000903491134094159e-01
5.002227484872979746e-01
4.002097701620617176e-01
3.001170182898695860e-01
2.001662463631074806e-01
1.000947150149893716e-01
0.000000000000000000e+00
-1.000755856329529070e-01
-1.992279512116365003e-01
-2.998936321084647028e-01
-3.990162198761664225e-01
-5.000930770924658653e-01
-5.997383892551368945e-01
-6.997306854696436762e-01
-8.006288386085095299e-01
-9.002158033964222650e-01
-1.000165063267130616e+00
-1.101033610694279297e+00
-1.199358517526000201e+00
-1.297543613461797030e+00
-1.402491293654846816e+00
-1.498940737782248567e+00
-1.598099963239414611e+00
-1.694734637976551328e+00
-1.802940091939791767e+00
-1.902603849358497579e+00
-2.018362575344230692e+00
-1.995119992759365690e+00
