-3.034950852346147143e-01
-2.827290319678694708e-01
-2.622509261084428611e-01
-2.438204831561908426e-01
-2.262647375190689758e-01
-2.094474435781314980e-01
-1.935418951929138154e-01
-1.776553608787261318e-01
-1.616295262397065835e-01
-1.458458359699735529e-01
-1.298009989389297680e-01
-1.122926997713082214e-01
-9.493305095741463862e-02
-7.656945101122218655e-02
-5.643623992475912954e-02
-3.509953936031295213e-02
-1.269579802250157645e-02
1.144356202207468323e-02
3.778494175363750207e-02
6.498182169730538915e-02
9.544832653812218570e-02
1.282376707691872397e-01
1.606785744003848271e-01
1.981895565168215467e-01
2.363104824323310760e-01
2.799861608815726877e-01
3.238294001756692464e-01
3.710124168838400127e-01
4.215874760097028107e-01
4.722150717617906168e-01
5.283895735900476787e-01
5.877895124728008680e-01
6.460604685556406990e-01
7.030935355751808391e-01
7.731279240333347458e-01
8.361341494653747874e-01
9.036270941467485773e-01
9.733911225684320767e-01
1.056561851859459722e+00
1.130333768495006108e+00
1.221596785740262980e+00
1.205150209140180895e+00
