-1.719574034214019775e-01
-1.445724070072174072e-01
-1.193126961588859558e-01
-9.610524028539657593e-02
-7.480990141630172729e-02
-5.520018190145492554e-02
-3.700014203786849976e-02
-1.987814158201217651e-02
-3.470174968242645264e-03
1.261680573225021362e-02
2.876704186201095581e-02
4.534059017896652222e-02
6.267908960580825806e-02
8.109586685895919800e-02
1.008792147040367126e-01
1.221832558512687683e-01
1.452820003032684326e-01
1.703249812126159668e-01
1.973859369754791260e-01
2.266436219215393066e-01
2.581649124622344971e-01
2.920092940330505371e-01
3.278960287570953369e-01
3.667726814746856689e-01
4.074887931346893311e-01
4.515137374401092529e-01
4.973914921283721924e-01
5.458843708038330078e-01
5.972733497619628906e-01
6.503595113754272461e-01
7.059232592582702637e-01
7.642169594764709473e-01
8.230670690536499023e-01
8.836901783943176270e-01
9.503583312034606934e-01
1.013147592544555664e+00
1.079015493392944336e+00
1.144279956817626953e+00
1.218350410461425781e+00
1.287240266799926758e+00
1.367723941802978516e+00
1.351540327072143555e+00
