-1.332770466804504395e+00
-1.244305968284606934e+00
-1.157823204994201660e+00
-1.073028445243835449e+00
-9.902607202529907227e-01
-9.093652963638305664e-01
-8.320520520210266113e-01
-7.568587064743041992e-01
-6.856647729873657227e-01
-6.170164346694946289e-01
-5.511424541473388672e-01
-4.888578057289123535e-01
-4.294413328170776367e-01
-3.728606700897216797e-01
-3.191384077072143555e-01
-2.676570415496826172e-01
-2.176672220230102539e-01
-1.713910102844238281e-01
-1.236912533640861511e-01
-7.994519919157028198e-02
-3.614240139722824097e-02
9.762533009052276611e-03
5.379308015108108521e-02
9.891290217638015747e-02
1.487444639205932617e-01
1.952644586563110352e-01
2.469964027404785156e-01
3.056417703628540039e-01
3.592986464500427246e-01
4.255757331848144531e-01
4.888161420822143555e-01
5.620250105857849121e-01
6.365624070167541504e-01
7.125741243362426758e-01
7.940244674682617188e-01
8.867080211639404297e-01
9.594947099685668945e-01
1.080480098724365234e+00
1.170253753662109375e+00
1.284624457359313965e+00
1.416919589042663574e+00
1.405473947525024414e+00
