2.000169341828431868e+00
1.900173155104339262e+00
1.800164926059187209e+00
1.700171336972269742e+00
1.600179774968357727e+00
1.500169211622085497e+00
1.400170021524124175e+00
1.300186646055208950e+00
1.200144332496747124e+00
1.100129203359808239e+00
1.000160659238177763e+00
9.001633175174761359e-01
8.001546052011424548e-01
7.001678721999746724e-01
6.001274303610864003e-01
5.001705844446640015e-01
3.999522035375190354e-01
3.001931730859244696e-01
2.002538907728048656e-01
1.002809195484997695e-01
1.432935368946343943e-04
-9.978531087435939251e-02
-1.993440845826478514e-01
-2.995091566162552676e-01
-3.991196330440098250e-01
-4.999873186044534457e-01
-5.992582939856938573e-01
-6.994197318989698875e-01
-8.001050155894177118e-01
-9.003815040417352256e-01
-9.984393473574270095e-01
-1.098016701323480282e+00
-1.197210544641584828e+00
-1.298989270797498596e+00
-1.397347600930603395e+00
-1.499955733401398872e+00
-1.602583196917180652e+00
-1.700795701770992707e+00
-1.807998780713976350e+00
-1.905406601308144987e+00
-2.003845278934778484e+00
-2.001102334311434472e+00
