-7.705459668313890953e-02
-4.180033149796019698e-02
-1.122305882061678736e-02
1.385220250083740723e-02
3.421120522490459642e-02
5.070448555397091134e-02
6.390728427684944091e-02
7.410299785318290311e-02
8.170727009734923829e-02
8.822825570790449046e-02
9.404815819775179386e-02
1.002050680792098691e-01
1.043983313539967872e-01
1.091801766145268499e-01
1.142572671459050199e-01
1.200867217849416746e-01
1.248659861895634882e-01
1.306939226885314720e-01
1.355174598371152450e-01
1.425583950902787611e-01
1.484391467039807289e-01
1.572360892710412961e-01
1.636383596289230358e-01
1.730055176636841885e-01
1.810857690111213891e-01
1.928238288193646899e-01
2.027879150338409986e-01
2.157406399711620237e-01
2.296383339144939806e-01
2.455644839508620558e-01
2.568043076789800483e-01
2.758777566120334535e-01
2.929579088028526068e-01
3.139178148373273913e-01
3.355561825452669789e-01
3.584431311406797160e-01
3.868786956914283537e-01
4.106304760792385822e-01
4.463041139519238754e-01
4.729318863957052144e-01
5.034011409422151084e-01
5.107902369166614776e-01
