9.133274839794608413e-01
9.085272050825742296e-01
9.037451526088263742e-01
8.989813279497711473e-01
8.942357326006283857e-01
8.895083681572519829e-01
8.847992363128737159e-01
8.801083388546211417e-01
8.754356776598158918e-01
8.707812546920515873e-01
8.661450719970539280e-01
8.615271316983261762e-01
8.569274359925816986e-01
8.523459871449676761e-01
8.477827874840795364e-01
8.432378393967731034e-01
8.387111453227732438e-01
8.342027077490863363e-01
8.297125292042158984e-01
8.252406122521867005e-01
8.207869594863811402e-01
8.163515735231899884e-01
8.119344569954819457e-01
8.075356125458965639e-01
8.031550428199624170e-01
7.987927504590466299e-01
7.944487380931377629e-01
7.901230083334688237e-01
7.858155637649817393e-01
7.815264069386398393e-01
7.772555403635920124e-01
7.730029664991936444e-01
7.687686877468871138e-01
7.645527064419496144e-01
7.603550248451109717e-01
7.561756451340464480e-01
7.520145693947505317e-01
7.478717996127961509e-01
7.437473376644848644e-01
7.396411853078921350e-01
7.355533441738146827e-01
7.314838157566235788e-01
7.274326014050307432e-01
7.233997023127707315e-01
7.193851195092074713e-01
7.153888538498682781e-01
7.114109060069132573e-01
7.074512764595435321e-01
7.035099654843555150e-01
6.995869731456472174e-01
6.956822992856802612e-01
6.917959435149071412e-01
6.879279052021656238e-01
6.840781834648483883e-01
6.802467771590545720e-01
6.764336848697262150e-01
6.726389049007793774e-01
6.688624352652322580e-01
6.651042736753388640e-01
6.613644175327331176e-01
6.576428639185891711e-01
6.539396095838055922e-01
6.502546509392158613e-01
6.465879840458356176e-01
6.429396046051488733e-01
6.393095079494424127e-01
6.356976890321885953e-01
6.321041424184913327e-01
6.285288622755919041e-01
6.249718423634478270e-01
6.214330760253831132e-01
6.179125561788244569e-01
6.144102753061204680e-01
6.109262254454554952e-01
6.074603981818607057e-01
6.040127846383286370e-01
6.005833754670369951e-01
5.971721608406865833e-01
5.937791304439582474e-01
5.904042734650954971e-01
5.870475785876160257e-01
5.837090339821592311e-01
5.803886272984719596e-01
5.770863456575406891e-01
5.738021756438714815e-01
5.705361032979251457e-01
5.672881141087113832e-01
5.640581930065431404e-01
5.608463243559629330e-01
5.576524919488361487e-01
5.544766789976232069e-01
5.513188681288294646e-01
5.481790413766404191e-01
5.450571801767414293e-01
5.419532653603313932e-01
5.388672771483277169e-01
5.357991951457715674e-01
5.327489983364310788e-01
5.297166650776103936e-01
5.267021730951649827e-01
5.237054994787252449e-01
5.207266206771333783e-01
5.177655124940943043e-01
5.148221500840427511e-01
5.118965079482296066e-01
5.089885599310298714e-01
5.060982792164715471e-01
5.032256383249903431e-01
5.003706091104092035e-01
4.975331627571459303e-01
4.947132697776475685e-01
4.919109000100561624e-01
4.891260226161019964e-01
4.863586060792306487e-01
4.836086182029582514e-01
4.808760261094609523e-01
4.781607962383940813e-01
4.754628943459436319e-01
4.727822855041105554e-01
4.701189341002240951e-01
4.674728038366868788e-01
4.648438577309503272e-01
4.622320581157170483e-01
4.596373666393741564e-01
4.570597442666501919e-01
4.544991512794996358e-01
4.519555472782103012e-01
4.494288911827316602e-01
4.469191412342253811e-01
4.444262549968319709e-01
4.419501893596530784e-01
4.394909005389493473e-01
4.370483440805448816e-01
4.346224748624433754e-01
4.322132470976473573e-01
4.298206143371786081e-01
4.274445294732985845e-01
4.250849447429227990e-01
4.227418117312268242e-01
4.204150813754403138e-01
4.181047039688242095e-01
4.158106291648275832e-01
4.135328059814202817e-01
4.112711828055956031e-01
4.090257073980400060e-01
4.067963268979637448e-01
4.045829878280881031e-01
4.023856360997847825e-01
4.002042170183597869e-01
3.980386752884810808e-01
3.958889550197375318e-01
3.937549997323308570e-01
3.916367523628894176e-01
3.895341552703995291e-01
3.874471502422481839e-01
3.853756785003712437e-01
3.833196807074991663e-01
3.812790969734951019e-01
3.792538668617763120e-01
3.772439293958150253e-01
3.752492230657082373e-01
3.732696858348111268e-01
3.713052551464254836e-01
3.693558679305360970e-01
3.674214606105864478e-01
3.655019691102860402e-01
3.635973288604404385e-01
3.617074748057966804e-01
3.598323414118929642e-01
3.579718626719073926e-01
3.561259721134922840e-01
3.542946028055878882e-01
3.524776873652049058e-01
3.506751579641644301e-01
3.488869463357887613e-01
3.471129837815284391e-01
3.453532011775182764e-01
3.436075289810500699e-01
3.418758972369506099e-01
3.401582355838542182e-01
3.384544732603577133e-01
3.367645391110457576e-01
3.350883615923738734e-01
3.334258687783972497e-01
3.317769883663314601e-01
3.301416476819311607e-01
3.285197736846743322e-01
3.269112929727367445e-01
3.253161317877416581e-01
3.237342160192703822e-01
3.221654712091174821e-01
3.206098225552751479e-01
3.190671949156285714e-01
3.175375128113467338e-01
3.160207004299509514e-01
3.145166816280398625e-01
3.130253799336560339e-01
3.115467185482715395e-01
3.100806203483731927e-01
3.086270078866259481e-01
3.071858033925929377e-01
3.057569287729902663e-01
3.043403056114504790e-01
3.029358551677733824e-01
3.015434983766376309e-01
3.001631558457457105e-01
2.987947478533770629e-01
2.974381943453197619e-01
2.960934149311517105e-01
2.947603288798401056e-01
2.934388551146286384e-01
2.921289122071780708e-01
2.908304183709254920e-01
2.895432914536290037e-01
2.882674489290558695e-01
2.870028078877801536e-01
2.857492850270457185e-01
2.845067966396537251e-01
2.832752586018312257e-01
2.820545863600342762e-01
2.808446949166369389e-01
2.796454988144581599e-01
2.784569121200736741e-01
2.772788484058579805e-01
2.761112207307015454e-01
2.749539416193428898e-01
2.738069230402540022e-01
2.726700763820172346e-01
2.715433124281231847e-01
2.704265413301230603e-01
2.693196725790600321e-01
2.682226149751064659e-01
2.671352765953248221e-01
2.660575647594713988e-01
2.649893859937570428e-01
2.639306459924722348e-01
2.628812495773868441e-01
2.618411006548219677e-01
2.608101021702967648e-01
2.597881560606389306e-01
2.587751632034516192e-01
2.577710233638194071e-01
2.567756351381328961e-01
2.557888958949067759e-01
2.548107017124592866e-01
2.538409473133184657e-01
2.528795259952116292e-01
2.519263295584898144e-01
2.509812482298352521e-01
2.500441705820891092e-01
2.491149834500346605e-01
2.481935718419603365e-01
2.472798188468253167e-01
2.463736055368355993e-01
2.454748108652412553e-01
2.445833115591471429e-01
2.436989820071310542e-01
2.428216941414481356e-01
2.419513173145983465e-01
2.410877181700198379e-01
2.402307605066670571e-01
2.393803051372210555e-01
2.385362097396726000e-01
2.376983287020076052e-01
2.368665129597180008e-01
2.360406098258496232e-01
2.352204628132914255e-01
2.344059114490000262e-01
2.335967910798449620e-01
2.327929326697507628e-01
2.319941625878028379e-01
2.312003023869766416e-01
2.304111685731377868e-01
2.296265723639566159e-01
2.288463194373685505e-01
2.280702096692083236e-01
2.272980368596345391e-01
2.265295884479585908e-01
2.257646452154823680e-01
2.250029809759498678e-01
2.242443622532057645e-01
2.234885479456610313e-01
2.227352889771536115e-01
2.219843279338025166e-01
2.212353986864467326e-01
2.204882259982683668e-01
2.197425251172044347e-01
2.189980013527571823e-01
2.182543496368276048e-01
2.175112540682028195e-01
2.167683874403540378e-01
2.160254107522116829e-01
2.152819727016155871e-01
2.145377091611619103e-01
2.137922426362028339e-01
2.130451817047903096e-01
2.122961204394032686e-01
2.115446378103391922e-01
2.107902970707144219e-01
2.100326451230746239e-01
2.092712118676897382e-01
2.085055095326839580e-01
2.077350319862435457e-01
2.069592540312342466e-01
2.061776306826733629e-01
2.053895964286169828e-01
2.045945644751503423e-01
2.037919259763122382e-01
2.029810492499380947e-01
2.021612789805711241e-01
2.013319354107776515e-01
2.004923135223919128e-01
1.996416822094326804e-01
1.987792834446581169e-01
1.979043314419693389e-01
1.970160118171338237e-01
1.961134807495731047e-01
1.951958641482589574e-01
1.942622568250645942e-01
1.933117216792505921e-01
1.923432888971041421e-01
1.913559551711113693e-01
1.903486829434093697e-01
1.893203996786584353e-01
1.882699971718613807e-01
1.871963308970709672e-01
1.860982194033345416e-01
1.849744437646406170e-01
1.838237470910489002e-01
1.826448341086005511e-01
1.814363708160020017e-01
1.801969842264722621e-01
1.789252622035092666e-01
1.776197533996776434e-01
1.762789673078280495e-01
1.749013744344303789e-01
1.734854066049217880e-01
1.720294574111310981e-01
1.705318828109373963e-01
1.689910018903334199e-01
1.674050977979942845e-01
1.657724188622763661e-01
1.640911799002994498e-01
1.623595637283531679e-01
1.605757228823496141e-01
1.587377815563680294e-01
1.568438377665211103e-01
1.548919657464025712e-01
1.528802185792353940e-01
1.508066310705424296e-01
1.486692228636900537e-01
1.464660017990146723e-01
1.441949675154410859e-01
1.418541152915338277e-01
1.394414401208100840e-01
1.369549410138887757e-01
1.343926255176805251e-01
1.317525144393447978e-01
1.290326467601983773e-01
1.262310847221599364e-01
1.233459190667093863e-01
1.203752744037508843e-01
1.173173146852438398e-01
1.141702487560428414e-01
1.109323359521031810e-01
1.076018917141318559e-01
1.041772931828940235e-01
1.006569847408280566e-01
9.703948346335207475e-02
9.332338444236346064e-02
8.950736594392044720e-02
8.559019436203227360e-02
8.157072893084005294e-02
7.744792615832157834e-02
7.322084394594378931e-02
6.888864536047645259e-02
6.445060202640835734e-02
5.990609711009620142e-02
5.525462786986073266e-02
5.049580774972708963e-02
4.562936799829489520e-02
4.065515879831882451e-02
3.557314989686665568e-02
3.038343073039017142e-02
2.508621004357564077e-02
1.968181500540759632e-02
1.417068983038853244e-02
8.553393917231229618e-03
2.830599521553228606e-03
-2.996911016965266537e-03
-8.928248468845665156e-03
-1.496242030310891528e-02
-2.109833463931873321e-02
-2.733480453063456828e-02
-3.367055254311764750e-02
-4.010421559501314848e-02
-4.663435001864126017e-02
-5.325943680695644639e-02
-5.997788700666668860e-02
-6.678804722012290918e-02
-7.368820517886900956e-02
1.097808577800837071e+00
1.094481529713348555e+00
1.091167408439365660e+00
1.087866261213094266e+00
1.084578134685745043e+00
1.081303074914780504e+00
1.078041127353240203e+00
1.074792336839142548e+00
1.071556747584973657e+00
1.068334403167265689e+00
1.065125346516268445e+00
1.061929619905720878e+00
1.058747264942725863e+00
1.055578322557734205e+00
1.052422832994640567e+00
1.049280835800998624e+00
1.046152369818356576e+00
1.043037473172722329e+00
1.039936183265158798e+00
1.036848536762514650e+00
1.033774569588298498e+00
1.030714316913694306e+00
1.027667813148730014e+00
1.024635091933599362e+00
1.021616186130138715e+00
1.018611127813471740e+00
1.015619948263816408e+00
1.012642677958466075e+00
1.009679346563942204e+00
1.006729982928329381e+00
1.003794615073790863e+00
1.000873270189271969e+00
9.979659746233940920e-01
9.950727538775413494e-01
9.921936325991468353e-01
9.893286345751791666e-01
9.864777827258336407e-01
9.836410990984310043e-01
9.808186048615292751e-01
9.780103202992465050e-01
9.752162648058037009e-01
9.724364568802861264e-01
9.696709141216283134e-01
9.669196532238237829e-01
9.641826899713634713e-01
9.614600392349043068e-01
9.587517149671698213e-01
9.560577301990870192e-01
9.533780970361586116e-01
9.507128266550745055e-01
9.480619293005647652e-01
9.454254142824928264e-01
9.428032899731934036e-01
9.401955638050564223e-01
9.376022422683545354e-01
9.350233309093198830e-01
9.324588343284686554e-01
9.299087561791737899e-01
9.273730991664889123e-01
9.248518650462196344e-01
9.223450546242479842e-01
9.198526677561068565e-01
9.173747033468026002e-01
9.149111593508926221e-01
9.124620327728089064e-01
9.100273196674348863e-01
9.076070151409288966e-01
9.052011133517983144e-01
9.028096075122208353e-01
9.004324898896125529e-01
8.980697518084409525e-01
8.957213836522845973e-01
8.933873748661328440e-01
8.910677139589292528e-01
8.887623885063532514e-01
8.864713851538408296e-01
8.841946896198393802e-01
8.819322866992980181e-01
8.796841602673876048e-01
8.774502932834506996e-01
8.752306677951775526e-01
8.730252649430049194e-01
8.708340649647371423e-01
8.686570472003833920e-01
8.664941900972109590e-01
8.643454712150083763e-01
8.622108672315582645e-01
8.600903539483135685e-01
8.579839062962749674e-01
8.558914983420652378e-01
8.538131032941975729e-01
8.517486935095321954e-01
8.496982404999194882e-01
8.476617149390219819e-01
8.456390866693159758e-01
8.436303247092622470e-01
8.416353972606464007e-01
8.396542717160819791e-01
8.376869146666707788e-01
8.357332919098178214e-01
8.337933684571937620e-01
8.318671085428412937e-01
8.299544756314194416e-01
8.280554324265807509e-01
8.261699408794760391e-01
8.242979621973817173e-01
8.224394568524433513e-01
8.205943845905304679e-01
8.187627044401962761e-01
8.169443747217374208e-01
8.151393530563476597e-01
8.133475963753575844e-01
8.115690609295587166e-01
8.098037022986007694e-01
8.080514754004592959e-01
8.063123345009667320e-01
8.045862332233996161e-01
8.028731245581157694e-01
8.011729608722359952e-01
7.994856939193630829e-01
7.978112748493302320e-01
7.961496542179739011e-01
7.945007819969236440e-01
7.928646075834013818e-01
7.912410798100238951e-01
7.896301469546009866e-01
7.880317567499217635e-01
7.864458563935233792e-01
7.848723925574323523e-01
7.833113113978730224e-01
7.817625585649344844e-01
7.802260792121885613e-01
7.787018180062510453e-01
7.771897191362786561e-01
7.756897263233927253e-01
7.742017828300216120e-01
7.727258314691549668e-01
7.712618146134994079e-01
7.698096742045279495e-01
7.683693517614141877e-01
7.669407883898433642e-01
7.655239247906886479e-01
7.641187012685466406e-01
7.627250577401194498e-01
7.613429337424368892e-01
7.599722684409051521e-01
7.586130006371754053e-01
7.572650687768200939e-01
7.559284109568059629e-01
7.546029649327542499e-01
7.532886681259759465e-01
7.519854576302715810e-01
7.506932702184820894e-01
7.494120423487807825e-01
7.481417101706918649e-01
7.468822095308250697e-01
7.456334759783104227e-01
7.443954447699218102e-01
7.431680508748749192e-01
7.419512289792833393e-01
7.407449134902595045e-01
7.395490385396462640e-01
7.383635379873579874e-01
7.371883454243213230e-01
7.360233941749932951e-01
7.348686172994407517e-01
7.337239475949637324e-01
7.325893175972414406e-01
7.314646595809825014e-01
7.303499055600582990e-01
7.292449872870983008e-01
7.281498362525242740e-01
7.270643836830010809e-01
7.259885605392798480e-01
7.249222975134066438e-01
7.238655250252743478e-01
7.228181732184859598e-01
7.217801719555040352e-01
7.207514508120558272e-01
7.197319390707636044e-01
7.187215657139665037e-01
7.177202594157029436e-01
7.167279485328169608e-01
7.157445610951512771e-01
7.147700247947924579e-01
7.138042669743240864e-01
7.128472146140494292e-01
7.118987943181397382e-01
7.109589322996628935e-01
7.100275543644445353e-01
7.091045858937133906e-01
7.081899518254801684e-01
7.072835766345931807e-01
7.063853843114191733e-01
7.054952983390858634e-01
7.046132416692304501e-01
7.037391366961839312e-01
7.028729052295311641e-01
7.020144684649719524e-01
7.011637469534125477e-01
7.003206605682112951e-01
6.994851284705004835e-01
6.986570690724974719e-01
6.978363999987245991e-01
6.970230380450421759e-01
6.962168991354035219e-01
6.954178982762330152e-01
6.946259495083247915e-01
6.938409658561528470e-01
6.930628592744857430e-01
6.922915405921835630e-01
6.915269194530604402e-01
6.907689042536840907e-01
6.900174020779793471e-01
6.892723186285001358e-01
6.885335581542267880e-01
6.878010233747356983e-01
6.870746154005913375e-01
6.863542336497950869e-01
6.856397757601229159e-01
6.849311374971781552e-01
6.842282126579767310e-01
6.835308929698739044e-01
6.828390679846381150e-01
6.821526249674656484e-01
6.814714487807255194e-01
6.807954217622117499e-01
6.801244235976783292e-01
6.794583311874167197e-01
6.787970185066313222e-01
6.781403564593605493e-01
6.774882127256783848e-01
6.768404516019059791e-01
6.761969338335515056e-01
6.755575164406883992e-01
6.749220525354737710e-01
6.742903911314965804e-01
6.736623769446410392e-01
6.730378501851334017e-01
6.724166463404436245e-01
6.717985959486905134e-01
6.711835243622022995e-01
6.705712515008684926e-01
6.699615915949143075e-01
6.693543529167222950e-01
6.687493375013154884e-01
6.681463408551133742e-01
6.675451516525644502e-01
6.669455514202553559e-01
6.663473142080937883e-01
6.657502062471561954e-01
6.651539855937959045e-01
6.645584017596016801e-01
6.639631953268022579e-01
6.633680975487178388e-01
6.627728299348587537e-01
6.621771038202873827e-01
6.615806199188677406e-01
6.609830678600382425e-01
6.603841257087655903e-01
6.597834594683531506e-01
6.591807225658076197e-01
6.585755553194904133e-01
6.579675843888203035e-01
6.573564222058271289e-01
6.567416663884061423e-01
6.561228991351675255e-01
6.554996866018399926e-01
6.548715782592440249e-01
6.542381062329294394e-01
6.535987846246485988e-01
6.529531088159259422e-01
6.523005547540873250e-01
6.516405782212187914e-01
6.509726140866437527e-01
6.502960755436453244e-01
6.496103533312969081e-01
6.489148149424288636e-01
6.482088038189240953e-01
6.474916385357237791e-01
6.467626119751233027e-01
6.460209904931546454e-01
6.452660130800809135e-01
6.444968905172779872e-01
6.437128045330431370e-01
6.429129069601484670e-01
6.420963188982575787e-01
6.412621298846397089e-01
6.404093970769423327e-01
6.395371444521344984e-01
6.386443620260957577e-01
6.377300050986961510e-01
6.367929935296111621e-01
6.358322110505062463e-01
6.348465046196397621e-01
6.338346838253479110e-01
6.327955203452877431e-01
6.317277474687396088e-01
6.306300596896736721e-01
6.295011123786964369e-01
6.283395215423726032e-01
6.271438636787918242e-01
6.259126757385824469e-01
6.246444552008844076e-01
6.233376602740501315e-01
6.219907102310529012e-01
6.206019858897346975e-01
6.191698302481011273e-01
6.176925492848720500e-01
6.161684129354030315e-01
6.145956562529035772e-01
6.129724807645686724e-01
6.112970560318191637e-01
6.095675214232844086e-01
6.077819881084576270e-01
6.059385412791140624e-01
6.040352426045587642e-01
6.020701329256118450e-01
6.000412351908942510e-01
5.979465576374674018e-01
5.957840972162020687e-01
5.935518432604148797e-01
5.912477813942956795e-01
5.888698976755137870e-01
5.864161829640887058e-01
5.838846375072205275e-01
5.812732757272653927e-01
5.785801311974781980e-01
5.758032617875273873e-01
5.729407549581719827e-01
5.699907331818983014e-01
5.669513594637949350e-01
5.638208429345300532e-01
5.605974444850418958e-01
5.572794824104948530e-01
5.538653380292432038e-01
5.503534612410152516e-01
5.467423759873381028e-01
5.430306855763958884e-01
5.392170778340878989e-01
5.353003300430578815e-01
5.312793136319223786e-01
5.271529985778564686e-01
5.229204574870859323e-01
5.185808693197161423e-01
5.141335227276477848e-01
5.095778189771128508e-01
5.049132744305308007e-01
5.001395225659510668e-01
4.952563155162061914e-01
4.902635251140600725e-01
4.851611434339723750e-01
4.799492828256172738e-01
4.746281754388398388e-01
4.691981722443405167e-01
4.636597415588571969e-01
4.580134670880202652e-01
4.522600455042040113e-01
4.464002835806331615e-01
4.404350949065841681e-01
4.343654962117611262e-01
4.281926033307513202e-01
4.219176268408479369e-01
4.155418674084775388e-01
4.090667108809077912e-01
4.024936231609245185e-01
3.958241449026586034e-01
3.890598860668343928e-01
3.822025203733157017e-01
3.752537796880693888e-01
3.682154483805013534e-01
3.610893576856488707e-01
3.538773801039244993e-01
3.465814238690905214e-01
3.392034275128979481e-01
3.317453545524457481e-01
3.242091883237894212e-01
3.165969269827633159e-01
3.089105786913461382e-01
3.011521570052989594e-01
2.933236764762161553e-01
2.854271484786292667e-01
2.774645772703746016e-01
2.694379562921460081e-01
2.613492647099682764e-01
2.532004642023203966e-01
2.449934959917621502e-01
2.367302781192164307e-01
2.284127029575439283e-01
2.200426349596593945e-01
2.116219086352749690e-01
2.031523267492946483e-01
1.946356587340473399e-01
1.860736393067905781e-01
1.774679672833726352e-01
1.688203045784717193e-01
1.601322753825315803e-01
1.514054655052844978e-01
1.426414218756754393e-01
1.338416521879578214e-01
1.250076246838309479e-01
1.206379048786886177e+00
1.121356671805571636e+00
1.038692168754199008e+00
9.587261218297519205e-01
8.818101300601794978e-01
8.082935285347825349e-01
7.385068936139493889e-01
6.727434216883486640e-01
6.112399751128424485e-01
5.541601035532476294e-01
5.015814544867718272e-01
4.534895491178548843e-01
4.097789550229053446e-01
3.702616585687191209e-01
3.346812668878066388e-01
3.027308666721437724e-01
2.740721042257098783e-01
2.483533046151338575e-01
2.252250465807811852e-01
2.043523308104435998e-01
1.854231339438616455e-01
1.681536210858290137e-01
1.522905681225149577e-01
1.376116493135935703e-01
1.239242273466900079e-01
1.110631952642368303e-01
9.888830427857711602e-02
8.728129592795445812e-02
7.614305605890051010e-02
6.539092743442904976e-02
5.495625753574916866e-02
4.478221574908313601e-02
3.482188602349609724e-02
2.503662368383257827e-02
1.539465530600288463e-02
5.869895966106679006e-03
-3.559043069495811031e-03
-1.290968234790133493e-02
-2.219636212112200899e-02
-3.143081183123044853e-02
-4.062262023750927431e-02
-4.977962263375603630e-02
