-4.576569397836582898e-02
-8.037537966255611311e-04
3.932685489722315131e-02
7.456046780289542208e-02
1.041352995797970443e-01
1.292837594465480466e-01
1.504064078784004277e-01
1.681083888439645624e-01
1.833865891292545125e-01
1.963807058864625310e-01
2.079600334272591611e-01
2.191337576757277639e-01
2.291543290110049091e-01
2.393595502895918825e-01
2.500123549922996791e-01
2.596129893337703609e-01
2.697930438612297643e-01
2.808377770045054067e-01
2.927432713770706241e-01
3.045637657068945847e-01
3.172587277019137120e-01
3.309958248004985504e-01
3.466189472670052618e-01
3.627086109093184962e-01
3.795538740480176587e-01
3.983376403299518365e-01
4.190333387394844511e-01
4.408099383133811111e-01
4.653025292881855512e-01
4.911627133661362055e-01
5.174096924488641447e-01
5.474793339310255469e-01
5.791602798086584736e-01
6.119780759938636683e-01
6.493484910603946059e-01
6.923427394253311995e-01
7.275941173719971955e-01
7.730539609952101765e-01
8.214015013532948162e-01
8.647613808714733619e-01
9.182951337159556138e-01
9.304360266048904426e-01
1.494869989537458699e-01
2.285158471977427885e-01
3.016202348876113049e-01
3.670594558144805730e-01
4.243441504684451471e-01
4.732869295676045973e-01
5.143378593543302957e-01
5.476639646316834309e-01
5.751936200818410505e-01
5.973320253574303518e-01
6.153586722032048373e-01
6.300524091063682830e-01
6.424239578154682384e-01
6.524900191967718532e-01
6.622410915988783398e-01
6.708764212501822088e-01
6.786594790611527594e-01
6.865236597984608613e-01
6.948560521724869155e-01
7.041204756686664235e-01
7.121907567102463421e-01
7.202800618429101576e-01
7.306070695070593368e-01
7.411807610229942389e-01
7.524978829253123891e-01
7.632946896277028603e-01
7.761008909780777731e-01
7.900654976650146599e-01
8.041592035336156963e-01
8.182694528820008140e-01
8.381410544732538215e-01
8.534104115489873355e-01
8.787974505291237248e-01
8.921836796022690752e-01
9.201838727429934028e-01
9.374225975544521194e-01
9.709941155481658370e-01
9.970594482183033902e-01
1.031307453789044537e+00
1.051654084113286425e+00
1.093123881218074800e+00
1.104719219282531695e+00
2.993242157777434853e-01
2.935128189154205813e-01
2.805123562317847763e-01
2.657467854308127597e-01
2.551108209530692505e-01
2.454633133641957732e-01
2.350282152804856473e-01
2.217688320790472678e-01
2.110350628378741544e-01
2.004346015266375847e-01
1.920988985314068254e-01
1.811229758943286305e-01
1.684061365429320722e-01
1.594679317670039953e-01
1.495054677813864585e-01
1.400238271064267181e-01
1.261379037651057244e-01
1.161060899443703276e-01
1.072710380156170623e-01
9.789561085527523354e-02
8.761817188585764582e-02
7.489320308741437282e-02
6.383230443637880058e-02
5.520243707914233855e-02
4.681891103892221045e-02
3.713155568594954381e-02
2.683549039912365777e-02
1.589600425882854023e-02
6.329100233386355211e-03
-3.132107335396772281e-03
-1.220239425937049045e-02
-2.230062444760998533e-02
-3.180387389345442489e-02
-4.334134336020298295e-02
-5.295761351117980742e-02
-6.310089166269311489e-02
-7.186183045320085339e-02
-8.081517848129762815e-02
-9.168229714768345862e-02
-1.018432825669762648e-01
-1.114841003195255059e-01
-1.210877448277632301e-01
-1.306204105677879201e-01
-1.393410336556603069e-01
-1.478952964259038216e-01
-1.555644539036791507e-01
-1.651261624217551516e-01
-1.747654295079040798e-01
-1.829677449630836561e-01
-1.914541483451839554e-01
-1.993811988346894382e-01
-2.124913519303631981e-01
-2.215737835078972207e-01
-2.303221693175697415e-01
-2.383216895960958426e-01
-2.472933072526139198e-01
-2.547533992663990610e-01
-2.640587493677959974e-01
-2.728028990846957380e-01
-2.825442013568862376e-01
-2.911543619518210946e-01
-2.989486403949945803e-01
-3.074086232319983014e-01
-3.146605058104892660e-01
-3.240640948211780392e-01
-3.318629885861727469e-01
-3.408675672438206683e-01
-3.501775641125107752e-01
-3.580828971638080893e-01
-3.667477354750398599e-01
-3.742596402372427300e-01
-3.819927184221285077e-01
-3.894675893693154700e-01
-3.988878041153882670e-01
-4.081632583091292510e-01
-4.175434489221926393e-01
-4.253287644300338122e-01
-4.350760390473746853e-01
-4.412890300564354384e-01
-4.480172202867217512e-01
-4.555077950978300150e-01
-4.630175698482492108e-01
-4.711488343074074492e-01
-4.785363175188209750e-01
-4.868303614801354762e-01
-4.935044382945699692e-01
-5.030772674990732218e-01
-5.110856436510593515e-01
-5.194770996819382258e-01
-5.258376617407873876e-01
