-8.496983349323272705e-02
-6.371019780635833740e-02
-4.540951550006866455e-02
-2.991722524166107178e-02
-1.701082289218902588e-02
-6.406769156455993652e-03
2.234324812889099121e-03
9.279981255531311035e-03
1.511152088642120361e-02
2.011542022228240967e-02
2.466253936290740967e-02
2.909050881862640381e-02
3.372000157833099365e-02
3.882901370525360107e-02
4.466329514980316162e-02
5.143432319164276123e-02
5.935780704021453857e-02
6.852720677852630615e-02
7.918636500835418701e-02
9.140287339687347412e-02
1.052034348249435425e-01
1.208928078413009644e-01
1.383969038724899292e-01
1.581386774778366089e-01
1.795595139265060425e-01
2.032760828733444214e-01
2.301781624555587769e-01
2.584874033927917480e-01
2.900282740592956543e-01
3.228352665901184082e-01
3.619701266288757324e-01
3.991630673408508301e-01
4.419397711753845215e-01
4.863269925117492676e-01
5.366342663764953613e-01
5.840453505516052246e-01
6.379320025444030762e-01
6.984946131706237793e-01
7.554157376289367676e-01
8.181894421577453613e-01
8.633707165718078613e-01
8.714303374290466309e-01
