-1.588483452796936035e-01
-1.283857226371765137e-01
-1.012893915176391602e-01
-7.722169160842895508e-02
-5.583804845809936523e-02
-3.680127859115600586e-02
-1.976239681243896484e-02
-4.390478134155273438e-03
9.625315666198730469e-03
2.259910106658935547e-02
3.482466936111450195e-02
4.654967784881591797e-02
5.804288387298583984e-02
6.953287124633789062e-02
8.123153448104858398e-02
9.333771467208862305e-02
1.060819029808044434e-01
1.195292472839355469e-01
1.339898109436035156e-01
1.495205760002136230e-01
1.661659479141235352e-01
1.842921376228332520e-01
2.038151621818542480e-01
2.252091765403747559e-01
2.478798329830169678e-01
2.724957168102264404e-01
2.999540269374847412e-01
3.284421861171722412e-01
3.598028123378753662e-01
3.920895755290985107e-01
4.302617013454437256e-01
4.662710130214691162e-01
5.074436664581298828e-01
5.499670505523681641e-01
5.980021953582763672e-01
6.431884765625000000e-01
6.945295333862304688e-01
7.523005008697509766e-01
8.067500591278076172e-01
8.670628070831298828e-01
9.106931686401367188e-01
9.184967279434204102e-01
