2.000165000555002681e+00
1.900176980772384061e+00
1.800164238009614781e+00
1.700164407400037714e+00
1.600172141772728596e+00
1.500187057977128591e+00
1.400195944961487360e+00
1.300147481810785877e+00
1.200168985518656806e+00
1.100208516160684269e+00
1.000178024245103270e+00
9.002092243497721302e-01
8.001174480812003331e-01
7.002951844272992110e-01
6.001819558567529356e-01
5.001952945090409886e-01
4.000317370516894289e-01
3.000930811671302378e-01
2.004537634089634257e-01
1.004325827552519090e-01
4.991516969420595976e-04
-9.912294309672739501e-02
-2.008001020091672306e-01
-2.996632523147588212e-01
-3.995618659712566467e-01
-4.997772515127020254e-01
-5.999423312555520749e-01
-7.000962862095921890e-01
-8.000227971040895225e-01
-8.974325275218580922e-01
-9.973545344079353114e-01
-1.099905551830788530e+00
-1.200680821118141450e+00
-1.303049811665386803e+00
-1.397595966603799367e+00
-1.504984630461431827e+00
-1.608045674312957418e+00
-1.704934552398294390e+00
-1.794211194016267719e+00
-1.903159479668610432e+00
-2.021325189356347973e+00
-1.990222019231483230e+00
