-2.891289882392557575e-01
-2.663590339949386543e-01
-2.401297834748387927e-01
-2.143833405835756656e-01
-1.884699003557523955e-01
-1.639881060883976449e-01
-1.390837186362094968e-01
-1.156510506132223254e-01
-9.175310410665712957e-02
-6.701208347576963209e-02
-4.183189203310174603e-02
-1.703670943703606763e-02
9.922329533064572216e-03
3.716345099354883413e-02
6.670599966411525084e-02
9.820401804528962331e-02
1.315352615367122724e-01
1.665337163919813346e-01
2.021694267730957117e-01
2.425886316549768773e-01
2.842569812989318989e-01
3.296764707547221174e-01
3.791314023920919762e-01
4.288795858516193382e-01
4.822016219040945462e-01
5.384920445814310730e-01
5.965487158249940247e-01
6.579407584036023326e-01
7.200666440324662299e-01
7.828995421703993651e-01
8.490906507091484645e-01
9.220633939102055310e-01
9.918757018383798085e-01
1.068482713761754299e+00
1.133912368738470011e+00
1.220424536771904656e+00
1.293103890142681900e+00
1.372829184685546045e+00
1.433377752211042022e+00
1.524537618030353814e+00
1.621225111184556367e+00
1.589008541472130442e+00
