-4.052581787109375000e-01
-3.793175220489501953e-01
-3.544611930847167969e-01
-3.305513858795166016e-01
-3.074152469635009766e-01
-2.848629951477050781e-01
-2.626838684082031250e-01
-2.406411170959472656e-01
-2.185170650482177734e-01
-1.960430145263671875e-01
-1.729230880737304688e-01
-1.489069461822509766e-01
-1.236610412597656250e-01
-9.699535369873046875e-02
-6.847310066223144531e-02
-3.792929649353027344e-02
-5.007028579711914062e-03
3.040170669555664062e-02
6.846213340759277344e-02
1.096136569976806641e-01
1.538140773773193359e-01
2.010376453399658203e-01
2.525374889373779297e-01
3.058052062988281250e-01
3.627822399139404297e-01
4.230322837829589844e-01
4.862160682678222656e-01
5.521996021270751953e-01
6.206526756286621094e-01
6.897196769714355469e-01
7.627775669097900391e-01
8.398864269256591797e-01
9.175662994384765625e-01
9.982211589813232422e-01
1.074111700057983398e+00
1.161749601364135742e+00
1.247092962265014648e+00
1.328236579895019531e+00
1.403617858886718750e+00
1.496147394180297852e+00
1.596806287765502930e+00
1.570306539535522461e+00
