-3.089946508407592773e-01
-2.834302783012390137e-01
-2.580754160881042480e-01
-2.329123020172119141e-01
-2.078989744186401367e-01
-1.829791665077209473e-01
-1.580746173858642578e-01
-1.330768465995788574e-01
-1.079007387161254883e-01
-8.239293098449707031e-02
-5.636709928512573242e-02
-2.967146039009094238e-02
-2.050220966339111328e-03
2.660852670669555664e-02
5.669993162155151367e-02
8.833932876586914062e-02
1.218584179878234863e-01
1.573389172554016113e-01
1.949259638786315918e-01
2.350283861160278320e-01
2.775649428367614746e-01
3.224647641181945801e-01
3.708361983299255371e-01
4.202576875686645508e-01
4.724644422531127930e-01
5.269741415977478027e-01
5.834283232688903809e-01
6.416845917701721191e-01
7.014644742012023926e-01
7.612135410308837891e-01
8.239185810089111328e-01
8.896834850311279297e-01
9.556336402893066406e-01
1.023909568786621094e+00
1.088059186935424805e+00
1.162115812301635742e+00
1.234282255172729492e+00
1.302996635437011719e+00
1.366950273513793945e+00
1.445657730102539062e+00
1.531590223312377930e+00
1.508931398391723633e+00
