7.155271172523498535e-01
7.196916341781616211e-01
7.211511731147766113e-01
7.205950617790222168e-01
7.186368107795715332e-01
7.158115506172180176e-01
7.125773429870605469e-01
7.093111872673034668e-01
7.063254117965698242e-01
7.038646340370178223e-01
7.021257281303405762e-01
7.012615203857421875e-01
7.013918161392211914e-01
7.026183605194091797e-01
7.050210833549499512e-01
7.086899876594543457e-01
7.137001752853393555e-01
7.201292514801025391e-01
7.280887961387634277e-01
7.376821637153625488e-01
7.489264607429504395e-01
7.620550394058227539e-01
7.770417332649230957e-01
7.942344546318054199e-01
8.134266734123229980e-01
8.351192474365234375e-01
8.590992093086242676e-01
8.857139945030212402e-01
9.150702357292175293e-01
9.467585086822509766e-01
9.815407991409301758e-01
1.019381880760192871e+00
1.059792518615722656e+00
1.100950002670288086e+00
1.151075720787048340e+00
1.199076175689697266e+00
1.249599218368530273e+00
1.313407540321350098e+00
1.364886283874511719e+00
1.432907700538635254e+00
1.491966366767883301e+00
1.496126174926757812e+00
