9.881589412689208984e-01
1.039515852928161621e+00
1.087871074676513672e+00
1.133238196372985840e+00
1.175662398338317871e+00
1.215249776840209961e+00
1.252115130424499512e+00
1.286432027816772461e+00
1.318365812301635742e+00
1.348147273063659668e+00
1.375979065895080566e+00
1.402091264724731445e+00
1.426733255386352539e+00
1.450160861015319824e+00
1.472512602806091309e+00
1.494122147560119629e+00
1.515142202377319336e+00
1.535754919052124023e+00
1.556203722953796387e+00
1.576642513275146484e+00
1.597061872482299805e+00
1.617823004722595215e+00
1.638826370239257812e+00
1.660488367080688477e+00
1.682497620582580566e+00
1.705383062362670898e+00
1.728867530822753906e+00
1.753263235092163086e+00
1.778631329536437988e+00
1.804626107215881348e+00
1.831883788108825684e+00
1.860371589660644531e+00
1.889760613441467285e+00
1.918854355812072754e+00
1.953436493873596191e+00
1.985916733741760254e+00
2.019644737243652344e+00
2.061836481094360352e+00
2.095734119415283203e+00
2.140557050704956055e+00
2.179684400558471680e+00
2.182452201843261719e+00
