4.583131434775453844e-02
1.051694279993316272e-01
1.572451604751947396e-01
2.024065726393791120e-01
2.402995820027124807e-01
2.723754373005453089e-01
2.992457280349395399e-01
3.202501718864335101e-01
3.393520490455872451e-01
3.545501955078822487e-01
3.680636355062433807e-01
3.788337937400694244e-01
3.896621375102999330e-01
3.995698936568427562e-01
4.093412685967814935e-01
4.182184027839649931e-01
4.282158115613254323e-01
4.373541278481747341e-01
4.458998587126002389e-01
4.563204753743739239e-01
4.662891641358665740e-01
4.763823258327629095e-01
4.917537827721476518e-01
5.027957041300068486e-01
5.155957002684515844e-01
5.311594654045319608e-01
5.476762705546941445e-01
5.655881084643082923e-01
5.840144357979359935e-01
6.044204697773698509e-01
6.283787112363978800e-01
6.513652518950131531e-01
6.748703223422749531e-01
7.017406324372125193e-01
7.301198348765544077e-01
7.627310659315693631e-01
7.968101479691613864e-01
8.333320143955963433e-01
8.635726563262433597e-01
9.218008853057467755e-01
9.510070572535600508e-01
9.429896891600194619e-01
