4.859715840160621497e-02
1.109262422664202830e-01
1.664005085750683011e-01
2.141813086638206520e-01
2.542095967296152947e-01
2.881821306136576055e-01
3.157604906657345833e-01
3.384963353074815773e-01
3.573630306151427960e-01
3.738495080886489741e-01
3.881900415998544296e-01
4.003134451403299598e-01
4.115355322093270929e-01
4.212418639210548932e-01
4.307359964103029681e-01
4.403422412426509225e-01
4.496018045961382992e-01
4.589247662340947276e-01
4.683916439147622901e-01
4.781334281005175657e-01
4.883391579275005445e-01
5.000991919157228294e-01
5.122707124931252798e-01
5.248503032721982819e-01
5.381840008582674528e-01
5.538102337590650182e-01
5.678024591770532981e-01
5.867222975180690359e-01
6.054882086577446643e-01
6.242098793478290109e-01
6.492569513692290073e-01
6.759798661889300231e-01
6.947718658410800829e-01
7.278664494674892405e-01
7.536673053825049262e-01
7.891504347451981927e-01
8.139144200486034819e-01
8.620120512502166266e-01
8.946483037935171190e-01
9.341043775134725280e-01
9.711087802682999426e-01
9.857766427990691804e-01
