-1.007858812808990479e-01
-5.635753273963928223e-02
-2.036896347999572754e-02
8.048623800277709961e-03
2.985629439353942871e-02
4.605141282081604004e-02
5.762717127799987793e-02
6.553640961647033691e-02
7.064959406852722168e-02
7.376840710639953613e-02
7.558628916740417480e-02
7.671013474464416504e-02
7.764860987663269043e-02
7.882472872734069824e-02
8.059045672416687012e-02
8.323207497596740723e-02
8.697775006294250488e-02
9.199967980384826660e-02
9.846690297126770020e-02
1.064870059490203857e-01
1.161552965641021729e-01
1.275669634342193604e-01
1.408434212207794189e-01
1.558345854282379150e-01
1.727509200572967529e-01
1.915997564792633057e-01
2.127512991428375244e-01
2.357989251613616943e-01
2.608521282672882080e-01
2.882253825664520264e-01
3.175180852413177490e-01
3.486365377902984619e-01
3.831287026405334473e-01
4.189373552799224854e-01
4.572925865650177002e-01
4.989673793315887451e-01
5.409948825836181641e-01
5.911656022071838379e-01
6.348673701286315918e-01
6.885901689529418945e-01
7.373870611190795898e-01
7.419040203094482422e-01
