-1.336890161037445068e-01
-8.232870697975158691e-02
-4.010894894599914551e-02
-6.053894758224487305e-03
2.087315917015075684e-02
4.176768660545349121e-02
5.768933892250061035e-02
6.962135434150695801e-02
7.850733399391174316e-02
8.517476916313171387e-02
9.032377600669860840e-02
9.459730982780456543e-02
9.848287701606750488e-02
1.024203002452850342e-01
1.067437827587127686e-01
1.117235720157623291e-01
1.176106631755828857e-01
1.245004832744598389e-01
1.325857937335968018e-01
1.419769227504730225e-01
1.527473032474517822e-01
1.648472845554351807e-01
1.787328422069549561e-01
1.940102279186248779e-01
2.107960879802703857e-01
2.295013368129730225e-01
2.501201927661895752e-01
2.724349796772003174e-01
2.964779436588287354e-01
3.226887881755828857e-01
3.513178229331970215e-01
3.812713325023651123e-01
4.131926894187927246e-01
4.470950067043304443e-01
4.836714267730712891e-01
5.229288339614868164e-01
5.653754472732543945e-01
6.086719632148742676e-01
6.507931947708129883e-01
7.077996730804443359e-01
7.540804147720336914e-01
7.487555146217346191e-01
