2.803122699260711670e-01
3.811207711696624756e-01
4.711058437824249268e-01
5.501726865768432617e-01
6.184488534927368164e-01
6.762512922286987305e-01
7.240569591522216797e-01
7.625071406364440918e-01
7.923406362533569336e-01
8.143733739852905273e-01
8.294708132743835449e-01
8.385375142097473145e-01
8.424560427665710449e-01
8.420948386192321777e-01
8.382788896560668945e-01
8.317657709121704102e-01
8.232622146606445312e-01
8.134033083915710449e-01
8.027375340461730957e-01
7.917682528495788574e-01
7.808449864387512207e-01
7.703706622123718262e-01
7.606667876243591309e-01
7.519022822380065918e-01
7.443298697471618652e-01
7.379682660102844238e-01
7.330973744392395020e-01
7.297064661979675293e-01
7.279085516929626465e-01
7.277550101280212402e-01
7.293074727058410645e-01
7.326746582984924316e-01
7.379034161567687988e-01
7.451161742210388184e-01
7.544501423835754395e-01
7.662039399147033691e-01
7.798234820365905762e-01
7.958897948265075684e-01
8.165596127510070801e-01
8.383678793907165527e-01
8.592779040336608887e-01
8.535849452018737793e-01
