2.000169341828431868e+00
1.900182445953989552e+00
1.800172494532539469e+00
1.700162674989703193e+00
1.600175413158711812e+00
1.500182939652593639e+00
1.400159651715892961e+00
1.300167064374471604e+00
1.200160768000179790e+00
1.100136100700128017e+00
1.000178024245103270e+00
9.002179679581553406e-01
8.001491006432280839e-01
7.002051170536266467e-01
6.001099807565717370e-01
5.001994127164196557e-01
4.002564269650374373e-01
3.003606666461227648e-01
2.002621065294614422e-01
9.972551818849297034e-02
6.079697177773817269e-05
-9.928775804641706837e-02
-1.996403997043507406e-01
-3.000461310602273168e-01
-4.003450469897463782e-01
-4.995851222437325823e-01
-6.002812941693879134e-01
-6.998285840646187861e-01
-8.002146644546550558e-01
-8.997742438425724298e-01
-1.002167753336808964e+00
-1.099493045569154281e+00
-1.202528866423056675e+00
-1.299484921819503702e+00
-1.402456185498067498e+00
-1.499742936480256805e+00
-1.601454139017815415e+00
-1.701605466287054114e+00
-1.803033902174934200e+00
-1.890762408520431759e+00
-2.002069559216276939e+00
-2.001041818175819831e+00
