2.000173683058465102e+00
1.900175887727810098e+00
1.800173870604432791e+00
1.700184329622197676e+00
1.600166689407995557e+00
1.500181566869070116e+00
1.400175206335389833e+00
1.300138778165711662e+00
1.200193637141200087e+00
1.100198171834131822e+00
1.000173683058464880e+00
9.001704224636744023e-01
8.002839422315399798e-01
7.001323566901409556e-01
6.001775940690107225e-01
5.001129221596942731e-01
4.003998220538196873e-01
3.001387781657116616e-01
2.001388538573805886e-01
9.950799372796502451e-02
6.509536295950581761e-04
-9.931068428580311358e-02
-1.988639472440499323e-01
-2.996684475044749663e-01
-4.008049236536311843e-01
-4.985846801036319387e-01
-6.014003649046475442e-01
-6.991872058818831004e-01
-7.992315552168285375e-01
-8.994226972104037987e-01
-9.994791590638143486e-01
-1.102449879108993391e+00
-1.200294245293116013e+00
-1.298501093118530791e+00
-1.398331049700620499e+00
-1.501165851162609144e+00
-1.596570604471036159e+00
-1.703225153259688263e+00
-1.795554418566932542e+00
-1.902048929005849986e+00
-1.993277307798315467e+00
-2.006268461496393929e+00
