1.261638888058387864e-01
1.645610292655567686e-01
1.991241146233251325e-01
2.295026620850735277e-01
2.561402266345330081e-01
2.798493823968234429e-01
3.012253842217086364e-01
3.203332626183851284e-01
3.374193243296731426e-01
3.536662329829022844e-01
3.686215439654933479e-01
3.823412908239616215e-01
3.969138623652724296e-01
4.115692036686324773e-01
4.257460992957312063e-01
4.403737518163562403e-01
4.556821645007904653e-01
4.724492637970720832e-01
4.900428002642225334e-01
5.090949438113793191e-01
5.291479198008264273e-01
5.505829839994974551e-01
5.735098014070290073e-01
5.989326957829272935e-01
6.264840817202365075e-01
6.575052203094261527e-01
6.892733325595771232e-01
7.237921404103652145e-01
7.618827536082765084e-01
7.991819685508017024e-01
8.410840379280561940e-01
8.879322183972195859e-01
9.348164807279144561e-01
9.887461892876695524e-01
1.036948112195278382e+00
1.098747528824818076e+00
1.155578931476932025e+00
1.209943735684952282e+00
1.280008953108185965e+00
1.323932408757993784e+00
1.428005134531810549e+00
1.419377405139127468e+00
