2.094406783580780029e-01
2.612979114055633545e-01
3.080172240734100342e-01
3.502041995525360107e-01
3.884303271770477295e-01
4.232258498668670654e-01
4.550733268260955811e-01
4.844188392162322998e-01
5.116896629333496094e-01
5.372529029846191406e-01
5.614726543426513672e-01
5.846431255340576172e-01
6.071305274963378906e-01
6.292455196380615234e-01
6.511821746826171875e-01
6.732959747314453125e-01
6.958098411560058594e-01
7.190127372741699219e-01
7.430551052093505859e-01
7.684099674224853516e-01
7.950110435485839844e-01
8.232269287109375000e-01
8.534216880798339844e-01
8.856701850891113281e-01
9.200129508972167969e-01
9.576385021209716797e-01
9.973363876342773438e-01
1.039900541305541992e+00
1.086086750030517578e+00
1.133966922760009766e+00
1.186032533645629883e+00
1.242565631866455078e+00
1.299360036849975586e+00
1.365327835083007812e+00
1.427440166473388672e+00
1.501652240753173828e+00
1.571797609329223633e+00
1.644569873809814453e+00
1.728765487670898438e+00
1.793569087982177734e+00
1.905344009399414062e+00
1.894825696945190430e+00
