-7.665032148361206055e-02
-4.572314023971557617e-02
-1.875376701354980469e-02
4.770398139953613281e-03
2.535909414291381836e-02
4.351824522018432617e-02
5.973643064498901367e-02
7.447254657745361328e-02
8.818173408508300781e-02
1.012619733810424805e-01
1.141312718391418457e-01
1.271376013755798340e-01
1.406204104423522949e-01
1.549078822135925293e-01
1.702469587326049805e-01
1.868955492973327637e-01
2.051149606704711914e-01
2.250446677207946777e-01
2.469031214714050293e-01
2.708942890167236328e-01
2.969917953014373779e-01
3.253643512725830078e-01
3.560825884342193604e-01
3.892383575439453125e-01
4.245305657386779785e-01
4.624493420124053955e-01
5.031899213790893555e-01
5.459537506103515625e-01
5.914955735206604004e-01
6.394145488739013672e-01
6.896679401397705078e-01
7.424135208129882812e-01
7.965828180313110352e-01
8.540149927139282227e-01
9.094794988632202148e-01
9.714035987854003906e-01
1.033388018608093262e+00
1.098662972450256348e+00
1.167512416839599609e+00
1.234383225440979004e+00
1.297454833984375000e+00
1.301620244979858398e+00
