1.112521234526403058e+00
1.107625060575432308e+00
1.102750380359547755e+00
1.097897191872450717e+00
1.093065492761510882e+00
1.088255280326694052e+00
1.083466551519339349e+00
1.078699302940781424e+00
1.073953530840823678e+00
1.069229231116061829e+00
1.064526399308059812e+00
1.059845030601379134e+00
1.055185119821466566e+00
1.050546661432398166e+00
1.045929649534485417e+00
1.041334077861744145e+00
1.036759939779229533e+00
1.032207228280239253e+00
1.027675935983388911e+00
1.023166055129561158e+00
1.018677577578732674e+00
1.014210494806682350e+00
1.009764797901583355e+00
1.005340477560482615e+00
1.000937524085673713e+00
9.965559273809619922e-01
9.921956769478310623e-01
9.878567618815109475e-01
9.835391708669549704e-01
9.792428921747257098e-01
9.749679136567979132e-01
9.707142227422815850e-01
9.664818064330686909e-01
9.622706512994085859e-01
9.580807434754179397e-01
9.539120686545278227e-01
9.497646120848750595e-01
9.456383585646400691e-01
9.415332924373384094e-01
9.374493975870692442e-01
9.333866574337275068e-01
9.293450549281823125e-01
9.253245725474301686e-01
9.213251922897239821e-01
9.173468956696873011e-01
9.133896637134151231e-01
9.094534769535695951e-01
9.055383154244739385e-01
9.016441586572098155e-01
8.977709856747256856e-01
8.939187749869575983e-01
8.900875045859723000e-01
8.862771519411323240e-01
8.824876939942950527e-01
8.787191071550440880e-01
8.749713672959635868e-01
8.712444497479568950e-01
8.675383292956180270e-01
8.638529801726579915e-01
8.601883760573928450e-01
8.565444900682974705e-01
8.529212947596322980e-01
8.493187621171438551e-01
8.457368635538482504e-01
8.421755699058987021e-01
8.386348514285458799e-01
8.351146777921905073e-01
8.316150180785382151e-01
8.281358407768565355e-01
8.246771137803425855e-01
8.212388043826004402e-01
8.178208792742391875e-01
8.144233045395889992e-01
8.110460456535438789e-01
8.076890674785328628e-01
8.043523342616240024e-01
8.010358096317645726e-01
7.977394565971609453e-01
7.944632375428022364e-01
7.912071142281298375e-01
7.879710477848564931e-01
7.847549987149387007e-01
7.815589268887039864e-01
7.783827915431363875e-01
7.752265512803226954e-01
7.720901640660617904e-01
7.689735872286403984e-01
7.658767774577739385e-01
7.627996908037197876e-01
7.597422826765599657e-01
7.567045078456573481e-01
7.536863204392860727e-01
7.506876739444390267e-01
7.477085212068091957e-01
7.447488144309529767e-01
7.418085051806286856e-01
7.388875443793163633e-01
7.359858823109171055e-01
7.331034686206318041e-01
7.302402523160216319e-01
7.273961817682472741e-01
7.245712047134883482e-01
7.217652682545436793e-01
7.189783188626093224e-01
7.162103023792352197e-01
7.134611640184592707e-01
7.107308483691174850e-01
7.080192993973289939e-01
7.053264604491547018e-01
7.026522742534272448e-01
6.999966829247512567e-01
6.973596279666709474e-01
6.947410502750042127e-01
6.921408901413379500e-01
6.895590872566876861e-01
6.869955807153103056e-01
6.844503090186757621e-01
6.819232100795875606e-01
6.794142212264541181e-01
6.769232792077030103e-01
6.744503201963373273e-01
6.719952797946291412e-01
6.695580930389464225e-01
6.671386944047075218e-01
6.647370178114628825e-01
6.623529966280931047e-01
6.599865636781246936e-01
6.576376512451544976e-01
6.553061910783786193e-01
6.529921143982213572e-01
6.506953519020570731e-01
6.484158337700198782e-01
6.461534896708961417e-01
6.439082487680907185e-01
6.416800397256631205e-01
6.394687907144274153e-01
6.372744294181050817e-01
6.350968830395281595e-01
6.329360783068833651e-01
6.307919414799892932e-01
6.286643983566001515e-01
6.265533742787270377e-01
6.244587941389688757e-01
6.223805823868453491e-01
6.203186630351209541e-01
6.182729596661139526e-01
6.162433954379795686e-01
6.142298930909563248e-01
6.122323749535703019e-01
6.102507629487817775e-01
6.082849786000678050e-01
6.063349430374284088e-01
6.044005770033055169e-01
6.024818008584040818e-01
6.005785345874026238e-01
5.986906978045418715e-01
5.968182097590793989e-01
5.949609893405954919e-01
5.931189550841411418e-01
5.912920251752101786e-01
5.894801174545237776e-01
5.876831494226127939e-01
5.859010382441829368e-01
5.841337007522469094e-01
5.823810534520071913e-01
5.806430125244750329e-01
5.789194938298063420e-01
5.772104129103374781e-01
5.755156849933035224e-01
5.738352249932199278e-01
5.721689475139072334e-01
5.705167668501388567e-01
5.688785969888920935e-01
5.672543516101792305e-01
5.656439440874370117e-01
5.640472874874505882e-01
5.624642945697885255e-01
5.608948777857221124e-01
5.593389492766055460e-01
5.577964208716865713e-01
5.562672040853214872e-01
5.547512101135653184e-01
5.532483498301049574e-01
5.517585337815050783e-01
5.502816721817339607e-01
5.488176749059340276e-01
5.473664514834002404e-01
5.459279110897337084e-01
5.445019625381252171e-01
5.430885142697352563e-01
5.416874743431222550e-01
5.402987504226804960e-01
5.389222497660374200e-01
5.375578792103681280e-01
5.362055451575720166e-01
5.348651535582635841e-01
5.335366098945225621e-01
5.322198191613474183e-01
5.309146858467522767e-01
5.296211139104488597e-01
5.283390067610473917e-01
5.270682672317110740e-01
5.258087975541954062e-01
5.245604993311979714e-01
5.233232735069474062e-01
5.220970203359471817e-01
5.208816393497984754e-01
5.196770293220108750e-01
5.184830882307160937e-01
5.172997132191899938e-01
5.161268005540841086e-01
5.149642455812699637e-01
5.138119426791847300e-01
5.126697852095750685e-01
5.115376654655183764e-01
5.104154746166051915e-01
5.093031026511587456e-01
5.082004383153588822e-01
5.071073690491392227e-01
5.060237809187128066e-01
5.049495585455827662e-01
5.038845850318841579e-01
5.028287418818970789e-01
5.017819089195687532e-01
5.007439642018692849e-01
4.997147839278046066e-01
4.986942423429004956e-01
4.976822116389640338e-01
4.966785618489215071e-01
4.956831607365271286e-01
4.946958736807224866e-01
4.937165635544263353e-01
4.927450905975202522e-01
4.917813122837895734e-01
4.908250831815706983e-01
4.898762548078474111e-01
4.889346754755267144e-01
4.880001901336203374e-01
4.870726402000479238e-01
4.861518633867636385e-01
4.852376935169083194e-01
4.843299603336696513e-01
4.834284893005332817e-01
4.825331013925910906e-01
4.816436128785692161e-01
4.807598350932271725e-01
4.798815741997708995e-01
4.790086309419170352e-01
4.781408003852346544e-01
4.772778716473849436e-01
4.764196276168745081e-01
4.755658446599287936e-01
4.747162923150889391e-01
4.738707329751324915e-01
4.730289215559106974e-01
4.721906051517005265e-01
4.713555226766606432e-01
4.705234044919892611e-01
4.696939720183812006e-01
4.688669373333844703e-01
4.680420027532697924e-01
4.672188603990302114e-01
4.663971917461435801e-01
4.655766671577472593e-01
4.647569454008890766e-01
4.639376731455472358e-01
4.631184844461335159e-01
4.622990002052285718e-01
4.614788276193341199e-01
4.606575596064678146e-01
4.598347742154748063e-01
4.590100340169835924e-01
4.581828854759965042e-01
4.573528583061697850e-01
4.565194648059207050e-01
4.556821991765771518e-01
4.548405368228863321e-01
4.539939336362994182e-01
4.531418252615644904e-01
4.522836263472900242e-01
4.514187297812723432e-01
4.505465059115401072e-01
4.496663017542258944e-01
4.487774401895550103e-01
4.478792191474385564e-01
4.469709107843583551e-01
4.460517606534603607e-01
4.451209868700094496e-01
4.441777792746186559e-01
4.432212985969315455e-01
4.422506756227331803e-01
4.412650103677672742e-01
4.402633712618601591e-01
4.392447943472937433e-01
4.382082824957204692e-01
4.371528046482838215e-01
4.360772950839918449e-01
4.349806527217797703e-01
4.338617404621079587e-01
4.327193845743447231e-01
4.315523741366037447e-01
4.303594605351167557e-01
4.291393570306413219e-01
4.278907383997971881e-01
4.266122406596323247e-01
4.253024608840749177e-01
4.239599571212969153e-01
4.225832484213118967e-01
4.211708149834248460e-01
4.197210984333682449e-01
4.182325022401420234e-01
4.167033922826761660e-01
4.151320975764676846e-01
4.135169111702942657e-01
4.118560912229461968e-01
4.101478622696715370e-01
4.083904166876460851e-01
4.065819163692802607e-01
4.047204946115353086e-01
4.028042582286320283e-01
4.008312898945985414e-01
3.987996507209995989e-01
3.967073830739246132e-01
3.945525136328793536e-01
3.923330566926185869e-01
3.900470177071941880e-01
3.876923970735577374e-01
3.852671941499788422e-01
3.827694115023141941e-01
3.801970593688234201e-01
3.775481603317661916e-01
3.748207541814997934e-01
3.720129029561989320e-01
3.691226961377285232e-01
3.661482559816056082e-01
3.630877429564502989e-01
3.599393612658914332e-01
3.567013644235783598e-01
3.533720608498360782e-01
3.499498194565976994e-01
3.464330751856248281e-01
3.428203344637085204e-01
3.391101805375828504e-01
3.353012786507038601e-01
3.313923810238925127e-01
3.273823316021194918e-01
3.232700705304617506e-01
3.190546383234632577e-01
3.147351796938305246e-01
3.103109470085261834e-01
3.057813033429301885e-01
3.011457251067355956e-01
2.964038042186545874e-01
2.915552498107322754e-01
2.865998894471001868e-01
2.815376698462432881e-01
2.763686571002897385e-01
2.710930363893349071e-01
2.657111111933810887e-01
2.602233020089708138e-01
2.546301445820034481e-01
2.489322876724494871e-01
2.431304903706589526e-01
2.372256189886651212e-01
2.312186435532196660e-01
2.251106339302630932e-01
2.189027556130599128e-01
2.125962652083273063e-01
2.061925056562948777e-01
1.996929012217983357e-01
1.930989522941810865e-01
1.864122300340179117e-01
1.796343709044391501e-01
1.727670711242311752e-01
1.658120810788524246e-01
1.587711997241676443e-01
1.516462690160177151e-01
1.444391683968347107e-01
1.371518093683404826e-01
1.297861301770638076e-01
1.223440906369357151e-01
1.148276671106962660e-01
1.072388476692361370e-01
9.957962744541289102e-02
9.185200419628652968e-02
8.405797408521252512e-02
7.619952769278690030e-02
6.827864626330272524e-02
6.029729819118644085e-02
5.225743574980186434e-02
4.416099206312192049e-02
3.600987831899616493e-02
2.780598122118834586e-02
1.955116067592083118e-02
1.124724770743924102e-02
2.896042596014442808e-03
-5.500686769105241590e-03
-1.394120633006158683e-02
-2.242381710294952951e-02
-3.094685623195225777e-02
-3.950869786476645523e-02
9.815879490950170094e-01
8.881522876671047451e-01
7.955881604447442301e-01
7.040663657627674876e-01
6.137851652815814463e-01
5.249720706469077625e-01
4.378845507716559449e-01
3.528091074537709204e-01
2.700581029145291412e-01
1.899637395338652779e-01
1.128687397200011377e-01
3.911359553272122924e-02
-3.097923469959952547e-02
-9.712315923458825218e-02
-1.590856310335098944e-01
-2.167045014335507447e-01
-2.699002701499454981e-01
-3.186823449885385906e-01
-3.631482923966439236e-01
-4.034762027212750457e-01
-4.399114027225095591e-01
-4.727495272344228172e-01
-5.023182455068153640e-01
-5.289597351007925274e-01
-5.530154565739060502e-01
-5.748141104900006404e-01
-5.946630334193905298e-01
-6.128428194050840050e-01
-6.296046706196213316e-01
-6.451698648362249600e-01
-6.597307316460786497e-01
-6.734526046022732970e-01
-6.864763223204715104e-01
-6.989209607607523855e-01
-7.108865761916404180e-01
-7.224568172893186535e-01
-7.337013245949013385e-01
-7.446778782002765329e-01
-7.554342832674120212e-01
-7.660100011362201977e-01
-7.764375442860023124e-01
-7.867436586624534378e-01
