1.167770459886808415e-01
1.571998025595863768e-01
1.945837124571540844e-01
2.271150825891252167e-01
2.547582856598434864e-01
2.789021499725962694e-01
2.991017969886873851e-01
3.174260415589457152e-01
3.338964512711695698e-01
3.490540074727827013e-01
3.616636312180572244e-01
3.743523528377284970e-01
3.857027727614474322e-01
3.981171646832848410e-01
4.095358241366630070e-01
4.202281291759037418e-01
4.314087997701192556e-01
4.433208895295632224e-01
4.537371404752217896e-01
4.636138165682663903e-01
4.785838093144453853e-01
4.923999566199472322e-01
5.036231955260860316e-01
5.204258850017812188e-01
5.373492994952401292e-01
5.517585302178575901e-01
5.706503327648708712e-01
5.893060563171929056e-01
6.098781551664619327e-01
6.315705888365007459e-01
6.552133729686484553e-01
6.849853183038004945e-01
7.086010397368374125e-01
7.344373664035181992e-01
7.637595780782114874e-01
7.995748673795843864e-01
8.397387971713345944e-01
8.743571358335771038e-01
9.269749031971666886e-01
9.481894030908907256e-01
9.731980742641908044e-01
1.013974177020916079e+00
