7.267580032348632812e-01
7.702660560607910156e-01
8.104977607727050781e-01
8.475619554519653320e-01
8.815920352935791016e-01
9.127380847930908203e-01
9.411299228668212891e-01
9.669294357299804688e-01
9.902652502059936523e-01
1.011286377906799316e+00
1.030141592025756836e+00
1.046917080879211426e+00
1.061772465705871582e+00
1.074803352355957031e+00
1.086147069931030273e+00
1.095857501029968262e+00
1.104044198989868164e+00
1.110777139663696289e+00
1.116129159927368164e+00
1.120133280754089355e+00
1.122998595237731934e+00
1.124636530876159668e+00
1.125178456306457520e+00
1.124688625335693359e+00
1.123214840888977051e+00
1.120930671691894531e+00
1.117787718772888184e+00
1.114021539688110352e+00
1.109733462333679199e+00
1.104970812797546387e+00
1.100007295608520508e+00
1.094743371009826660e+00
1.089931488037109375e+00
1.085381984710693359e+00
1.081523656845092773e+00
1.078106999397277832e+00
1.076047182083129883e+00
1.075410604476928711e+00
1.076777935028076172e+00
1.079329729080200195e+00
1.083386301994323730e+00
1.085589170455932617e+00
