0.01,0,17.688
0.010233,0,17.407
0.010471,0,17.132
0.010715,0,16.862
0.010965,0,16.597
0.01122,0,16.337
0.011482,0,16.082
0.011749,0,15.832
0.012023,0,15.587
0.012303,0,15.346
0.012589,0,15.11
0.012882,0,14.878
0.013183,0,14.65
0.01349,0,14.427
0.013804,0,14.208
0.014125,0,13.993
0.014454,0,13.782
0.014791,0,13.575
0.015136,0,13.371
0.015488,0,13.172
0.015849,0,12.976
0.016218,0,12.784
0.016596,0,12.595
0.016982,0,12.41
0.017378,0,12.228
0.017783,0,12.05
0.018197,0,11.875
0.018621,0,11.703
0.019055,0,11.534
0.019498,0,11.368
0.019953,0,11.205
0.020417,0,11.045
0.020893,0,10.889
0.02138,0,10.734
0.021878,0,10.583
0.022387,0,10.435
0.022909,0,10.289
0.023442,0,10.145
0.023988,0,10.005
0.024547,0,9.8664
0.025119,0,9.7307
0.025704,0,9.5974
0.026303,0,9.4664
0.026915,0,9.3378
0.027542,0,9.2115
0.028184,0,9.0874
0.02884,0,8.9654
0.029512,0,8.8457
0.0302,0,8.728
0.030903,0,8.6124
0.031623,0,8.4989
0.032359,0,8.3873
0.033113,0,8.2777
0.033884,0,8.17
0.034674,0,8.0641
0.035481,0,7.9601
0.036308,0,7.8579
0.037154,0,7.7575
0.038019,0,7.6588
0.038905,0,7.5618
0.039811,0,7.4665
0.040738,0,7.3728
0.041687,0,7.2807
0.042658,0,7.1902
0.043652,0,7.1012
0.044668,0,7.0138
0.045709,0,6.9278
0.046774,0,6.8433
0.047863,0,6.7603
0.048978,0,6.6786
0.050119,0,6.5983
0.051286,0,6.5194
0.052481,0,6.4418
0.053703,0,6.3655
0.054954,0,6.2905
0.056234,0,6.2167
0.057544,0,6.1442
0.058884,0,6.0728
0.060256,0,6.0027
0.06166,0,5.9337
0.063096,0,5.8659
0.064565,0,5.7992
0.066069,0,5.7336
0.067608,0,5.669
0.069183,0,5.6056
0.070795,0,5.5431
0.072444,0,5.4817
0.074131,0,5.4213
0.075858,0,5.3619
0.077625,0,5.3034
0.079433,0,5.2459
0.081283,0,5.1893
0.083176,0,5.1337
0.085114,0,5.0789
0.087096,0,5.025
0.089125,0,4.972
0.091201,0,4.9199
0.093325,0,4.8685
0.095499,0,4.818
0.097724,0,4.7683
0.1,0,4.7194
0.10233,0,4.6713
0.10471,0,4.6239
0.10715,0,4.5773
0.10965,0,4.5314
0.1122,0,4.4862
0.11482,0,4.4418
0.11749,0,4.398
0.12023,0,4.355
0.12303,0,4.3126
0.12589,0,4.2709
0.12882,0,4.2298
0.13183,0,4.1893
0.1349,0,4.1495
0.13804,0,4.1103
0.14125,0,4.0717
0.14454,0,4.0337
0.14791,0,3.9963
0.15136,0,3.9595
0.15488,0,3.9232
0.15849,0,3.8875
0.16218,0,3.8524
0.16596,0,3.8177
0.16982,0,3.7836
0.17378,0,3.75
0.17783,0,3.717
0.18197,0,3.6844
0.18621,0,3.6523
0.19055,0,3.6207
0.19498,0,3.5896
0.19953,0,3.5589
0.20417,0,3.5287
0.20893,0,3.499
0.2138,0,3.4697
0.21878,0,3.4408
0.22387,0,3.4124
0.22909,0,3.3844
0.23442,0,3.3568
0.23988,0,3.3296
0.24547,0,3.3028
0.25119,0,3.2765
0.25704,0,3.2505
0.26303,0,3.2248
0.26915,0,3.1996
0.27542,0,3.1747
0.28184,0,3.1502
0.2884,0,3.1261
0.29512,0,3.1023
0.302,0,3.0788
0.30903,0,3.0557
0.31623,0,3.0329
0.32359,0,3.0105
0.33113,0,2.9884
0.33884,0,2.9666
0.34674,0,2.9451
0.35481,0,2.9239
0.36308,0,2.903
0.37154,0,2.8824
0.38019,0,2.8621
0.38905,0,2.8421
0.39811,0,2.8224
0.40738,0,2.803
0.41687,0,2.7838
0.42658,0,2.765
0.43652,0,2.7463
0.44668,0,2.728
0.45709,0,2.7099
0.46774,0,2.6921
0.47863,0,2.6745
0.48978,0,2.6571
0.50119,0,2.64
0.51286,0,2.6232
0.52481,0,2.6065
0.53703,0,2.5901
0.54954,0,2.574
0.56234,0,2.558
0.57544,0,2.5423
0.58884,0,2.5268
0.60256,0,2.5115
0.6166,0,2.4964
0.63096,0,2.4816
0.64565,0,2.4669
0.66069,0,2.4524
0.67608,0,2.4382
0.69183,0,2.4241
0.70795,0,2.4102
0.72444,0,2.3965
0.74131,0,2.383
0.75858,0,2.3697
0.77625,0,2.3566
0.79433,0,2.3436
0.81283,0,2.3308
0.83176,0,2.3182
0.85114,0,2.3058
0.87096,0,2.2935
0.89125,0,2.2814
0.91201,0,2.2695
0.93325,0,2.2577
0.95499,0,2.2461
0.97724,0,2.2346
1,0,2.2233
1.0233,0,2.2121
1.0471,0,2.2011
1.0715,0,2.1902
1.0965,0,2.1795
1.122,0,2.1689
1.1482,0,2.1585
1.1749,0,2.1482
1.2023,0,2.138
1.2303,0,2.1279
1.2589,0,2.118
1.2882,0,2.1083
1.3183,0,2.0986
1.349,0,2.0891
1.3804,0,2.0797
1.4125,0,2.0704
1.4454,0,2.0613
1.4791,0,2.0523
1.5136,0,2.0433
1.5488,0,2.0346
1.5849,0,2.0259
1.6218,0,2.0173
1.6596,0,2.0088
1.6982,0,2.0005
1.7378,0,1.9922
1.7783,0,1.9841
1.8197,0,1.9761
1.8621,0,1.9681
1.9055,0,1.9603
1.9498,0,1.9526
1.9953,0,1.945
2.0417,0,1.9374
2.0893,0,1.93
2.138,0,1.9227
2.1878,0,1.9154
2.2387,0,1.9083
2.2909,0,1.9012
2.3442,0,1.8942
2.3988,0,1.8873
2.4547,0,1.8805
2.5119,0,1.8738
2.5704,0,1.8672
2.6303,0,1.8606
2.6915,0,1.8541
2.7542,0,1.8478
2.8184,0,1.8414
2.884,0,1.8352
2.9512,0,1.8291
3.02,0,1.823
3.0903,0,1.817
3.1623,0,1.811
3.2359,0,1.8052
3.3113,0,1.7994
3.3884,0,1.7937
3.4674,0,1.788
3.5481,0,1.7825
3.6308,0,1.7769
3.7154,0,1.7715
3.8019,0,1.7661
3.8905,0,1.7608
3.9811,0,1.7555
4.0738,0,1.7503
4.1687,0,1.7452
4.2658,0,1.7401
4.3652,0,1.7351
4.4668,0,1.7302
4.5709,0,1.7253
4.6774,0,1.7204
4.7863,0,1.7156
4.8978,0,1.7109
5.0119,0,1.7062
5.1286,0,1.7016
5.2481,0,1.697
5.3703,0,1.6924
5.4954,0,1.688
5.6234,0,1.6835
5.7544,0,1.6791
5.8884,0,1.6748
6.0256,0,1.6705
6.166,0,1.6662
6.3096,0,1.662
6.4565,0,1.6579
6.6069,0,1.6537
6.7608,0,1.6496
6.9183,0,1.6456
7.0795,0,1.6416
7.2444,0,1.6376
7.4131,0,1.6337
7.5858,0,1.6298
7.7625,0,1.6259
7.9433,0,1.6221
8.1283,0,1.6182
8.3176,0,1.6145
8.5114,0,1.6107
8.7096,0,1.607
8.9125,0,1.6033
9.1201,0,1.5996
9.3325,0,1.596
9.5499,0,1.5924
9.7724,0,1.5888
10,0,1.5852
10.233,0,1.5816
10.471,0,1.5781
10.715,0,1.5746
10.965,0,1.5711
11.22,0,1.5676
11.482,0,1.5641
11.749,0,1.5606
12.023,0,1.5572
12.303,0,1.5537
12.589,0,1.5502
12.882,0,1.5468
13.183,0,1.5434
13.49,0,1.5399
13.804,0,1.5365
14.125,0,1.533
14.454,0,1.5296
14.791,0,1.5261
15.136,0,1.5226
15.488,0,1.5192
15.849,0,1.5157
16.218,0,1.5122
16.596,0,1.5086
16.982,0,1.5051
17.378,0,1.5015
17.783,0,1.4979
18.197,0,1.4943
18.621,0,1.4907
19.055,0,1.487
19.498,0,1.4832
19.953,0,1.4795
20.417,0,1.4757
20.893,0,1.4718
21.38,0,1.468
21.878,0,1.464
22.387,0,1.46
22.909,0,1.456
23.442,0,1.4519
23.988,0,1.4477
24.547,0,1.4434
25.119,0,1.4391
25.704,0,1.4348
26.303,0,1.4303
26.915,0,1.4257
27.542,0,1.4211
28.184,0,1.4164
28.84,0,1.4116
29.512,0,1.4067
30.2,0,1.4017
30.903,0,1.3965
31.623,0,1.3913
32.359,0,1.386
33.113,0,1.3805
33.884,0,1.375
34.674,0,1.3693
35.481,0,1.3634
36.308,0,1.3575
37.154,0,1.3514
38.019,0,1.3451
38.905,0,1.3388
39.811,0,1.3322
40.738,0,1.3255
41.687,0,1.3187
42.658,0,1.3117
43.652,0,1.3046
44.668,0,1.2972
45.709,0,1.2897
46.774,0,1.2821
47.863,0,1.2743
48.978,0,1.2663
50.119,0,1.2581
51.286,0,1.2497
52.481,0,1.2412
53.703,0,1.2325
54.954,0,1.2236
56.234,0,1.2146
57.544,0,1.2053
58.884,0,1.1959
60.256,0,1.1863
61.66,0,1.1765
63.096,0,1.1666
64.565,0,1.1564
66.069,0,1.1461
67.608,0,1.1357
69.183,0,1.125
70.795,0,1.1143
72.444,0,1.1033
74.131,0,1.0922
75.858,0,1.081
77.625,0,1.0696
79.433,0,1.0581
81.283,0,1.0465
83.176,0,1.0347
85.114,0,1.0228
87.096,0,1.0108
89.125,0,0.99876
91.201,0,0.98658
93.325,0,0.97431
95.499,0,0.96197
97.724,0,0.94956
100,0,0.93709
0.01,0.1,171.48
0.010233,0.1,168.89
0.010471,0.1,166.34
0.010715,0.1,163.84
0.010965,0.1,161.38
0.01122,0.1,158.96
0.011482,0.1,156.59
0.011749,0.1,154.26
0.012023,0.1,151.96
0.012303,0.1,149.7
0.012589,0.1,147.49
0.012882,0.1,145.31
0.013183,0.1,143.16
0.01349,0.1,141.06
0.013804,0.1,138.98
0.014125,0.1,136.95
0.014454,0.1,134.95
0.014791,0.1,132.98
0.015136,0.1,131.04
0.015488,0.1,129.14
0.015849,0.1,127.26
0.016218,0.1,125.42
0.016596,0.1,123.61
0.016982,0.1,121.83
0.017378,0.1,120.08
0.017783,0.1,118.36
0.018197,0.1,116.66
0.018621,0.1,115
0.019055,0.1,113.36
0.019498,0.1,111.74
0.019953,0.1,110.16
0.020417,0.1,108.6
0.020893,0.1,107.06
0.02138,0.1,105.55
0.021878,0.1,104.07
0.022387,0.1,102.61
0.022909,0.1,101.17
0.023442,0.1,99.754
0.023988,0.1,98.362
0.024547,0.1,96.992
0.025119,0.1,95.644
0.025704,0.1,94.318
0.026303,0.1,93.013
0.026915,0.1,91.728
0.027542,0.1,90.464
0.028184,0.1,89.22
0.02884,0.1,87.996
0.029512,0.1,86.791
0.0302,0.1,85.605
0.030903,0.1,84.438
0.031623,0.1,83.288
0.032359,0.1,82.157
0.033113,0.1,81.044
0.033884,0.1,79.948
0.034674,0.1,78.869
0.035481,0.1,77.807
0.036308,0.1,76.761
0.037154,0.1,75.731
0.038019,0.1,74.718
0.038905,0.1,73.72
0.039811,0.1,72.737
0.040738,0.1,71.769
0.041687,0.1,70.817
0.042658,0.1,69.878
0.043652,0.1,68.955
0.044668,0.1,68.045
0.045709,0.1,67.149
0.046774,0.1,66.267
0.047863,0.1,65.398
0.048978,0.1,64.542
0.050119,0.1,63.699
0.051286,0.1,62.869
0.052481,0.1,62.051
0.053703,0.1,61.246
0.054954,0.1,60.452
0.056234,0.1,59.671
0.057544,0.1,58.901
0.058884,0.1,58.143
0.060256,0.1,57.396
0.06166,0.1,56.66
0.063096,0.1,55.935
0.064565,0.1,55.22
0.066069,0.1,54.516
0.067608,0.1,53.823
0.069183,0.1,53.14
0.070795,0.1,52.467
0.072444,0.1,51.803
0.074131,0.1,51.15
0.075858,0.1,50.506
0.077625,0.1,49.871
0.079433,0.1,49.245
0.081283,0.1,48.629
0.083176,0.1,48.022
0.085114,0.1,47.423
0.087096,0.1,46.833
0.089125,0.1,46.252
0.091201,0.1,45.678
0.093325,0.1,45.114
0.095499,0.1,44.557
0.097724,0.1,44.008
0.1,0.1,43.467
0.10233,0.1,42.934
0.10471,0.1,42.408
0.10715,0.1,41.89
0.10965,0.1,41.379
0.1122,0.1,40.876
0.11482,0.1,40.379
0.11749,0.1,39.89
0.12023,0.1,39.408
0.12303,0.1,38.932
0.12589,0.1,38.463
0.12882,0.1,38
0.13183,0.1,37.545
0.1349,0.1,37.095
0.13804,0.1,36.652
0.14125,0.1,36.215
0.14454,0.1,35.784
0.14791,0.1,35.359
0.15136,0.1,34.94
0.15488,0.1,34.526
0.15849,0.1,34.119
0.16218,0.1,33.717
0.16596,0.1,33.32
0.16982,0.1,32.929
0.17378,0.1,32.544
0.17783,0.1,32.163
0.18197,0.1,31.788
0.18621,0.1,31.418
0.19055,0.1,31.054
0.19498,0.1,30.694
0.19953,0.1,30.339
0.20417,0.1,29.989
0.20893,0.1,29.643
0.2138,0.1,29.302
0.21878,0.1,28.966
0.22387,0.1,28.635
0.22909,0.1,28.308
0.23442,0.1,27.985
0.23988,0.1,27.667
0.24547,0.1,27.353
0.25119,0.1,27.043
0.25704,0.1,26.737
0.26303,0.1,26.436
0.26915,0.1,26.138
0.27542,0.1,25.845
0.28184,0.1,25.555
0.2884,0.1,25.269
0.29512,0.1,24.987
0.302,0.1,24.709
0.30903,0.1,24.434
0.31623,0.1,24.163
0.32359,0.1,23.896
0.33113,0.1,23.632
0.33884,0.1,23.372
0.34674,0.1,23.115
0.35481,0.1,22.862
0.36308,0.1,22.612
0.37154,0.1,22.365
0.38019,0.1,22.121
0.38905,0.1,21.881
0.39811,0.1,21.643
0.40738,0.1,21.409
0.41687,0.1,21.178
0.42658,0.1,20.95
0.43652,0.1,20.725
0.44668,0.1,20.502
0.45709,0.1,20.283
0.46774,0.1,20.067
0.47863,0.1,19.853
0.48978,0.1,19.642
0.50119,0.1,19.434
0.51286,0.1,19.228
0.52481,0.1,19.025
0.53703,0.1,18.825
0.54954,0.1,18.627
0.56234,0.1,18.432
0.57544,0.1,18.24
0.58884,0.1,18.049
0.60256,0.1,17.862
0.6166,0.1,17.676
0.63096,0.1,17.493
0.64565,0.1,17.313
0.66069,0.1,17.135
0.67608,0.1,16.959
0.69183,0.1,16.785
0.70795,0.1,16.613
0.72444,0.1,16.444
0.74131,0.1,16.276
0.75858,0.1,16.111
0.77625,0.1,15.948
0.79433,0.1,15.787
0.81283,0.1,15.628
0.83176,0.1,15.471
0.85114,0.1,15.316
0.87096,0.1,15.163
0.89125,0.1,15.012
0.91201,0.1,14.863
0.93325,0.1,14.716
0.95499,0.1,14.57
0.97724,0.1,14.427
1,0.1,14.285
1.0233,0.1,14.145
1.0471,0.1,14.007
1.0715,0.1,13.87
1.0965,0.1,13.735
1.122,0.1,13.602
1.1482,0.1,13.47
1.1749,0.1,13.34
1.2023,0.1,13.212
1.2303,0.1,13.085
1.2589,0.1,12.96
1.2882,0.1,12.837
1.3183,0.1,12.715
1.349,0.1,12.594
1.3804,0.1,12.475
1.4125,0.1,12.358
1.4454,0.1,12.242
1.4791,0.1,12.127
1.5136,0.1,12.014
1.5488,0.1,11.902
1.5849,0.1,11.791
1.6218,0.1,11.682
1.6596,0.1,11.574
1.6982,0.1,11.468
1.7378,0.1,11.363
1.7783,0.1,11.259
1.8197,0.1,11.156
1.8621,0.1,11.055
1.9055,0.1,10.955
1.9498,0.1,10.856
1.9953,0.1,10.758
2.0417,0.1,10.662
2.0893,0.1,10.566
2.138,0.1,10.472
2.1878,0.1,10.379
2.2387,0.1,10.287
2.2909,0.1,10.196
2.3442,0.1,10.107
2.3988,0.1,10.018
2.4547,0.1,9.9307
2.5119,0.1,9.8442
2.5704,0.1,9.7588
2.6303,0.1,9.6744
2.6915,0.1,9.591
2.7542,0.1,9.5086
2.8184,0.1,9.4272
2.884,0.1,9.3468
2.9512,0.1,9.2674
3.02,0.1,9.1889
3.0903,0.1,9.1113
3.1623,0.1,9.0347
3.2359,0.1,8.9589
3.3113,0.1,8.8841
3.3884,0.1,8.8102
3.4674,0.1,8.7371
3.5481,0.1,8.6649
3.6308,0.1,8.5936
3.7154,0.1,8.5231
3.8019,0.1,8.4534
3.8905,0.1,8.3846
3.9811,0.1,8.3166
4.0738,0.1,8.2493
4.1687,0.1,8.1829
4.2658,0.1,8.1172
4.3652,0.1,8.0523
4.4668,0.1,7.9881
4.5709,0.1,7.9247
4.6774,0.1,7.862
4.7863,0.1,7.8001
4.8978,0.1,7.7388
5.0119,0.1,7.6783
5.1286,0.1,7.6184
5.2481,0.1,7.5593
5.3703,0.1,7.5008
5.4954,0.1,7.443
5.6234,0.1,7.3858
5.7544,0.1,7.3292
5.8884,0.1,7.2733
6.0256,0.1,7.2181
6.166,0.1,7.1634
6.3096,0.1,7.1093
6.4565,0.1,7.0559
6.6069,0.1,7.003
6.7608,0.1,6.9507
6.9183,0.1,6.8989
7.0795,0.1,6.8478
7.2444,0.1,6.7971
7.4131,0.1,6.747
7.5858,0.1,6.6974
7.7625,0.1,6.6484
7.9433,0.1,6.5999
8.1283,0.1,6.5518
8.3176,0.1,6.5043
8.5114,0.1,6.4572
8.7096,0.1,6.4106
8.9125,0.1,6.3644
9.1201,0.1,6.3187
9.3325,0.1,6.2735
9.5499,0.1,6.2287
9.7724,0.1,6.1843
10,0.1,6.1403
10.233,0.1,6.0968
10.471,0.1,6.0536
10.715,0.1,6.0108
10.965,0.1,5.9684
11.22,0.1,5.9263
11.482,0.1,5.8846
11.749,0.1,5.8432
12.023,0.1,5.8022
12.303,0.1,5.7615
12.589,0.1,5.7211
12.882,0.1,5.681
13.183,0.1,5.6412
13.49,0.1,5.6017
13.804,0.1,5.5625
14.125,0.1,5.5235
14.454,0.1,5.4847
14.791,0.1,5.4462
15.136,0.1,5.408
15.488,0.1,5.3699
15.849,0.1,5.332
16.218,0.1,5.2944
16.596,0.1,5.2569
16.982,0.1,5.2196
17.378,0.1,5.1824
17.783,0.1,5.1454
18.197,0.1,5.1085
18.621,0.1,5.0718
19.055,0.1,5.0351
19.498,0.1,4.9986
19.953,0.1,4.9621
20.417,0.1,4.9257
20.893,0.1,4.8894
21.38,0.1,4.8531
21.878,0.1,4.8169
22.387,0.1,4.7807
22.909,0.1,4.7446
23.442,0.1,4.7084
23.988,0.1,4.6722
24.547,0.1,4.6361
25.119,0.1,4.5999
25.704,0.1,4.5636
26.303,0.1,4.5273
26.915,0.1,4.491
27.542,0.1,4.4546
28.184,0.1,4.4182
28.84,0.1,4.3816
29.512,0.1,4.345
30.2,0.1,4.3083
30.903,0.1,4.2715
31.623,0.1,4.2345
32.359,0.1,4.1975
33.113,0.1,4.1604
33.884,0.1,4.1231
34.674,0.1,4.0857
35.481,0.1,4.0482
36.308,0.1,4.0105
37.154,0.1,3.9728
38.019,0.1,3.9349
38.905,0.1,3.8968
39.811,0.1,3.8587
40.738,0.1,3.8204
41.687,0.1,3.782
42.658,0.1,3.7435
43.652,0.1,3.7048
44.668,0.1,3.6661
45.709,0.1,3.6273
46.774,0.1,3.5883
47.863,0.1,3.5493
48.978,0.1,3.5102
50.119,0.1,3.471
51.286,0.1,3.4318
52.481,0.1,3.3925
53.703,0.1,3.3532
54.954,0.1,3.3139
56.234,0.1,3.2746
57.544,0.1,3.2353
58.884,0.1,3.1959
60.256,0.1,3.1567
61.66,0.1,3.1174
63.096,0.1,3.0782
64.565,0.1,3.0391
66.069,0.1,3.0001
67.608,0.1,2.9612
69.183,0.1,2.9224
70.795,0.1,2.8837
72.444,0.1,2.8452
74.131,0.1,2.8069
75.858,0.1,2.7687
77.625,0.1,2.7307
79.433,0.1,2.693
81.283,0.1,2.6554
83.176,0.1,2.6181
85.114,0.1,2.581
87.096,0.1,2.5442
89.125,0.1,2.5076
91.201,0.1,2.4713
93.325,0.1,2.4354
95.499,0.1,2.3997
97.724,0.1,2.3643
100,0.1,2.3293
0.01,1,22.662
0.010233,1,22.272
0.010471,1,21.89
0.010715,1,21.516
0.010965,1,21.149
0.01122,1,20.789
0.011482,1,20.436
0.011749,1,20.091
0.012023,1,19.752
0.012303,1,19.42
0.012589,1,19.094
0.012882,1,18.775
0.013183,1,18.463
0.01349,1,18.156
0.013804,1,17.855
0.014125,1,17.56
0.014454,1,17.271
0.014791,1,16.988
0.015136,1,16.71
0.015488,1,16.438
0.015849,1,16.171
0.016218,1,15.909
0.016596,1,15.652
0.016982,1,15.4
0.017378,1,15.153
0.017783,1,14.911
0.018197,1,14.673
0.018621,1,14.44
0.019055,1,14.212
0.019498,1,13.988
0.019953,1,13.768
0.020417,1,13.552
0.020893,1,13.341
0.02138,1,13.133
0.021878,1,12.93
0.022387,1,12.73
0.022909,1,12.534
0.023442,1,12.342
0.023988,1,12.154
0.024547,1,11.969
0.025119,1,11.787
0.025704,1,11.609
0.026303,1,11.435
0.026915,1,11.263
0.027542,1,11.095
0.028184,1,10.93
0.02884,1,10.768
0.029512,1,10.61
0.0302,1,10.454
0.030903,1,10.301
0.031623,1,10.15
0.032359,1,10.003
0.033113,1,9.8584
0.033884,1,9.7165
0.034674,1,9.5771
0.035481,1,9.4404
0.036308,1,9.3061
0.037154,1,9.1743
0.038019,1,9.0449
0.038905,1,8.9179
0.039811,1,8.7933
0.040738,1,8.6709
0.041687,1,8.5507
0.042658,1,8.4327
0.043652,1,8.3169
0.044668,1,8.2031
0.045709,1,8.0914
0.046774,1,7.9818
0.047863,1,7.8741
0.048978,1,7.7683
0.050119,1,7.6645
0.051286,1,7.5625
0.052481,1,7.4623
0.053703,1,7.364
0.054954,1,7.2674
0.056234,1,7.1725
0.057544,1,7.0793
0.058884,1,6.9877
0.060256,1,6.8978
0.06166,1,6.8094
0.063096,1,6.7226
0.064565,1,6.6374
0.066069,1,6.5536
0.067608,1,6.4714
0.069183,1,6.3905
0.070795,1,6.3111
0.072444,1,6.233
0.074131,1,6.1564
0.075858,1,6.081
0.077625,1,6.007
0.079433,1,5.9342
0.081283,1,5.8627
0.083176,1,5.7924
0.085114,1,5.7234
0.087096,1,5.6555
0.089125,1,5.5888
0.091201,1,5.5233
0.093325,1,5.4588
0.095499,1,5.3955
0.097724,1,5.3332
0.1,1,5.272
0.10233,1,5.2119
0.10471,1,5.1527
0.10715,1,5.0946
0.10965,1,5.0374
0.1122,1,4.9812
0.11482,1,4.9259
0.11749,1,4.8716
0.12023,1,4.8182
0.12303,1,4.7657
0.12589,1,4.714
0.12882,1,4.6632
0.13183,1,4.6133
0.1349,1,4.5641
0.13804,1,4.5158
0.14125,1,4.4683
0.14454,1,4.4216
0.14791,1,4.3756
0.15136,1,4.3304
0.15488,1,4.286
0.15849,1,4.2422
0.16218,1,4.1992
0.16596,1,4.1569
0.16982,1,4.1153
0.17378,1,4.0743
0.17783,1,4.034
0.18197,1,3.9944
0.18621,1,3.9554
0.19055,1,3.917
0.19498,1,3.8792
0.19953,1,3.8421
0.20417,1,3.8055
0.20893,1,3.7695
0.2138,1,3.7341
0.21878,1,3.6993
0.22387,1,3.665
0.22909,1,3.6313
0.23442,1,3.5981
0.23988,1,3.5654
0.24547,1,3.5332
0.25119,1,3.5015
0.25704,1,3.4704
0.26303,1,3.4397
0.26915,1,3.4095
0.27542,1,3.3798
0.28184,1,3.3505
0.2884,1,3.3217
0.29512,1,3.2933
0.302,1,3.2654
0.30903,1,3.2379
0.31623,1,3.2108
0.32359,1,3.1842
0.33113,1,3.1579
0.33884,1,3.1321
0.34674,1,3.1067
0.35481,1,3.0816
0.36308,1,3.0569
0.37154,1,3.0326
0.38019,1,3.0087
0.38905,1,2.9851
0.39811,1,2.9619
0.40738,1,2.9391
0.41687,1,2.9166
0.42658,1,2.8944
0.43652,1,2.8725
0.44668,1,2.851
0.45709,1,2.8298
0.46774,1,2.809
0.47863,1,2.7884
0.48978,1,2.7681
0.50119,1,2.7482
0.51286,1,2.7285
0.52481,1,2.7091
0.53703,1,2.69
0.54954,1,2.6712
0.56234,1,2.6527
0.57544,1,2.6345
0.58884,1,2.6165
0.60256,1,2.5987
0.6166,1,2.5813
0.63096,1,2.5641
0.64565,1,2.5471
0.66069,1,2.5304
0.67608,1,2.5139
0.69183,1,2.4977
0.70795,1,2.4817
0.72444,1,2.4659
0.74131,1,2.4504
0.75858,1,2.435
0.77625,1,2.4199
0.79433,1,2.4051
0.81283,1,2.3904
0.83176,1,2.3759
0.85114,1,2.3617
0.87096,1,2.3476
0.89125,1,2.3338
0.91201,1,2.3201
0.93325,1,2.3067
0.95499,1,2.2934
0.97724,1,2.2803
1,1,2.2674
1.0233,1,2.2547
1.0471,1,2.2421
1.0715,1,2.2298
1.0965,1,2.2176
1.122,1,2.2056
1.1482,1,2.1937
1.1749,1,2.182
1.2023,1,2.1705
1.2303,1,2.1591
1.2589,1,2.1479
1.2882,1,2.1368
1.3183,1,2.1259
1.349,1,2.1152
1.3804,1,2.1046
1.4125,1,2.0941
1.4454,1,2.0838
1.4791,1,2.0736
1.5136,1,2.0636
1.5488,1,2.0537
1.5849,1,2.0439
1.6218,1,2.0343
1.6596,1,2.0248
1.6982,1,2.0154
1.7378,1,2.0061
1.7783,1,1.997
1.8197,1,1.988
1.8621,1,1.9791
1.9055,1,1.9704
1.9498,1,1.9617
1.9953,1,1.9532
2.0417,1,1.9448
2.0893,1,1.9365
2.138,1,1.9283
2.1878,1,1.9202
2.2387,1,1.9122
2.2909,1,1.9044
2.3442,1,1.8966
2.3988,1,1.8889
2.4547,1,1.8814
2.5119,1,1.8739
2.5704,1,1.8665
2.6303,1,1.8592
2.6915,1,1.8521
2.7542,1,1.845
2.8184,1,1.838
2.884,1,1.8311
2.9512,1,1.8243
3.02,1,1.8175
3.0903,1,1.8109
3.1623,1,1.8043
3.2359,1,1.7979
3.3113,1,1.7915
3.3884,1,1.7852
3.4674,1,1.7789
3.5481,1,1.7728
3.6308,1,1.7667
3.7154,1,1.7607
3.8019,1,1.7548
3.8905,1,1.7489
3.9811,1,1.7431
4.0738,1,1.7374
4.1687,1,1.7318
4.2658,1,1.7262
4.3652,1,1.7207
4.4668,1,1.7153
4.5709,1,1.7099
4.6774,1,1.7046
4.7863,1,1.6994
4.8978,1,1.6942
5.0119,1,1.6891
5.1286,1,1.684
5.2481,1,1.679
5.3703,1,1.6741
5.4954,1,1.6692
5.6234,1,1.6643
5.7544,1,1.6595
5.8884,1,1.6548
6.0256,1,1.6501
6.166,1,1.6455
6.3096,1,1.6409
6.4565,1,1.6364
6.6069,1,1.6319
6.7608,1,1.6275
6.9183,1,1.6231
7.0795,1,1.6188
7.2444,1,1.6145
7.4131,1,1.6102
7.5858,1,1.606
7.7625,1,1.6018
7.9433,1,1.5977
8.1283,1,1.5936
8.3176,1,1.5895
8.5114,1,1.5855
8.7096,1,1.5815
8.9125,1,1.5775
9.1201,1,1.5736
9.3325,1,1.5697
9.5499,1,1.5658
9.7724,1,1.562
10,1,1.5582
10.233,1,1.5544
10.471,1,1.5506
10.715,1,1.5469
10.965,1,1.5431
11.22,1,1.5394
11.482,1,1.5357
11.749,1,1.5321
12.023,1,1.5284
12.303,1,1.5248
12.589,1,1.5211
12.882,1,1.5175
13.183,1,1.5139
13.49,1,1.5103
13.804,1,1.5067
14.125,1,1.5031
14.454,1,1.4995
14.791,1,1.4959
15.136,1,1.4923
15.488,1,1.4886
15.849,1,1.485
16.218,1,1.4814
16.596,1,1.4778
16.982,1,1.4741
17.378,1,1.4704
17.783,1,1.4667
18.197,1,1.463
18.621,1,1.4593
19.055,1,1.4555
19.498,1,1.4518
19.953,1,1.4479
20.417,1,1.4441
20.893,1,1.4402
21.38,1,1.4363
21.878,1,1.4323
22.387,1,1.4283
22.909,1,1.4242
23.442,1,1.4201
23.988,1,1.4159
24.547,1,1.4117
25.119,1,1.4074
25.704,1,1.403
26.303,1,1.3986
26.915,1,1.3941
27.542,1,1.3895
28.184,1,1.3849
28.84,1,1.3801
29.512,1,1.3753
30.2,1,1.3704
30.903,1,1.3653
31.623,1,1.3602
32.359,1,1.355
33.113,1,1.3497
33.884,1,1.3442
34.674,1,1.3387
35.481,1,1.333
36.308,1,1.3272
37.154,1,1.3213
38.019,1,1.3152
38.905,1,1.3091
39.811,1,1.3027
40.738,1,1.2963
41.687,1,1.2897
42.658,1,1.2829
43.652,1,1.276
44.668,1,1.2689
45.709,1,1.2617
46.774,1,1.2543
47.863,1,1.2468
48.978,1,1.2391
50.119,1,1.2312
51.286,1,1.2232
52.481,1,1.215
53.703,1,1.2066
54.954,1,1.1981
56.234,1,1.1894
57.544,1,1.1805
58.884,1,1.1714
60.256,1,1.1622
61.66,1,1.1528
63.096,1,1.1432
64.565,1,1.1335
66.069,1,1.1236
67.608,1,1.1135
69.183,1,1.1033
70.795,1,1.0929
72.444,1,1.0824
74.131,1,1.0717
75.858,1,1.0609
77.625,1,1.0499
79.433,1,1.0388
81.283,1,1.0276
83.176,1,1.0163
85.114,1,1.0048
87.096,1,0.99323
89.125,1,0.98156
91.201,1,0.9698
93.325,1,0.95794
95.499,1,0.94601
97.724,1,0.934
100,1,0.92193
0.01,2,25.723
0.010233,2,25.263
0.010471,2,24.812
0.010715,2,24.37
0.010965,2,23.937
0.01122,2,23.513
0.011482,2,23.098
0.011749,2,22.691
0.012023,2,22.292
0.012303,2,21.902
0.012589,2,21.519
0.012882,2,21.144
0.013183,2,20.776
0.01349,2,20.416
0.013804,2,20.063
0.014125,2,19.717
0.014454,2,19.378
0.014791,2,19.046
0.015136,2,18.72
0.015488,2,18.401
0.015849,2,18.088
0.016218,2,17.782
0.016596,2,17.481
0.016982,2,17.187
0.017378,2,16.898
0.017783,2,16.615
0.018197,2,16.338
0.018621,2,16.066
0.019055,2,15.8
0.019498,2,15.539
0.019953,2,15.283
0.020417,2,15.031
0.020893,2,14.785
0.02138,2,14.544
0.021878,2,14.307
0.022387,2,14.075
0.022909,2,13.848
0.023442,2,13.625
0.023988,2,13.406
0.024547,2,13.192
0.025119,2,12.982
0.025704,2,12.775
0.026303,2,12.573
0.026915,2,12.375
0.027542,2,12.18
0.028184,2,11.99
0.02884,2,11.803
0.029512,2,11.619
0.0302,2,11.439
0.030903,2,11.263
0.031623,2,11.089
0.032359,2,10.92
0.033113,2,10.753
0.033884,2,10.59
0.034674,2,10.429
0.035481,2,10.272
0.036308,2,10.118
0.037154,2,9.9663
0.038019,2,9.8178
0.038905,2,9.6721
0.039811,2,9.5291
0.040738,2,9.3888
0.041687,2,9.2512
0.042658,2,9.1161
0.043652,2,8.9836
0.044668,2,8.8535
0.045709,2,8.7259
0.046774,2,8.6006
0.047863,2,8.4777
0.048978,2,8.357
0.050119,2,8.2386
0.051286,2,8.1224
0.052481,2,8.0083
0.053703,2,7.8963
0.054954,2,7.7864
0.056234,2,7.6785
0.057544,2,7.5726
0.058884,2,7.4686
0.060256,2,7.3665
0.06166,2,7.2663
0.063096,2,7.1679
0.064565,2,7.0714
0.066069,2,6.9765
0.067608,2,6.8834
0.069183,2,6.7919
0.070795,2,6.7022
0.072444,2,6.614
0.074131,2,6.5274
0.075858,2,6.4424
0.077625,2,6.3589
0.079433,2,6.2769
0.081283,2,6.1963
0.083176,2,6.1172
0.085114,2,6.0396
0.087096,2,5.9632
0.089125,2,5.8883
0.091201,2,5.8147
0.093325,2,5.7423
0.095499,2,5.6713
0.097724,2,5.6015
0.1,2,5.5329
0.10233,2,5.4655
0.10471,2,5.3993
0.10715,2,5.3343
0.10965,2,5.2704
0.1122,2,5.2076
0.11482,2,5.1459
0.11749,2,5.0853
0.12023,2,5.0257
0.12303,2,4.9672
0.12589,2,4.9097
0.12882,2,4.8531
0.13183,2,4.7976
0.1349,2,4.743
0.13804,2,4.6893
0.14125,2,4.6365
0.14454,2,4.5847
0.14791,2,4.5337
0.15136,2,4.4836
0.15488,2,4.4343
0.15849,2,4.3859
0.16218,2,4.3383
0.16596,2,4.2915
0.16982,2,4.2455
0.17378,2,4.2002
0.17783,2,4.1557
0.18197,2,4.112
0.18621,2,4.069
0.19055,2,4.0267
0.19498,2,3.9851
0.19953,2,3.9442
0.20417,2,3.904
0.20893,2,3.8644
0.2138,2,3.8255
0.21878,2,3.7873
0.22387,2,3.7496
0.22909,2,3.7126
0.23442,2,3.6762
0.23988,2,3.6404
0.24547,2,3.6052
0.25119,2,3.5705
0.25704,2,3.5364
0.26303,2,3.5029
0.26915,2,3.4699
0.27542,2,3.4374
0.28184,2,3.4055
0.2884,2,3.3741
0.29512,2,3.3432
0.302,2,3.3127
0.30903,2,3.2828
0.31623,2,3.2533
0.32359,2,3.2244
0.33113,2,3.1958
0.33884,2,3.1678
0.34674,2,3.1401
0.35481,2,3.1129
0.36308,2,3.0862
0.37154,2,3.0598
0.38019,2,3.0339
0.38905,2,3.0084
0.39811,2,2.9833
0.40738,2,2.9585
0.41687,2,2.9342
0.42658,2,2.9102
0.43652,2,2.8866
0.44668,2,2.8634
0.45709,2,2.8405
0.46774,2,2.818
0.47863,2,2.7959
0.48978,2,2.774
0.50119,2,2.7526
0.51286,2,2.7314
0.52481,2,2.7106
0.53703,2,2.69
0.54954,2,2.6698
0.56234,2,2.6499
0.57544,2,2.6303
0.58884,2,2.611
0.60256,2,2.592
0.6166,2,2.5733
0.63096,2,2.5549
0.64565,2,2.5367
0.66069,2,2.5188
0.67608,2,2.5012
0.69183,2,2.4839
0.70795,2,2.4668
0.72444,2,2.4499
0.74131,2,2.4333
0.75858,2,2.417
0.77625,2,2.4009
0.79433,2,2.385
0.81283,2,2.3694
0.83176,2,2.354
0.85114,2,2.3388
0.87096,2,2.3239
0.89125,2,2.3091
0.91201,2,2.2946
0.93325,2,2.2803
0.95499,2,2.2662
0.97724,2,2.2523
1,2,2.2386
1.0233,2,2.2251
1.0471,2,2.2119
1.0715,2,2.1987
1.0965,2,2.1858
1.122,2,2.1731
1.1482,2,2.1606
1.1749,2,2.1482
1.2023,2,2.136
1.2303,2,2.124
1.2589,2,2.1121
1.2882,2,2.1005
1.3183,2,2.089
1.349,2,2.0776
1.3804,2,2.0664
1.4125,2,2.0554
1.4454,2,2.0445
1.4791,2,2.0338
1.5136,2,2.0232
1.5488,2,2.0128
1.5849,2,2.0025
1.6218,2,1.9924
1.6596,2,1.9824
1.6982,2,1.9726
1.7378,2,1.9628
1.7783,2,1.9533
1.8197,2,1.9438
1.8621,2,1.9345
1.9055,2,1.9253
1.9498,2,1.9162
1.9953,2,1.9073
2.0417,2,1.8985
2.0893,2,1.8898
2.138,2,1.8812
2.1878,2,1.8728
2.2387,2,1.8644
2.2909,2,1.8562
2.3442,2,1.8481
2.3988,2,1.8401
2.4547,2,1.8322
2.5119,2,1.8244
2.5704,2,1.8167
2.6303,2,1.8091
2.6915,2,1.8016
2.7542,2,1.7942
2.8184,2,1.7869
2.884,2,1.7797
2.9512,2,1.7726
3.02,2,1.7656
3.0903,2,1.7587
3.1623,2,1.7519
3.2359,2,1.7452
3.3113,2,1.7385
3.3884,2,1.732
3.4674,2,1.7255
3.5481,2,1.7191
3.6308,2,1.7128
3.7154,2,1.7066
3.8019,2,1.7005
3.8905,2,1.6944
3.9811,2,1.6884
4.0738,2,1.6825
4.1687,2,1.6767
4.2658,2,1.6709
4.3652,2,1.6652
4.4668,2,1.6596
4.5709,2,1.654
4.6774,2,1.6485
4.7863,2,1.6431
4.8978,2,1.6378
5.0119,2,1.6325
5.1286,2,1.6273
5.2481,2,1.6221
5.3703,2,1.617
5.4954,2,1.612
5.6234,2,1.607
5.7544,2,1.6021
5.8884,2,1.5972
6.0256,2,1.5924
6.166,2,1.5877
6.3096,2,1.583
6.4565,2,1.5784
6.6069,2,1.5738
6.7608,2,1.5692
6.9183,2,1.5647
7.0795,2,1.5603
7.2444,2,1.5559
7.4131,2,1.5515
7.5858,2,1.5472
7.7625,2,1.543
7.9433,2,1.5388
8.1283,2,1.5346
8.3176,2,1.5305
8.5114,2,1.5264
8.7096,2,1.5223
8.9125,2,1.5183
9.1201,2,1.5143
9.3325,2,1.5103
9.5499,2,1.5064
9.7724,2,1.5025
10,2,1.4987
10.233,2,1.4948
10.471,2,1.491
10.715,2,1.4873
10.965,2,1.4835
11.22,2,1.4798
11.482,2,1.4761
11.749,2,1.4724
12.023,2,1.4688
12.303,2,1.4651
12.589,2,1.4615
12.882,2,1.4579
13.183,2,1.4543
13.49,2,1.4507
13.804,2,1.4471
14.125,2,1.4436
14.454,2,1.44
14.791,2,1.4365
15.136,2,1.4329
15.488,2,1.4294
15.849,2,1.4258
16.218,2,1.4223
16.596,2,1.4187
16.982,2,1.4152
17.378,2,1.4116
17.783,2,1.408
18.197,2,1.4044
18.621,2,1.4008
19.055,2,1.3972
19.498,2,1.3935
19.953,2,1.3899
20.417,2,1.3862
20.893,2,1.3825
21.38,2,1.3787
21.878,2,1.3749
22.387,2,1.3711
22.909,2,1.3673
23.442,2,1.3634
23.988,2,1.3594
24.547,2,1.3555
25.119,2,1.3514
25.704,2,1.3473
26.303,2,1.3432
26.915,2,1.339
27.542,2,1.3347
28.184,2,1.3304
28.84,2,1.326
29.512,2,1.3215
30.2,2,1.3169
30.903,2,1.3123
31.623,2,1.3076
32.359,2,1.3028
33.113,2,1.2979
33.884,2,1.2929
34.674,2,1.2878
35.481,2,1.2826
36.308,2,1.2773
37.154,2,1.2719
38.019,2,1.2663
38.905,2,1.2607
39.811,2,1.2549
40.738,2,1.249
41.687,2,1.243
42.658,2,1.2369
43.652,2,1.2306
44.668,2,1.2241
45.709,2,1.2176
46.774,2,1.2109
47.863,2,1.204
48.978,2,1.197
50.119,2,1.1898
51.286,2,1.1825
52.481,2,1.1751
53.703,2,1.1674
54.954,2,1.1596
56.234,2,1.1517
57.544,2,1.1436
58.884,2,1.1353
60.256,2,1.1269
61.66,2,1.1183
63.096,2,1.1095
64.565,2,1.1006
66.069,2,1.0916
67.608,2,1.0823
69.183,2,1.0729
70.795,2,1.0634
72.444,2,1.0537
74.131,2,1.0439
75.858,2,1.0339
77.625,2,1.0237
79.433,2,1.0135
81.283,2,1.0031
83.176,2,0.99256
85.114,2,0.98191
87.096,2,0.97115
89.125,2,0.96027
91.201,2,0.94929
93.325,2,0.93821
95.499,2,0.92704
97.724,2,0.91578
100,2,0.90445
0.01,3,27.363
0.010233,3,26.864
0.010471,3,26.375
0.010715,3,25.896
0.010965,3,25.427
0.01122,3,24.967
0.011482,3,24.517
0.011749,3,24.076
0.012023,3,23.644
0.012303,3,23.22
0.012589,3,22.806
0.012882,3,22.4
0.013183,3,22.002
0.01349,3,21.612
0.013804,3,21.23
0.014125,3,20.856
0.014454,3,20.489
0.014791,3,20.13
0.015136,3,19.778
0.015488,3,19.433
0.015849,3,19.096
0.016218,3,18.764
0.016596,3,18.44
0.016982,3,18.122
0.017378,3,17.811
0.017783,3,17.505
0.018197,3,17.206
0.018621,3,16.913
0.019055,3,16.626
0.019498,3,16.344
0.019953,3,16.068
0.020417,3,15.797
0.020893,3,15.532
0.02138,3,15.272
0.021878,3,15.018
0.022387,3,14.768
0.022909,3,14.523
0.023442,3,14.283
0.023988,3,14.048
0.024547,3,13.817
0.025119,3,13.591
0.025704,3,13.37
0.026303,3,13.153
0.026915,3,12.94
0.027542,3,12.731
0.028184,3,12.526
0.02884,3,12.325
0.029512,3,12.128
0.0302,3,11.935
0.030903,3,11.746
0.031623,3,11.56
0.032359,3,11.378
0.033113,3,11.2
0.033884,3,11.025
0.034674,3,10.853
0.035481,3,10.685
0.036308,3,10.52
0.037154,3,10.358
0.038019,3,10.199
0.038905,3,10.043
0.039811,3,9.8903
0.040738,3,9.7404
0.041687,3,9.5933
0.042658,3,9.449
0.043652,3,9.3075
0.044668,3,9.1687
0.045709,3,9.0325
0.046774,3,8.8989
0.047863,3,8.7678
0.048978,3,8.6391
0.050119,3,8.5129
0.051286,3,8.3891
0.052481,3,8.2676
0.053703,3,8.1483
0.054954,3,8.0313
0.056234,3,7.9165
0.057544,3,7.8038
0.058884,3,7.6933
0.060256,3,7.5847
0.06166,3,7.4782
0.063096,3,7.3737
0.064565,3,7.2711
0.066069,3,7.1704
0.067608,3,7.0715
0.069183,3,6.9745
0.070795,3,6.8792
0.072444,3,6.7857
0.074131,3,6.6939
0.075858,3,6.6038
0.077625,3,6.5153
0.079433,3,6.4285
0.081283,3,6.3432
0.083176,3,6.2595
0.085114,3,6.1772
0.087096,3,6.0965
0.089125,3,6.0172
0.091201,3,5.9394
0.093325,3,5.863
0.095499,3,5.7879
0.097724,3,5.7142
0.1,3,5.6418
0.10233,3,5.5707
0.10471,3,5.5008
0.10715,3,5.4322
0.10965,3,5.3648
0.1122,3,5.2987
0.11482,3,5.2337
0.11749,3,5.1698
0.12023,3,5.1071
0.12303,3,5.0454
0.12589,3,4.9849
0.12882,3,4.9254
0.13183,3,4.867
0.1349,3,4.8095
0.13804,3,4.7531
0.14125,3,4.6977
0.14454,3,4.6432
0.14791,3,4.5897
0.15136,3,4.5371
0.15488,3,4.4854
0.15849,3,4.4346
0.16218,3,4.3847
0.16596,3,4.3356
0.16982,3,4.2874
0.17378,3,4.24
0.17783,3,4.1934
0.18197,3,4.1476
0.18621,3,4.1026
0.19055,3,4.0583
0.19498,3,4.0148
0.19953,3,3.9721
0.20417,3,3.93
0.20893,3,3.8887
0.2138,3,3.8481
0.21878,3,3.8081
0.22387,3,3.7688
0.22909,3,3.7302
0.23442,3,3.6922
0.23988,3,3.6549
0.24547,3,3.6181
0.25119,3,3.582
0.25704,3,3.5465
0.26303,3,3.5116
0.26915,3,3.4772
0.27542,3,3.4434
0.28184,3,3.4102
0.2884,3,3.3775
0.29512,3,3.3454
0.302,3,3.3137
0.30903,3,3.2826
0.31623,3,3.252
0.32359,3,3.2219
0.33113,3,3.1923
0.33884,3,3.1631
0.34674,3,3.1345
0.35481,3,3.1063
0.36308,3,3.0785
0.37154,3,3.0512
0.38019,3,3.0243
0.38905,3,2.9979
0.39811,3,2.9719
0.40738,3,2.9463
0.41687,3,2.9211
0.42658,3,2.8963
0.43652,3,2.8719
0.44668,3,2.8479
0.45709,3,2.8242
0.46774,3,2.801
0.47863,3,2.7781
0.48978,3,2.7555
0.50119,3,2.7333
0.51286,3,2.7115
0.52481,3,2.69
0.53703,3,2.6688
0.54954,3,2.648
0.56234,3,2.6275
0.57544,3,2.6073
0.58884,3,2.5874
0.60256,3,2.5678
0.6166,3,2.5485
0.63096,3,2.5296
0.64565,3,2.5109
0.66069,3,2.4925
0.67608,3,2.4743
0.69183,3,2.4565
0.70795,3,2.4389
0.72444,3,2.4216
0.74131,3,2.4046
0.75858,3,2.3878
0.77625,3,2.3712
0.79433,3,2.355
0.81283,3,2.3389
0.83176,3,2.3231
0.85114,3,2.3075
0.87096,3,2.2922
0.89125,3,2.2771
0.91201,3,2.2622
0.93325,3,2.2476
0.95499,3,2.2331
0.97724,3,2.2189
1,3,2.2049
1.0233,3,2.1911
1.0471,3,2.1775
1.0715,3,2.1641
1.0965,3,2.1509
1.122,3,2.1379
1.1482,3,2.125
1.1749,3,2.1124
1.2023,3,2.0999
1.2303,3,2.0877
1.2589,3,2.0756
1.2882,3,2.0636
1.3183,3,2.0519
1.349,3,2.0403
1.3804,3,2.0289
1.4125,3,2.0177
1.4454,3,2.0066
1.4791,3,1.9956
1.5136,3,1.9849
1.5488,3,1.9743
1.5849,3,1.9638
1.6218,3,1.9535
1.6596,3,1.9433
1.6982,3,1.9333
1.7378,3,1.9234
1.7783,3,1.9136
1.8197,3,1.904
1.8621,3,1.8946
1.9055,3,1.8852
1.9498,3,1.876
1.9953,3,1.8669
2.0417,3,1.858
2.0893,3,1.8491
2.138,3,1.8404
2.1878,3,1.8318
2.2387,3,1.8234
2.2909,3,1.815
2.3442,3,1.8068
2.3988,3,1.7986
2.4547,3,1.7906
2.5119,3,1.7827
2.5704,3,1.7749
2.6303,3,1.7672
2.6915,3,1.7597
2.7542,3,1.7522
2.8184,3,1.7448
2.884,3,1.7375
2.9512,3,1.7303
3.02,3,1.7232
3.0903,3,1.7163
3.1623,3,1.7094
3.2359,3,1.7025
3.3113,3,1.6958
3.3884,3,1.6892
3.4674,3,1.6827
3.5481,3,1.6762
3.6308,3,1.6698
3.7154,3,1.6636
3.8019,3,1.6573
3.8905,3,1.6512
3.9811,3,1.6452
4.0738,3,1.6392
4.1687,3,1.6333
4.2658,3,1.6275
4.3652,3,1.6218
4.4668,3,1.6161
4.5709,3,1.6105
4.6774,3,1.605
4.7863,3,1.5995
4.8978,3,1.5942
5.0119,3,1.5888
5.1286,3,1.5836
5.2481,3,1.5784
5.3703,3,1.5733
5.4954,3,1.5682
5.6234,3,1.5632
5.7544,3,1.5583
5.8884,3,1.5534
6.0256,3,1.5486
6.166,3,1.5438
6.3096,3,1.5391
6.4565,3,1.5344
6.6069,3,1.5298
6.7608,3,1.5253
6.9183,3,1.5208
7.0795,3,1.5163
7.2444,3,1.5119
7.4131,3,1.5075
7.5858,3,1.5032
7.7625,3,1.499
7.9433,3,1.4948
8.1283,3,1.4906
8.3176,3,1.4864
8.5114,3,1.4824
8.7096,3,1.4783
8.9125,3,1.4743
9.1201,3,1.4703
9.3325,3,1.4664
9.5499,3,1.4625
9.7724,3,1.4586
10,3,1.4548
10.233,3,1.451
10.471,3,1.4472
10.715,3,1.4434
10.965,3,1.4397
11.22,3,1.436
11.482,3,1.4323
11.749,3,1.4287
12.023,3,1.4251
12.303,3,1.4215
12.589,3,1.4179
12.882,3,1.4143
13.183,3,1.4108
13.49,3,1.4073
13.804,3,1.4037
14.125,3,1.4002
14.454,3,1.3967
14.791,3,1.3933
15.136,3,1.3898
15.488,3,1.3863
15.849,3,1.3828
16.218,3,1.3794
16.596,3,1.3759
16.982,3,1.3724
17.378,3,1.3689
17.783,3,1.3655
18.197,3,1.362
18.621,3,1.3585
19.055,3,1.355
19.498,3,1.3514
19.953,3,1.3479
20.417,3,1.3443
20.893,3,1.3408
21.38,3,1.3371
21.878,3,1.3335
22.387,3,1.3298
22.909,3,1.3261
23.442,3,1.3224
23.988,3,1.3187
24.547,3,1.3148
25.119,3,1.311
25.704,3,1.3071
26.303,3,1.3032
26.915,3,1.2992
27.542,3,1.2951
28.184,3,1.291
28.84,3,1.2868
29.512,3,1.2826
30.2,3,1.2783
30.903,3,1.2739
31.623,3,1.2694
32.359,3,1.2649
33.113,3,1.2603
33.884,3,1.2556
34.674,3,1.2508
35.481,3,1.2459
36.308,3,1.2409
37.154,3,1.2359
38.019,3,1.2307
38.905,3,1.2254
39.811,3,1.22
40.738,3,1.2145
41.687,3,1.2088
42.658,3,1.2031
43.652,3,1.1972
44.668,3,1.1912
45.709,3,1.185
46.774,3,1.1788
47.863,3,1.1724
48.978,3,1.1658
50.119,3,1.1591
51.286,3,1.1523
52.481,3,1.1453
53.703,3,1.1382
54.954,3,1.1309
56.234,3,1.1234
57.544,3,1.1159
58.884,3,1.1081
60.256,3,1.1002
61.66,3,1.0922
63.096,3,1.084
64.565,3,1.0756
66.069,3,1.0671
67.608,3,1.0584
69.183,3,1.0496
70.795,3,1.0406
72.444,3,1.0315
74.131,3,1.0222
75.858,3,1.0128
77.625,3,1.0032
79.433,3,0.9935
81.283,3,0.98367
83.176,3,0.97371
85.114,3,0.96362
87.096,3,0.95341
89.125,3,0.94309
91.201,3,0.93265
93.325,3,0.92211
95.499,3,0.91147
97.724,3,0.90074
100,3,0.88993
0.01,4,28.189
0.010233,4,27.673
0.010471,4,27.168
0.010715,4,26.673
0.010965,4,26.188
0.01122,4,25.713
0.011482,4,25.248
0.011749,4,24.792
0.012023,4,24.346
0.012303,4,23.909
0.012589,4,23.481
0.012882,4,23.061
0.013183,4,22.65
0.01349,4,22.248
0.013804,4,21.853
0.014125,4,21.467
0.014454,4,21.088
0.014791,4,20.717
0.015136,4,20.354
0.015488,4,19.998
0.015849,4,19.649
0.016218,4,19.307
0.016596,4,18.972
0.016982,4,18.643
0.017378,4,18.322
0.017783,4,18.007
0.018197,4,17.698
0.018621,4,17.395
0.019055,4,17.098
0.019498,4,16.808
0.019953,4,16.523
0.020417,4,16.243
0.020893,4,15.97
0.02138,4,15.701
0.021878,4,15.438
0.022387,4,15.181
0.022909,4,14.928
0.023442,4,14.68
0.023988,4,14.438
0.024547,4,14.2
0.025119,4,13.966
0.025704,4,13.738
0.026303,4,13.514
0.026915,4,13.294
0.027542,4,13.078
0.028184,4,12.867
0.02884,4,12.66
0.029512,4,12.457
0.0302,4,12.258
0.030903,4,12.062
0.031623,4,11.871
0.032359,4,11.683
0.033113,4,11.499
0.033884,4,11.318
0.034674,4,11.141
0.035481,4,10.968
0.036308,4,10.797
0.037154,4,10.63
0.038019,4,10.466
0.038905,4,10.306
0.039811,4,10.148
0.040738,4,9.9935
0.041687,4,9.8419
0.042658,4,9.6931
0.043652,4,9.5472
0.044668,4,9.404
0.045709,4,9.2636
0.046774,4,9.1258
0.047863,4,8.9907
0.048978,4,8.8581
0.050119,4,8.728
0.051286,4,8.6003
0.052481,4,8.475
0.053703,4,8.3521
0.054954,4,8.2315
0.056234,4,8.1132
0.057544,4,7.9971
0.058884,4,7.8831
0.060256,4,7.7712
0.06166,4,7.6615
0.063096,4,7.5538
0.064565,4,7.448
0.066069,4,7.3442
0.067608,4,7.2424
0.069183,4,7.1424
0.070795,4,7.0443
0.072444,4,6.9479
0.074131,4,6.8534
0.075858,4,6.7605
0.077625,4,6.6694
0.079433,4,6.5799
0.081283,4,6.4921
0.083176,4,6.4058
0.085114,4,6.3212
0.087096,4,6.238
0.089125,4,6.1564
0.091201,4,6.0762
0.093325,4,5.9975
0.095499,4,5.9202
0.097724,4,5.8443
0.1,4,5.7697
0.10233,4,5.6965
0.10471,4,5.6246
0.10715,4,5.554
0.10965,4,5.4846
0.1122,4,5.4165
0.11482,4,5.3496
0.11749,4,5.2839
0.12023,4,5.2193
0.12303,4,5.1558
0.12589,4,5.0935
0.12882,4,5.0323
0.13183,4,4.9722
0.1349,4,4.9131
0.13804,4,4.855
0.14125,4,4.798
0.14454,4,4.7419
0.14791,4,4.6868
0.15136,4,4.6327
0.15488,4,4.5795
0.15849,4,4.5273
0.16218,4,4.4759
0.16596,4,4.4255
0.16982,4,4.3758
0.17378,4,4.3271
0.17783,4,4.2792
0.18197,4,4.2321
0.18621,4,4.1858
0.19055,4,4.1403
0.19498,4,4.0955
0.19953,4,4.0516
0.20417,4,4.0083
0.20893,4,3.9658
0.2138,4,3.924
0.21878,4,3.883
0.22387,4,3.8426
0.22909,4,3.8029
0.23442,4,3.7638
0.23988,4,3.7254
0.24547,4,3.6877
0.25119,4,3.6505
0.25704,4,3.614
0.26303,4,3.5781
0.26915,4,3.5428
0.27542,4,3.5081
0.28184,4,3.4739
0.2884,4,3.4404
0.29512,4,3.4073
0.302,4,3.3748
0.30903,4,3.3428
0.31623,4,3.3114
0.32359,4,3.2805
0.33113,4,3.25
0.33884,4,3.2201
0.34674,4,3.1906
0.35481,4,3.1617
0.36308,4,3.1332
0.37154,4,3.1051
0.38019,4,3.0775
0.38905,4,3.0504
0.39811,4,3.0236
0.40738,4,2.9973
0.41687,4,2.9715
0.42658,4,2.946
0.43652,4,2.9209
0.44668,4,2.8963
0.45709,4,2.872
0.46774,4,2.8481
0.47863,4,2.8246
0.48978,4,2.8015
0.50119,4,2.7787
0.51286,4,2.7563
0.52481,4,2.7342
0.53703,4,2.7125
0.54954,4,2.6911
0.56234,4,2.67
0.57544,4,2.6493
0.58884,4,2.6289
0.60256,4,2.6088
0.6166,4,2.589
0.63096,4,2.5695
0.64565,4,2.5503
0.66069,4,2.5315
0.67608,4,2.5129
0.69183,4,2.4945
0.70795,4,2.4765
0.72444,4,2.4588
0.74131,4,2.4413
0.75858,4,2.424
0.77625,4,2.4071
0.79433,4,2.3904
0.81283,4,2.3739
0.83176,4,2.3577
0.85114,4,2.3417
0.87096,4,2.326
0.89125,4,2.3105
0.91201,4,2.2953
0.93325,4,2.2802
0.95499,4,2.2654
0.97724,4,2.2508
1,4,2.2365
1.0233,4,2.2223
1.0471,4,2.2083
1.0715,4,2.1946
1.0965,4,2.1811
1.122,4,2.1677
1.1482,4,2.1546
1.1749,4,2.1416
1.2023,4,2.1288
1.2303,4,2.1163
1.2589,4,2.1039
1.2882,4,2.0916
1.3183,4,2.0796
1.349,4,2.0677
1.3804,4,2.056
1.4125,4,2.0445
1.4454,4,2.0331
1.4791,4,2.0219
1.5136,4,2.0109
1.5488,4,2
1.5849,4,1.9893
1.6218,4,1.9787
1.6596,4,1.9683
1.6982,4,1.958
1.7378,4,1.9479
1.7783,4,1.9379
1.8197,4,1.928
1.8621,4,1.9183
1.9055,4,1.9088
1.9498,4,1.8993
1.9953,4,1.89
2.0417,4,1.8808
2.0893,4,1.8718
2.138,4,1.8629
2.1878,4,1.8541
2.2387,4,1.8454
2.2909,4,1.8368
2.3442,4,1.8284
2.3988,4,1.8201
2.4547,4,1.8119
2.5119,4,1.8038
2.5704,4,1.7958
2.6303,4,1.7879
2.6915,4,1.7802
2.7542,4,1.7725
2.8184,4,1.7649
2.884,4,1.7575
2.9512,4,1.7501
3.02,4,1.7429
3.0903,4,1.7357
3.1623,4,1.7286
3.2359,4,1.7217
3.3113,4,1.7148
3.3884,4,1.708
3.4674,4,1.7013
3.5481,4,1.6947
3.6308,4,1.6882
3.7154,4,1.6817
3.8019,4,1.6754
3.8905,4,1.6691
3.9811,4,1.6629
4.0738,4,1.6568
4.1687,4,1.6508
4.2658,4,1.6448
4.3652,4,1.639
4.4668,4,1.6332
4.5709,4,1.6274
4.6774,4,1.6218
4.7863,4,1.6162
4.8978,4,1.6107
5.0119,4,1.6052
5.1286,4,1.5999
5.2481,4,1.5946
5.3703,4,1.5893
5.4954,4,1.5841
5.6234,4,1.579
5.7544,4,1.574
5.8884,4,1.569
6.0256,4,1.564
6.166,4,1.5591
6.3096,4,1.5543
6.4565,4,1.5495
6.6069,4,1.5448
6.7608,4,1.5402
6.9183,4,1.5356
7.0795,4,1.531
7.2444,4,1.5265
7.4131,4,1.522
7.5858,4,1.5176
7.7625,4,1.5133
7.9433,4,1.5089
8.1283,4,1.5047
8.3176,4,1.5004
8.5114,4,1.4962
8.7096,4,1.4921
8.9125,4,1.488
9.1201,4,1.4839
9.3325,4,1.4799
9.5499,4,1.4759
9.7724,4,1.4719
10,4,1.468
10.233,4,1.4641
10.471,4,1.4602
10.715,4,1.4564
10.965,4,1.4526
11.22,4,1.4488
11.482,4,1.445
11.749,4,1.4413
12.023,4,1.4376
12.303,4,1.4339
12.589,4,1.4302
12.882,4,1.4265
13.183,4,1.4229
13.49,4,1.4193
13.804,4,1.4157
14.125,4,1.4121
14.454,4,1.4085
14.791,4,1.4049
15.136,4,1.4014
15.488,4,1.3978
15.849,4,1.3942
16.218,4,1.3907
16.596,4,1.3871
16.982,4,1.3835
17.378,4,1.38
17.783,4,1.3764
18.197,4,1.3728
18.621,4,1.3692
19.055,4,1.3656
19.498,4,1.362
19.953,4,1.3583
20.417,4,1.3547
20.893,4,1.351
21.38,4,1.3473
21.878,4,1.3435
22.387,4,1.3398
22.909,4,1.336
23.442,4,1.3321
23.988,4,1.3282
24.547,4,1.3243
25.119,4,1.3204
25.704,4,1.3163
26.303,4,1.3123
26.915,4,1.3082
27.542,4,1.304
28.184,4,1.2997
28.84,4,1.2954
29.512,4,1.2911
30.2,4,1.2866
30.903,4,1.2821
31.623,4,1.2775
32.359,4,1.2729
33.113,4,1.2681
33.884,4,1.2633
34.674,4,1.2583
35.481,4,1.2533
36.308,4,1.2481
37.154,4,1.2429
38.019,4,1.2376
38.905,4,1.2321
39.811,4,1.2265
40.738,4,1.2209
41.687,4,1.215
42.658,4,1.2091
43.652,4,1.2031
44.668,4,1.1969
45.709,4,1.1905
46.774,4,1.1841
47.863,4,1.1775
48.978,4,1.1707
50.119,4,1.1639
51.286,4,1.1568
52.481,4,1.1496
53.703,4,1.1423
54.954,4,1.1348
56.234,4,1.1272
57.544,4,1.1194
58.884,4,1.1115
60.256,4,1.1034
61.66,4,1.0951
63.096,4,1.0867
64.565,4,1.0781
66.069,4,1.0694
67.608,4,1.0605
69.183,4,1.0515
70.795,4,1.0423
72.444,4,1.0329
74.131,4,1.0235
75.858,4,1.0139
77.625,4,1.0041
79.433,4,0.9942
81.283,4,0.98418
83.176,4,0.97402
85.114,4,0.96375
87.096,4,0.95336
89.125,4,0.94285
91.201,4,0.93224
93.325,4,0.92154
95.499,4,0.91073
97.724,4,0.89984
100,4,0.88887
0.01,5,28.929
0.010233,5,28.402
0.010471,5,27.886
0.010715,5,27.38
0.010965,5,26.885
0.01122,5,26.4
0.011482,5,25.924
0.011749,5,25.459
0.012023,5,25.003
0.012303,5,24.556
0.012589,5,24.118
0.012882,5,23.689
0.013183,5,23.269
0.01349,5,22.857
0.013804,5,22.454
0.014125,5,22.059
0.014454,5,21.672
0.014791,5,21.293
0.015136,5,20.921
0.015488,5,20.557
0.015849,5,20.2
0.016218,5,19.85
0.016596,5,19.508
0.016982,5,19.172
0.017378,5,18.843
0.017783,5,18.52
0.018197,5,18.204
0.018621,5,17.895
0.019055,5,17.591
0.019498,5,17.293
0.019953,5,17.002
0.020417,5,16.716
0.020893,5,16.436
0.02138,5,16.161
0.021878,5,15.892
0.022387,5,15.628
0.022909,5,15.37
0.023442,5,15.116
0.023988,5,14.868
0.024547,5,14.624
0.025119,5,14.385
0.025704,5,14.151
0.026303,5,13.921
0.026915,5,13.696
0.027542,5,13.475
0.028184,5,13.259
0.02884,5,13.047
0.029512,5,12.838
0.0302,5,12.634
0.030903,5,12.434
0.031623,5,12.238
0.032359,5,12.046
0.033113,5,11.857
0.033884,5,11.672
0.034674,5,11.49
0.035481,5,11.312
0.036308,5,11.138
0.037154,5,10.966
0.038019,5,10.798
0.038905,5,10.634
0.039811,5,10.472
0.040738,5,10.313
0.041687,5,10.158
0.042658,5,10.005
0.043652,5,9.8555
0.044668,5,9.7086
0.045709,5,9.5645
0.046774,5,9.4231
0.047863,5,9.2844
0.048978,5,9.1483
0.050119,5,9.0148
0.051286,5,8.8837
0.052481,5,8.7551
0.053703,5,8.629
0.054954,5,8.5051
0.056234,5,8.3836
0.057544,5,8.2643
0.058884,5,8.1473
0.060256,5,8.0324
0.06166,5,7.9197
0.063096,5,7.809
0.064565,5,7.7004
0.066069,5,7.5938
0.067608,5,7.4891
0.069183,5,7.3864
0.070795,5,7.2855
0.072444,5,7.1865
0.074131,5,7.0893
0.075858,5,6.9939
0.077625,5,6.9002
0.079433,5,6.8082
0.081283,5,6.7179
0.083176,5,6.6292
0.085114,5,6.5421
0.087096,5,6.4566
0.089125,5,6.3726
0.091201,5,6.2902
0.093325,5,6.2092
0.095499,5,6.1297
0.097724,5,6.0516
0.1,5,5.9749
0.10233,5,5.8995
0.10471,5,5.8255
0.10715,5,5.7528
0.10965,5,5.6814
0.1122,5,5.6113
0.11482,5,5.5424
0.11749,5,5.4747
0.12023,5,5.4082
0.12303,5,5.3429
0.12589,5,5.2787
0.12882,5,5.2157
0.13183,5,5.1537
0.1349,5,5.0928
0.13804,5,5.033
0.14125,5,4.9742
0.14454,5,4.9165
0.14791,5,4.8597
0.15136,5,4.8039
0.15488,5,4.7491
0.15849,5,4.6953
0.16218,5,4.6423
0.16596,5,4.5903
0.16982,5,4.5391
0.17378,5,4.4888
0.17783,5,4.4394
0.18197,5,4.3908
0.18621,5,4.3431
0.19055,5,4.2962
0.19498,5,4.25
0.19953,5,4.2046
0.20417,5,4.16
0.20893,5,4.1162
0.2138,5,4.073
0.21878,5,4.0307
0.22387,5,3.989
0.22909,5,3.948
0.23442,5,3.9077
0.23988,5,3.868
0.24547,5,3.829
0.25119,5,3.7907
0.25704,5,3.753
0.26303,5,3.7159
0.26915,5,3.6794
0.27542,5,3.6436
0.28184,5,3.6083
0.2884,5,3.5736
0.29512,5,3.5394
0.302,5,3.5059
0.30903,5,3.4728
0.31623,5,3.4403
0.32359,5,3.4084
0.33113,5,3.3769
0.33884,5,3.346
0.34674,5,3.3155
0.35481,5,3.2855
0.36308,5,3.2561
0.37154,5,3.2271
0.38019,5,3.1985
0.38905,5,3.1704
0.39811,5,3.1428
0.40738,5,3.1156
0.41687,5,3.0888
0.42658,5,3.0625
0.43652,5,3.0365
0.44668,5,3.011
0.45709,5,2.9859
0.46774,5,2.9612
0.47863,5,2.9368
0.48978,5,2.9129
0.50119,5,2.8893
0.51286,5,2.8661
0.52481,5,2.8432
0.53703,5,2.8207
0.54954,5,2.7986
0.56234,5,2.7768
0.57544,5,2.7553
0.58884,5,2.7341
0.60256,5,2.7133
0.6166,5,2.6928
0.63096,5,2.6726
0.64565,5,2.6528
0.66069,5,2.6332
0.67608,5,2.6139
0.69183,5,2.5949
0.70795,5,2.5763
0.72444,5,2.5578
0.74131,5,2.5397
0.75858,5,2.5219
0.77625,5,2.5043
0.79433,5,2.4869
0.81283,5,2.4699
0.83176,5,2.4531
0.85114,5,2.4365
0.87096,5,2.4202
0.89125,5,2.4041
0.91201,5,2.3883
0.93325,5,2.3727
0.95499,5,2.3573
0.97724,5,2.3422
1,5,2.3273
1.0233,5,2.3126
1.0471,5,2.2981
1.0715,5,2.2838
1.0965,5,2.2698
1.122,5,2.2559
1.1482,5,2.2423
1.1749,5,2.2288
1.2023,5,2.2156
1.2303,5,2.2025
1.2589,5,2.1896
1.2882,5,2.1769
1.3183,5,2.1644
1.349,5,2.1521
1.3804,5,2.1399
1.4125,5,2.128
1.4454,5,2.1162
1.4791,5,2.1045
1.5136,5,2.093
1.5488,5,2.0817
1.5849,5,2.0706
1.6218,5,2.0596
1.6596,5,2.0488
1.6982,5,2.0381
1.7378,5,2.0276
1.7783,5,2.0172
1.8197,5,2.0069
1.8621,5,1.9968
1.9055,5,1.9869
1.9498,5,1.9771
1.9953,5,1.9674
2.0417,5,1.9579
2.0893,5,1.9484
2.138,5,1.9392
2.1878,5,1.93
2.2387,5,1.921
2.2909,5,1.9121
2.3442,5,1.9033
2.3988,5,1.8947
2.4547,5,1.8861
2.5119,5,1.8777
2.5704,5,1.8694
2.6303,5,1.8612
2.6915,5,1.8531
2.7542,5,1.8451
2.8184,5,1.8373
2.884,5,1.8295
2.9512,5,1.8218
3.02,5,1.8143
3.0903,5,1.8068
3.1623,5,1.7995
3.2359,5,1.7922
3.3113,5,1.785
3.3884,5,1.778
3.4674,5,1.771
3.5481,5,1.7641
3.6308,5,1.7573
3.7154,5,1.7506
3.8019,5,1.744
3.8905,5,1.7375
3.9811,5,1.731
4.0738,5,1.7247
4.1687,5,1.7184
4.2658,5,1.7122
4.3652,5,1.706
4.4668,5,1.7
4.5709,5,1.694
4.6774,5,1.6881
4.7863,5,1.6823
4.8978,5,1.6766
5.0119,5,1.6709
5.1286,5,1.6653
5.2481,5,1.6597
5.3703,5,1.6543
5.4954,5,1.6488
5.6234,5,1.6435
5.7544,5,1.6382
5.8884,5,1.633
6.0256,5,1.6279
6.166,5,1.6228
6.3096,5,1.6177
6.4565,5,1.6127
6.6069,5,1.6078
6.7608,5,1.6029
6.9183,5,1.5981
7.0795,5,1.5934
7.2444,5,1.5887
7.4131,5,1.584
7.5858,5,1.5794
7.7625,5,1.5748
7.9433,5,1.5703
8.1283,5,1.5658
8.3176,5,1.5614
8.5114,5,1.557
8.7096,5,1.5527
8.9125,5,1.5484
9.1201,5,1.5441
9.3325,5,1.5399
9.5499,5,1.5357
9.7724,5,1.5315
10,5,1.5274
10.233,5,1.5233
10.471,5,1.5193
10.715,5,1.5152
10.965,5,1.5112
11.22,5,1.5073
11.482,5,1.5033
11.749,5,1.4994
12.023,5,1.4955
12.303,5,1.4916
12.589,5,1.4878
12.882,5,1.4839
13.183,5,1.4801
13.49,5,1.4763
13.804,5,1.4725
14.125,5,1.4687
14.454,5,1.4649
14.791,5,1.4611
15.136,5,1.4574
15.488,5,1.4536
15.849,5,1.4498
16.218,5,1.4461
16.596,5,1.4423
16.982,5,1.4385
17.378,5,1.4348
17.783,5,1.431
18.197,5,1.4272
18.621,5,1.4234
19.055,5,1.4195
19.498,5,1.4157
19.953,5,1.4118
20.417,5,1.4079
20.893,5,1.404
21.38,5,1.4001
21.878,5,1.3961
22.387,5,1.3921
22.909,5,1.388
23.442,5,1.3839
23.988,5,1.3798
24.547,5,1.3756
25.119,5,1.3713
25.704,5,1.3671
26.303,5,1.3627
26.915,5,1.3583
27.542,5,1.3538
28.184,5,1.3493
28.84,5,1.3447
29.512,5,1.34
30.2,5,1.3352
30.903,5,1.3304
31.623,5,1.3255
32.359,5,1.3204
33.113,5,1.3153
33.884,5,1.3101
34.674,5,1.3048
35.481,5,1.2994
36.308,5,1.2939
37.154,5,1.2883
38.019,5,1.2825
38.905,5,1.2766
39.811,5,1.2707
40.738,5,1.2645
41.687,5,1.2583
42.658,5,1.2519
43.652,5,1.2454
44.668,5,1.2387
45.709,5,1.2319
46.774,5,1.225
47.863,5,1.2179
48.978,5,1.2107
50.119,5,1.2033
51.286,5,1.1957
52.481,5,1.188
53.703,5,1.1802
54.954,5,1.1721
56.234,5,1.164
57.544,5,1.1556
58.884,5,1.1471
60.256,5,1.1384
61.66,5,1.1296
63.096,5,1.1206
64.565,5,1.1114
66.069,5,1.1021
67.608,5,1.0927
69.183,5,1.083
70.795,5,1.0733
72.444,5,1.0633
74.131,5,1.0533
75.858,5,1.043
77.625,5,1.0327
79.433,5,1.0222
81.283,5,1.0116
83.176,5,1.0008
85.114,5,0.98995
87.096,5,0.97897
89.125,5,0.96788
91.201,5,0.95669
93.325,5,0.9454
95.499,5,0.93403
97.724,5,0.92257
100,5,0.91104
0.01,6,34.126
0.010233,6,33.495
0.010471,6,32.877
0.010715,6,32.271
0.010965,6,31.678
0.01122,6,31.097
0.011482,6,30.528
0.011749,6,29.971
0.012023,6,29.425
0.012303,6,28.89
0.012589,6,28.367
0.012882,6,27.854
0.013183,6,27.351
0.01349,6,26.859
0.013804,6,26.377
0.014125,6,25.904
0.014454,6,25.442
0.014791,6,24.988
0.015136,6,24.544
0.015488,6,24.109
0.015849,6,23.683
0.016218,6,23.265
0.016596,6,22.856
0.016982,6,22.455
0.017378,6,22.062
0.017783,6,21.677
0.018197,6,21.3
0.018621,6,20.93
0.019055,6,20.568
0.019498,6,20.213
0.019953,6,19.865
0.020417,6,19.524
0.020893,6,19.19
0.02138,6,18.863
0.021878,6,18.542
0.022387,6,18.227
0.022909,6,17.919
0.023442,6,17.617
0.023988,6,17.321
0.024547,6,17.031
0.025119,6,16.746
0.025704,6,16.467
0.026303,6,16.194
0.026915,6,15.926
0.027542,6,15.663
0.028184,6,15.406
0.02884,6,15.153
0.029512,6,14.906
0.0302,6,14.663
0.030903,6,14.425
0.031623,6,14.192
0.032359,6,13.963
0.033113,6,13.739
0.033884,6,13.519
0.034674,6,13.303
0.035481,6,13.091
0.036308,6,12.884
0.037154,6,12.681
0.038019,6,12.481
0.038905,6,12.286
0.039811,6,12.094
0.040738,6,11.906
0.041687,6,11.721
0.042658,6,11.54
0.043652,6,11.363
0.044668,6,11.189
0.045709,6,11.018
0.046774,6,10.85
0.047863,6,10.686
0.048978,6,10.525
0.050119,6,10.366
0.051286,6,10.211
0.052481,6,10.059
0.053703,6,9.9095
0.054954,6,9.7629
0.056234,6,9.6191
0.057544,6,9.478
0.058884,6,9.3396
0.060256,6,9.2037
0.06166,6,9.0704
0.063096,6,8.9396
0.064565,6,8.8112
0.066069,6,8.6852
0.067608,6,8.5615
0.069183,6,8.4402
0.070795,6,8.321
0.072444,6,8.2041
0.074131,6,8.0894
0.075858,6,7.9767
0.077625,6,7.8662
0.079433,6,7.7576
0.081283,6,7.6511
0.083176,6,7.5465
0.085114,6,7.4438
0.087096,6,7.343
0.089125,6,7.244
0.091201,6,7.1469
0.093325,6,7.0515
0.095499,6,6.9578
0.097724,6,6.8658
0.1,6,6.7755
0.10233,6,6.6868
0.10471,6,6.5997
0.10715,6,6.5141
0.10965,6,6.4301
0.1122,6,6.3476
0.11482,6,6.2666
0.11749,6,6.187
0.12023,6,6.1089
0.12303,6,6.0321
0.12589,6,5.9567
0.12882,6,5.8826
0.13183,6,5.8098
0.1349,6,5.7384
0.13804,6,5.6681
0.14125,6,5.5992
0.14454,6,5.5314
0.14791,6,5.4648
0.15136,6,5.3994
0.15488,6,5.3351
0.15849,6,5.2719
0.16218,6,5.2098
0.16596,6,5.1488
0.16982,6,5.0889
0.17378,6,5.03
0.17783,6,4.9721
0.18197,6,4.9152
0.18621,6,4.8593
0.19055,6,4.8044
0.19498,6,4.7504
0.19953,6,4.6973
0.20417,6,4.6451
0.20893,6,4.5938
0.2138,6,4.5434
0.21878,6,4.4938
0.22387,6,4.4451
0.22909,6,4.3972
0.23442,6,4.3501
0.23988,6,4.3038
0.24547,6,4.2582
0.25119,6,4.2135
0.25704,6,4.1695
0.26303,6,4.1262
0.26915,6,4.0836
0.27542,6,4.0418
0.28184,6,4.0006
0.2884,6,3.9602
0.29512,6,3.9204
0.302,6,3.8812
0.30903,6,3.8427
0.31623,6,3.8048
0.32359,6,3.7676
0.33113,6,3.731
0.33884,6,3.6949
0.34674,6,3.6595
0.35481,6,3.6246
0.36308,6,3.5903
0.37154,6,3.5565
0.38019,6,3.5233
0.38905,6,3.4907
0.39811,6,3.4585
0.40738,6,3.4269
0.41687,6,3.3958
0.42658,6,3.3652
0.43652,6,3.335
0.44668,6,3.3054
0.45709,6,3.2762
0.46774,6,3.2475
0.47863,6,3.2192
0.48978,6,3.1914
0.50119,6,3.1641
0.51286,6,3.1371
0.52481,6,3.1106
0.53703,6,3.0845
0.54954,6,3.0588
0.56234,6,3.0336
0.57544,6,3.0087
0.58884,6,2.9842
0.60256,6,2.96
0.6166,6,2.9363
0.63096,6,2.9129
0.64565,6,2.8899
0.66069,6,2.8673
0.67608,6,2.8449
0.69183,6,2.823
0.70795,6,2.8013
0.72444,6,2.78
0.74131,6,2.7591
0.75858,6,2.7384
0.77625,6,2.7181
0.79433,6,2.6981
0.81283,6,2.6783
0.83176,6,2.6589
0.85114,6,2.6398
0.87096,6,2.6209
0.89125,6,2.6024
0.91201,6,2.5841
0.93325,6,2.5661
0.95499,6,2.5483
0.97724,6,2.5309
1,6,2.5137
1.0233,6,2.4967
1.0471,6,2.48
1.0715,6,2.4635
1.0965,6,2.4473
1.122,6,2.4314
1.1482,6,2.4156
1.1749,6,2.4001
1.2023,6,2.3848
1.2303,6,2.3698
1.2589,6,2.355
1.2882,6,2.3403
1.3183,6,2.3259
1.349,6,2.3117
1.3804,6,2.2977
1.4125,6,2.284
1.4454,6,2.2704
1.4791,6,2.257
1.5136,6,2.2438
1.5488,6,2.2308
1.5849,6,2.218
1.6218,6,2.2053
1.6596,6,2.1929
1.6982,6,2.1806
1.7378,6,2.1685
1.7783,6,2.1566
1.8197,6,2.1448
1.8621,6,2.1332
1.9055,6,2.1218
1.9498,6,2.1105
1.9953,6,2.0994
2.0417,6,2.0884
2.0893,6,2.0776
2.138,6,2.067
2.1878,6,2.0565
2.2387,6,2.0461
2.2909,6,2.0359
2.3442,6,2.0258
2.3988,6,2.0159
2.4547,6,2.0061
2.5119,6,1.9965
2.5704,6,1.9869
2.6303,6,1.9776
2.6915,6,1.9683
2.7542,6,1.9591
2.8184,6,1.9501
2.884,6,1.9412
2.9512,6,1.9325
3.02,6,1.9238
3.0903,6,1.9153
3.1623,6,1.9069
3.2359,6,1.8986
3.3113,6,1.8904
3.3884,6,1.8823
3.4674,6,1.8743
3.5481,6,1.8664
3.6308,6,1.8586
3.7154,6,1.851
3.8019,6,1.8434
3.8905,6,1.8359
3.9811,6,1.8286
4.0738,6,1.8213
4.1687,6,1.8141
4.2658,6,1.807
4.3652,6,1.8
4.4668,6,1.7931
4.5709,6,1.7863
4.6774,6,1.7796
4.7863,6,1.7729
4.8978,6,1.7664
5.0119,6,1.7599
5.1286,6,1.7535
5.2481,6,1.7472
5.3703,6,1.7409
5.4954,6,1.7348
5.6234,6,1.7287
5.7544,6,1.7227
5.8884,6,1.7167
6.0256,6,1.7108
6.166,6,1.705
6.3096,6,1.6993
6.4565,6,1.6936
6.6069,6,1.688
6.7608,6,1.6825
6.9183,6,1.677
7.0795,6,1.6716
7.2444,6,1.6662
7.4131,6,1.6609
7.5858,6,1.6557
7.7625,6,1.6505
7.9433,6,1.6454
8.1283,6,1.6403
8.3176,6,1.6353
8.5114,6,1.6303
8.7096,6,1.6254
8.9125,6,1.6205
9.1201,6,1.6156
9.3325,6,1.6109
9.5499,6,1.6061
9.7724,6,1.6014
10,6,1.5967
10.233,6,1.5921
10.471,6,1.5875
10.715,6,1.583
10.965,6,1.5785
11.22,6,1.574
11.482,6,1.5695
11.749,6,1.5651
12.023,6,1.5607
12.303,6,1.5563
12.589,6,1.552
12.882,6,1.5476
13.183,6,1.5433
13.49,6,1.539
13.804,6,1.5348
14.125,6,1.5305
14.454,6,1.5263
14.791,6,1.522
15.136,6,1.5178
15.488,6,1.5136
15.849,6,1.5094
16.218,6,1.5052
16.596,6,1.501
16.982,6,1.4967
17.378,6,1.4925
17.783,6,1.4883
18.197,6,1.4841
18.621,6,1.4798
19.055,6,1.4756
19.498,6,1.4713
19.953,6,1.467
20.417,6,1.4627
20.893,6,1.4584
21.38,6,1.454
21.878,6,1.4496
22.387,6,1.4451
22.909,6,1.4407
23.442,6,1.4362
23.988,6,1.4316
24.547,6,1.427
25.119,6,1.4224
25.704,6,1.4176
26.303,6,1.4129
26.915,6,1.4081
27.542,6,1.4032
28.184,6,1.3982
28.84,6,1.3932
29.512,6,1.3881
30.2,6,1.3829
30.903,6,1.3776
31.623,6,1.3723
32.359,6,1.3668
33.113,6,1.3613
33.884,6,1.3557
34.674,6,1.3499
35.481,6,1.3441
36.308,6,1.3381
37.154,6,1.332
38.019,6,1.3259
38.905,6,1.3195
39.811,6,1.3131
40.738,6,1.3065
41.687,6,1.2998
42.658,6,1.293
43.652,6,1.286
44.668,6,1.2789
45.709,6,1.2717
46.774,6,1.2642
47.863,6,1.2567
48.978,6,1.249
50.119,6,1.2411
51.286,6,1.2331
52.481,6,1.2249
53.703,6,1.2165
54.954,6,1.208
56.234,6,1.1994
57.544,6,1.1905
58.884,6,1.1815
60.256,6,1.1724
61.66,6,1.163
63.096,6,1.1535
64.565,6,1.1439
66.069,6,1.1341
67.608,6,1.1241
69.183,6,1.114
70.795,6,1.1037
72.444,6,1.0933
74.131,6,1.0827
75.858,6,1.072
77.625,6,1.0612
79.433,6,1.0502
81.283,6,1.0391
83.176,6,1.0278
85.114,6,1.0165
87.096,6,1.005
89.125,6,0.99347
91.201,6,0.98181
93.325,6,0.97006
95.499,6,0.95823
97.724,6,0.94632
100,6,0.93434
0.01,7,34.384
0.010233,7,33.752
0.010471,7,33.133
0.010715,7,32.527
0.010965,7,31.933
0.01122,7,31.351
0.011482,7,30.781
0.011749,7,30.223
0.012023,7,29.676
0.012303,7,29.141
0.012589,7,28.616
0.012882,7,28.101
0.013183,7,27.598
0.01349,7,27.104
0.013804,7,26.621
0.014125,7,26.147
0.014454,7,25.683
0.014791,7,25.228
0.015136,7,24.782
0.015488,7,24.346
0.015849,7,23.918
0.016218,7,23.498
0.016596,7,23.088
0.016982,7,22.685
0.017378,7,22.29
0.017783,7,21.904
0.018197,7,21.525
0.018621,7,21.153
0.019055,7,20.789
0.019498,7,20.433
0.019953,7,20.083
0.020417,7,19.74
0.020893,7,19.404
0.02138,7,19.075
0.021878,7,18.752
0.022387,7,18.436
0.022909,7,18.126
0.023442,7,17.822
0.023988,7,17.524
0.024547,7,17.231
0.025119,7,16.945
0.025704,7,16.664
0.026303,7,16.389
0.026915,7,16.119
0.027542,7,15.854
0.028184,7,15.594
0.02884,7,15.34
0.029512,7,15.09
0.0302,7,14.846
0.030903,7,14.606
0.031623,7,14.37
0.032359,7,14.14
0.033113,7,13.913
0.033884,7,13.691
0.034674,7,13.474
0.035481,7,13.26
0.036308,7,13.051
0.037154,7,12.845
0.038019,7,12.644
0.038905,7,12.446
0.039811,7,12.252
0.040738,7,12.062
0.041687,7,11.876
0.042658,7,11.693
0.043652,7,11.513
0.044668,7,11.337
0.045709,7,11.164
0.046774,7,10.995
0.047863,7,10.828
0.048978,7,10.665
0.050119,7,10.505
0.051286,7,10.348
0.052481,7,10.193
0.053703,7,10.042
0.054954,7,9.8936
0.056234,7,9.7479
0.057544,7,9.6048
0.058884,7,9.4645
0.060256,7,9.3267
0.06166,7,9.1915
0.063096,7,9.0587
0.064565,7,8.9285
0.066069,7,8.8006
0.067608,7,8.6751
0.069183,7,8.5519
0.070795,7,8.4309
0.072444,7,8.3121
0.074131,7,8.1956
0.075858,7,8.0811
0.077625,7,7.9687
0.079433,7,7.8584
0.081283,7,7.7501
0.083176,7,7.6437
0.085114,7,7.5393
0.087096,7,7.4367
0.089125,7,7.336
0.091201,7,7.2371
0.093325,7,7.14
0.095499,7,7.0446
0.097724,7,6.9509
0.1,7,6.8589
0.10233,7,6.7685
0.10471,7,6.6798
0.10715,7,6.5926
0.10965,7,6.5069
0.1122,7,6.4228
0.11482,7,6.3402
0.11749,7,6.259
0.12023,7,6.1792
0.12303,7,6.1009
0.12589,7,6.0239
0.12882,7,5.9482
0.13183,7,5.8739
0.1349,7,5.8009
0.13804,7,5.7292
0.14125,7,5.6587
0.14454,7,5.5894
0.14791,7,5.5213
0.15136,7,5.4544
0.15488,7,5.3886
0.15849,7,5.324
0.16218,7,5.2605
0.16596,7,5.1981
0.16982,7,5.1367
0.17378,7,5.0764
0.17783,7,5.0172
0.18197,7,4.9589
0.18621,7,4.9016
0.19055,7,4.8453
0.19498,7,4.7899
0.19953,7,4.7355
0.20417,7,4.682
0.20893,7,4.6294
0.2138,7,4.5777
0.21878,7,4.5268
0.22387,7,4.4768
0.22909,7,4.4276
0.23442,7,4.3793
0.23988,7,4.3317
0.24547,7,4.2849
0.25119,7,4.239
0.25704,7,4.1937
0.26303,7,4.1492
0.26915,7,4.1055
0.27542,7,4.0625
0.28184,7,4.0201
0.2884,7,3.9785
0.29512,7,3.9375
0.302,7,3.8972
0.30903,7,3.8576
0.31623,7,3.8186
0.32359,7,3.7803
0.33113,7,3.7425
0.33884,7,3.7054
0.34674,7,3.6689
0.35481,7,3.6329
0.36308,7,3.5976
0.37154,7,3.5628
0.38019,7,3.5285
0.38905,7,3.4948
0.39811,7,3.4617
0.40738,7,3.429
0.41687,7,3.3969
0.42658,7,3.3653
0.43652,7,3.3342
0.44668,7,3.3036
0.45709,7,3.2734
0.46774,7,3.2438
0.47863,7,3.2146
0.48978,7,3.1858
0.50119,7,3.1575
0.51286,7,3.1297
0.52481,7,3.1023
0.53703,7,3.0753
0.54954,7,3.0487
0.56234,7,3.0225
0.57544,7,2.9968
0.58884,7,2.9714
0.60256,7,2.9464
0.6166,7,2.9218
0.63096,7,2.8976
0.64565,7,2.8738
0.66069,7,2.8503
0.67608,7,2.8272
0.69183,7,2.8044
0.70795,7,2.782
0.72444,7,2.7599
0.74131,7,2.7381
0.75858,7,2.7167
0.77625,7,2.6956
0.79433,7,2.6748
0.81283,7,2.6543
0.83176,7,2.6342
0.85114,7,2.6143
0.87096,7,2.5947
0.89125,7,2.5754
0.91201,7,2.5564
0.93325,7,2.5377
0.95499,7,2.5193
0.97724,7,2.5011
1,7,2.4832
1.0233,7,2.4656
1.0471,7,2.4482
1.0715,7,2.4311
1.0965,7,2.4142
1.122,7,2.3976
1.1482,7,2.3812
1.1749,7,2.3651
1.2023,7,2.3492
1.2303,7,2.3335
1.2589,7,2.3181
1.2882,7,2.3028
1.3183,7,2.2878
1.349,7,2.273
1.3804,7,2.2585
1.4125,7,2.2441
1.4454,7,2.2299
1.4791,7,2.216
1.5136,7,2.2022
1.5488,7,2.1886
1.5849,7,2.1753
1.6218,7,2.1621
1.6596,7,2.1491
1.6982,7,2.1363
1.7378,7,2.1236
1.7783,7,2.1112
1.8197,7,2.0989
1.8621,7,2.0868
1.9055,7,2.0749
1.9498,7,2.0631
1.9953,7,2.0515
2.0417,7,2.04
2.0893,7,2.0288
2.138,7,2.0176
2.1878,7,2.0066
2.2387,7,1.9958
2.2909,7,1.9852
2.3442,7,1.9746
2.3988,7,1.9642
2.4547,7,1.954
2.5119,7,1.9439
2.5704,7,1.9339
2.6303,7,1.9241
2.6915,7,1.9144
2.7542,7,1.9048
2.8184,7,1.8954
2.884,7,1.8861
2.9512,7,1.8769
3.02,7,1.8679
3.0903,7,1.8589
3.1623,7,1.8501
3.2359,7,1.8414
3.3113,7,1.8328
3.3884,7,1.8244
3.4674,7,1.816
3.5481,7,1.8078
3.6308,7,1.7996
3.7154,7,1.7916
3.8019,7,1.7837
3.8905,7,1.7759
3.9811,7,1.7681
4.0738,7,1.7605
4.1687,7,1.753
4.2658,7,1.7456
4.3652,7,1.7383
4.4668,7,1.731
4.5709,7,1.7239
4.6774,7,1.7168
4.7863,7,1.7099
4.8978,7,1.703
5.0119,7,1.6962
5.1286,7,1.6895
5.2481,7,1.6829
5.3703,7,1.6764
5.4954,7,1.6699
5.6234,7,1.6636
5.7544,7,1.6573
5.8884,7,1.6511
6.0256,7,1.6449
6.166,7,1.6388
6.3096,7,1.6328
6.4565,7,1.6269
6.6069,7,1.6211
6.7608,7,1.6153
6.9183,7,1.6096
7.0795,7,1.6039
7.2444,7,1.5983
7.4131,7,1.5928
7.5858,7,1.5873
7.7625,7,1.5819
7.9433,7,1.5766
8.1283,7,1.5713
8.3176,7,1.5661
8.5114,7,1.5609
8.7096,7,1.5558
8.9125,7,1.5507
9.1201,7,1.5457
9.3325,7,1.5407
9.5499,7,1.5358
9.7724,7,1.531
10,7,1.5261
10.233,7,1.5214
10.471,7,1.5166
10.715,7,1.5119
10.965,7,1.5073
11.22,7,1.5027
11.482,7,1.4981
11.749,7,1.4936
12.023,7,1.4891
12.303,7,1.4846
12.589,7,1.4802
12.882,7,1.4757
13.183,7,1.4714
13.49,7,1.467
13.804,7,1.4627
14.125,7,1.4584
14.454,7,1.4541
14.791,7,1.4498
15.136,7,1.4456
15.488,7,1.4413
15.849,7,1.4371
16.218,7,1.4329
16.596,7,1.4287
16.982,7,1.4246
17.378,7,1.4204
17.783,7,1.4162
18.197,7,1.412
18.621,7,1.4079
19.055,7,1.4037
19.498,7,1.3995
19.953,7,1.3953
20.417,7,1.3911
20.893,7,1.3869
21.38,7,1.3827
21.878,7,1.3785
22.387,7,1.3742
22.909,7,1.37
23.442,7,1.3657
23.988,7,1.3613
24.547,7,1.357
25.119,7,1.3526
25.704,7,1.3482
26.303,7,1.3437
26.915,7,1.3392
27.542,7,1.3346
28.184,7,1.33
28.84,7,1.3254
29.512,7,1.3207
30.2,7,1.3159
30.903,7,1.3111
31.623,7,1.3062
32.359,7,1.3012
33.113,7,1.2962
33.884,7,1.2911
34.674,7,1.2859
35.481,7,1.2806
36.308,7,1.2752
37.154,7,1.2698
38.019,7,1.2642
38.905,7,1.2586
39.811,7,1.2528
40.738,7,1.2469
41.687,7,1.241
42.658,7,1.2349
43.652,7,1.2287
44.668,7,1.2224
45.709,7,1.216
46.774,7,1.2094
47.863,7,1.2027
48.978,7,1.1959
50.119,7,1.1889
51.286,7,1.1818
52.481,7,1.1746
53.703,7,1.1672
54.954,7,1.1597
56.234,7,1.1521
57.544,7,1.1443
58.884,7,1.1363
60.256,7,1.1282
61.66,7,1.12
63.096,7,1.1115
64.565,7,1.103
66.069,7,1.0943
67.608,7,1.0854
69.183,7,1.0764
70.795,7,1.0673
72.444,7,1.058
74.131,7,1.0486
75.858,7,1.039
77.625,7,1.0293
79.433,7,1.0194
81.283,7,1.0095
83.176,7,0.99934
85.114,7,0.98911
87.096,7,0.97876
89.125,7,0.96829
91.201,7,0.95772
93.325,7,0.94704
95.499,7,0.93626
97.724,7,0.92539
100,7,0.91443
0.01,8,36.674
0.010233,8,36.002
0.010471,8,35.345
0.010715,8,34.7
0.010965,8,34.069
0.01122,8,33.451
0.011482,8,32.846
0.011749,8,32.252
0.012023,8,31.671
0.012303,8,31.102
0.012589,8,30.544
0.012882,8,29.997
0.013183,8,29.462
0.01349,8,28.937
0.013804,8,28.423
0.014125,8,27.919
0.014454,8,27.426
0.014791,8,26.942
0.015136,8,26.468
0.015488,8,26.004
0.015849,8,25.548
0.016218,8,25.102
0.016596,8,24.665
0.016982,8,24.237
0.017378,8,23.817
0.017783,8,23.406
0.018197,8,23.003
0.018621,8,22.607
0.019055,8,22.22
0.019498,8,21.84
0.019953,8,21.468
0.020417,8,21.104
0.020893,8,20.746
0.02138,8,20.395
0.021878,8,20.052
0.022387,8,19.715
0.022909,8,19.385
0.023442,8,19.061
0.023988,8,18.744
0.024547,8,18.432
0.025119,8,18.127
0.025704,8,17.828
0.026303,8,17.535
0.026915,8,17.247
0.027542,8,16.965
0.028184,8,16.689
0.02884,8,16.417
0.029512,8,16.152
0.0302,8,15.891
0.030903,8,15.635
0.031623,8,15.384
0.032359,8,15.138
0.033113,8,14.897
0.033884,8,14.66
0.034674,8,14.428
0.035481,8,14.201
0.036308,8,13.977
0.037154,8,13.758
0.038019,8,13.543
0.038905,8,13.333
0.039811,8,13.126
0.040738,8,12.923
0.041687,8,12.724
0.042658,8,12.529
0.043652,8,12.337
0.044668,8,12.149
0.045709,8,11.965
0.046774,8,11.784
0.047863,8,11.606
0.048978,8,11.432
0.050119,8,11.261
0.051286,8,11.093
0.052481,8,10.929
0.053703,8,10.767
0.054954,8,10.608
0.056234,8,10.453
0.057544,8,10.3
0.058884,8,10.15
0.060256,8,10.003
0.06166,8,9.8584
0.063096,8,9.7166
0.064565,8,9.5774
0.066069,8,9.4408
0.067608,8,9.3067
0.069183,8,9.175
0.070795,8,9.0457
0.072444,8,8.9187
0.074131,8,8.7941
0.075858,8,8.6717
0.077625,8,8.5516
0.079433,8,8.4336
0.081283,8,8.3178
0.083176,8,8.204
0.085114,8,8.0923
0.087096,8,7.9826
0.089125,8,7.8749
0.091201,8,7.769
0.093325,8,7.6651
0.095499,8,7.5631
0.097724,8,7.4628
0.1,8,7.3643
0.10233,8,7.2676
0.10471,8,7.1726
0.10715,8,7.0793
0.10965,8,6.9876
0.1122,8,6.8975
0.11482,8,6.809
0.11749,8,6.7221
0.12023,8,6.6366
0.12303,8,6.5527
0.12589,8,6.4703
0.12882,8,6.3892
0.13183,8,6.3096
0.1349,8,6.2314
0.13804,8,6.1545
0.14125,8,6.0789
0.14454,8,6.0047
0.14791,8,5.9317
0.15136,8,5.86
0.15488,8,5.7895
0.15849,8,5.7202
0.16218,8,5.6521
0.16596,8,5.5852
0.16982,8,5.5194
0.17378,8,5.4547
0.17783,8,5.3911
0.18197,8,5.3286
0.18621,8,5.2672
0.19055,8,5.2068
0.19498,8,5.1474
0.19953,8,5.089
0.20417,8,5.0315
0.20893,8,4.9751
0.2138,8,4.9196
0.21878,8,4.865
0.22387,8,4.8113
0.22909,8,4.7585
0.23442,8,4.7066
0.23988,8,4.6555
0.24547,8,4.6053
0.25119,8,4.5559
0.25704,8,4.5073
0.26303,8,4.4595
0.26915,8,4.4125
0.27542,8,4.3663
0.28184,8,4.3208
0.2884,8,4.2761
0.29512,8,4.232
0.302,8,4.1887
0.30903,8,4.1461
0.31623,8,4.1042
0.32359,8,4.063
0.33113,8,4.0224
0.33884,8,3.9825
0.34674,8,3.9432
0.35481,8,3.9046
0.36308,8,3.8665
0.37154,8,3.8291
0.38019,8,3.7923
0.38905,8,3.756
0.39811,8,3.7203
0.40738,8,3.6852
0.41687,8,3.6507
0.42658,8,3.6166
0.43652,8,3.5832
0.44668,8,3.5502
0.45709,8,3.5178
0.46774,8,3.4858
0.47863,8,3.4544
0.48978,8,3.4234
0.50119,8,3.393
0.51286,8,3.363
0.52481,8,3.3335
0.53703,8,3.3044
0.54954,8,3.2758
0.56234,8,3.2476
0.57544,8,3.2198
0.58884,8,3.1925
0.60256,8,3.1656
0.6166,8,3.1391
0.63096,8,3.113
0.64565,8,3.0873
0.66069,8,3.062
0.67608,8,3.0371
0.69183,8,3.0125
0.70795,8,2.9883
0.72444,8,2.9645
0.74131,8,2.9411
0.75858,8,2.9179
0.77625,8,2.8952
0.79433,8,2.8728
0.81283,8,2.8507
0.83176,8,2.8289
0.85114,8,2.8075
0.87096,8,2.7864
0.89125,8,2.7656
0.91201,8,2.7451
0.93325,8,2.7249
0.95499,8,2.705
0.97724,8,2.6854
1,8,2.6661
1.0233,8,2.6471
1.0471,8,2.6283
1.0715,8,2.6098
1.0965,8,2.5916
1.122,8,2.5737
1.1482,8,2.556
1.1749,8,2.5385
1.2023,8,2.5214
1.2303,8,2.5044
1.2589,8,2.4878
1.2882,8,2.4713
1.3183,8,2.4551
1.349,8,2.4391
1.3804,8,2.4234
1.4125,8,2.4078
1.4454,8,2.3925
1.4791,8,2.3775
1.5136,8,2.3626
1.5488,8,2.3479
1.5849,8,2.3335
1.6218,8,2.3192
1.6596,8,2.3052
1.6982,8,2.2913
1.7378,8,2.2777
1.7783,8,2.2642
1.8197,8,2.2509
1.8621,8,2.2378
1.9055,8,2.2249
1.9498,8,2.2122
1.9953,8,2.1996
2.0417,8,2.1872
2.0893,8,2.175
2.138,8,2.163
2.1878,8,2.1511
2.2387,8,2.1394
2.2909,8,2.1279
2.3442,8,2.1165
2.3988,8,2.1052
2.4547,8,2.0941
2.5119,8,2.0832
2.5704,8,2.0724
2.6303,8,2.0618
2.6915,8,2.0513
2.7542,8,2.0409
2.8184,8,2.0307
2.884,8,2.0206
2.9512,8,2.0107
3.02,8,2.0009
3.0903,8,1.9912
3.1623,8,1.9817
3.2359,8,1.9722
3.3113,8,1.9629
3.3884,8,1.9538
3.4674,8,1.9447
3.5481,8,1.9358
3.6308,8,1.927
3.7154,8,1.9183
3.8019,8,1.9097
3.8905,8,1.9012
3.9811,8,1.8928
4.0738,8,1.8846
4.1687,8,1.8764
4.2658,8,1.8684
4.3652,8,1.8604
4.4668,8,1.8526
4.5709,8,1.8448
4.6774,8,1.8372
4.7863,8,1.8296
4.8978,8,1.8222
5.0119,8,1.8148
5.1286,8,1.8075
5.2481,8,1.8004
5.3703,8,1.7933
5.4954,8,1.7863
5.6234,8,1.7793
5.7544,8,1.7725
5.8884,8,1.7658
6.0256,8,1.7591
6.166,8,1.7525
6.3096,8,1.746
6.4565,8,1.7395
6.6069,8,1.7332
6.7608,8,1.7269
6.9183,8,1.7206
7.0795,8,1.7145
7.2444,8,1.7084
7.4131,8,1.7024
7.5858,8,1.6964
7.7625,8,1.6906
7.9433,8,1.6847
8.1283,8,1.679
8.3176,8,1.6733
8.5114,8,1.6676
8.7096,8,1.662
8.9125,8,1.6565
9.1201,8,1.651
9.3325,8,1.6456
9.5499,8,1.6402
9.7724,8,1.6349
10,8,1.6296
10.233,8,1.6244
10.471,8,1.6192
10.715,8,1.6141
10.965,8,1.609
11.22,8,1.6039
11.482,8,1.5989
11.749,8,1.5939
12.023,8,1.589
12.303,8,1.5841
12.589,8,1.5792
12.882,8,1.5743
13.183,8,1.5695
13.49,8,1.5647
13.804,8,1.5599
14.125,8,1.5552
14.454,8,1.5504
14.791,8,1.5457
15.136,8,1.541
15.488,8,1.5363
15.849,8,1.5316
16.218,8,1.527
16.596,8,1.5223
16.982,8,1.5176
17.378,8,1.513
17.783,8,1.5083
18.197,8,1.5037
18.621,8,1.499
19.055,8,1.4943
19.498,8,1.4896
19.953,8,1.4849
20.417,8,1.4802
20.893,8,1.4755
21.38,8,1.4708
21.878,8,1.466
22.387,8,1.4612
22.909,8,1.4563
23.442,8,1.4515
23.988,8,1.4466
24.547,8,1.4416
25.119,8,1.4366
25.704,8,1.4316
26.303,8,1.4265
26.915,8,1.4214
27.542,8,1.4162
28.184,8,1.4109
28.84,8,1.4056
29.512,8,1.4002
30.2,8,1.3947
30.903,8,1.3892
31.623,8,1.3835
32.359,8,1.3778
33.113,8,1.372
33.884,8,1.3661
34.674,8,1.3601
35.481,8,1.354
36.308,8,1.3479
37.154,8,1.3416
38.019,8,1.3351
38.905,8,1.3286
39.811,8,1.322
40.738,8,1.3152
41.687,8,1.3083
42.658,8,1.3013
43.652,8,1.2941
44.668,8,1.2868
45.709,8,1.2794
46.774,8,1.2718
47.863,8,1.2641
48.978,8,1.2562
50.119,8,1.2482
51.286,8,1.2401
52.481,8,1.2317
53.703,8,1.2233
54.954,8,1.2146
56.234,8,1.2059
57.544,8,1.1969
58.884,8,1.1878
60.256,8,1.1785
61.66,8,1.1691
63.096,8,1.1596
64.565,8,1.1498
66.069,8,1.1399
67.608,8,1.1299
69.183,8,1.1197
70.795,8,1.1094
72.444,8,1.0989
74.131,8,1.0883
75.858,8,1.0775
77.625,8,1.0666
79.433,8,1.0556
81.283,8,1.0445
83.176,8,1.0332
85.114,8,1.0218
87.096,8,1.0103
89.125,8,0.99877
91.201,8,0.98709
93.325,8,0.97532
95.499,8,0.96348
97.724,8,0.95155
100,8,0.93957
0.01,9,39.148
0.010233,9,38.415
0.010471,9,37.698
0.010715,9,36.995
0.010965,9,36.307
0.01122,9,35.633
0.011482,9,34.973
0.011749,9,34.327
0.012023,9,33.694
0.012303,9,33.074
0.012589,9,32.467
0.012882,9,31.872
0.013183,9,31.29
0.01349,9,30.719
0.013804,9,30.16
0.014125,9,29.613
0.014454,9,29.077
0.014791,9,28.551
0.015136,9,28.037
0.015488,9,27.533
0.015849,9,27.039
0.016218,9,26.555
0.016596,9,26.081
0.016982,9,25.617
0.017378,9,25.162
0.017783,9,24.716
0.018197,9,24.279
0.018621,9,23.851
0.019055,9,23.432
0.019498,9,23.021
0.019953,9,22.618
0.020417,9,22.224
0.020893,9,21.837
0.02138,9,21.458
0.021878,9,21.087
0.022387,9,20.723
0.022909,9,20.367
0.023442,9,20.017
0.023988,9,19.675
0.024547,9,19.339
0.025119,9,19.01
0.025704,9,18.688
0.026303,9,18.372
0.026915,9,18.062
0.027542,9,17.758
0.028184,9,17.461
0.02884,9,17.169
0.029512,9,16.883
0.0302,9,16.602
0.030903,9,16.327
0.031623,9,16.058
0.032359,9,15.794
0.033113,9,15.535
0.033884,9,15.281
0.034674,9,15.032
0.035481,9,14.787
0.036308,9,14.548
0.037154,9,14.313
0.038019,9,14.083
0.038905,9,13.857
0.039811,9,13.636
0.040738,9,13.419
0.041687,9,13.206
0.042658,9,12.997
0.043652,9,12.792
0.044668,9,12.591
0.045709,9,12.394
0.046774,9,12.201
0.047863,9,12.012
0.048978,9,11.826
0.050119,9,11.643
0.051286,9,11.465
0.052481,9,11.289
0.053703,9,11.117
0.054954,9,10.948
0.056234,9,10.782
0.057544,9,10.62
0.058884,9,10.46
0.060256,9,10.304
0.06166,9,10.15
0.063096,9,9.9997
0.064565,9,9.8519
0.066069,9,9.7069
0.067608,9,9.5645
0.069183,9,9.4249
0.070795,9,9.2878
0.072444,9,9.1533
0.074131,9,9.0212
0.075858,9,8.8916
0.077625,9,8.7645
0.079433,9,8.6396
0.081283,9,8.5171
0.083176,9,8.3968
0.085114,9,8.2788
0.087096,9,8.1629
0.089125,9,8.0491
0.091201,9,7.9375
0.093325,9,7.8278
0.095499,9,7.7202
0.097724,9,7.6145
0.1,9,7.5107
0.10233,9,7.4089
0.10471,9,7.3088
0.10715,9,7.2106
0.10965,9,7.1142
0.1122,9,7.0194
0.11482,9,6.9264
0.11749,9,6.8351
0.12023,9,6.7454
0.12303,9,6.6573
0.12589,9,6.5708
0.12882,9,6.4858
0.13183,9,6.4023
0.1349,9,6.3203
0.13804,9,6.2398
0.14125,9,6.1607
0.14454,9,6.083
0.14791,9,6.0067
0.15136,9,5.9317
0.15488,9,5.858
0.15849,9,5.7856
0.16218,9,5.7145
0.16596,9,5.6446
0.16982,9,5.5759
0.17378,9,5.5085
0.17783,9,5.4422
0.18197,9,5.377
0.18621,9,5.313
0.19055,9,5.2501
0.19498,9,5.1883
0.19953,9,5.1275
0.20417,9,5.0678
0.20893,9,5.0091
0.2138,9,4.9515
0.21878,9,4.8948
0.22387,9,4.839
0.22909,9,4.7842
0.23442,9,4.7304
0.23988,9,4.6774
0.24547,9,4.6254
0.25119,9,4.5742
0.25704,9,4.5239
0.26303,9,4.4745
0.26915,9,4.4258
0.27542,9,4.378
0.28184,9,4.331
0.2884,9,4.2848
0.29512,9,4.2393
0.302,9,4.1946
0.30903,9,4.1506
0.31623,9,4.1074
0.32359,9,4.0649
0.33113,9,4.0231
0.33884,9,3.9819
0.34674,9,3.9415
0.35481,9,3.9017
0.36308,9,3.8626
0.37154,9,3.8241
0.38019,9,3.7862
0.38905,9,3.7489
0.39811,9,3.7123
0.40738,9,3.6762
0.41687,9,3.6408
0.42658,9,3.6059
0.43652,9,3.5715
0.44668,9,3.5377
0.45709,9,3.5045
0.46774,9,3.4718
0.47863,9,3.4396
0.48978,9,3.4079
0.50119,9,3.3768
0.51286,9,3.3461
0.52481,9,3.3159
0.53703,9,3.2862
0.54954,9,3.2569
0.56234,9,3.2282
0.57544,9,3.1998
0.58884,9,3.172
0.60256,9,3.1445
0.6166,9,3.1175
0.63096,9,3.0909
0.64565,9,3.0647
0.66069,9,3.039
0.67608,9,3.0136
0.69183,9,2.9886
0.70795,9,2.964
0.72444,9,2.9398
0.74131,9,2.916
0.75858,9,2.8925
0.77625,9,2.8694
0.79433,9,2.8466
0.81283,9,2.8242
0.83176,9,2.8021
0.85114,9,2.7804
0.87096,9,2.759
0.89125,9,2.7379
0.91201,9,2.7172
0.93325,9,2.6967
0.95499,9,2.6766
0.97724,9,2.6568
1,9,2.6372
1.0233,9,2.618
1.0471,9,2.599
1.0715,9,2.5804
1.0965,9,2.562
1.122,9,2.5438
1.1482,9,2.526
1.1749,9,2.5084
1.2023,9,2.4911
1.2303,9,2.474
1.2589,9,2.4572
1.2882,9,2.4406
1.3183,9,2.4243
1.349,9,2.4082
1.3804,9,2.3924
1.4125,9,2.3767
1.4454,9,2.3613
1.4791,9,2.3462
1.5136,9,2.3312
1.5488,9,2.3165
1.5849,9,2.302
1.6218,9,2.2877
1.6596,9,2.2736
1.6982,9,2.2597
1.7378,9,2.246
1.7783,9,2.2324
1.8197,9,2.2191
1.8621,9,2.206
1.9055,9,2.1931
1.9498,9,2.1803
1.9953,9,2.1677
2.0417,9,2.1554
2.0893,9,2.1431
2.138,9,2.1311
2.1878,9,2.1192
2.2387,9,2.1075
2.2909,9,2.096
2.3442,9,2.0846
2.3988,9,2.0734
2.4547,9,2.0623
2.5119,9,2.0514
2.5704,9,2.0406
2.6303,9,2.03
2.6915,9,2.0195
2.7542,9,2.0092
2.8184,9,1.999
2.884,9,1.989
2.9512,9,1.9791
3.02,9,1.9693
3.0903,9,1.9597
3.1623,9,1.9502
3.2359,9,1.9408
3.3113,9,1.9315
3.3884,9,1.9224
3.4674,9,1.9134
3.5481,9,1.9045
3.6308,9,1.8958
3.7154,9,1.8871
3.8019,9,1.8786
3.8905,9,1.8702
3.9811,9,1.8619
4.0738,9,1.8537
4.1687,9,1.8456
4.2658,9,1.8376
4.3652,9,1.8297
4.4668,9,1.8219
4.5709,9,1.8142
4.6774,9,1.8067
4.7863,9,1.7992
4.8978,9,1.7918
5.0119,9,1.7845
5.1286,9,1.7773
5.2481,9,1.7702
5.3703,9,1.7632
5.4954,9,1.7563
5.6234,9,1.7494
5.7544,9,1.7427
5.8884,9,1.736
6.0256,9,1.7294
6.166,9,1.7229
6.3096,9,1.7164
6.4565,9,1.7101
6.6069,9,1.7038
6.7608,9,1.6976
6.9183,9,1.6914
7.0795,9,1.6854
7.2444,9,1.6794
7.4131,9,1.6734
7.5858,9,1.6676
7.7625,9,1.6618
7.9433,9,1.6561
8.1283,9,1.6504
8.3176,9,1.6448
8.5114,9,1.6392
8.7096,9,1.6337
8.9125,9,1.6283
9.1201,9,1.6229
9.3325,9,1.6176
9.5499,9,1.6123
9.7724,9,1.6071
10,9,1.6019
10.233,9,1.5968
10.471,9,1.5917
10.715,9,1.5866
10.965,9,1.5816
11.22,9,1.5767
11.482,9,1.5718
11.749,9,1.5669
12.023,9,1.562
12.303,9,1.5572
12.589,9,1.5525
12.882,9,1.5477
13.183,9,1.543
13.49,9,1.5383
13.804,9,1.5336
14.125,9,1.529
14.454,9,1.5244
14.791,9,1.5198
15.136,9,1.5152
15.488,9,1.5106
15.849,9,1.506
16.218,9,1.5015
16.596,9,1.497
16.982,9,1.4924
17.378,9,1.4879
17.783,9,1.4834
18.197,9,1.4789
18.621,9,1.4743
19.055,9,1.4698
19.498,9,1.4653
19.953,9,1.4607
20.417,9,1.4561
20.893,9,1.4516
21.38,9,1.447
21.878,9,1.4423
22.387,9,1.4377
22.909,9,1.433
23.442,9,1.4283
23.988,9,1.4236
24.547,9,1.4188
25.119,9,1.414
25.704,9,1.4092
26.303,9,1.4042
26.915,9,1.3993
27.542,9,1.3943
28.184,9,1.3892
28.84,9,1.3841
29.512,9,1.3789
30.2,9,1.3737
30.903,9,1.3683
31.623,9,1.3629
32.359,9,1.3574
33.113,9,1.3519
33.884,9,1.3462
34.674,9,1.3405
35.481,9,1.3346
36.308,9,1.3287
37.154,9,1.3226
38.019,9,1.3165
38.905,9,1.3102
39.811,9,1.3039
40.738,9,1.2974
41.687,9,1.2908
42.658,9,1.284
43.652,9,1.2772
44.668,9,1.2702
45.709,9,1.263
46.774,9,1.2558
47.863,9,1.2484
48.978,9,1.2408
50.119,9,1.2331
51.286,9,1.2253
52.481,9,1.2173
53.703,9,1.2092
54.954,9,1.2009
56.234,9,1.1924
57.544,9,1.1838
58.884,9,1.1751
60.256,9,1.1661
61.66,9,1.1571
63.096,9,1.1479
64.565,9,1.1385
66.069,9,1.1289
67.608,9,1.1193
69.183,9,1.1094
70.795,9,1.0994
72.444,9,1.0893
74.131,9,1.079
75.858,9,1.0686
77.625,9,1.0581
79.433,9,1.0474
81.283,9,1.0366
83.176,9,1.0257
85.114,9,1.0146
87.096,9,1.0034
89.125,9,0.99218
91.201,9,0.98081
93.325,9,0.96935
95.499,9,0.9578
97.724,9,0.94618
100,9,0.93448
0.01,10,41.259
0.010233,10,40.483
0.010471,10,39.723
0.010715,10,38.978
0.010965,10,38.249
0.01122,10,37.535
0.011482,10,36.836
0.011749,10,36.152
0.012023,10,35.481
0.012303,10,34.825
0.012589,10,34.182
0.012882,10,33.552
0.013183,10,32.935
0.01349,10,32.331
0.013804,10,31.739
0.014125,10,31.159
0.014454,10,30.591
0.014791,10,30.035
0.015136,10,29.49
0.015488,10,28.957
0.015849,10,28.434
0.016218,10,27.922
0.016596,10,27.42
0.016982,10,26.929
0.017378,10,26.447
0.017783,10,25.975
0.018197,10,25.513
0.018621,10,25.06
0.019055,10,24.617
0.019498,10,24.182
0.019953,10,23.756
0.020417,10,23.339
0.020893,10,22.93
0.02138,10,22.529
0.021878,10,22.137
0.022387,10,21.752
0.022909,10,21.375
0.023442,10,21.005
0.023988,10,20.643
0.024547,10,20.288
0.025119,10,19.94
0.025704,10,19.6
0.026303,10,19.265
0.026915,10,18.938
0.027542,10,18.617
0.028184,10,18.302
0.02884,10,17.994
0.029512,10,17.692
0.0302,10,17.395
0.030903,10,17.105
0.031623,10,16.82
0.032359,10,16.541
0.033113,10,16.267
0.033884,10,15.999
0.034674,10,15.736
0.035481,10,15.478
0.036308,10,15.225
0.037154,10,14.977
0.038019,10,14.734
0.038905,10,14.496
0.039811,10,14.262
0.040738,10,14.033
0.041687,10,13.808
0.042658,10,13.588
0.043652,10,13.372
0.044668,10,13.16
0.045709,10,12.952
0.046774,10,12.748
0.047863,10,12.548
0.048978,10,12.352
0.050119,10,12.16
0.051286,10,11.971
0.052481,10,11.786
0.053703,10,11.604
0.054954,10,11.426
0.056234,10,11.251
0.057544,10,11.08
0.058884,10,10.912
0.060256,10,10.747
0.06166,10,10.585
0.063096,10,10.426
0.064565,10,10.27
0.066069,10,10.118
0.067608,10,9.9676
0.069183,10,9.8204
0.070795,10,9.6759
0.072444,10,9.5342
0.074131,10,9.3951
0.075858,10,9.2586
0.077625,10,9.1246
0.079433,10,8.9931
0.081283,10,8.8641
0.083176,10,8.7374
0.085114,10,8.6131
0.087096,10,8.4911
0.089125,10,8.3713
0.091201,10,8.2538
0.093325,10,8.1383
0.095499,10,8.025
0.097724,10,7.9138
0.1,10,7.8046
0.10233,10,7.6974
0.10471,10,7.5921
0.10715,10,7.4888
0.10965,10,7.3873
0.1122,10,7.2877
0.11482,10,7.1899
0.11749,10,7.0938
0.12023,10,6.9995
0.12303,10,6.9068
0.12589,10,6.8158
0.12882,10,6.7265
0.13183,10,6.6387
0.1349,10,6.5525
0.13804,10,6.4679
0.14125,10,6.3847
0.14454,10,6.3031
0.14791,10,6.2228
0.15136,10,6.144
0.15488,10,6.0666
0.15849,10,5.9906
0.16218,10,5.9159
0.16596,10,5.8425
0.16982,10,5.7704
0.17378,10,5.6995
0.17783,10,5.6299
0.18197,10,5.5615
0.18621,10,5.4943
0.19055,10,5.4282
0.19498,10,5.3633
0.19953,10,5.2995
0.20417,10,5.2369
0.20893,10,5.1753
0.2138,10,5.1147
0.21878,10,5.0552
0.22387,10,4.9968
0.22909,10,4.9393
0.23442,10,4.8828
0.23988,10,4.8273
0.24547,10,4.7727
0.25119,10,4.719
0.25704,10,4.6662
0.26303,10,4.6144
0.26915,10,4.5634
0.27542,10,4.5133
0.28184,10,4.464
0.2884,10,4.4155
0.29512,10,4.3679
0.302,10,4.321
0.30903,10,4.2749
0.31623,10,4.2296
0.32359,10,4.1851
0.33113,10,4.1413
0.33884,10,4.0982
0.34674,10,4.0558
0.35481,10,4.0141
0.36308,10,3.9732
0.37154,10,3.9328
0.38019,10,3.8932
0.38905,10,3.8542
0.39811,10,3.8158
0.40738,10,3.7781
0.41687,10,3.7409
0.42658,10,3.7044
0.43652,10,3.6685
0.44668,10,3.6331
0.45709,10,3.5983
0.46774,10,3.5641
0.47863,10,3.5304
0.48978,10,3.4973
0.50119,10,3.4647
0.51286,10,3.4326
0.52481,10,3.401
0.53703,10,3.3699
0.54954,10,3.3394
0.56234,10,3.3093
0.57544,10,3.2796
0.58884,10,3.2505
0.60256,10,3.2218
0.6166,10,3.1936
0.63096,10,3.1658
0.64565,10,3.1384
0.66069,10,3.1115
0.67608,10,3.085
0.69183,10,3.0589
0.70795,10,3.0332
0.72444,10,3.0079
0.74131,10,2.983
0.75858,10,2.9585
0.77625,10,2.9343
0.79433,10,2.9106
0.81283,10,2.8872
0.83176,10,2.8641
0.85114,10,2.8414
0.87096,10,2.8191
0.89125,10,2.7971
0.91201,10,2.7754
0.93325,10,2.7541
0.95499,10,2.733
0.97724,10,2.7123
1,10,2.692
1.0233,10,2.6719
1.0471,10,2.6521
1.0715,10,2.6326
1.0965,10,2.6134
1.122,10,2.5945
1.1482,10,2.5759
1.1749,10,2.5576
1.2023,10,2.5395
1.2303,10,2.5217
1.2589,10,2.5042
1.2882,10,2.4869
1.3183,10,2.4699
1.349,10,2.4531
1.3804,10,2.4366
1.4125,10,2.4203
1.4454,10,2.4042
1.4791,10,2.3884
1.5136,10,2.3728
1.5488,10,2.3575
1.5849,10,2.3424
1.6218,10,2.3274
1.6596,10,2.3127
1.6982,10,2.2983
1.7378,10,2.284
1.7783,10,2.2699
1.8197,10,2.2561
1.8621,10,2.2424
1.9055,10,2.2289
1.9498,10,2.2156
1.9953,10,2.2025
2.0417,10,2.1896
2.0893,10,2.1769
2.138,10,2.1644
2.1878,10,2.152
2.2387,10,2.1398
2.2909,10,2.1278
2.3442,10,2.116
2.3988,10,2.1043
2.4547,10,2.0928
2.5119,10,2.0814
2.5704,10,2.0702
2.6303,10,2.0592
2.6915,10,2.0483
2.7542,10,2.0375
2.8184,10,2.0269
2.884,10,2.0165
2.9512,10,2.0062
3.02,10,1.996
3.0903,10,1.986
3.1623,10,1.9761
3.2359,10,1.9664
3.3113,10,1.9567
3.3884,10,1.9473
3.4674,10,1.9379
3.5481,10,1.9287
3.6308,10,1.9196
3.7154,10,1.9106
3.8019,10,1.9017
3.8905,10,1.8929
3.9811,10,1.8843
4.0738,10,1.8758
4.1687,10,1.8674
4.2658,10,1.8591
4.3652,10,1.8509
4.4668,10,1.8428
4.5709,10,1.8349
4.6774,10,1.827
4.7863,10,1.8192
4.8978,10,1.8115
5.0119,10,1.804
5.1286,10,1.7965
5.2481,10,1.7891
5.3703,10,1.7818
5.4954,10,1.7746
5.6234,10,1.7675
5.7544,10,1.7605
5.8884,10,1.7536
6.0256,10,1.7467
6.166,10,1.74
6.3096,10,1.7333
6.4565,10,1.7267
6.6069,10,1.7202
6.7608,10,1.7137
6.9183,10,1.7074
7.0795,10,1.7011
7.2444,10,1.6949
7.4131,10,1.6887
7.5858,10,1.6826
7.7625,10,1.6766
7.9433,10,1.6707
8.1283,10,1.6648
8.3176,10,1.659
8.5114,10,1.6532
8.7096,10,1.6475
8.9125,10,1.6419
9.1201,10,1.6363
9.3325,10,1.6308
9.5499,10,1.6254
9.7724,10,1.62
10,10,1.6146
10.233,10,1.6093
10.471,10,1.604
10.715,10,1.5988
10.965,10,1.5936
11.22,10,1.5885
11.482,10,1.5834
11.749,10,1.5784
12.023,10,1.5734
12.303,10,1.5684
12.589,10,1.5635
12.882,10,1.5586
13.183,10,1.5537
13.49,10,1.5488
13.804,10,1.544
14.125,10,1.5392
14.454,10,1.5345
14.791,10,1.5297
15.136,10,1.525
15.488,10,1.5203
15.849,10,1.5156
16.218,10,1.5109
16.596,10,1.5063
16.982,10,1.5016
17.378,10,1.4969
17.783,10,1.4923
18.197,10,1.4876
18.621,10,1.483
19.055,10,1.4783
19.498,10,1.4737
19.953,10,1.469
20.417,10,1.4643
20.893,10,1.4596
21.38,10,1.4549
21.878,10,1.4502
22.387,10,1.4455
22.909,10,1.4407
23.442,10,1.4359
23.988,10,1.431
24.547,10,1.4261
25.119,10,1.4212
25.704,10,1.4163
26.303,10,1.4113
26.915,10,1.4062
27.542,10,1.4011
28.184,10,1.396
28.84,10,1.3908
29.512,10,1.3855
30.2,10,1.3801
30.903,10,1.3747
31.623,10,1.3692
32.359,10,1.3637
33.113,10,1.358
33.884,10,1.3523
34.674,10,1.3464
35.481,10,1.3405
36.308,10,1.3345
37.154,10,1.3284
38.019,10,1.3222
38.905,10,1.3158
39.811,10,1.3094
40.738,10,1.3028
41.687,10,1.2962
42.658,10,1.2893
43.652,10,1.2824
44.668,10,1.2754
45.709,10,1.2682
46.774,10,1.2608
47.863,10,1.2534
48.978,10,1.2458
50.119,10,1.238
51.286,10,1.2301
52.481,10,1.2221
53.703,10,1.2139
54.954,10,1.2055
56.234,10,1.197
57.544,10,1.1884
58.884,10,1.1796
60.256,10,1.1706
61.66,10,1.1615
63.096,10,1.1522
64.565,10,1.1428
66.069,10,1.1332
67.608,10,1.1235
69.183,10,1.1136
70.795,10,1.1036
72.444,10,1.0934
74.131,10,1.0831
75.858,10,1.0726
77.625,10,1.062
79.433,10,1.0513
81.283,10,1.0405
83.176,10,1.0295
85.114,10,1.0184
87.096,10,1.0072
89.125,10,0.99592
91.201,10,0.98452
93.325,10,0.97302
95.499,10,0.96144
97.724,10,0.94978
100,10,0.93804
0.01,11,43.359
0.010233,11,42.539
0.010471,11,41.736
0.010715,11,40.95
0.010965,11,40.18
0.01122,11,39.427
0.011482,11,38.689
0.011749,11,37.966
0.012023,11,37.258
0.012303,11,36.565
0.012589,11,35.886
0.012882,11,35.221
0.013183,11,34.57
0.01349,11,33.932
0.013804,11,33.307
0.014125,11,32.696
0.014454,11,32.096
0.014791,11,31.51
0.015136,11,30.935
0.015488,11,30.372
0.015849,11,29.82
0.016218,11,29.28
0.016596,11,28.75
0.016982,11,28.232
0.017378,11,27.724
0.017783,11,27.226
0.018197,11,26.739
0.018621,11,26.261
0.019055,11,25.793
0.019498,11,25.335
0.019953,11,24.886
0.020417,11,24.446
0.020893,11,24.015
0.02138,11,23.592
0.021878,11,23.178
0.022387,11,22.773
0.022909,11,22.375
0.023442,11,21.986
0.023988,11,21.604
0.024547,11,21.23
0.025119,11,20.863
0.025704,11,20.504
0.026303,11,20.152
0.026915,11,19.807
0.027542,11,19.469
0.028184,11,19.137
0.02884,11,18.813
0.029512,11,18.494
0.0302,11,18.182
0.030903,11,17.876
0.031623,11,17.576
0.032359,11,17.282
0.033113,11,16.994
0.033884,11,16.712
0.034674,11,16.435
0.035481,11,16.163
0.036308,11,15.897
0.037154,11,15.636
0.038019,11,15.38
0.038905,11,15.129
0.039811,11,14.883
0.040738,11,14.642
0.041687,11,14.405
0.042658,11,14.173
0.043652,11,13.946
0.044668,11,13.723
0.045709,11,13.504
0.046774,11,13.29
0.047863,11,13.079
0.048978,11,12.873
0.050119,11,12.671
0.051286,11,12.472
0.052481,11,12.278
0.053703,11,12.087
0.054954,11,11.9
0.056234,11,11.716
0.057544,11,11.536
0.058884,11,11.359
0.060256,11,11.185
0.06166,11,11.015
0.063096,11,10.848
0.064565,11,10.685
0.066069,11,10.524
0.067608,11,10.366
0.069183,11,10.212
0.070795,11,10.06
0.072444,11,9.9111
0.074131,11,9.765
0.075858,11,9.6216
0.077625,11,9.4809
0.079433,11,9.3428
0.081283,11,9.2073
0.083176,11,9.0743
0.085114,11,8.9438
0.087096,11,8.8157
0.089125,11,8.6899
0.091201,11,8.5665
0.093325,11,8.4454
0.095499,11,8.3264
0.097724,11,8.2097
0.1,11,8.0951
0.10233,11,7.9826
0.10471,11,7.8722
0.10715,11,7.7638
0.10965,11,7.6573
0.1122,11,7.5528
0.11482,11,7.4502
0.11749,11,7.3494
0.12023,11,7.2505
0.12303,11,7.1533
0.12589,11,7.0579
0.12882,11,6.9643
0.13183,11,6.8723
0.1349,11,6.7819
0.13804,11,6.6932
0.14125,11,6.606
0.14454,11,6.5204
0.14791,11,6.4364
0.15136,11,6.3538
0.15488,11,6.2727
0.15849,11,6.193
0.16218,11,6.1147
0.16596,11,6.0378
0.16982,11,5.9623
0.17378,11,5.8881
0.17783,11,5.8152
0.18197,11,5.7435
0.18621,11,5.6732
0.19055,11,5.604
0.19498,11,5.5361
0.19953,11,5.4693
0.20417,11,5.4037
0.20893,11,5.3392
0.2138,11,5.2759
0.21878,11,5.2136
0.22387,11,5.1524
0.22909,11,5.0923
0.23442,11,5.0332
0.23988,11,4.9751
0.24547,11,4.918
0.25119,11,4.8618
0.25704,11,4.8066
0.26303,11,4.7524
0.26915,11,4.6991
0.27542,11,4.6467
0.28184,11,4.5951
0.2884,11,4.5445
0.29512,11,4.4947
0.302,11,4.4457
0.30903,11,4.3975
0.31623,11,4.3502
0.32359,11,4.3036
0.33113,11,4.2579
0.33884,11,4.2128
0.34674,11,4.1686
0.35481,11,4.125
0.36308,11,4.0822
0.37154,11,4.0401
0.38019,11,3.9987
0.38905,11,3.9579
0.39811,11,3.9179
0.40738,11,3.8784
0.41687,11,3.8397
0.42658,11,3.8015
0.43652,11,3.764
0.44668,11,3.7271
0.45709,11,3.6908
0.46774,11,3.6551
0.47863,11,3.6199
0.48978,11,3.5854
0.50119,11,3.5513
0.51286,11,3.5179
0.52481,11,3.4849
0.53703,11,3.4525
0.54954,11,3.4206
0.56234,11,3.3892
0.57544,11,3.3583
0.58884,11,3.3279
0.60256,11,3.298
0.6166,11,3.2686
0.63096,11,3.2396
0.64565,11,3.2111
0.66069,11,3.183
0.67608,11,3.1554
0.69183,11,3.1282
0.70795,11,3.1014
0.72444,11,3.075
0.74131,11,3.0491
0.75858,11,3.0235
0.77625,11,2.9984
0.79433,11,2.9736
0.81283,11,2.9492
0.83176,11,2.9252
0.85114,11,2.9016
0.87096,11,2.8783
0.89125,11,2.8554
0.91201,11,2.8328
0.93325,11,2.8106
0.95499,11,2.7887
0.97724,11,2.7672
1,11,2.746
1.0233,11,2.725
1.0471,11,2.7045
1.0715,11,2.6842
1.0965,11,2.6642
1.122,11,2.6445
1.1482,11,2.6252
1.1749,11,2.6061
1.2023,11,2.5873
1.2303,11,2.5688
1.2589,11,2.5505
1.2882,11,2.5325
1.3183,11,2.5148
1.349,11,2.4974
1.3804,11,2.4802
1.4125,11,2.4633
1.4454,11,2.4466
1.4791,11,2.4301
1.5136,11,2.4139
1.5488,11,2.398
1.5849,11,2.3823
1.6218,11,2.3667
1.6596,11,2.3515
1.6982,11,2.3364
1.7378,11,2.3216
1.7783,11,2.307
1.8197,11,2.2926
1.8621,11,2.2784
1.9055,11,2.2644
1.9498,11,2.2506
1.9953,11,2.237
2.0417,11,2.2235
2.0893,11,2.2103
2.138,11,2.1973
2.1878,11,2.1845
2.2387,11,2.1718
2.2909,11,2.1593
2.3442,11,2.147
2.3988,11,2.1349
2.4547,11,2.1229
2.5119,11,2.1111
2.5704,11,2.0995
2.6303,11,2.088
2.6915,11,2.0767
2.7542,11,2.0656
2.8184,11,2.0546
2.884,11,2.0438
2.9512,11,2.0331
3.02,11,2.0225
3.0903,11,2.0121
3.1623,11,2.0019
3.2359,11,1.9917
3.3113,11,1.9818
3.3884,11,1.9719
3.4674,11,1.9622
3.5481,11,1.9526
3.6308,11,1.9432
3.7154,11,1.9339
3.8019,11,1.9247
3.8905,11,1.9156
3.9811,11,1.9066
4.0738,11,1.8978
4.1687,11,1.8891
4.2658,11,1.8805
4.3652,11,1.872
4.4668,11,1.8636
4.5709,11,1.8554
4.6774,11,1.8472
4.7863,11,1.8392
4.8978,11,1.8312
5.0119,11,1.8234
5.1286,11,1.8156
5.2481,11,1.808
5.3703,11,1.8004
5.4954,11,1.793
5.6234,11,1.7856
5.7544,11,1.7783
5.8884,11,1.7712
6.0256,11,1.7641
6.166,11,1.7571
6.3096,11,1.7502
6.4565,11,1.7433
6.6069,11,1.7366
6.7608,11,1.7299
6.9183,11,1.7233
7.0795,11,1.7168
7.2444,11,1.7104
7.4131,11,1.704
7.5858,11,1.6977
7.7625,11,1.6915
7.9433,11,1.6853
8.1283,11,1.6793
8.3176,11,1.6733
8.5114,11,1.6673
8.7096,11,1.6614
8.9125,11,1.6556
9.1201,11,1.6498
9.3325,11,1.6441
9.5499,11,1.6385
9.7724,11,1.6329
10,11,1.6274
10.233,11,1.6219
10.471,11,1.6164
10.715,11,1.6111
10.965,11,1.6057
11.22,11,1.6004
11.482,11,1.5952
11.749,11,1.59
12.023,11,1.5848
12.303,11,1.5797
12.589,11,1.5746
12.882,11,1.5695
13.183,11,1.5645
13.49,11,1.5595
13.804,11,1.5546
14.125,11,1.5496
14.454,11,1.5447
14.791,11,1.5398
15.136,11,1.535
15.488,11,1.5301
15.849,11,1.5253
16.218,11,1.5205
16.596,11,1.5157
16.982,11,1.5109
17.378,11,1.5061
17.783,11,1.5014
18.197,11,1.4966
18.621,11,1.4918
19.055,11,1.487
19.498,11,1.4823
19.953,11,1.4775
20.417,11,1.4727
20.893,11,1.4679
21.38,11,1.4631
21.878,11,1.4582
22.387,11,1.4533
22.909,11,1.4485
23.442,11,1.4435
23.988,11,1.4386
24.547,11,1.4336
25.119,11,1.4286
25.704,11,1.4236
26.303,11,1.4185
26.915,11,1.4133
27.542,11,1.4081
28.184,11,1.4029
28.84,11,1.3976
29.512,11,1.3922
30.2,11,1.3867
30.903,11,1.3812
31.623,11,1.3757
32.359,11,1.37
33.113,11,1.3643
33.884,11,1.3585
34.674,11,1.3525
35.481,11,1.3465
36.308,11,1.3404
37.154,11,1.3342
38.019,11,1.3279
38.905,11,1.3215
39.811,11,1.315
40.738,11,1.3084
41.687,11,1.3016
42.658,11,1.2948
43.652,11,1.2878
44.668,11,1.2806
45.709,11,1.2734
46.774,11,1.266
47.863,11,1.2584
48.978,11,1.2508
50.119,11,1.243
51.286,11,1.235
52.481,11,1.2269
53.703,11,1.2186
54.954,11,1.2102
56.234,11,1.2017
57.544,11,1.1929
58.884,11,1.1841
60.256,11,1.1751
61.66,11,1.1659
63.096,11,1.1566
64.565,11,1.1471
66.069,11,1.1374
67.608,11,1.1277
69.183,11,1.1177
70.795,11,1.1076
72.444,11,1.0974
74.131,11,1.0871
75.858,11,1.0766
77.625,11,1.0659
79.433,11,1.0552
81.283,11,1.0443
83.176,11,1.0332
85.114,11,1.0221
87.096,11,1.0109
89.125,11,0.99953
91.201,11,0.98809
93.325,11,0.97655
95.499,11,0.96493
97.724,11,0.95322
100,11,0.94145
0.01,12,45.451
0.010233,12,44.588
0.010471,12,43.743
0.010715,12,42.915
0.010965,12,42.105
0.01122,12,41.311
0.011482,12,40.534
0.011749,12,39.773
0.012023,12,39.028
0.012303,12,38.298
0.012589,12,37.584
0.012882,12,36.884
0.013183,12,36.199
0.01349,12,35.527
0.013804,12,34.87
0.014125,12,34.226
0.014454,12,33.596
0.014791,12,32.978
0.015136,12,32.373
0.015488,12,31.781
0.015849,12,31.201
0.016218,12,30.632
0.016596,12,30.076
0.016982,12,29.53
0.017378,12,28.996
0.017783,12,28.473
0.018197,12,27.96
0.018621,12,27.458
0.019055,12,26.966
0.019498,12,26.484
0.019953,12,26.011
0.020417,12,25.549
0.020893,12,25.095
0.02138,12,24.651
0.021878,12,24.216
0.022387,12,23.79
0.022909,12,23.372
0.023442,12,22.962
0.023988,12,22.561
0.024547,12,22.168
0.025119,12,21.783
0.025704,12,21.405
0.026303,12,21.036
0.026915,12,20.673
0.027542,12,20.318
0.028184,12,19.969
0.02884,12,19.628
0.029512,12,19.294
0.0302,12,18.966
0.030903,12,18.645
0.031623,12,18.33
0.032359,12,18.021
0.033113,12,17.718
0.033884,12,17.422
0.034674,12,17.131
0.035481,12,16.846
0.036308,12,16.566
0.037154,12,16.292
0.038019,12,16.024
0.038905,12,15.76
0.039811,12,15.502
0.040738,12,15.249
0.041687,12,15.001
0.042658,12,14.757
0.043652,12,14.519
0.044668,12,14.285
0.045709,12,14.055
0.046774,12,13.83
0.047863,12,13.609
0.048978,12,13.393
0.050119,12,13.181
0.051286,12,12.973
0.052481,12,12.768
0.053703,12,12.568
0.054954,12,12.372
0.056234,12,12.179
0.057544,12,11.99
0.058884,12,11.805
0.060256,12,11.623
0.06166,12,11.445
0.063096,12,11.27
0.064565,12,11.098
0.066069,12,10.93
0.067608,12,10.765
0.069183,12,10.603
0.070795,12,10.444
0.072444,12,10.288
0.074131,12,10.134
0.075858,12,9.9842
0.077625,12,9.8368
0.079433,12,9.6922
0.081283,12,9.5503
0.083176,12,9.411
0.085114,12,9.2743
0.087096,12,9.1401
0.089125,12,9.0085
0.091201,12,8.8792
0.093325,12,8.7524
0.095499,12,8.6279
0.097724,12,8.5057
0.1,12,8.3858
0.10233,12,8.268
0.10471,12,8.1524
0.10715,12,8.039
0.10965,12,7.9276
0.1122,12,7.8182
0.11482,12,7.7109
0.11749,12,7.6055
0.12023,12,7.502
0.12303,12,7.4003
0.12589,12,7.3006
0.12882,12,7.2026
0.13183,12,7.1064
0.1349,12,7.0119
0.13804,12,6.9191
0.14125,12,6.828
0.14454,12,6.7385
0.14791,12,6.6506
0.15136,12,6.5643
0.15488,12,6.4795
0.15849,12,6.3963
0.16218,12,6.3145
0.16596,12,6.2341
0.16982,12,6.1552
0.17378,12,6.0777
0.17783,12,6.0015
0.18197,12,5.9267
0.18621,12,5.8531
0.19055,12,5.7809
0.19498,12,5.71
0.19953,12,5.6402
0.20417,12,5.5717
0.20893,12,5.5044
0.2138,12,5.4382
0.21878,12,5.3732
0.22387,12,5.3094
0.22909,12,5.2466
0.23442,12,5.1849
0.23988,12,5.1243
0.24547,12,5.0647
0.25119,12,5.0061
0.25704,12,4.9485
0.26303,12,4.8919
0.26915,12,4.8363
0.27542,12,4.7816
0.28184,12,4.7279
0.2884,12,4.675
0.29512,12,4.6231
0.302,12,4.572
0.30903,12,4.5218
0.31623,12,4.4724
0.32359,12,4.4239
0.33113,12,4.3761
0.33884,12,4.3292
0.34674,12,4.2831
0.35481,12,4.2377
0.36308,12,4.1931
0.37154,12,4.1492
0.38019,12,4.106
0.38905,12,4.0636
0.39811,12,4.0218
0.40738,12,3.9807
0.41687,12,3.9404
0.42658,12,3.9006
0.43652,12,3.8616
0.44668,12,3.8231
0.45709,12,3.7853
0.46774,12,3.7481
0.47863,12,3.7115
0.48978,12,3.6755
0.50119,12,3.6401
0.51286,12,3.6052
0.52481,12,3.5709
0.53703,12,3.5372
0.54954,12,3.504
0.56234,12,3.4713
0.57544,12,3.4392
0.58884,12,3.4076
0.60256,12,3.3764
0.6166,12,3.3458
0.63096,12,3.3157
0.64565,12,3.286
0.66069,12,3.2568
0.67608,12,3.228
0.69183,12,3.1997
0.70795,12,3.1719
0.72444,12,3.1445
0.74131,12,3.1175
0.75858,12,3.0909
0.77625,12,3.0648
0.79433,12,3.0391
0.81283,12,3.0137
0.83176,12,2.9888
0.85114,12,2.9642
0.87096,12,2.94
0.89125,12,2.9162
0.91201,12,2.8927
0.93325,12,2.8697
0.95499,12,2.8469
0.97724,12,2.8245
1,12,2.8025
1.0233,12,2.7808
1.0471,12,2.7594
1.0715,12,2.7383
1.0965,12,2.7176
1.122,12,2.6972
1.1482,12,2.677
1.1749,12,2.6572
1.2023,12,2.6377
1.2303,12,2.6185
1.2589,12,2.5995
1.2882,12,2.5809
1.3183,12,2.5625
1.349,12,2.5444
1.3804,12,2.5265
1.4125,12,2.509
1.4454,12,2.4917
1.4791,12,2.4746
1.5136,12,2.4578
1.5488,12,2.4412
1.5849,12,2.4249
1.6218,12,2.4088
1.6596,12,2.393
1.6982,12,2.3774
1.7378,12,2.362
1.7783,12,2.3468
1.8197,12,2.3319
1.8621,12,2.3171
1.9055,12,2.3026
1.9498,12,2.2883
1.9953,12,2.2742
2.0417,12,2.2603
2.0893,12,2.2466
2.138,12,2.2331
2.1878,12,2.2198
2.2387,12,2.2067
2.2909,12,2.1938
2.3442,12,2.181
2.3988,12,2.1684
2.4547,12,2.156
2.5119,12,2.1438
2.5704,12,2.1318
2.6303,12,2.1199
2.6915,12,2.1082
2.7542,12,2.0966
2.8184,12,2.0852
2.884,12,2.074
2.9512,12,2.0629
3.02,12,2.052
3.0903,12,2.0412
3.1623,12,2.0306
3.2359,12,2.0201
3.3113,12,2.0098
3.3884,12,1.9996
3.4674,12,1.9896
3.5481,12,1.9796
3.6308,12,1.9699
3.7154,12,1.9602
3.8019,12,1.9507
3.8905,12,1.9413
3.9811,12,1.932
4.0738,12,1.9229
4.1687,12,1.9139
4.2658,12,1.905
4.3652,12,1.8962
4.4668,12,1.8875
4.5709,12,1.879
4.6774,12,1.8705
4.7863,12,1.8622
4.8978,12,1.854
5.0119,12,1.8459
5.1286,12,1.8379
5.2481,12,1.83
5.3703,12,1.8222
5.4954,12,1.8144
5.6234,12,1.8068
5.7544,12,1.7993
5.8884,12,1.7919
6.0256,12,1.7846
6.166,12,1.7773
6.3096,12,1.7702
6.4565,12,1.7631
6.6069,12,1.7561
6.7608,12,1.7493
6.9183,12,1.7424
7.0795,12,1.7357
7.2444,12,1.7291
7.4131,12,1.7225
7.5858,12,1.716
7.7625,12,1.7096
7.9433,12,1.7032
8.1283,12,1.6969
8.3176,12,1.6907
8.5114,12,1.6846
8.7096,12,1.6785
8.9125,12,1.6725
9.1201,12,1.6666
9.3325,12,1.6607
9.5499,12,1.6548
9.7724,12,1.6491
10,12,1.6434
10.233,12,1.6377
10.471,12,1.6321
10.715,12,1.6265
10.965,12,1.621
11.22,12,1.6156
11.482,12,1.6102
11.749,12,1.6048
12.023,12,1.5995
12.303,12,1.5942
12.589,12,1.5889
12.882,12,1.5837
13.183,12,1.5786
13.49,12,1.5734
13.804,12,1.5683
14.125,12,1.5632
14.454,12,1.5582
14.791,12,1.5532
15.136,12,1.5482
15.488,12,1.5432
15.849,12,1.5382
16.218,12,1.5333
16.596,12,1.5283
16.982,12,1.5234
17.378,12,1.5185
17.783,12,1.5136
18.197,12,1.5087
18.621,12,1.5038
19.055,12,1.4989
19.498,12,1.494
19.953,12,1.4891
20.417,12,1.4842
20.893,12,1.4792
21.38,12,1.4743
21.878,12,1.4693
22.387,12,1.4644
22.909,12,1.4594
23.442,12,1.4543
23.988,12,1.4493
24.547,12,1.4442
25.119,12,1.439
25.704,12,1.4339
26.303,12,1.4287
26.915,12,1.4234
27.542,12,1.4181
28.184,12,1.4127
28.84,12,1.4073
29.512,12,1.4018
30.2,12,1.3963
30.903,12,1.3907
31.623,12,1.385
32.359,12,1.3792
33.113,12,1.3734
33.884,12,1.3675
34.674,12,1.3614
35.481,12,1.3553
36.308,12,1.3491
37.154,12,1.3428
38.019,12,1.3364
38.905,12,1.3299
39.811,12,1.3233
40.738,12,1.3166
41.687,12,1.3097
42.658,12,1.3027
43.652,12,1.2956
44.668,12,1.2884
45.709,12,1.281
46.774,12,1.2735
47.863,12,1.2659
48.978,12,1.2581
50.119,12,1.2502
51.286,12,1.2421
52.481,12,1.2339
53.703,12,1.2256
54.954,12,1.2171
56.234,12,1.2084
57.544,12,1.1996
58.884,12,1.1906
60.256,12,1.1815
61.66,12,1.1722
63.096,12,1.1628
64.565,12,1.1532
66.069,12,1.1435
67.608,12,1.1336
69.183,12,1.1236
70.795,12,1.1134
72.444,12,1.1031
74.131,12,1.0927
75.858,12,1.0821
77.625,12,1.0713
79.433,12,1.0605
81.283,12,1.0495
83.176,12,1.0384
85.114,12,1.0272
87.096,12,1.0158
89.125,12,1.0044
91.201,12,0.99288
93.325,12,0.98126
95.499,12,0.96956
97.724,12,0.95777
100,12,0.94591
