-4.489199072122573853e-02
7.036289200186729431e-03
5.265601724386215210e-02
9.218307584524154663e-02
1.258943825960159302e-01
1.541542559862136841e-01
1.774149686098098755e-01
1.961684972047805786e-01
2.109791785478591919e-01
2.224210053682327271e-01
2.310752421617507935e-01
2.375275641679763794e-01
2.423431426286697388e-01
2.460400611162185669e-01
2.490750104188919067e-01
2.518669068813323975e-01
2.547627389430999756e-01
2.580476701259613037e-01
2.619713246822357178e-01
2.667189538478851318e-01
2.724450528621673584e-01
2.792266309261322021e-01
2.871890962123870850e-01
2.963779866695404053e-01
3.069897592067718506e-01
3.186911046504974365e-01
3.319400250911712646e-01
3.465827405452728271e-01
3.627010285854339600e-01
3.800548017024993896e-01
3.988336026668548584e-01
4.199434220790863037e-01
4.416707456111907959e-01
4.664236009120941162e-01
4.920223653316497803e-01
5.171163678169250488e-01
5.456529259681701660e-01
5.778620839118957520e-01
6.223326325416564941e-01
6.456518769264221191e-01
6.784773468971252441e-01
6.791418194770812988e-01
