5.780825614929199219e-01
6.645398139953613281e-01
7.434695363044738770e-01
8.146668076515197754e-01
8.779975771903991699e-01
9.334597587585449219e-01
9.812171459197998047e-01
1.021535754203796387e+00
1.054856300354003906e+00
1.081714153289794922e+00
1.102729082107543945e+00
1.118628025054931641e+00
1.130193710327148438e+00
1.138203620910644531e+00
1.143401741981506348e+00
1.146521687507629395e+00
1.148213863372802734e+00
1.149057984352111816e+00
1.149548053741455078e+00
1.150082588195800781e+00
1.150982379913330078e+00
1.152480125427246094e+00
1.154757618904113770e+00
1.157925724983215332e+00
1.162117481231689453e+00
1.167215824127197266e+00
1.173413276672363281e+00
1.180628895759582520e+00
1.188875675201416016e+00
1.197994470596313477e+00
1.208050847053527832e+00
1.219511508941650391e+00
1.231423735618591309e+00
1.245097875595092773e+00
1.259331226348876953e+00
1.273363709449768066e+00
1.289420723915100098e+00
1.307681679725646973e+00
1.333169817924499512e+00
1.346683979034423828e+00
1.365903496742248535e+00
1.366294860839843750e+00
