1,2.5,18,3.71,1,40,2,25,0.01,7.19590033784075
1,2.5,18,3.71,1,40,2,25,0.0102329299228075,7.100925577734
1,2.5,18,3.71,1,40,2,25,0.010471285480509,7.0075974659313
1,2.5,18,3.71,1,40,2,25,0.0107151930523761,6.9158844180566
1,2.5,18,3.71,1,40,2,25,0.0109647819614319,6.82575550116912
1,2.5,18,3.71,1,40,2,25,0.0112201845430196,6.7371804197076
1,2.5,18,3.71,1,40,2,25,0.0114815362149688,6.6501295017458
1,2.5,18,3.71,1,40,2,25,0.0117489755493953,6.564573685552
1,2.5,18,3.71,1,40,2,25,0.0120226443461741,6.48048450644591
1,2.5,18,3.71,1,40,2,25,0.0123026877081238,6.39783408394609
1,2.5,18,3.71,1,40,2,25,0.0125892541179417,6.31659510920157
1,2.5,18,3.71,1,40,2,25,0.0128824955169313,6.23674083270118
1,2.5,18,3.71,1,40,2,25,0.0131825673855641,6.1582450522544
1,2.5,18,3.71,1,40,2,25,0.0134896288259165,6.08108210123761
1,2.5,18,3.71,1,40,2,25,0.0138038426460289,6.00522683709984
1,2.5,18,3.71,1,40,2,25,0.0141253754462275,5.93065463012224
1,2.5,18,3.71,1,40,2,25,0.0144543977074593,5.85734135242541
1,2.5,18,3.71,1,40,2,25,0.0147910838816821,5.78526336721925
1,2.5,18,3.71,1,40,2,25,0.0151356124843621,5.71439751828981
1,2.5,18,3.71,1,40,2,25,0.0154881661891248,5.64472111971778
1,2.5,18,3.71,1,40,2,25,0.0158489319246111,5.57621194582352
1,2.5,18,3.71,1,40,2,25,0.0162181009735893,5.50884822133354
1,2.5,18,3.71,1,40,2,25,0.0165958690743756,5.44260861176339
1,2.5,18,3.71,1,40,2,25,0.0169824365246174,5.3774722140123
1,2.5,18,3.71,1,40,2,25,0.0173780082874938,5.31341854716459
1,2.5,18,3.71,1,40,2,25,0.0177827941003892,5.2504275434935
1,2.5,18,3.71,1,40,2,25,0.0181970085860998,5.18847953966263
1,2.5,18,3.71,1,40,2,25,0.0186208713666287,5.1275552681208
1,2.5,18,3.71,1,40,2,25,0.0190546071796325,5.06763584868594
1,2.5,18,3.71,1,40,2,25,0.0194984459975805,5.00870278031365
1,2.5,18,3.71,1,40,2,25,0.0199526231496888,4.95073793304655
1,2.5,18,3.71,1,40,2,25,0.0204173794466953,4.89372354014016
1,2.5,18,3.71,1,40,2,25,0.0208929613085404,4.83764219036153
1,2.5,18,3.71,1,40,2,25,0.0213796208950223,4.78247682045661
1,2.5,18,3.71,1,40,2,25,0.0218776162394955,4.72821070778276
1,2.5,18,3.71,1,40,2,25,0.0223872113856834,4.67482746310254
1,2.5,18,3.71,1,40,2,25,0.0229086765276777,4.62231102353538
1,2.5,18,3.71,1,40,2,25,0.0234422881531992,4.57064564566338
1,2.5,18,3.71,1,40,2,25,0.0239883291901949,4.51981589878799
1,2.5,18,3.71,1,40,2,25,0.0245470891568503,4.46980665833415
1,2.5,18,3.71,1,40,2,25,0.0251188643150958,4.42060309939852
1,2.5,18,3.71,1,40,2,25,0.0257039578276886,4.37219069043874
1,2.5,18,3.71,1,40,2,25,0.0263026799189538,4.3245551871004
1,2.5,18,3.71,1,40,2,25,0.0269153480392692,4.27768262617886
1,2.5,18,3.71,1,40,2,25,0.0275422870333817,4.2315593197127
1,2.5,18,3.71,1,40,2,25,0.0281838293126445,4.18617184920602
1,2.5,18,3.71,1,40,2,25,0.0288403150312661,4.14150705997668
1,2.5,18,3.71,1,40,2,25,0.0295120922666639,4.09755205562768
1,2.5,18,3.71,1,40,2,25,0.0301995172040202,4.05429419263885
1,2.5,18,3.71,1,40,2,25,0.0309029543251359,4.0117210750764
1,2.5,18,3.71,1,40,2,25,0.0316227766016838,3.96982054941739
1,2.5,18,3.71,1,40,2,25,0.0323593656929628,3.92858069948692
1,2.5,18,3.71,1,40,2,25,0.0331131121482591,3.8879898415052
1,2.5,18,3.71,1,40,2,25,0.0338844156139203,3.84803651924229
1,2.5,18,3.71,1,40,2,25,0.0346736850452532,3.80870949927803
1,2.5,18,3.71,1,40,2,25,0.0354813389233576,3.76999776636486
1,2.5,18,3.71,1,40,2,25,0.0363078054770101,3.73189051889113
1,2.5,18,3.71,1,40,2,25,0.0371535229097173,3.69437716444284
1,2.5,18,3.71,1,40,2,25,0.0380189396320561,3.65744731546154
1,2.5,18,3.71,1,40,2,25,0.038904514499428,3.62109078499622
1,2.5,18,3.71,1,40,2,25,0.0398107170553497,3.58529758254719
1,2.5,18,3.71,1,40,2,25,0.0407380277804113,3.55005790999983
1,2.5,18,3.71,1,40,2,25,0.0416869383470335,3.51536215764624
1,2.5,18,3.71,1,40,2,25,0.0426579518801593,3.48120090029297
1,2.5,18,3.71,1,40,2,25,0.0436515832240166,3.44756489345264
1,2.5,18,3.71,1,40,2,25,0.0446683592150963,3.41444506961791
1,2.5,18,3.71,1,40,2,25,0.0457088189614875,3.38183253461573
1,2.5,18,3.71,1,40,2,25,0.0467735141287198,3.34971856404028
1,2.5,18,3.71,1,40,2,25,0.0478630092322639,3.31809459976266
1,2.5,18,3.71,1,40,2,25,0.0489778819368446,3.28695224651585
1,2.5,18,3.71,1,40,2,25,0.0501187233627272,3.25628326855312
1,2.5,18,3.71,1,40,2,25,0.0512861383991365,3.22607958637832
1,2.5,18,3.71,1,40,2,25,0.0524807460249773,3.19633327354645
1,2.5,18,3.71,1,40,2,25,0.0537031796370253,3.16703655353298
1,2.5,18,3.71,1,40,2,25,0.0549540873857625,3.13818179667038
1,2.5,18,3.71,1,40,2,25,0.0562341325190349,3.1097615171504
1,2.5,18,3.71,1,40,2,25,0.0575439937337157,3.08176837009059
1,2.5,18,3.71,1,40,2,25,0.0588843655355589,3.05419514866371
1,2.5,18,3.71,1,40,2,25,0.0602559586074358,3.02703478128865
1,2.5,18,3.71,1,40,2,25,0.0616595001861482,3.00028032888139
1,2.5,18,3.71,1,40,2,25,0.0630957344480193,2.97392498216486
1,2.5,18,3.71,1,40,2,25,0.0645654229034656,2.94796205903621
1,2.5,18,3.71,1,40,2,25,0.0660693448007596,2.92238500199036
1,2.5,18,3.71,1,40,2,25,0.0676082975391982,2.89718737559856
1,2.5,18,3.71,1,40,2,25,0.0691830970918936,2.87236286404071
1,2.5,18,3.71,1,40,2,25,0.0707945784384138,2.84790526869027
1,2.5,18,3.71,1,40,2,25,0.072443596007499,2.82380850575068
1,2.5,18,3.71,1,40,2,25,0.0741310241300918,2.80006660394202
1,2.5,18,3.71,1,40,2,25,0.0758577575029184,2.77667370223694
1,2.5,18,3.71,1,40,2,25,0.0776247116628692,2.75362404764467
1,2.5,18,3.71,1,40,2,25,0.0794328234724281,2.73091199304216
1,2.5,18,3.71,1,40,2,25,0.0812830516164099,2.7085319950512
1,2.5,18,3.71,1,40,2,25,0.0831763771102671,2.68647861196059
1,2.5,18,3.71,1,40,2,25,0.0851138038202377,2.66474650169237
1,2.5,18,3.71,1,40,2,25,0.0870963589956081,2.64333041981114
1,2.5,18,3.71,1,40,2,25,0.0891250938133746,2.6222252175754
1,2.5,18,3.71,1,40,2,25,0.091201083935591,2.60142584003029
1,2.5,18,3.71,1,40,2,25,0.0933254300796991,2.58092732414042
1,2.5,18,3.71,1,40,2,25,0.0954992586021436,2.56072479696231
1,2.5,18,3.71,1,40,2,25,0.0977237220955811,2.54081347385529
1,2.5,18,3.71,1,40,2,25,0.1,2.52118865673009
1,2.5,18,3.71,1,40,2,25,0.102329299228075,2.50184573233448
1,2.5,18,3.71,1,40,2,25,0.10471285480509,2.48278017057475
1,2.5,18,3.71,1,40,2,25,0.107151930523761,2.46398752287276
1,2.5,18,3.71,1,40,2,25,0.109647819614319,2.44546342055728
1,2.5,18,3.71,1,40,2,25,0.112201845430196,2.42720357328928
1,2.5,18,3.71,1,40,2,25,0.114815362149688,2.40920376752012
1,2.5,18,3.71,1,40,2,25,0.117489755493953,2.39145986498219
1,2.5,18,3.71,1,40,2,25,0.120226443461741,2.37396780121102
1,2.5,18,3.71,1,40,2,25,0.123026877081238,2.35672358409843
1,2.5,18,3.71,1,40,2,25,0.125892541179417,2.33972329247588
1,2.5,18,3.71,1,40,2,25,0.128824955169313,2.32296307472739
1,2.5,18,3.71,1,40,2,25,0.131825673855641,2.30643914743144
1,2.5,18,3.71,1,40,2,25,0.134896288259165,2.29014779403118
1,2.5,18,3.71,1,40,2,25,0.138038426460289,2.27408536353233
1,2.5,18,3.71,1,40,2,25,0.141253754462275,2.25824826922819
1,2.5,18,3.71,1,40,2,25,0.144543977074593,2.24263298745113
1,2.5,18,3.71,1,40,2,25,0.147910838816821,2.22723605635009
1,2.5,18,3.71,1,40,2,25,0.151356124843621,2.21205407469333
1,2.5,18,3.71,1,40,2,25,0.154881661891248,2.19708370069612
1,2.5,18,3.71,1,40,2,25,0.158489319246111,2.18232165087264
1,2.5,18,3.71,1,40,2,25,0.162181009735893,2.16776469891166
1,2.5,18,3.71,1,40,2,25,0.165958690743756,2.15340967457544
1,2.5,18,3.71,1,40,2,25,0.169824365246174,2.1392534626214
1,2.5,18,3.71,1,40,2,25,0.173780082874938,2.12529300174598
1,2.5,18,3.71,1,40,2,25,0.177827941003892,2.11152528355037
1,2.5,18,3.71,1,40,2,25,0.181970085860998,2.09794735152736
1,2.5,18,3.71,1,40,2,25,0.186208713666287,2.0845563000692
1,2.5,18,3.71,1,40,2,25,0.190546071796325,2.07134927349571
1,2.5,18,3.71,1,40,2,25,0.194984459975805,2.05832346510241
1,2.5,18,3.71,1,40,2,25,0.199526231496888,2.0454761162281
1,2.5,18,3.71,1,40,2,25,0.204173794466953,2.03280451534157
1,2.5,18,3.71,1,40,2,25,0.208929613085404,2.02030599714696
1,2.5,18,3.71,1,40,2,25,0.213796208950223,2.00797794170738
1,2.5,18,3.71,1,40,2,25,0.218776162394955,1.99581777358649
1,2.5,18,3.71,1,40,2,25,0.223872113856834,1.9838229610074
1,2.5,18,3.71,1,40,2,25,0.229086765276777,1.97199101502891
1,2.5,18,3.71,1,40,2,25,0.234422881531992,1.96031948873828
1,2.5,18,3.71,1,40,2,25,0.239883291901949,1.94880597646051
1,2.5,18,3.71,1,40,2,25,0.245470891568503,1.93744811298364
1,2.5,18,3.71,1,40,2,25,0.251188643150958,1.92624357279966
1,2.5,18,3.71,1,40,2,25,0.257039578276886,1.91519006936086
1,2.5,18,3.71,1,40,2,25,0.263026799189538,1.90428535435115
1,2.5,18,3.71,1,40,2,25,0.269153480392692,1.89352721697202
1,2.5,18,3.71,1,40,2,25,0.275422870333817,1.88291348324301
1,2.5,18,3.71,1,40,2,25,0.281838293126445,1.87244201531608
1,2.5,18,3.71,1,40,2,25,0.288403150312661,1.86211071080388
1,2.5,18,3.71,1,40,2,25,0.295120922666639,1.85191750212142
1,2.5,18,3.71,1,40,2,25,0.301995172040202,1.84186035584089
1,2.5,18,3.71,1,40,2,25,0.309029543251359,1.83193727205944
1,2.5,18,3.71,1,40,2,25,0.316227766016838,1.82214628377953
1,2.5,18,3.71,1,40,2,25,0.323593656929628,1.81248545630159
1,2.5,18,3.71,1,40,2,25,0.331131121482591,1.80295288662883
1,2.5,18,3.71,1,40,2,25,0.338844156139203,1.7935467028838
1,2.5,18,3.71,1,40,2,25,0.346736850452532,1.78426506373654
1,2.5,18,3.71,1,40,2,25,0.354813389233575,1.775106157844
1,2.5,18,3.71,1,40,2,25,0.363078054770101,1.76606820330059
1,2.5,18,3.71,1,40,2,25,0.371535229097173,1.75714944709944
1,2.5,18,3.71,1,40,2,25,0.380189396320561,1.74834816460442
1,2.5,18,3.71,1,40,2,25,0.389045144994281,1.7396626590323
1,2.5,18,3.71,1,40,2,25,0.398107170553497,1.73109126094526
1,2.5,18,3.71,1,40,2,25,0.407380277804113,1.72263232775315
1,2.5,18,3.71,1,40,2,25,0.416869383470336,1.71428424322553
1,2.5,18,3.71,1,40,2,25,0.426579518801593,1.70604541701319
1,2.5,18,3.71,1,40,2,25,0.436515832240166,1.69791428417888
1,2.5,18,3.71,1,40,2,25,0.446683592150963,1.68988930473723
1,2.5,18,3.71,1,40,2,25,0.457088189614875,1.68196896320345
1,2.5,18,3.71,1,40,2,25,0.467735141287198,1.67415176815071
1,2.5,18,3.71,1,40,2,25,0.478630092322638,1.66643625177611
1,2.5,18,3.71,1,40,2,25,0.489778819368446,1.65882096947482
1,2.5,18,3.71,1,40,2,25,0.501187233627272,1.65130449942242
1,2.5,18,3.71,1,40,2,25,0.512861383991365,1.64388544216517
1,2.5,18,3.71,1,40,2,25,0.524807460249773,1.63656242021799
1,2.5,18,3.71,1,40,2,25,0.537031796370253,1.62933407767008
1,2.5,18,3.71,1,40,2,25,0.549540873857625,1.62219907979792
1,2.5,18,3.71,1,40,2,25,0.562341325190349,1.61515611268555
1,2.5,18,3.71,1,40,2,25,0.575439937337157,1.60820388285189
1,2.5,18,3.71,1,40,2,25,0.588843655355589,1.601341116885
1,2.5,18,3.71,1,40,2,25,0.602559586074358,1.59456656108314
1,2.5,18,3.71,1,40,2,25,0.616595001861482,1.58787898110237
1,2.5,18,3.71,1,40,2,25,0.630957344480193,1.58127716161063
1,2.5,18,3.71,1,40,2,25,0.645654229034656,1.57475990594816
1,2.5,18,3.71,1,40,2,25,0.660693448007596,1.56832603579401
1,2.5,18,3.71,1,40,2,25,0.676082975391982,1.56197439083859
1,2.5,18,3.71,1,40,2,25,0.691830970918937,1.55570382846211
1,2.5,18,3.71,1,40,2,25,0.707945784384138,1.54951322341866
1,2.5,18,3.71,1,40,2,25,0.72443596007499,1.54340146752598
1,2.5,18,3.71,1,40,2,25,0.741310241300918,1.5373674693606
1,2.5,18,3.71,1,40,2,25,0.758577575029184,1.5314101539583
1,2.5,18,3.71,1,40,2,25,0.776247116628692,1.52552846251977
1,2.5,18,3.71,1,40,2,25,0.794328234724282,1.51972135212129
1,2.5,18,3.71,1,40,2,25,0.8128305161641,1.51398779543035
1,2.5,18,3.71,1,40,2,25,0.831763771102671,1.50832678042602
1,2.5,18,3.71,1,40,2,25,0.851138038202376,1.50273731012398
1,2.5,18,3.71,1,40,2,25,0.87096358995608,1.49721840230615
1,2.5,18,3.71,1,40,2,25,0.891250938133745,1.49176908925461
1,2.5,18,3.71,1,40,2,25,0.91201083935591,1.48638841748987
1,2.5,18,3.71,1,40,2,25,0.933254300796991,1.48107544751333
1,2.5,18,3.71,1,40,2,25,0.954992586021436,1.47582925355368
1,2.5,18,3.71,1,40,2,25,0.977237220955811,1.47064892331734
1,2.5,18,3.71,1,40,2,25,1,1.46553355774255
1,2.5,18,3.71,1,40,2,25,1.02329299228075,1.46048227075727
1,2.5,18,3.71,1,40,2,25,1.0471285480509,1.45549418904059
1,2.5,18,3.71,1,40,2,25,1.07151930523761,1.45056845178752
1,2.5,18,3.71,1,40,2,25,1.09647819614319,1.44570421047718
1,2.5,18,3.71,1,40,2,25,1.12201845430196,1.4409006286442
1,2.5,18,3.71,1,40,2,25,1.14815362149688,1.43615688165309
1,2.5,18,3.71,1,40,2,25,1.17489755493953,1.43147215647573
1,2.5,18,3.71,1,40,2,25,1.20226443461741,1.42684565147159
1,2.5,18,3.71,1,40,2,25,1.23026877081238,1.42227657617076
1,2.5,18,3.71,1,40,2,25,1.25892541179417,1.41776415105951
1,2.5,18,3.71,1,40,2,25,1.28824955169313,1.41330760736845
1,2.5,18,3.71,1,40,2,25,1.31825673855641,1.40890618686294
1,2.5,18,3.71,1,40,2,25,1.34896288259165,1.40455914163587
1,2.5,18,3.71,1,40,2,25,1.38038426460289,1.40026573390248
1,2.5,18,3.71,1,40,2,25,1.41253754462275,1.39602523579726
1,2.5,18,3.71,1,40,2,25,1.44543977074593,1.39183692917267
1,2.5,18,3.71,1,40,2,25,1.47910838816821,1.38770010539968
1,2.5,18,3.71,1,40,2,25,1.51356124843621,1.3836140651699
1,2.5,18,3.71,1,40,2,25,1.54881661891248,1.37957811829925
1,2.5,18,3.71,1,40,2,25,1.58489319246111,1.37559158353298
1,2.5,18,3.71,1,40,2,25,1.62181009735893,1.37165378835196
1,2.5,18,3.71,1,40,2,25,1.65958690743756,1.36776406878008
1,2.5,18,3.71,1,40,2,25,1.69824365246174,1.36392176919257
1,2.5,18,3.71,1,40,2,25,1.73780082874938,1.36012624212528
1,2.5,18,3.71,1,40,2,25,1.77827941003892,1.35637684808452
1,2.5,18,3.71,1,40,2,25,1.81970085860998,1.35267295535755
1,2.5,18,3.71,1,40,2,25,1.86208713666287,1.34901393982345
1,2.5,18,3.71,1,40,2,25,1.90546071796325,1.3453991847642
1,2.5,18,3.71,1,40,2,25,1.94984459975805,1.34182808067597
1,2.5,18,3.71,1,40,2,25,1.99526231496888,1.33830002508023
1,2.5,18,3.71,1,40,2,25,2.04173794466953,1.33481442233476
1,2.5,18,3.71,1,40,2,25,2.08929613085404,1.33137068344417
1,2.5,18,3.71,1,40,2,25,2.13796208950223,1.32796822587002
1,2.5,18,3.71,1,40,2,25,2.18776162394955,1.32460647334002
1,2.5,18,3.71,1,40,2,25,2.23872113856834,1.32128485565656
1,2.5,18,3.71,1,40,2,25,2.29086765276777,1.31800280850394
1,2.5,18,3.71,1,40,2,25,2.34422881531992,1.31475977325446
1,2.5,18,3.71,1,40,2,25,2.39883291901949,1.31155519677305
1,2.5,18,3.71,1,40,2,25,2.45470891568503,1.30838853122011
1,2.5,18,3.71,1,40,2,25,2.51188643150958,1.30525923385263
1,2.5,18,3.71,1,40,2,25,2.57039578276886,1.30216676682312
1,2.5,18,3.71,1,40,2,25,2.63026799189538,1.29911059697628
1,2.5,18,3.71,1,40,2,25,2.69153480392692,1.29609019564312
1,2.5,18,3.71,1,40,2,25,2.75422870333817,1.29310503843232
1,2.5,18,3.71,1,40,2,25,2.81838293126446,1.29015460501859
1,2.5,18,3.71,1,40,2,25,2.88403150312661,1.28723837892777
1,2.5,18,3.71,1,40,2,25,2.95120922666639,1.28435584731842
1,2.5,18,3.71,1,40,2,25,3.01995172040202,1.28150650075962
1,2.5,18,3.71,1,40,2,25,3.09029543251359,1.27868983300472
1,2.5,18,3.71,1,40,2,25,3.16227766016838,1.27590534076075
1,2.5,18,3.71,1,40,2,25,3.23593656929628,1.2731525234532
1,2.5,18,3.71,1,40,2,25,3.31131121482591,1.2704308829859
1,2.5,18,3.71,1,40,2,25,3.38844156139203,1.26773992349553
1,2.5,18,3.71,1,40,2,25,3.46736850452532,1.26507915110073
1,2.5,18,3.71,1,40,2,25,3.54813389233576,1.26244807364513
1,2.5,18,3.71,1,40,2,25,3.63078054770101,1.25984620043423
1,2.5,18,3.71,1,40,2,25,3.71535229097172,1.25727304196561
1,2.5,18,3.71,1,40,2,25,3.80189396320561,1.25472810965218
1,2.5,18,3.71,1,40,2,25,3.8904514499428,1.25221091553804
1,2.5,18,3.71,1,40,2,25,3.98107170553497,1.24972097200655
1,2.5,18,3.71,1,40,2,25,4.07380277804113,1.2472577914803
1,2.5,18,3.71,1,40,2,25,4.16869383470335,1.24482088611239
1,2.5,18,3.71,1,40,2,25,4.26579518801593,1.24240976746871
1,2.5,18,3.71,1,40,2,25,4.36515832240166,1.24002394620078
1,2.5,18,3.71,1,40,2,25,4.46683592150963,1.23766293170857
1,2.5,18,3.71,1,40,2,25,4.57088189614875,1.23532623179296
1,2.5,18,3.71,1,40,2,25,4.67735141287198,1.23301335229725
1,2.5,18,3.71,1,40,2,25,4.78630092322638,1.23072379673724
1,2.5,18,3.71,1,40,2,25,4.89778819368446,1.22845706591944
1,2.5,18,3.71,1,40,2,25,5.01187233627272,1.22621265754672
1,2.5,18,3.71,1,40,2,25,5.12861383991365,1.223990065811
1,2.5,18,3.71,1,40,2,25,5.24807460249773,1.22178878097235
1,2.5,18,3.71,1,40,2,25,5.37031796370253,1.21960828892394
1,2.5,18,3.71,1,40,2,25,5.49540873857625,1.21744807074219
1,2.5,18,3.71,1,40,2,25,5.62341325190349,1.2153076022217
1,2.5,18,3.71,1,40,2,25,5.75439937337157,1.21318635339408
1,2.5,18,3.71,1,40,2,25,5.88843655355589,1.21108378803035
1,2.5,18,3.71,1,40,2,25,6.02559586074358,1.20899936312597
1,2.5,18,3.71,1,40,2,25,6.16595001861482,1.20693252836819
1,2.5,18,3.71,1,40,2,25,6.30957344480194,1.20488272558473
1,2.5,18,3.71,1,40,2,25,6.45654229034656,1.2028493881734
1,2.5,18,3.71,1,40,2,25,6.60693448007596,1.2008319405119
1,2.5,18,3.71,1,40,2,25,6.76082975391982,1.19882979734705
1,2.5,18,3.71,1,40,2,25,6.91830970918936,1.19684236316294
1,2.5,18,3.71,1,40,2,25,7.07945784384138,1.19486903152727
1,2.5,18,3.71,1,40,2,25,7.2443596007499,1.19290918441511
1,2.5,18,3.71,1,40,2,25,7.41310241300918,1.19096219150972
1,2.5,18,3.71,1,40,2,25,7.58577575029184,1.1890274094794
1,2.5,18,3.71,1,40,2,25,7.76247116628692,1.18710418123013
1,2.5,18,3.71,1,40,2,25,7.94328234724281,1.18519183513312
1,2.5,18,3.71,1,40,2,25,8.12830516164099,1.18328968422684
1,2.5,18,3.71,1,40,2,25,8.31763771102671,1.18139702539297
1,2.5,18,3.71,1,40,2,25,8.51138038202377,1.17951313850568
1,2.5,18,3.71,1,40,2,25,8.7096358995608,1.17763728555388
1,2.5,18,3.71,1,40,2,25,8.91250938133746,1.17576870973598
1,2.5,18,3.71,1,40,2,25,9.1201083935591,1.17390663452685
1,2.5,18,3.71,1,40,2,25,9.33254300796991,1.17205026271659
1,2.5,18,3.71,1,40,2,25,9.54992586021436,1.17019877542104
1,2.5,18,3.71,1,40,2,25,9.77237220955811,1.16835133106388
1,2.5,18,3.71,1,40,2,25,10,1.16650706433027
1,2.5,18,3.71,1,40,2,25,10.2329299228075,1.16466508509218
1,2.5,18,3.71,1,40,2,25,10.471285480509,1.16282447730558
1,2.5,18,3.71,1,40,2,25,10.7151930523761,1.16098429788002
1,2.5,18,3.71,1,40,2,25,10.9647819614319,1.15914357552097
1,2.5,18,3.71,1,40,2,25,11.2201845430196,1.15730130954572
1,2.5,18,3.71,1,40,2,25,11.4815362149688,1.15545646867375
1,2.5,18,3.71,1,40,2,25,11.7489755493953,1.15360798979275
1,2.5,18,3.71,1,40,2,25,12.0226443461741,1.15175477670157
1,2.5,18,3.71,1,40,2,25,12.3026877081238,1.1498956988318
1,2.5,18,3.71,1,40,2,25,12.5892541179417,1.14802958994993
1,2.5,18,3.71,1,40,2,25,12.8824955169313,1.14615524684227
1,2.5,18,3.71,1,40,2,25,13.1825673855641,1.14427142798525
1,2.5,18,3.71,1,40,2,25,13.4896288259165,1.14237685220405
1,2.5,18,3.71,1,40,2,25,13.8038426460289,1.14047019732297
1,2.5,18,3.71,1,40,2,25,14.1253754462275,1.13855009881126
1,2.5,18,3.71,1,40,2,25,14.4543977074593,1.13661514842866
1,2.5,18,3.71,1,40,2,25,14.7910838816821,1.13466389287563
1,2.5,18,3.71,1,40,2,25,15.1356124843621,1.13269483245325
1,2.5,18,3.71,1,40,2,25,15.4881661891248,1.13070641973901
1,2.5,18,3.71,1,40,2,25,15.8489319246111,1.12869705828482
1,2.5,18,3.71,1,40,2,25,16.2181009735893,1.12666510134447
1,2.5,18,3.71,1,40,2,25,16.5958690743756,1.12460885063836
1,2.5,18,3.71,1,40,2,25,16.9824365246174,1.12252655516425
1,2.5,18,3.71,1,40,2,25,17.3780082874938,1.12041641006316
1,2.5,18,3.71,1,40,2,25,17.7827941003892,1.11827655555091
1,2.5,18,3.71,1,40,2,25,18.1970085860998,1.11610507592609
1,2.5,18,3.71,1,40,2,25,18.6208713666287,1.11389999866648
1,2.5,18,3.71,1,40,2,25,19.0546071796325,1.11165929362679
1,2.5,18,3.71,1,40,2,25,19.4984459975805,1.10938087235138
1,2.5,18,3.71,1,40,2,25,19.9526231496888,1.10706258751677
1,2.5,18,3.71,1,40,2,25,20.4173794466953,1.10470223251955
1,2.5,18,3.71,1,40,2,25,20.8929613085404,1.10229754122641
1,2.5,18,3.71,1,40,2,25,21.3796208950223,1.09984618790391
1,2.5,18,3.71,1,40,2,25,21.8776162394955,1.09734578734662
1,2.5,18,3.71,1,40,2,25,22.3872113856834,1.09479389522307
1,2.5,18,3.71,1,40,2,25,22.9086765276777,1.09218800866007
1,2.5,18,3.71,1,40,2,25,23.4422881531992,1.08952556708664
1,2.5,18,3.71,1,40,2,25,23.9883291901949,1.08680395335961
1,2.5,18,3.71,1,40,2,25,24.5470891568503,1.08402049519363
1,2.5,18,3.71,1,40,2,25,25.1188643150958,1.08117246691897
1,2.5,18,3.71,1,40,2,25,25.7039578276886,1.07825709159082
1,2.5,18,3.71,1,40,2,25,26.3026799189538,1.07527154347434
1,2.5,18,3.71,1,40,2,25,26.9153480392692,1.07221295092934
1,2.5,18,3.71,1,40,2,25,27.5422870333817,1.06907839971899
1,2.5,18,3.71,1,40,2,25,28.1838293126446,1.06586493676609
1,2.5,18,3.71,1,40,2,25,28.8403150312661,1.06256957438011
1,2.5,18,3.71,1,40,2,25,29.5120922666639,1.05918929497714
1,2.5,18,3.71,1,40,2,25,30.1995172040202,1.05572105631382
1,2.5,18,3.71,1,40,2,25,30.9029543251359,1.05216179725447
1,2.5,18,3.71,1,40,2,25,31.6227766016838,1.04850844408882
1,2.5,18,3.71,1,40,2,25,32.3593656929628,1.0447579174152
1,2.5,18,3.71,1,40,2,25,33.1131121482591,1.04090713960122
1,2.5,18,3.71,1,40,2,25,33.8844156139203,1.03695304283058
1,2.5,18,3.71,1,40,2,25,34.6736850452532,1.03289257774079
1,2.5,18,3.71,1,40,2,25,35.4813389233576,1.02872272265217
1,2.5,18,3.71,1,40,2,25,36.3078054770101,1.0244404933838
1,2.5,18,3.71,1,40,2,25,37.1535229097173,1.02004295364635
1,2.5,18,3.71,1,40,2,25,38.0189396320561,1.0155272259963
1,2.5,18,3.71,1,40,2,25,38.904514499428,1.01089050332914
1,2.5,18,3.71,1,40,2,25,39.8107170553497,1.00613006088275
1,2.5,18,3.71,1,40,2,25,40.7380277804113,1.0012432687146
1,2.5,18,3.71,1,40,2,25,41.6869383470336,0.996227604609003
1,2.5,18,3.71,1,40,2,25,42.6579518801593,0.991080667362663
1,2.5,18,3.71,1,40,2,25,43.6515832240166,0.985800190388621
1,2.5,18,3.71,1,40,2,25,44.6683592150963,0.980384055570692
1,2.5,18,3.71,1,40,2,25,45.7088189614875,0.974830307292125
1,2.5,18,3.71,1,40,2,25,46.7735141287198,0.969137166554289
1,2.5,18,3.71,1,40,2,25,47.8630092322638,0.963303045093419
1,2.5,18,3.71,1,40,2,25,48.9778819368446,0.957326559396126
1,2.5,18,3.71,1,40,2,25,50.1187233627273,0.951206544507665
1,2.5,18,3.71,1,40,2,25,51.2861383991365,0.944942067520988
1,2.5,18,3.71,1,40,2,25,52.4807460249773,0.938532440629558
1,2.5,18,3.71,1,40,2,25,53.7031796370253,0.931977233622961
1,2.5,18,3.71,1,40,2,25,54.9540873857625,0.925276285701649
1,2.5,18,3.71,1,40,2,25,56.2341325190349,0.918429716485856
1,2.5,18,3.71,1,40,2,25,57.5439937337157,0.911437936093977
1,2.5,18,3.71,1,40,2,25,58.8843655355589,0.904301654167588
1,2.5,18,3.71,1,40,2,25,60.2559586074358,0.897021887723967
1,2.5,18,3.71,1,40,2,25,61.6595001861482,0.889599967722398
1,2.5,18,3.71,1,40,2,25,63.0957344480194,0.8820375442379
1,2.5,18,3.71,1,40,2,25,64.5654229034656,0.874336590145123
1,2.5,18,3.71,1,40,2,25,66.0693448007596,0.866499403226115
1,2.5,18,3.71,1,40,2,25,67.6082975391982,0.858528606628336
1,2.5,18,3.71,1,40,2,25,69.1830970918936,0.850427147613472
1,2.5,18,3.71,1,40,2,25,70.7945784384138,0.842198294553307
1,2.5,18,3.71,1,40,2,25,72.443596007499,0.833845632145711
1,2.5,18,3.71,1,40,2,25,74.1310241300918,0.825373054841676
1,2.5,18,3.71,1,40,2,25,75.8577575029184,0.816784758492787
1,2.5,18,3.71,1,40,2,25,77.6247116628692,0.808085230247469
1,2.5,18,3.71,1,40,2,25,79.4328234724281,0.799279236743308
1,2.5,18,3.71,1,40,2,25,81.2830516164099,0.790371810661494
1,2.5,18,3.71,1,40,2,25,83.1763771102671,0.781368235727568
1,2.5,18,3.71,1,40,2,25,85.1138038202377,0.772274030259924
1,2.5,18,3.71,1,40,2,25,87.0963589956081,0.76309492938354
1,2.5,18,3.71,1,40,2,25,89.1250938133746,0.7538368660409
1,2.5,18,3.71,1,40,2,25,91.201083935591,0.74450595094491
1,2.5,18,3.71,1,40,2,25,93.3254300796991,0.735108451629277
1,2.5,18,3.71,1,40,2,25,95.4992586021436,0.725650770760529
1,2.5,18,3.71,1,40,2,25,97.7237220955811,0.716139423882103
1,2.5,18,3.71,1,40,2,25,100,0.706581016764889
1,2.5,18,3.71,1,40,3,25,0.01,8.14769961403509
1,2.5,18,3.71,1,40,3,25,0.0102329299228075,8.03624360903222
1,2.5,18,3.71,1,40,3,25,0.010471285480509,7.92675957367936
1,2.5,18,3.71,1,40,3,25,0.0107151930523761,7.8192090888686
1,2.5,18,3.71,1,40,3,25,0.0109647819614319,7.71355453597442
1,2.5,18,3.71,1,40,3,25,0.0112201845430196,7.60975907948006
1,2.5,18,3.71,1,40,3,25,0.0114815362149688,7.50778664998969
1,2.5,18,3.71,1,40,3,25,0.0117489755493953,7.40760192761755
1,2.5,18,3.71,1,40,3,25,0.0120226443461741,7.3091703257459
1,2.5,18,3.71,1,40,3,25,0.0123026877081238,7.21245797514317
1,2.5,18,3.71,1,40,3,25,0.0125892541179417,7.11743170843439
1,2.5,18,3.71,1,40,3,25,0.0128824955169313,7.02405904491602
1,2.5,18,3.71,1,40,3,25,0.0131825673855641,6.93230817570731
1,2.5,18,3.71,1,40,3,25,0.0134896288259165,6.84214794923073
1,2.5,18,3.71,1,40,3,25,0.0138038426460289,6.75354785701405
1,2.5,18,3.71,1,40,3,25,0.0141253754462275,6.66647801980689
1,2.5,18,3.71,1,40,3,25,0.0144543977074593,6.5809091740046
1,2.5,18,3.71,1,40,3,25,0.0147910838816821,6.49681265837267
1,2.5,18,3.71,1,40,3,25,0.0151356124843621,6.41416040106482
1,2.5,18,3.71,1,40,3,25,0.0154881661891248,6.33292490692832
1,2.5,18,3.71,1,40,3,25,0.0158489319246111,6.25307924508994
1,2.5,18,3.71,1,40,3,25,0.0162181009735893,6.17459703681635
1,2.5,18,3.71,1,40,3,25,0.0165958690743756,6.09745244364279
1,2.5,18,3.71,1,40,3,25,0.0169824365246174,6.021620155764
1,2.5,18,3.71,1,40,3,25,0.0173780082874938,5.94707538068142
1,2.5,18,3.71,1,40,3,25,0.0177827941003892,5.87379383210119
1,2.5,18,3.71,1,40,3,25,0.0181970085860998,5.80175171907698
1,2.5,18,3.71,1,40,3,25,0.0186208713666287,5.73092573539243
1,2.5,18,3.71,1,40,3,25,0.0190546071796325,5.66129304917775
1,2.5,18,3.71,1,40,3,25,0.0194984459975805,5.59283129275521
1,2.5,18,3.71,1,40,3,25,0.0199526231496888,5.52551855270838
1,2.5,18,3.71,1,40,3,25,0.0204173794466953,5.45933336017022
1,2.5,18,3.71,1,40,3,25,0.0208929613085404,5.39425468132498
1,2.5,18,3.71,1,40,3,25,0.0213796208950223,5.33026190811923
1,2.5,18,3.71,1,40,3,25,0.0218776162394955,5.26733484917728
1,2.5,18,3.71,1,40,3,25,0.0223872113856834,5.2054537209165
1,2.5,18,3.71,1,40,3,25,0.0229086765276777,5.14459913885791
1,2.5,18,3.71,1,40,3,25,0.0234422881531992,5.08475210912785
1,2.5,18,3.71,1,40,3,25,0.0239883291901949,5.0258940201464
1,2.5,18,3.71,1,40,3,25,0.0245470891568503,4.96800663449825
1,2.5,18,3.71,1,40,3,25,0.0251188643150958,4.9110720809822
1,2.5,18,3.71,1,40,3,25,0.0257039578276886,4.85507284683503
1,2.5,18,3.71,1,40,3,25,0.0263026799189538,4.79999177012602
1,2.5,18,3.71,1,40,3,25,0.0269153480392692,4.74581203231824
1,2.5,18,3.71,1,40,3,25,0.0275422870333817,4.69251715099293
1,2.5,18,3.71,1,40,3,25,0.0281838293126445,4.64009097273323
1,2.5,18,3.71,1,40,3,25,0.0288403150312661,4.58851766616388
1,2.5,18,3.71,1,40,3,25,0.0295120922666639,4.53778171514318
1,2.5,18,3.71,1,40,3,25,0.0301995172040202,4.48786791210404
1,2.5,18,3.71,1,40,3,25,0.0309029543251359,4.43876135154065
1,2.5,18,3.71,1,40,3,25,0.0316227766016838,4.39044742363752
1,2.5,18,3.71,1,40,3,25,0.0323593656929628,4.34291180803789
1,2.5,18,3.71,1,40,3,25,0.0331131121482591,4.29614046774809
1,2.5,18,3.71,1,40,3,25,0.0338844156139203,4.25011964317519
1,2.5,18,3.71,1,40,3,25,0.0346736850452532,4.20483584629467
1,2.5,18,3.71,1,40,3,25,0.0354813389233576,4.16027585494532
1,2.5,18,3.71,1,40,3,25,0.0363078054770101,4.11642670724865
1,2.5,18,3.71,1,40,3,25,0.0371535229097173,4.07327569614984
1,2.5,18,3.71,1,40,3,25,0.0380189396320561,4.03081036407766
1,2.5,18,3.71,1,40,3,25,0.038904514499428,3.98901849772065
1,2.5,18,3.71,1,40,3,25,0.0398107170553497,3.94788812291703
1,2.5,18,3.71,1,40,3,25,0.0407380277804113,3.90740749965575
1,2.5,18,3.71,1,40,3,25,0.0416869383470335,3.86756511718626
1,2.5,18,3.71,1,40,3,25,0.0426579518801593,3.8283496892345
1,2.5,18,3.71,1,40,3,25,0.0436515832240166,3.78975014932292
1,2.5,18,3.71,1,40,3,25,0.0446683592150963,3.75175564619198
1,2.5,18,3.71,1,40,3,25,0.0457088189614875,3.71435553932114
1,2.5,18,3.71,1,40,3,25,0.0467735141287198,3.67753939454683
1,2.5,18,3.71,1,40,3,25,0.0478630092322639,3.6412969797756
1,2.5,18,3.71,1,40,3,25,0.0489778819368446,3.60561826079
1,2.5,18,3.71,1,40,3,25,0.0501187233627272,3.57049339714535
1,2.5,18,3.71,1,40,3,25,0.0512861383991365,3.53591273815533
1,2.5,18,3.71,1,40,3,25,0.0524807460249773,3.50186681896434
1,2.5,18,3.71,1,40,3,25,0.0537031796370253,3.4683463567049
1,2.5,18,3.71,1,40,3,25,0.0549540873857625,3.43534224673792
1,2.5,18,3.71,1,40,3,25,0.0562341325190349,3.4028455589743
1,2.5,18,3.71,1,40,3,25,0.0575439937337157,3.37084753427583
1,2.5,18,3.71,1,40,3,25,0.0588843655355589,3.33933958093381
1,2.5,18,3.71,1,40,3,25,0.0602559586074358,3.30831327122352
1,2.5,18,3.71,1,40,3,25,0.0616595001861482,3.27776033803296
1,2.5,18,3.71,1,40,3,25,0.0630957344480193,3.24767267156418
1,2.5,18,3.71,1,40,3,25,0.0645654229034656,3.21804231610561
1,2.5,18,3.71,1,40,3,25,0.0660693448007596,3.18886146687379
1,2.5,18,3.71,1,40,3,25,0.0676082975391982,3.16012246692301
1,2.5,18,3.71,1,40,3,25,0.0691830970918936,3.13181780412134
1,2.5,18,3.71,1,40,3,25,0.0707945784384138,3.10394010819155
1,2.5,18,3.71,1,40,3,25,0.072443596007499,3.07648214781556
1,2.5,18,3.71,1,40,3,25,0.0741310241300918,3.04943682780096
1,2.5,18,3.71,1,40,3,25,0.0758577575029184,3.02279718630821
1,2.5,18,3.71,1,40,3,25,0.0776247116628692,2.99655639213729
1,2.5,18,3.71,1,40,3,25,0.0794328234724281,2.97070774207238
1,2.5,18,3.71,1,40,3,25,0.0812830516164099,2.9452446582833
1,2.5,18,3.71,1,40,3,25,0.0831763771102671,2.92016068578256
1,2.5,18,3.71,1,40,3,25,0.0851138038202377,2.89544948993667
1,2.5,18,3.71,1,40,3,25,0.0870963589956081,2.87110485403054
1,2.5,18,3.71,1,40,3,25,0.0891250938133746,2.84712067688396
1,2.5,18,3.71,1,40,3,25,0.091201083935591,2.82349097051871
1,2.5,18,3.71,1,40,3,25,0.0933254300796991,2.80020985787549
1,2.5,18,3.71,1,40,3,25,0.0954992586021436,2.77727157057941
1,2.5,18,3.71,1,40,3,25,0.0977237220955811,2.754670446753
1,2.5,18,3.71,1,40,3,25,0.1,2.73240092887567
1,2.5,18,3.71,1,40,3,25,0.102329299228075,2.71045756168871
1,2.5,18,3.71,1,40,3,25,0.10471285480509,2.68883499014471
1,2.5,18,3.71,1,40,3,25,0.107151930523761,2.66752795740045
1,2.5,18,3.71,1,40,3,25,0.109647819614319,2.64653130285237
1,2.5,18,3.71,1,40,3,25,0.112201845430196,2.62583996021361
1,2.5,18,3.71,1,40,3,25,0.114815362149688,2.60544895563174
1,2.5,18,3.71,1,40,3,25,0.117489755493953,2.58535340584633
1,2.5,18,3.71,1,40,3,25,0.120226443461741,2.56554851638538
1,2.5,18,3.71,1,40,3,25,0.123026877081238,2.54602957979986
1,2.5,18,3.71,1,40,3,25,0.125892541179417,2.52679197393553
1,2.5,18,3.71,1,40,3,25,0.128824955169313,2.50783116024109
1,2.5,18,3.71,1,40,3,25,0.131825673855641,2.48914268211204
1,2.5,18,3.71,1,40,3,25,0.134896288259165,2.47072216326935
1,2.5,18,3.71,1,40,3,25,0.138038426460289,2.45256530617226
1,2.5,18,3.71,1,40,3,25,0.141253754462275,2.43466789046434
1,2.5,18,3.71,1,40,3,25,0.144543977074593,2.41702577145227
1,2.5,18,3.71,1,40,3,25,0.147910838816821,2.39963487861643
1,2.5,18,3.71,1,40,3,25,0.151356124843621,2.38249121415276
1,2.5,18,3.71,1,40,3,25,0.154881661891248,2.36559085154511
1,2.5,18,3.71,1,40,3,25,0.158489319246111,2.34892993416745
1,2.5,18,3.71,1,40,3,25,0.162181009735893,2.33250467391534
1,2.5,18,3.71,1,40,3,25,0.165958690743756,2.31631134986586
1,2.5,18,3.71,1,40,3,25,0.169824365246174,2.30034630696565
1,2.5,18,3.71,1,40,3,25,0.173780082874938,2.28460595474612
1,2.5,18,3.71,1,40,3,25,0.177827941003892,2.26908676606552
1,2.5,18,3.71,1,40,3,25,0.181970085860998,2.25378527587714
1,2.5,18,3.71,1,40,3,25,0.186208713666287,2.23869808002313
1,2.5,18,3.71,1,40,3,25,0.190546071796325,2.22382183405325
1,2.5,18,3.71,1,40,3,25,0.194984459975805,2.20915325206827
1,2.5,18,3.71,1,40,3,25,0.199526231496888,2.19468910558725
1,2.5,18,3.71,1,40,3,25,0.204173794466953,2.18042622243819
1,2.5,18,3.71,1,40,3,25,0.208929613085404,2.16636148567176
1,2.5,18,3.71,1,40,3,25,0.213796208950223,2.15249183249737
1,2.5,18,3.71,1,40,3,25,0.218776162394955,2.13881425324116
1,2.5,18,3.71,1,40,3,25,0.223872113856834,2.12532579032555
1,2.5,18,3.71,1,40,3,25,0.229086765276777,2.1120235372697
1,2.5,18,3.71,1,40,3,25,0.234422881531992,2.0989046377106
1,2.5,18,3.71,1,40,3,25,0.239883291901949,2.08596628444418
1,2.5,18,3.71,1,40,3,25,0.245470891568503,2.07320571848614
1,2.5,18,3.71,1,40,3,25,0.251188643150958,2.06062022815202
1,2.5,18,3.71,1,40,3,25,0.257039578276886,2.04820714815605
1,2.5,18,3.71,1,40,3,25,0.263026799189538,2.03596385872845
1,2.5,18,3.71,1,40,3,25,0.269153480392692,2.02388778475071
1,2.5,18,3.71,1,40,3,25,0.275422870333817,2.01197639490856
1,2.5,18,3.71,1,40,3,25,0.281838293126445,2.00022720086208
1,2.5,18,3.71,1,40,3,25,0.288403150312661,1.98863775643277
1,2.5,18,3.71,1,40,3,25,0.295120922666639,1.97720565680706
1,2.5,18,3.71,1,40,3,25,0.301995172040202,1.96592853775599
1,2.5,18,3.71,1,40,3,25,0.309029543251359,1.95480407487068
1,2.5,18,3.71,1,40,3,25,0.316227766016838,1.94382998281326
1,2.5,18,3.71,1,40,3,25,0.323593656929628,1.93300401458288
1,2.5,18,3.71,1,40,3,25,0.331131121482591,1.92232396079653
1,2.5,18,3.71,1,40,3,25,0.338844156139203,1.91178764898433
1,2.5,18,3.71,1,40,3,25,0.346736850452532,1.90139294289899
1,2.5,18,3.71,1,40,3,25,0.354813389233575,1.89113774183904
1,2.5,18,3.71,1,40,3,25,0.363078054770101,1.88101997998565
1,2.5,18,3.71,1,40,3,25,0.371535229097173,1.87103762575273
1,2.5,18,3.71,1,40,3,25,0.380189396320561,1.86118868114994
1,2.5,18,3.71,1,40,3,25,0.389045144994281,1.85147118115837
1,2.5,18,3.71,1,40,3,25,0.398107170553497,1.84188319311864
1,2.5,18,3.71,1,40,3,25,0.407380277804113,1.83242281613111
1,2.5,18,3.71,1,40,3,25,0.416869383470336,1.82308818046799
1,2.5,18,3.71,1,40,3,25,0.426579518801593,1.81387744699703
1,2.5,18,3.71,1,40,3,25,0.436515832240166,1.80478880661648
1,2.5,18,3.71,1,40,3,25,0.446683592150963,1.79582047970131
1,2.5,18,3.71,1,40,3,25,0.457088189614875,1.78697071556011
1,2.5,18,3.71,1,40,3,25,0.467735141287198,1.77823779190275
1,2.5,18,3.71,1,40,3,25,0.478630092322638,1.76962001431829
1,2.5,18,3.71,1,40,3,25,0.489778819368446,1.76111571576311
1,2.5,18,3.71,1,40,3,25,0.501187233627272,1.752723256059
1,2.5,18,3.71,1,40,3,25,0.512861383991365,1.74444102140082
1,2.5,18,3.71,1,40,3,25,0.524807460249773,1.73626742387377
1,2.5,18,3.71,1,40,3,25,0.537031796370253,1.72820090097988
1,2.5,18,3.71,1,40,3,25,0.549540873857625,1.72023991517354
1,2.5,18,3.71,1,40,3,25,0.562341325190349,1.71238295340592
1,2.5,18,3.71,1,40,3,25,0.575439937337157,1.70462852667806
1,2.5,18,3.71,1,40,3,25,0.588843655355589,1.69697516960233
1,2.5,18,3.71,1,40,3,25,0.602559586074358,1.68942143997229
1,2.5,18,3.71,1,40,3,25,0.616595001861482,1.68196591834048
1,2.5,18,3.71,1,40,3,25,0.630957344480193,1.67460720760423
1,2.5,18,3.71,1,40,3,25,0.645654229034656,1.66734393259904
1,2.5,18,3.71,1,40,3,25,0.660693448007596,1.6601747396996
1,2.5,18,3.71,1,40,3,25,0.676082975391982,1.65309829642806
1,2.5,18,3.71,1,40,3,25,0.691830970918937,1.64611329106953
1,2.5,18,3.71,1,40,3,25,0.707945784384138,1.63921843229456
1,2.5,18,3.71,1,40,3,25,0.72443596007499,1.63241244878841
1,2.5,18,3.71,1,40,3,25,0.741310241300918,1.62569408888702
1,2.5,18,3.71,1,40,3,25,0.758577575029184,1.61906212021948
1,2.5,18,3.71,1,40,3,25,0.776247116628692,1.6125153293568
1,2.5,18,3.71,1,40,3,25,0.794328234724282,1.60605252146683
1,2.5,18,3.71,1,40,3,25,0.8128305161641,1.59967251997532
1,2.5,18,3.71,1,40,3,25,0.831763771102671,1.59337416623264
1,2.5,18,3.71,1,40,3,25,0.851138038202376,1.58715631918639
1,2.5,18,3.71,1,40,3,25,0.87096358995608,1.58101785505945
1,2.5,18,3.71,1,40,3,25,0.891250938133745,1.57495766703348
1,2.5,18,3.71,1,40,3,25,0.91201083935591,1.56897466493763
1,2.5,18,3.71,1,40,3,25,0.933254300796991,1.56306777494241
1,2.5,18,3.71,1,40,3,25,0.954992586021436,1.55723593925846
1,2.5,18,3.71,1,40,3,25,0.977237220955811,1.55147811584021
1,2.5,18,3.71,1,40,3,25,1,1.54579327809409
1,2.5,18,3.71,1,40,3,25,1.02329299228075,1.5401804145914
1,2.5,18,3.71,1,40,3,25,1.0471285480509,1.53463852878547
1,2.5,18,3.71,1,40,3,25,1.07151930523761,1.52916663873307
1,2.5,18,3.71,1,40,3,25,1.09647819614319,1.52376377682001
1,2.5,18,3.71,1,40,3,25,1.12201845430196,1.51842898949058
1,2.5,18,3.71,1,40,3,25,1.14815362149688,1.51316133698087
1,2.5,18,3.71,1,40,3,25,1.17489755493953,1.5079598930558
1,2.5,18,3.71,1,40,3,25,1.20226443461741,1.50282374474961
1,2.5,18,3.71,1,40,3,25,1.23026877081238,1.49775199210988
1,2.5,18,3.71,1,40,3,25,1.25892541179417,1.49274374794462
1,2.5,18,3.71,1,40,3,25,1.28824955169313,1.48779813757272
1,2.5,18,3.71,1,40,3,25,1.31825673855641,1.48291429857715
1,2.5,18,3.71,1,40,3,25,1.34896288259165,1.47809138056117
1,2.5,18,3.71,1,40,3,25,1.38038426460289,1.47332854490717
1,2.5,18,3.71,1,40,3,25,1.41253754462275,1.46862496453802
1,2.5,18,3.71,1,40,3,25,1.44543977074593,1.46397982368095
1,2.5,18,3.71,1,40,3,25,1.47910838816821,1.45939231763355
1,2.5,18,3.71,1,40,3,25,1.51356124843621,1.45486165253204
1,2.5,18,3.71,1,40,3,25,1.54881661891248,1.45038704512136
1,2.5,18,3.71,1,40,3,25,1.58489319246111,1.44596772252722
1,2.5,18,3.71,1,40,3,25,1.62181009735893,1.44160292202968
1,2.5,18,3.71,1,40,3,25,1.65958690743756,1.43729189083838
1,2.5,18,3.71,1,40,3,25,1.69824365246174,1.43303388586901
1,2.5,18,3.71,1,40,3,25,1.73780082874938,1.42882817352109
1,2.5,18,3.71,1,40,3,25,1.77827941003892,1.42467402945665
1,2.5,18,3.71,1,40,3,25,1.81970085860998,1.42057073837991
1,2.5,18,3.71,1,40,3,25,1.86208713666287,1.4165175938176
1,2.5,18,3.71,1,40,3,25,1.90546071796325,1.41251389789982
1,2.5,18,3.71,1,40,3,25,1.94984459975805,1.40855896114124
1,2.5,18,3.71,1,40,3,25,1.99526231496888,1.40465210222254
1,2.5,18,3.71,1,40,3,25,2.04173794466953,1.40079264777177
1,2.5,18,3.71,1,40,3,25,2.08929613085404,1.39697993214557
1,2.5,18,3.71,1,40,3,25,2.13796208950223,1.39321329720999
1,2.5,18,3.71,1,40,3,25,2.18776162394955,1.38949209212071
1,2.5,18,3.71,1,40,3,25,2.23872113856834,1.38581567310252
1,2.5,18,3.71,1,40,3,25,2.29086765276777,1.38218340322779
1,2.5,18,3.71,1,40,3,25,2.34422881531992,1.37859465219374
1,2.5,18,3.71,1,40,3,25,2.39883291901949,1.37504879609825
1,2.5,18,3.71,1,40,3,25,2.45470891568503,1.37154521721413
1,2.5,18,3.71,1,40,3,25,2.51188643150958,1.36808330376138
1,2.5,18,3.71,1,40,3,25,2.57039578276886,1.36466244967745
1,2.5,18,3.71,1,40,3,25,2.63026799189538,1.36128205438506
1,2.5,18,3.71,1,40,3,25,2.69153480392692,1.35794152255747
1,2.5,18,3.71,1,40,3,25,2.75422870333817,1.35464026388078
1,2.5,18,3.71,1,40,3,25,2.81838293126446,1.35137769281321
1,2.5,18,3.71,1,40,3,25,2.88403150312661,1.34815322834085
1,2.5,18,3.71,1,40,3,25,2.95120922666639,1.34496629372977
1,2.5,18,3.71,1,40,3,25,3.01995172040202,1.34181631627406
1,2.5,18,3.71,1,40,3,25,3.09029543251359,1.33870272703965
1,2.5,18,3.71,1,40,3,25,3.16227766016838,1.3356249606034
1,2.5,18,3.71,1,40,3,25,3.23593656929628,1.33258245478731
1,2.5,18,3.71,1,40,3,25,3.31131121482591,1.32957465038741
1,2.5,18,3.71,1,40,3,25,3.38844156139203,1.32660099089703
1,2.5,18,3.71,1,40,3,25,3.46736850452532,1.32366092222404
1,2.5,18,3.71,1,40,3,25,3.54813389233576,1.32075389240179
1,2.5,18,3.71,1,40,3,25,3.63078054770101,1.3178793512932
1,2.5,18,3.71,1,40,3,25,3.71535229097172,1.31503675028781
1,2.5,18,3.71,1,40,3,25,3.80189396320561,1.31222554199119
1,2.5,18,3.71,1,40,3,25,3.8904514499428,1.30944517990646
1,2.5,18,3.71,1,40,3,25,3.98107170553497,1.30669511810729
1,2.5,18,3.71,1,40,3,25,4.07380277804113,1.30397481090218
1,2.5,18,3.71,1,40,3,25,4.16869383470335,1.30128371248928
1,2.5,18,3.71,1,40,3,25,4.26579518801593,1.29862127660152
1,2.5,18,3.71,1,40,3,25,4.36515832240166,1.29598695614142
1,2.5,18,3.71,1,40,3,25,4.46683592150963,1.29338020280508
1,2.5,18,3.71,1,40,3,25,4.57088189614875,1.29080046669489
1,2.5,18,3.71,1,40,3,25,4.67735141287198,1.28824719592042
1,2.5,18,3.71,1,40,3,25,4.78630092322638,1.28571983618685
1,2.5,18,3.71,1,40,3,25,4.89778819368446,1.2832178303705
1,2.5,18,3.71,1,40,3,25,5.01187233627272,1.2807406180808
1,2.5,18,3.71,1,40,3,25,5.12861383991365,1.27828763520817
1,2.5,18,3.71,1,40,3,25,5.24807460249773,1.27585831345713
1,2.5,18,3.71,1,40,3,25,5.37031796370253,1.27345207986405
1,2.5,18,3.71,1,40,3,25,5.49540873857625,1.27106835629902
1,2.5,18,3.71,1,40,3,25,5.62341325190349,1.26870655895097
1,2.5,18,3.71,1,40,3,25,5.75439937337157,1.2663660977956
1,2.5,18,3.71,1,40,3,25,5.88843655355589,1.26404637604534
1,2.5,18,3.71,1,40,3,25,6.02559586074358,1.26174678958071
1,2.5,18,3.71,1,40,3,25,6.16595001861482,1.2594667263624
1,2.5,18,3.71,1,40,3,25,6.30957344480194,1.25720556582331
1,2.5,18,3.71,1,40,3,25,6.45654229034656,1.25496267824002
1,2.5,18,3.71,1,40,3,25,6.60693448007596,1.25273742408281
1,2.5,18,3.71,1,40,3,25,6.76082975391982,1.25052915334369
1,2.5,18,3.71,1,40,3,25,6.91830970918936,1.24833720484168
1,2.5,18,3.71,1,40,3,25,7.07945784384138,1.24616090550461
1,2.5,18,3.71,1,40,3,25,7.2443596007499,1.24399956962698
1,2.5,18,3.71,1,40,3,25,7.41310241300918,1.24185249810288
1,2.5,18,3.71,1,40,3,25,7.58577575029184,1.23971897763371
1,2.5,18,3.71,1,40,3,25,7.76247116628692,1.2375982799098
1,2.5,18,3.71,1,40,3,25,7.94328234724281,1.23548966076547
1,2.5,18,3.71,1,40,3,25,8.12830516164099,1.23339235930697
1,2.5,18,3.71,1,40,3,25,8.31763771102671,1.23130559701283
1,2.5,18,3.71,1,40,3,25,8.51138038202377,1.22922857680603
1,2.5,18,3.71,1,40,3,25,8.7096358995608,1.22716048209775
1,2.5,18,3.71,1,40,3,25,8.91250938133746,1.22510047580225
1,2.5,18,3.71,1,40,3,25,9.1201083935591,1.22304769932275
1,2.5,18,3.71,1,40,3,25,9.33254300796991,1.22100127150791
1,2.5,18,3.71,1,40,3,25,9.54992586021436,1.21896028757918
1,2.5,18,3.71,1,40,3,25,9.77237220955811,1.21692381802869
1,2.5,18,3.71,1,40,3,25,10,1.21489090748819
1,2.5,18,3.71,1,40,3,25,10.2329299228075,1.21286057356905
1,2.5,18,3.71,1,40,3,25,10.471285480509,1.21083180567401
1,2.5,18,3.71,1,40,3,25,10.7151930523761,1.2088035637812
1,2.5,18,3.71,1,40,3,25,10.9647819614319,1.20677477720132
1,2.5,18,3.71,1,40,3,25,11.2201845430196,1.20474434330896
1,2.5,18,3.71,1,40,3,25,11.4815362149688,1.20271112624943
1,2.5,18,3.71,1,40,3,25,11.7489755493953,1.20067395562257
1,2.5,18,3.71,1,40,3,25,12.0226443461741,1.19863162514544
1,2.5,18,3.71,1,40,3,25,12.3026877081238,1.19658289129592
1,2.5,18,3.71,1,40,3,25,12.5892541179417,1.19452647193981
1,2.5,18,3.71,1,40,3,25,12.8824955169313,1.19246104494426
1,2.5,18,3.71,1,40,3,25,13.1825673855641,1.19038524678062
1,2.5,18,3.71,1,40,3,25,13.4896288259165,1.18829767112068
1,2.5,18,3.71,1,40,3,25,13.8038426460289,1.1861968674301
1,2.5,18,3.71,1,40,3,25,14.1253754462275,1.18408133956406
1,2.5,18,3.71,1,40,3,25,14.4543977074593,1.18194954436991
1,2.5,18,3.71,1,40,3,25,14.7910838816821,1.17979989030296
1,2.5,18,3.71,1,40,3,25,15.1356124843621,1.17763073606157
1,2.5,18,3.71,1,40,3,25,15.4881661891248,1.17544038924863
1,2.5,18,3.71,1,40,3,25,15.8489319246111,1.17322710506727
1,2.5,18,3.71,1,40,3,25,16.2181009735893,1.17098908505917
1,2.5,18,3.71,1,40,3,25,16.5958690743756,1.16872447589473
1,2.5,18,3.71,1,40,3,25,16.9824365246174,1.16643136822537
1,2.5,18,3.71,1,40,3,25,17.3780082874938,1.16410779560859
1,2.5,18,3.71,1,40,3,25,17.7827941003892,1.16175173351794
1,2.5,18,3.71,1,40,3,25,18.1970085860998,1.15936109845042
1,2.5,18,3.71,1,40,3,25,18.6208713666287,1.15693374714513
1,2.5,18,3.71,1,40,3,25,19.0546071796325,1.15446747592788
1,2.5,18,3.71,1,40,3,25,19.4984459975805,1.15196002019733
1,2.5,18,3.71,1,40,3,25,19.9526231496888,1.14940905406951
1,2.5,18,3.71,1,40,3,25,20.4173794466953,1.14681219019828
1,2.5,18,3.71,1,40,3,25,20.8929613085404,1.14416697979052
1,2.5,18,3.71,1,40,3,25,21.3796208950223,1.14147091283576
1,2.5,18,3.71,1,40,3,25,21.8776162394955,1.13872141857083
1,2.5,18,3.71,1,40,3,25,22.3872113856834,1.1359158662011
1,2.5,18,3.71,1,40,3,25,22.9086765276777,1.13305156590083
1,2.5,18,3.71,1,40,3,25,23.4422881531992,1.13012577011562
1,2.5,18,3.71,1,40,3,25,23.9883291901949,1.12713567519095
1,2.5,18,3.71,1,40,3,25,24.5470891568503,1.12407842335111
1,2.5,18,3.71,1,40,3,25,25.1188643150958,1.12095110505331
1,2.5,18,3.71,1,40,3,25,25.7039578276886,1.11775076174197
1,2.5,18,3.71,1,40,3,25,26.3026799189538,1.11447438902816
1,2.5,18,3.71,1,40,3,25,26.9153480392692,1.11111894031908
1,2.5,18,3.71,1,40,3,25,27.5422870333817,1.1076813309217
1,2.5,18,3.71,1,40,3,25,28.1838293126446,1.10415844264433
1,2.5,18,3.71,1,40,3,25,28.8403150312661,1.10054712891835
1,2.5,18,3.71,1,40,3,25,29.5120922666639,1.09684422046126
1,2.5,18,3.71,1,40,3,25,30.1995172040202,1.09304653149997
1,2.5,18,3.71,1,40,3,25,30.9029543251359,1.08915086657134
1,2.5,18,3.71,1,40,3,25,31.6227766016838,1.08515402791404
1,2.5,18,3.71,1,40,3,25,32.3593656929628,1.0810528234625
1,2.5,18,3.71,1,40,3,25,33.1131121482591,1.07684407545038
1,2.5,18,3.71,1,40,3,25,33.8844156139203,1.07252462962629
1,2.5,18,3.71,1,40,3,25,34.6736850452532,1.06809136508008
1,2.5,18,3.71,1,40,3,25,35.4813389233576,1.06354120467259
1,2.5,18,3.71,1,40,3,25,36.3078054770101,1.05887112605591
1,2.5,18,3.71,1,40,3,25,37.1535229097173,1.05407817326489
1,2.5,18,3.71,1,40,3,25,38.0189396320561,1.04915946885389
1,2.5,18,3.71,1,40,3,25,38.904514499428,1.04411222654525
1,2.5,18,3.71,1,40,3,25,39.8107170553497,1.03893376434857
1,2.5,18,3.71,1,40,3,25,40.7380277804113,1.03362151810168
1,2.5,18,3.71,1,40,3,25,41.6869383470336,1.02817305537597
1,2.5,18,3.71,1,40,3,25,42.6579518801593,1.02258608968023
1,2.5,18,3.71,1,40,3,25,43.6515832240166,1.01685849488898
1,2.5,18,3.71,1,40,3,25,44.6683592150963,1.01098831981226
1,2.5,18,3.71,1,40,3,25,45.7088189614875,1.00497380281647
1,2.5,18,3.71,1,40,3,25,46.7735141287198,0.99881338639711
1,2.5,18,3.71,1,40,3,25,47.8630092322638,0.992505731597808
1,2.5,18,3.71,1,40,3,25,48.9778819368446,0.986049732162737
1,2.5,18,3.71,1,40,3,25,50.1187233627273,0.979444528304167
1,2.5,18,3.71,1,40,3,25,51.2861383991365,0.972689519962013
1,2.5,18,3.71,1,40,3,25,52.4807460249773,0.965784379428724
1,2.5,18,3.71,1,40,3,25,53.7031796370253,0.958729063210773
1,2.5,18,3.71,1,40,3,25,54.9540873857625,0.951523822997309
1,2.5,18,3.71,1,40,3,25,56.2341325190349,0.944169215607607
1,2.5,18,3.71,1,40,3,25,57.5439937337157,0.936666111791702
1,2.5,18,3.71,1,40,3,25,58.8843655355589,0.929015703763236
1,2.5,18,3.71,1,40,3,25,60.2559586074358,0.921219511350063
1,2.5,18,3.71,1,40,3,25,61.6595001861482,0.913279386656601
1,2.5,18,3.71,1,40,3,25,63.0957344480194,0.905197517142226
1,2.5,18,3.71,1,40,3,25,64.5654229034656,0.896976427032149
1,2.5,18,3.71,1,40,3,25,66.0693448007596,0.888618976991091
1,2.5,18,3.71,1,40,3,25,67.6082975391982,0.880128362005449
1,2.5,18,3.71,1,40,3,25,69.1830970918936,0.871508107436479
1,2.5,18,3.71,1,40,3,25,70.7945784384138,0.862762063224925
1,2.5,18,3.71,1,40,3,25,72.443596007499,0.853894396246335
1,2.5,18,3.71,1,40,3,25,74.1310241300918,0.844909580835678
1,2.5,18,3.71,1,40,3,25,75.8577575029184,0.835812387519558
1,2.5,18,3.71,1,40,3,25,77.6247116628692,0.826607870013832
1,2.5,18,3.71,1,40,3,25,79.4328234724281,0.817301350563645
1,2.5,18,3.71,1,40,3,25,81.2830516164099,0.807898403721279
1,2.5,18,3.71,1,40,3,25,83.1763771102671,0.798404838674516
1,2.5,18,3.71,1,40,3,25,85.1138038202377,0.788826680254143
1,2.5,18,3.71,1,40,3,25,87.0963589956081,0.779170148763446
1,2.5,18,3.71,1,40,3,25,89.1250938133746,0.769441638784841
1,2.5,18,3.71,1,40,3,25,91.201083935591,0.759647697128936
1,2.5,18,3.71,1,40,3,25,93.3254300796991,0.749795000099155
1,2.5,18,3.71,1,40,3,25,95.4992586021436,0.739890330250496
1,2.5,18,3.71,1,40,3,25,97.7237220955811,0.729940552823893
1,2.5,18,3.71,1,40,3,25,100,0.719952592038171
