16,1.5,18,3,1,40,2,25,0.01,2.34353340071334
16,1.5,18,3,1,40,2,25,0.0102329299228075,2.33478233098083
16,1.5,18,3,1,40,2,25,0.010471285480509,2.32613290964987
16,1.5,18,3,1,40,2,25,0.0107151930523761,2.31758393956544
16,1.5,18,3,1,40,2,25,0.0109647819614319,2.30913423804077
16,1.5,18,3,1,40,2,25,0.0112201845430196,2.30078263667436
16,1.5,18,3,1,40,2,25,0.0114815362149688,2.2925279811694
16,1.5,18,3,1,40,2,25,0.0117489755493953,2.28436913115572
16,1.5,18,3,1,40,2,25,0.0120226443461741,2.2763049600141
16,1.5,18,3,1,40,2,25,0.0123026877081238,2.26833435470301
16,1.5,18,3,1,40,2,25,0.0125892541179417,2.26045621558764
16,1.5,18,3,1,40,2,25,0.0128824955169313,2.25266945627128
16,1.5,18,3,1,40,2,25,0.0131825673855641,2.24497300342895
16,1.5,18,3,1,40,2,25,0.0134896288259165,2.23736579664331
16,1.5,18,3,1,40,2,25,0.0138038426460289,2.22984678824273
16,1.5,18,3,1,40,2,25,0.0141253754462275,2.22241494314154
16,1.5,18,3,1,40,2,25,0.0144543977074593,2.21506923868251
16,1.5,18,3,1,40,2,25,0.0147910838816821,2.20780866448128
16,1.5,18,3,1,40,2,25,0.0151356124843621,2.20063222227301
16,1.5,18,3,1,40,2,25,0.0154881661891248,2.19353892576103
16,1.5,18,3,1,40,2,25,0.0158489319246111,2.18652780046749
16,1.5,18,3,1,40,2,25,0.0162181009735893,2.17959788358603
16,1.5,18,3,1,40,2,25,0.0165958690743756,2.1727482238364
16,1.5,18,3,1,40,2,25,0.0169824365246174,2.16597788132099
16,1.5,18,3,1,40,2,25,0.0173780082874938,2.15928592738332
16,1.5,18,3,1,40,2,25,0.0177827941003892,2.15267144446833
16,1.5,18,3,1,40,2,25,0.0181970085860998,2.14613352598456
16,1.5,18,3,1,40,2,25,0.0186208713666287,2.13967127616819
16,1.5,18,3,1,40,2,25,0.0190546071796325,2.13328380994877
16,1.5,18,3,1,40,2,25,0.0194984459975805,2.12697025281683
16,1.5,18,3,1,40,2,25,0.0199526231496888,2.12072974069317
16,1.5,18,3,1,40,2,25,0.0204173794466953,2.11456141979988
16,1.5,18,3,1,40,2,25,0.0208929613085404,2.10846444653304
16,1.5,18,3,1,40,2,25,0.0213796208950223,2.10243798733713
16,1.5,18,3,1,40,2,25,0.0218776162394955,2.09648121858107
16,1.5,18,3,1,40,2,25,0.0223872113856834,2.09059332643581
16,1.5,18,3,1,40,2,25,0.0229086765276777,2.08477350675367
16,1.5,18,3,1,40,2,25,0.0234422881531992,2.07902096494908
16,1.5,18,3,1,40,2,25,0.0239883291901949,2.073334915881
16,1.5,18,3,1,40,2,25,0.0245470891568503,2.06771458373683
16,1.5,18,3,1,40,2,25,0.0251188643150958,2.06215920191781
16,1.5,18,3,1,40,2,25,0.0257039578276886,2.05666801292592
16,1.5,18,3,1,40,2,25,0.0263026799189538,2.05124026825229
16,1.5,18,3,1,40,2,25,0.0269153480392692,2.04587522826695
16,1.5,18,3,1,40,2,25,0.0275422870333817,2.04057216211014
16,1.5,18,3,1,40,2,25,0.0281838293126445,2.03533034758489
16,1.5,18,3,1,40,2,25,0.0288403150312661,2.0301490710511
16,1.5,18,3,1,40,2,25,0.0295120922666639,2.02502762732092
16,1.5,18,3,1,40,2,25,0.0301995172040202,2.01996531955549
16,1.5,18,3,1,40,2,25,0.0309029543251359,2.014961459163
16,1.5,18,3,1,40,2,25,0.0316227766016838,2.01001536569808
16,1.5,18,3,1,40,2,25,0.0323593656929628,2.00512636676247
16,1.5,18,3,1,40,2,25,0.0331131121482591,2.00029379790696
16,1.5,18,3,1,40,2,25,0.0338844156139203,1.99551700253458
16,1.5,18,3,1,40,2,25,0.0346736850452532,1.99079533180502
16,1.5,18,3,1,40,2,25,0.0354813389233576,1.98612814454034
16,1.5,18,3,1,40,2,25,0.0363078054770101,1.98151480713172
16,1.5,18,3,1,40,2,25,0.0371535229097173,1.97695469344762
16,1.5,18,3,1,40,2,25,0.0380189396320561,1.9724471847429
16,1.5,18,3,1,40,2,25,0.038904514499428,1.96799166956924
16,1.5,18,3,1,40,2,25,0.0398107170553497,1.96358754368658
16,1.5,18,3,1,40,2,25,0.0407380277804113,1.95923420997583
16,1.5,18,3,1,40,2,25,0.0416869383470335,1.95493107835252
16,1.5,18,3,1,40,2,25,0.0426579518801593,1.95067756568165
16,1.5,18,3,1,40,2,25,0.0436515832240166,1.9464730956936
16,1.5,18,3,1,40,2,25,0.0446683592150963,1.94231709890104
16,1.5,18,3,1,40,2,25,0.0457088189614875,1.93820901251699
16,1.5,18,3,1,40,2,25,0.0467735141287198,1.93414828037381
16,1.5,18,3,1,40,2,25,0.0478630092322639,1.93013435284328
16,1.5,18,3,1,40,2,25,0.0489778819368446,1.92616668675761
16,1.5,18,3,1,40,2,25,0.0501187233627272,1.92224474533154
16,1.5,18,3,1,40,2,25,0.0512861383991365,1.91836799808533
16,1.5,18,3,1,40,2,25,0.0524807460249773,1.91453592076874
16,1.5,18,3,1,40,2,25,0.0537031796370253,1.91074799528597
16,1.5,18,3,1,40,2,25,0.0549540873857625,1.90700370962152
16,1.5,18,3,1,40,2,25,0.0562341325190349,1.903302557767
16,1.5,18,3,1,40,2,25,0.0575439937337157,1.89964403964881
16,1.5,18,3,1,40,2,25,0.0588843655355589,1.89602766105676
16,1.5,18,3,1,40,2,25,0.0602559586074358,1.89245293357355
16,1.5,18,3,1,40,2,25,0.0616595001861482,1.8889193745051
16,1.5,18,3,1,40,2,25,0.0630957344480193,1.88542650681184
16,1.5,18,3,1,40,2,25,0.0645654229034656,1.88197385904071
16,1.5,18,3,1,40,2,25,0.0660693448007596,1.87856096525811
16,1.5,18,3,1,40,2,25,0.0676082975391982,1.87518736498362
16,1.5,18,3,1,40,2,25,0.0691830970918936,1.87185260312457
16,1.5,18,3,1,40,2,25,0.0707945784384138,1.86855622991136
16,1.5,18,3,1,40,2,25,0.072443596007499,1.86529780083366
16,1.5,18,3,1,40,2,25,0.0741310241300918,1.86207687657727
16,1.5,18,3,1,40,2,25,0.0758577575029184,1.8588930229619
16,1.5,18,3,1,40,2,25,0.0776247116628692,1.85574581087956
16,1.5,18,3,1,40,2,25,0.0794328234724281,1.8526348162338
16,1.5,18,3,1,40,2,25,0.0812830516164099,1.84955961987968
16,1.5,18,3,1,40,2,25,0.0831763771102671,1.8465198075644
16,1.5,18,3,1,40,2,25,0.0851138038202377,1.84351496986875
16,1.5,18,3,1,40,2,25,0.0870963589956081,1.84054470214916
16,1.5,18,3,1,40,2,25,0.0891250938133746,1.83760860448055
16,1.5,18,3,1,40,2,25,0.091201083935591,1.83470628159981
16,1.5,18,3,1,40,2,25,0.0933254300796991,1.83183734284995
16,1.5,18,3,1,40,2,25,0.0954992586021436,1.82900140212496
16,1.5,18,3,1,40,2,25,0.0977237220955811,1.82619807781531
16,1.5,18,3,1,40,2,25,0.1,1.82342699275408
16,1.5,18,3,1,40,2,25,0.102329299228075,1.8206877741638
16,1.5,18,3,1,40,2,25,0.10471285480509,1.81798005360381
16,1.5,18,3,1,40,2,25,0.107151930523761,1.81530346691835
16,1.5,18,3,1,40,2,25,0.109647819614319,1.81265765418519
16,1.5,18,3,1,40,2,25,0.112201845430196,1.81004225966492
16,1.5,18,3,1,40,2,25,0.114815362149688,1.80745693175077
16,1.5,18,3,1,40,2,25,0.117489755493953,1.80490132291911
16,1.5,18,3,1,40,2,25,0.120226443461741,1.80237508968039
16,1.5,18,3,1,40,2,25,0.123026877081238,1.79987789253081
16,1.5,18,3,1,40,2,25,0.125892541179417,1.79740939590443
16,1.5,18,3,1,40,2,25,0.128824955169313,1.79496926812587
16,1.5,18,3,1,40,2,25,0.131825673855641,1.79255718136355
16,1.5,18,3,1,40,2,25,0.134896288259165,1.79017281158348
16,1.5,18,3,1,40,2,25,0.138038426460289,1.78781583850358
16,1.5,18,3,1,40,2,25,0.141253754462275,1.78548594554845
16,1.5,18,3,1,40,2,25,0.144543977074593,1.78318281980474
16,1.5,18,3,1,40,2,25,0.147910838816821,1.78090615197696
16,1.5,18,3,1,40,2,25,0.151356124843621,1.77865563634382
16,1.5,18,3,1,40,2,25,0.154881661891248,1.776430970715
16,1.5,18,3,1,40,2,25,0.158489319246111,1.77423185638846
16,1.5,18,3,1,40,2,25,0.162181009735893,1.77205799810817
16,1.5,18,3,1,40,2,25,0.165958690743756,1.76990910402232
16,1.5,18,3,1,40,2,25,0.169824365246174,1.76778488564197
16,1.5,18,3,1,40,2,25,0.173780082874938,1.76568505780014
16,1.5,18,3,1,40,2,25,0.177827941003892,1.76360933861134
16,1.5,18,3,1,40,2,25,0.181970085860998,1.76155744943156
16,1.5,18,3,1,40,2,25,0.186208713666287,1.75952911481857
16,1.5,18,3,1,40,2,25,0.190546071796325,1.75752406249275
16,1.5,18,3,1,40,2,25,0.194984459975805,1.75554202329825
16,1.5,18,3,1,40,2,25,0.199526231496888,1.75358273116456
16,1.5,18,3,1,40,2,25,0.204173794466953,1.75164592306846
16,1.5,18,3,1,40,2,25,0.208929613085404,1.74973133899633
16,1.5,18,3,1,40,2,25,0.213796208950223,1.74783872190688
16,1.5,18,3,1,40,2,25,0.218776162394955,1.74596781769413
16,1.5,18,3,1,40,2,25,0.223872113856834,1.74411837515087
16,1.5,18,3,1,40,2,25,0.229086765276777,1.74229014593235
16,1.5,18,3,1,40,2,25,0.234422881531992,1.74048288452033
16,1.5,18,3,1,40,2,25,0.239883291901949,1.7386963481875
16,1.5,18,3,1,40,2,25,0.245470891568503,1.73693029696215
16,1.5,18,3,1,40,2,25,0.251188643150958,1.73518449359313
16,1.5,18,3,1,40,2,25,0.257039578276886,1.73345870351521
16,1.5,18,3,1,40,2,25,0.263026799189538,1.73175269481456
16,1.5,18,3,1,40,2,25,0.269153480392692,1.73006623819465
16,1.5,18,3,1,40,2,25,0.275422870333817,1.72839910694232
16,1.5,18,3,1,40,2,25,0.281838293126445,1.72675107689414
16,1.5,18,3,1,40,2,25,0.288403150312661,1.72512192640301
16,1.5,18,3,1,40,2,25,0.295120922666639,1.72351143630497
16,1.5,18,3,1,40,2,25,0.301995172040202,1.72191938988626
16,1.5,18,3,1,40,2,25,0.309029543251359,1.72034557285057
16,1.5,18,3,1,40,2,25,0.316227766016838,1.71878977328648
16,1.5,18,3,1,40,2,25,0.323593656929628,1.71725178163512
16,1.5,18,3,1,40,2,25,0.331131121482591,1.71573139065794
16,1.5,18,3,1,40,2,25,0.338844156139203,1.71422839540473
16,1.5,18,3,1,40,2,25,0.346736850452532,1.71274259318173
16,1.5,18,3,1,40,2,25,0.354813389233575,1.71127378351987
16,1.5,18,3,1,40,2,25,0.363078054770101,1.70982176814318
16,1.5,18,3,1,40,2,25,0.371535229097173,1.70838635093723
16,1.5,18,3,1,40,2,25,0.380189396320561,1.70696733791782
16,1.5,18,3,1,40,2,25,0.389045144994281,1.70556453719952
16,1.5,18,3,1,40,2,25,0.398107170553497,1.70417775896452
16,1.5,18,3,1,40,2,25,0.407380277804113,1.70280681543136
16,1.5,18,3,1,40,2,25,0.416869383470336,1.70145152082374
16,1.5,18,3,1,40,2,25,0.426579518801593,1.70011169133941
16,1.5,18,3,1,40,2,25,0.436515832240166,1.69878714511898
16,1.5,18,3,1,40,2,25,0.446683592150963,1.69747770221477
16,1.5,18,3,1,40,2,25,0.457088189614875,1.69618318455958
16,1.5,18,3,1,40,2,25,0.467735141287198,1.69490341593546
16,1.5,18,3,1,40,2,25,0.478630092322638,1.69363822194236
16,1.5,18,3,1,40,2,25,0.489778819368446,1.69238742996675
16,1.5,18,3,1,40,2,25,0.501187233627272,1.69115086915003
16,1.5,18,3,1,40,2,25,0.512861383991365,1.68992837035694
16,1.5,18,3,1,40,2,25,0.524807460249773,1.68871976614369
16,1.5,18,3,1,40,2,25,0.537031796370253,1.68752489072595
16,1.5,18,3,1,40,2,25,0.549540873857625,1.6863435799467
16,1.5,18,3,1,40,2,25,0.562341325190349,1.68517567124378
16,1.5,18,3,1,40,2,25,0.575439937337157,1.68402100361719
16,1.5,18,3,1,40,2,25,0.588843655355589,1.68287941759613
16,1.5,18,3,1,40,2,25,0.602559586074358,1.68175075520575
16,1.5,18,3,1,40,2,25,0.616595001861482,1.68063485993352
16,1.5,18,3,1,40,2,25,0.630957344480193,1.67953157669525
16,1.5,18,3,1,40,2,25,0.645654229034656,1.67844075180072
16,1.5,18,3,1,40,2,25,0.660693448007596,1.67736223291884
16,1.5,18,3,1,40,2,25,0.676082975391982,1.67629586904241
16,1.5,18,3,1,40,2,25,0.691830970918937,1.67524151045229
16,1.5,18,3,1,40,2,25,0.707945784384138,1.6741990086811
16,1.5,18,3,1,40,2,25,0.72443596007499,1.67316821647631
16,1.5,18,3,1,40,2,25,0.741310241300918,1.67214898776273
16,1.5,18,3,1,40,2,25,0.758577575029184,1.67114117760427
16,1.5,18,3,1,40,2,25,0.776247116628692,1.67014464216511
16,1.5,18,3,1,40,2,25,0.794328234724282,1.66915923866999
16,1.5,18,3,1,40,2,25,0.8128305161641,1.66818482536384
16,1.5,18,3,1,40,2,25,0.831763771102671,1.66722126147039
16,1.5,18,3,1,40,2,25,0.851138038202376,1.66626840715005
16,1.5,18,3,1,40,2,25,0.87096358995608,1.66532612345672
16,1.5,18,3,1,40,2,25,0.891250938133745,1.66439427229361
16,1.5,18,3,1,40,2,25,0.91201083935591,1.66347271636802
16,1.5,18,3,1,40,2,25,0.933254300796991,1.66256131914495
16,1.5,18,3,1,40,2,25,0.954992586021436,1.66165994479952
16,1.5,18,3,1,40,2,25,0.977237220955811,1.66076845816815
16,1.5,18,3,1,40,2,25,1,1.65988672469835
16,1.5,18,3,1,40,2,25,1.02329299228075,1.65901461039716
16,1.5,18,3,1,40,2,25,1.0471285480509,1.65815198177803
16,1.5,18,3,1,40,2,25,1.07151930523761,1.65729870580623
16,1.5,18,3,1,40,2,25,1.09647819614319,1.65645464984251
16,1.5,18,3,1,40,2,25,1.12201845430196,1.65561968158506
16,1.5,18,3,1,40,2,25,1.14815362149688,1.65479366900969
16,1.5,18,3,1,40,2,25,1.17489755493953,1.65397648030799
16,1.5,18,3,1,40,2,25,1.20226443461741,1.65316798382355
16,1.5,18,3,1,40,2,25,1.23026877081238,1.65236804798596
16,1.5,18,3,1,40,2,25,1.25892541179417,1.65157654124269
16,1.5,18,3,1,40,2,25,1.28824955169313,1.65079333198852
16,1.5,18,3,1,40,2,25,1.31825673855641,1.65001828849251
16,1.5,18,3,1,40,2,25,1.34896288259165,1.64925127882245
16,1.5,18,3,1,40,2,25,1.38038426460289,1.64849217076648
16,1.5,18,3,1,40,2,25,1.41253754462275,1.64774083175194
16,1.5,18,3,1,40,2,25,1.44543977074593,1.64699712876117
16,1.5,18,3,1,40,2,25,1.47910838816821,1.64626092824419
16,1.5,18,3,1,40,2,25,1.51356124843621,1.64553209602803
16,1.5,18,3,1,40,2,25,1.54881661891248,1.64481049722267
16,1.5,18,3,1,40,2,25,1.58489319246111,1.64409599612329
16,1.5,18,3,1,40,2,25,1.62181009735893,1.64338845610874
16,1.5,18,3,1,40,2,25,1.65958690743756,1.64268773953602
16,1.5,18,3,1,40,2,25,1.69824365246174,1.64199370763056
16,1.5,18,3,1,40,2,25,1.73780082874938,1.64130622037215
16,1.5,18,3,1,40,2,25,1.77827941003892,1.64062513637628
16,1.5,18,3,1,40,2,25,1.81970085860998,1.63995031277066
16,1.5,18,3,1,40,2,25,1.86208713666287,1.63928160506668
16,1.5,18,3,1,40,2,25,1.90546071796325,1.63861886702569
16,1.5,18,3,1,40,2,25,1.94984459975805,1.63796195051967
16,1.5,18,3,1,40,2,25,1.99526231496888,1.6373107053862
16,1.5,18,3,1,40,2,25,2.04173794466953,1.63666497927734
16,1.5,18,3,1,40,2,25,2.08929613085404,1.63602461750225
16,1.5,18,3,1,40,2,25,2.13796208950223,1.63538946286309
16,1.5,18,3,1,40,2,25,2.18776162394955,1.63475935548417
16,1.5,18,3,1,40,2,25,2.23872113856834,1.6341341326337
16,1.5,18,3,1,40,2,25,2.29086765276777,1.6335136285381
16,1.5,18,3,1,40,2,25,2.34422881531992,1.63289767418835
16,1.5,18,3,1,40,2,25,2.39883291901949,1.63228609713809
16,1.5,18,3,1,40,2,25,2.45470891568503,1.63167872129309
16,1.5,18,3,1,40,2,25,2.51188643150958,1.63107536669169
16,1.5,18,3,1,40,2,25,2.57039578276886,1.63047584927582
16,1.5,18,3,1,40,2,25,2.63026799189538,1.62987998065219
16,1.5,18,3,1,40,2,25,2.69153480392692,1.62928756784317
16,1.5,18,3,1,40,2,25,2.75422870333817,1.62869841302695
16,1.5,18,3,1,40,2,25,2.81838293126446,1.62811231326651
16,1.5,18,3,1,40,2,25,2.88403150312661,1.62752906022691
16,1.5,18,3,1,40,2,25,2.95120922666639,1.62694843988029
16,1.5,18,3,1,40,2,25,3.01995172040202,1.62637023219828
16,1.5,18,3,1,40,2,25,3.09029543251359,1.62579421083102
16,1.5,18,3,1,40,2,25,3.16227766016838,1.62522014277241
16,1.5,18,3,1,40,2,25,3.23593656929628,1.62464778801089
16,1.5,18,3,1,40,2,25,3.31131121482591,1.62407689916523
16,1.5,18,3,1,40,2,25,3.38844156139203,1.62350722110462
16,1.5,18,3,1,40,2,25,3.46736850452532,1.62293849055244
16,1.5,18,3,1,40,2,25,3.54813389233576,1.62237043567314
16,1.5,18,3,1,40,2,25,3.63078054770101,1.62180277564127
16,1.5,18,3,1,40,2,25,3.71535229097172,1.6212352201923
16,1.5,18,3,1,40,2,25,3.80189396320561,1.62066746915417
16,1.5,18,3,1,40,2,25,3.8904514499428,1.62009921195906
16,1.5,18,3,1,40,2,25,3.98107170553497,1.61953012713436
16,1.5,18,3,1,40,2,25,4.07380277804113,1.6189598817723
16,1.5,18,3,1,40,2,25,4.16869383470335,1.61838813097715
16,1.5,18,3,1,40,2,25,4.26579518801593,1.6178145172894
16,1.5,18,3,1,40,2,25,4.36515832240166,1.61723867008579
16,1.5,18,3,1,40,2,25,4.46683592150963,1.61666020495457
16,1.5,18,3,1,40,2,25,4.57088189614875,1.61607872304485
16,1.5,18,3,1,40,2,25,4.67735141287198,1.61549381038928
16,1.5,18,3,1,40,2,25,4.78630092322638,1.61490503719907
16,1.5,18,3,1,40,2,25,4.89778819368446,1.61431195713035
16,1.5,18,3,1,40,2,25,5.01187233627272,1.61371410652101
16,1.5,18,3,1,40,2,25,5.12861383991365,1.61311100359696
16,1.5,18,3,1,40,2,25,5.24807460249773,1.61250214764685
16,1.5,18,3,1,40,2,25,5.37031796370253,1.61188701816429
16,1.5,18,3,1,40,2,25,5.49540873857625,1.61126507395657
16,1.5,18,3,1,40,2,25,5.62341325190349,1.61063575221893
16,1.5,18,3,1,40,2,25,5.75439937337157,1.60999846757331
16,1.5,18,3,1,40,2,25,5.88843655355589,1.60935261107077
16,1.5,18,3,1,40,2,25,6.02559586074358,1.60869754915651
16,1.5,18,3,1,40,2,25,6.16595001861482,1.60803262259663
16,1.5,18,3,1,40,2,25,6.30957344480194,1.60735714536581
16,1.5,18,3,1,40,2,25,6.45654229034656,1.60667040349487
16,1.5,18,3,1,40,2,25,6.60693448007596,1.60597165387772
16,1.5,18,3,1,40,2,25,6.76082975391982,1.60526012303666
16,1.5,18,3,1,40,2,25,6.91830970918936,1.60453500584554
16,1.5,18,3,1,40,2,25,7.07945784384138,1.60379546421024
16,1.5,18,3,1,40,2,25,7.2443596007499,1.60304062570574
16,1.5,18,3,1,40,2,25,7.41310241300918,1.60226958216972
16,1.5,18,3,1,40,2,25,7.58577575029184,1.60148138825219
16,1.5,18,3,1,40,2,25,7.76247116628692,1.60067505992109
16,1.5,18,3,1,40,2,25,7.94328234724281,1.599849572924
16,1.5,18,3,1,40,2,25,8.12830516164099,1.59900386120603
16,1.5,18,3,1,40,2,25,8.31763771102671,1.59813681528447
16,1.5,18,3,1,40,2,25,8.51138038202377,1.59724728058065
16,1.5,18,3,1,40,2,25,8.7096358995608,1.59633405571014
16,1.5,18,3,1,40,2,25,8.91250938133746,1.59539589073222
16,1.5,18,3,1,40,2,25,9.1201083935591,1.59443148536031
16,1.5,18,3,1,40,2,25,9.33254300796991,1.59343948713497
16,1.5,18,3,1,40,2,25,9.54992586021436,1.59241848956191
16,1.5,18,3,1,40,2,25,9.77237220955811,1.59136703021725
16,1.5,18,3,1,40,2,25,10,1.59028358882349
16,1.5,18,3,1,40,2,25,10.2329299228075,1.5891665852993
16,1.5,18,3,1,40,2,25,10.471285480509,1.5880143777875
16,1.5,18,3,1,40,2,25,10.7151930523761,1.58682526066571
16,1.5,18,3,1,40,2,25,10.9647819614319,1.58559746254488
16,1.5,18,3,1,40,2,25,11.2201845430196,1.58432914426177
16,1.5,18,3,1,40,2,25,11.4815362149688,1.58301839687188
16,1.5,18,3,1,40,2,25,11.7489755493953,1.58166323965037
16,1.5,18,3,1,40,2,25,12.0226443461741,1.58026161810908
16,1.5,18,3,1,40,2,25,12.3026877081238,1.57881140203905
16,1.5,18,3,1,40,2,25,12.5892541179417,1.5773103835883
16,1.5,18,3,1,40,2,25,12.8824955169313,1.57575627538634
16,1.5,18,3,1,40,2,25,13.1825673855641,1.57414670872727
16,1.5,18,3,1,40,2,25,13.4896288259165,1.57247923182504
16,1.5,18,3,1,40,2,25,13.8038426460289,1.57075130815511
16,1.5,18,3,1,40,2,25,14.1253754462275,1.56896031489853
16,1.5,18,3,1,40,2,25,14.4543977074593,1.56710354150514
16,1.5,18,3,1,40,2,25,14.7910838816821,1.56517818839457
16,1.5,18,3,1,40,2,25,15.1356124843621,1.56318136581452
16,1.5,18,3,1,40,2,25,15.4881661891248,1.56111009287775
16,1.5,18,3,1,40,2,25,15.8489319246111,1.55896129680024
16,1.5,18,3,1,40,2,25,16.2181009735893,1.55673181236464
16,1.5,18,3,1,40,2,25,16.5958690743756,1.55441838163471
16,1.5,18,3,1,40,2,25,16.9824365246174,1.55201765394769
16,1.5,18,3,1,40,2,25,17.3780082874938,1.54952618621316
16,1.5,18,3,1,40,2,25,17.7827941003892,1.54694044354833
16,1.5,18,3,1,40,2,25,18.1970085860998,1.54425680028092
16,1.5,18,3,1,40,2,25,18.6208713666287,1.54147154135236
16,1.5,18,3,1,40,2,25,19.0546071796325,1.53858086415479
16,1.5,18,3,1,40,2,25,19.4984459975805,1.53558088083664
16,1.5,18,3,1,40,2,25,19.9526231496888,1.53246762111239
16,1.5,18,3,1,40,2,25,20.4173794466953,1.5292370356125
16,1.5,18,3,1,40,2,25,20.8929613085404,1.52588499981019
16,1.5,18,3,1,40,2,25,21.3796208950223,1.52240731856169
16,1.5,18,3,1,40,2,25,21.8776162394955,1.51879973129623
16,1.5,18,3,1,40,2,25,22.3872113856834,1.5150579178918
16,1.5,18,3,1,40,2,25,22.9086765276777,1.51117750527117
16,1.5,18,3,1,40,2,25,23.4422881531992,1.50715407475167
16,1.5,18,3,1,40,2,25,23.9883291901949,1.50298317017983
16,1.5,18,3,1,40,2,25,24.5470891568503,1.49866030687966
16,1.5,18,3,1,40,2,25,25.1188643150958,1.49418098143993
16,1.5,18,3,1,40,2,25,25.7039578276886,1.48954068236224
16,1.5,18,3,1,40,2,25,26.3026799189538,1.48473490158692
16,1.5,18,3,1,40,2,25,26.9153480392692,1.47975914690853
16,1.5,18,3,1,40,2,25,27.5422870333817,1.47460895528698
16,1.5,18,3,1,40,2,25,28.1838293126446,1.46927990705317
16,1.5,18,3,1,40,2,25,28.8403150312661,1.46376764100063
16,1.5,18,3,1,40,2,25,29.5120922666639,1.45806787034642
16,1.5,18,3,1,40,2,25,30.1995172040202,1.45217639953509
16,1.5,18,3,1,40,2,25,30.9029543251359,1.44608914185015
16,1.5,18,3,1,40,2,25,31.6227766016838,1.43980213778645
16,1.5,18,3,1,40,2,25,32.3593656929628,1.43331157412628
16,1.5,18,3,1,40,2,25,33.1131121482591,1.42661380364992
16,1.5,18,3,1,40,2,25,33.8844156139203,1.41970536539965
16,1.5,18,3,1,40,2,25,34.6736850452532,1.41258300540377
16,1.5,18,3,1,40,2,25,35.4813389233576,1.40524369775486
16,1.5,18,3,1,40,2,25,36.3078054770101,1.39768466592398
16,1.5,18,3,1,40,2,25,37.1535229097173,1.38990340418071
16,1.5,18,3,1,40,2,25,38.0189396320561,1.38189769897704
16,1.5,18,3,1,40,2,25,38.904514499428,1.37366565014242
16,1.5,18,3,1,40,2,25,39.8107170553497,1.36520569172711
16,1.5,18,3,1,40,2,25,40.7380277804113,1.35651661232254
16,1.5,18,3,1,40,2,25,41.6869383470336,1.34759757467981
16,1.5,18,3,1,40,2,25,42.6579518801593,1.33844813444196
16,1.5,18,3,1,40,2,25,43.6515832240166,1.32906825780219
16,1.5,18,3,1,40,2,25,44.6683592150963,1.31945833789845
16,1.5,18,3,1,40,2,25,45.7088189614875,1.30961920975605
16,1.5,18,3,1,40,2,25,46.7735141287198,1.29955216359316
16,1.5,18,3,1,40,2,25,47.8630092322638,1.28925895631035
16,1.5,18,3,1,40,2,25,48.9778819368446,1.27874182099424
16,1.5,18,3,1,40,2,25,50.1187233627273,1.26800347427686
16,1.5,18,3,1,40,2,25,51.2861383991365,1.25704712140707
16,1.5,18,3,1,40,2,25,52.4807460249773,1.2458764589073
16,1.5,18,3,1,40,2,25,53.7031796370253,1.23449567470868
16,1.5,18,3,1,40,2,25,54.9540873857625,1.22290944567984
16,1.5,18,3,1,40,2,25,56.2341325190349,1.21112293248852
16,1.5,18,3,1,40,2,25,57.5439937337157,1.19914177176125
16,1.5,18,3,1,40,2,25,58.8843655355589,1.1869720655336
16,1.5,18,3,1,40,2,25,60.2559586074358,1.17462036801149
16,1.5,18,3,1,40,2,25,61.6595001861482,1.16209366969321
16,1.5,18,3,1,40,2,25,63.0957344480194,1.14939937892996
16,1.5,18,3,1,40,2,25,64.5654229034656,1.13654530103147
16,1.5,18,3,1,40,2,25,66.0693448007596,1.12353961505007
16,1.5,18,3,1,40,2,25,67.6082975391982,1.11039084840265
16,1.5,18,3,1,40,2,25,69.1830970918936,1.09710784951358
16,1.5,18,3,1,40,2,25,70.7945784384138,1.08369975868301
16,1.5,18,3,1,40,2,25,72.443596007499,1.07017597740404
16,1.5,18,3,1,40,2,25,74.1310241300918,1.05654613636726
16,1.5,18,3,1,40,2,25,75.8577575029184,1.04282006240406
16,1.5,18,3,1,40,2,25,77.6247116628692,1.02900774462832
16,1.5,18,3,1,40,2,25,79.4328234724281,1.0151193000417
16,1.5,18,3,1,40,2,25,81.2830516164099,1.00116493886887
16,1.5,18,3,1,40,2,25,83.1763771102671,0.9871549298872
16,1.5,18,3,1,40,2,25,85.1138038202377,0.973099566009685
16,1.5,18,3,1,40,2,25,87.0963589956081,0.959009130371108
16,1.5,18,3,1,40,2,25,89.1250938133746,0.944893863155518
16,1.5,18,3,1,40,2,25,91.201083935591,0.930763929388506
16,1.5,18,3,1,40,2,25,93.3254300796991,0.916629387900744
16,1.5,18,3,1,40,2,25,95.4992586021436,0.902500161650302
16,1.5,18,3,1,40,2,25,97.7237220955811,0.888386009570618
16,1.5,18,3,1,40,2,25,100,0.874296500089281
16,1.5,18,3,1,40,3,25,0.01,2.48114079487553
16,1.5,18,3,1,40,3,25,0.0102329299228075,2.47089696037419
16,1.5,18,3,1,40,3,25,0.010471285480509,2.46077265569572
16,1.5,18,3,1,40,3,25,0.0107151930523761,2.45076646092707
16,1.5,18,3,1,40,3,25,0.0109647819614319,2.44087697358473
16,1.5,18,3,1,40,3,25,0.0112201845430196,2.43110280838837
16,1.5,18,3,1,40,3,25,0.0114815362149688,2.42144259703781
16,1.5,18,3,1,40,3,25,0.0117489755493953,2.41189498799307
16,1.5,18,3,1,40,3,25,0.0120226443461741,2.40245864625751
16,1.5,18,3,1,40,3,25,0.0123026877081238,2.39313225316407
16,1.5,18,3,1,40,3,25,0.0125892541179417,2.38391450616443
16,1.5,18,3,1,40,3,25,0.0128824955169313,2.37480411862123
16,1.5,18,3,1,40,3,25,0.0131825673855641,2.36579981960314
16,1.5,18,3,1,40,3,25,0.0134896288259165,2.35690035368275
16,1.5,18,3,1,40,3,25,0.0138038426460289,2.34810448073741
16,1.5,18,3,1,40,3,25,0.0141253754462275,2.33941097575269
16,1.5,18,3,1,40,3,25,0.0144543977074593,2.33081862862871
16,1.5,18,3,1,40,3,25,0.0147910838816821,2.32232624398906
16,1.5,18,3,1,40,3,25,0.0151356124843621,2.3139326409924
16,1.5,18,3,1,40,3,25,0.0154881661891248,2.30563665314673
16,1.5,18,3,1,40,3,25,0.0158489319246111,2.29743712812612
16,1.5,18,3,1,40,3,25,0.0162181009735893,2.28933292759003
16,1.5,18,3,1,40,3,25,0.0165958690743756,2.28132292700512
16,1.5,18,3,1,40,3,25,0.0169824365246174,2.27340601546951
16,1.5,18,3,1,40,3,25,0.0173780082874938,2.26558109553943
16,1.5,18,3,1,40,3,25,0.0177827941003892,2.25784708305826
16,1.5,18,3,1,40,3,25,0.0181970085860998,2.25020290698793
16,1.5,18,3,1,40,3,25,0.0186208713666287,2.24264750924258
16,1.5,18,3,1,40,3,25,0.0190546071796325,2.23517984452456
16,1.5,18,3,1,40,3,25,0.0194984459975805,2.22779888016259
16,1.5,18,3,1,40,3,25,0.0199526231496888,2.22050359595215
16,1.5,18,3,1,40,3,25,0.0204173794466953,2.21329298399809
16,1.5,18,3,1,40,3,25,0.0208929613085404,2.20616604855928
16,1.5,18,3,1,40,3,25,0.0213796208950223,2.19912180589545
16,1.5,18,3,1,40,3,25,0.0218776162394955,2.19215928411606
16,1.5,18,3,1,40,3,25,0.0223872113856834,2.18527752303119
16,1.5,18,3,1,40,3,25,0.0229086765276777,2.17847557400453
16,1.5,18,3,1,40,3,25,0.0234422881531992,2.17175249980822
16,1.5,18,3,1,40,3,25,0.0239883291901949,2.16510737447979
16,1.5,18,3,1,40,3,25,0.0245470891568503,2.15853928318085
16,1.5,18,3,1,40,3,25,0.0251188643150958,2.15204732205787
16,1.5,18,3,1,40,3,25,0.0257039578276886,2.14563059810463
16,1.5,18,3,1,40,3,25,0.0263026799189538,2.1392882290267
16,1.5,18,3,1,40,3,25,0.0269153480392692,2.13301934310753
16,1.5,18,3,1,40,3,25,0.0275422870333817,2.1268230790765
16,1.5,18,3,1,40,3,25,0.0281838293126445,2.12069858597863
16,1.5,18,3,1,40,3,25,0.0288403150312661,2.11464502304605
16,1.5,18,3,1,40,3,25,0.0295120922666639,2.10866155957117
16,1.5,18,3,1,40,3,25,0.0301995172040202,2.10274737478155
16,1.5,18,3,1,40,3,25,0.0309029543251359,2.09690165771638
16,1.5,18,3,1,40,3,25,0.0316227766016838,2.09112360710467
16,1.5,18,3,1,40,3,25,0.0323593656929628,2.08541243124497
16,1.5,18,3,1,40,3,25,0.0331131121482591,2.07976734788673
16,1.5,18,3,1,40,3,25,0.0338844156139203,2.07418758411318
16,1.5,18,3,1,40,3,25,0.0346736850452532,2.06867237622579
16,1.5,18,3,1,40,3,25,0.0354813389233576,2.06322096963025
16,1.5,18,3,1,40,3,25,0.0363078054770101,2.05783261872387
16,1.5,18,3,1,40,3,25,0.0371535229097173,2.05250658678456
16,1.5,18,3,1,40,3,25,0.0380189396320561,2.04724214586119
16,1.5,18,3,1,40,3,25,0.038904514499428,2.04203857666542
16,1.5,18,3,1,40,3,25,0.0398107170553497,2.03689516846488
16,1.5,18,3,1,40,3,25,0.0407380277804113,2.03181121897784
16,1.5,18,3,1,40,3,25,0.0416869383470335,2.02678603426918
16,1.5,18,3,1,40,3,25,0.0426579518801593,2.02181892864771
16,1.5,18,3,1,40,3,25,0.0436515832240166,2.01690922456484
16,1.5,18,3,1,40,3,25,0.0446683592150963,2.0120562525146
16,1.5,18,3,1,40,3,25,0.0457088189614875,2.00725935093485
16,1.5,18,3,1,40,3,25,0.0467735141287198,2.00251786610991
16,1.5,18,3,1,40,3,25,0.0478630092322639,1.9978311520743
16,1.5,18,3,1,40,3,25,0.0489778819368446,1.99319857051781
16,1.5,18,3,1,40,3,25,0.0501187233627272,1.98861949069179
16,1.5,18,3,1,40,3,25,0.0512861383991365,1.9840932893166
16,1.5,18,3,1,40,3,25,0.0524807460249773,1.97961935049027
16,1.5,18,3,1,40,3,25,0.0537031796370253,1.97519706559835
16,1.5,18,3,1,40,3,25,0.0549540873857625,1.97082583322486
16,1.5,18,3,1,40,3,25,0.0562341325190349,1.96650505906446
16,1.5,18,3,1,40,3,25,0.0575439937337157,1.96223415583566
16,1.5,18,3,1,40,3,25,0.0588843655355589,1.95801254319514
16,1.5,18,3,1,40,3,25,0.0602559586074358,1.95383964765326
16,1.5,18,3,1,40,3,25,0.0616595001861482,1.94971490249052
16,1.5,18,3,1,40,3,25,0.0630957344480193,1.94563774767512
16,1.5,18,3,1,40,3,25,0.0645654229034656,1.94160762978163
16,1.5,18,3,1,40,3,25,0.0660693448007596,1.93762400191056
16,1.5,18,3,1,40,3,25,0.0676082975391982,1.93368632360909
16,1.5,18,3,1,40,3,25,0.0691830970918936,1.92979406079266
16,1.5,18,3,1,40,3,25,0.0707945784384138,1.92594668566766
16,1.5,18,3,1,40,3,25,0.072443596007499,1.92214367665503
16,1.5,18,3,1,40,3,25,0.0741310241300918,1.91838451831483
16,1.5,18,3,1,40,3,25,0.0758577575029184,1.91466870127177
16,1.5,18,3,1,40,3,25,0.0776247116628692,1.91099572214161
16,1.5,18,3,1,40,3,25,0.0794328234724281,1.90736508345862
16,1.5,18,3,1,40,3,25,0.0812830516164099,1.90377629360375
16,1.5,18,3,1,40,3,25,0.0831763771102671,1.90022886673385
16,1.5,18,3,1,40,3,25,0.0851138038202377,1.8967223227117
16,1.5,18,3,1,40,3,25,0.0870963589956081,1.89325618703692
16,1.5,18,3,1,40,3,25,0.0891250938133746,1.88982999077771
16,1.5,18,3,1,40,3,25,0.091201083935591,1.8864432705035
16,1.5,18,3,1,40,3,25,0.0933254300796991,1.88309556821832
16,1.5,18,3,1,40,3,25,0.0954992586021436,1.8797864312951
16,1.5,18,3,1,40,3,25,0.0977237220955811,1.87651541241071
16,1.5,18,3,1,40,3,25,0.1,1.87328206948179
16,1.5,18,3,1,40,3,25,0.102329299228075,1.87008596560142
16,1.5,18,3,1,40,3,25,0.10471285480509,1.8669266689765
16,1.5,18,3,1,40,3,25,0.107151930523761,1.8638037528659
16,1.5,18,3,1,40,3,25,0.109647819614319,1.86071679551941
16,1.5,18,3,1,40,3,25,0.112201845430196,1.85766538011732
16,1.5,18,3,1,40,3,25,0.114815362149688,1.85464909471088
16,1.5,18,3,1,40,3,25,0.117489755493953,1.85166753216332
16,1.5,18,3,1,40,3,25,0.120226443461741,1.84872029009167
16,1.5,18,3,1,40,3,25,0.123026877081238,1.84580697080925
16,1.5,18,3,1,40,3,25,0.125892541179417,1.84292718126884
16,1.5,18,3,1,40,3,25,0.128824955169313,1.84008053300648
16,1.5,18,3,1,40,3,25,0.131825673855641,1.83726664208606
16,1.5,18,3,1,40,3,25,0.134896288259165,1.83448512904439
16,1.5,18,3,1,40,3,25,0.138038426460289,1.83173561883705
16,1.5,18,3,1,40,3,25,0.141253754462275,1.82901774078479
16,1.5,18,3,1,40,3,25,0.144543977074593,1.8263311285206
16,1.5,18,3,1,40,3,25,0.147910838816821,1.82367541993736
16,1.5,18,3,1,40,3,25,0.151356124843621,1.82105025713609
16,1.5,18,3,1,40,3,25,0.154881661891248,1.81845528637482
16,1.5,18,3,1,40,3,25,0.158489319246111,1.81589015801802
16,1.5,18,3,1,40,3,25,0.162181009735893,1.81335452648658
16,1.5,18,3,1,40,3,25,0.165958690743756,1.81084805020841
16,1.5,18,3,1,40,3,25,0.169824365246174,1.80837039156953
16,1.5,18,3,1,40,3,25,0.173780082874938,1.80592121686571
16,1.5,18,3,1,40,3,25,0.177827941003892,1.80350019625471
16,1.5,18,3,1,40,3,25,0.181970085860998,1.80110700370893
16,1.5,18,3,1,40,3,25,0.186208713666287,1.79874131696865
16,1.5,18,3,1,40,3,25,0.190546071796325,1.79640281749578
16,1.5,18,3,1,40,3,25,0.194984459975805,1.79409119042802
16,1.5,18,3,1,40,3,25,0.199526231496888,1.79180612453358
16,1.5,18,3,1,40,3,25,0.204173794466953,1.78954731216636
16,1.5,18,3,1,40,3,25,0.208929613085404,1.78731444922156
16,1.5,18,3,1,40,3,25,0.213796208950223,1.78510723509173
16,1.5,18,3,1,40,3,25,0.218776162394955,1.78292537262337
16,1.5,18,3,1,40,3,25,0.223872113856834,1.78076856807377
16,1.5,18,3,1,40,3,25,0.229086765276777,1.7786365310685
16,1.5,18,3,1,40,3,25,0.234422881531992,1.7765289745591
16,1.5,18,3,1,40,3,25,0.239883291901949,1.7744456147813
16,1.5,18,3,1,40,3,25,0.245470891568503,1.77238617121361
16,1.5,18,3,1,40,3,25,0.251188643150958,1.77035036653624
16,1.5,18,3,1,40,3,25,0.257039578276886,1.76833792659042
16,1.5,18,3,1,40,3,25,0.263026799189538,1.76634858033814
16,1.5,18,3,1,40,3,25,0.269153480392692,1.76438205982206
16,1.5,18,3,1,40,3,25,0.275422870333817,1.76243810012599
16,1.5,18,3,1,40,3,25,0.281838293126445,1.76051643933548
16,1.5,18,3,1,40,3,25,0.288403150312661,1.75861681849889
16,1.5,18,3,1,40,3,25,0.295120922666639,1.75673898158861
16,1.5,18,3,1,40,3,25,0.301995172040202,1.75488267546271
16,1.5,18,3,1,40,3,25,0.309029543251359,1.75304764982677
16,1.5,18,3,1,40,3,25,0.316227766016838,1.75123365719601
16,1.5,18,3,1,40,3,25,0.323593656929628,1.74944045285766
16,1.5,18,3,1,40,3,25,0.331131121482591,1.74766779483358
16,1.5,18,3,1,40,3,25,0.338844156139203,1.7459154438431
16,1.5,18,3,1,40,3,25,0.346736850452532,1.74418316326607
16,1.5,18,3,1,40,3,25,0.354813389233575,1.74247071910612
16,1.5,18,3,1,40,3,25,0.363078054770101,1.74077787995405
16,1.5,18,3,1,40,3,25,0.371535229097173,1.73910441695147
16,1.5,18,3,1,40,3,25,0.380189396320561,1.73745010375456
16,1.5,18,3,1,40,3,25,0.389045144994281,1.73581471649791
16,1.5,18,3,1,40,3,25,0.398107170553497,1.73419803375859
16,1.5,18,3,1,40,3,25,0.407380277804113,1.73259983652024
16,1.5,18,3,1,40,3,25,0.416869383470336,1.73101990813728
16,1.5,18,3,1,40,3,25,0.426579518801593,1.72945803429921
16,1.5,18,3,1,40,3,25,0.436515832240166,1.72791400299491
16,1.5,18,3,1,40,3,25,0.446683592150963,1.72638760447705
16,1.5,18,3,1,40,3,25,0.457088189614875,1.72487863122645
16,1.5,18,3,1,40,3,25,0.467735141287198,1.72338687791647
16,1.5,18,3,1,40,3,25,0.478630092322638,1.72191214137738
16,1.5,18,3,1,40,3,25,0.489778819368446,1.72045422056068
16,1.5,18,3,1,40,3,25,0.501187233627272,1.7190129165033
16,1.5,18,3,1,40,3,25,0.512861383991365,1.71758803229184
16,1.5,18,3,1,40,3,25,0.524807460249773,1.71617937302655
16,1.5,18,3,1,40,3,25,0.537031796370253,1.7147867457853
16,1.5,18,3,1,40,3,25,0.549540873857625,1.71340995958726
16,1.5,18,3,1,40,3,25,0.562341325190349,1.71204882535655
16,1.5,18,3,1,40,3,25,0.575439937337157,1.7107031558855
16,1.5,18,3,1,40,3,25,0.588843655355589,1.70937276579784
16,1.5,18,3,1,40,3,25,0.602559586074358,1.70805747151147
16,1.5,18,3,1,40,3,25,0.616595001861482,1.70675709120103
16,1.5,18,3,1,40,3,25,0.630957344480193,1.70547144476007
16,1.5,18,3,1,40,3,25,0.645654229034656,1.70420035376293
16,1.5,18,3,1,40,3,25,0.660693448007596,1.70294364142611
16,1.5,18,3,1,40,3,25,0.676082975391982,1.70170113256931
16,1.5,18,3,1,40,3,25,0.691830970918937,1.70047265357597
16,1.5,18,3,1,40,3,25,0.707945784384138,1.69925803235321
16,1.5,18,3,1,40,3,25,0.72443596007499,1.69805709829136
16,1.5,18,3,1,40,3,25,0.741310241300918,1.69686968222283
16,1.5,18,3,1,40,3,25,0.758577575029184,1.69569561638028
16,1.5,18,3,1,40,3,25,0.776247116628692,1.69453473435424
16,1.5,18,3,1,40,3,25,0.794328234724282,1.69338687104988
16,1.5,18,3,1,40,3,25,0.8128305161641,1.69225186264311
16,1.5,18,3,1,40,3,25,0.831763771102671,1.69112954653574
16,1.5,18,3,1,40,3,25,0.851138038202376,1.69001976130985
16,1.5,18,3,1,40,3,25,0.87096358995608,1.68892234668117
16,1.5,18,3,1,40,3,25,0.891250938133745,1.68783714345148
16,1.5,18,3,1,40,3,25,0.91201083935591,1.68676399345995
16,1.5,18,3,1,40,3,25,0.933254300796991,1.68570273953337
16,1.5,18,3,1,40,3,25,0.954992586021436,1.68465322543519
16,1.5,18,3,1,40,3,25,0.977237220955811,1.68361529581325
16,1.5,18,3,1,40,3,25,1,1.68258879614631
16,1.5,18,3,1,40,3,25,1.02329299228075,1.68157357268902
16,1.5,18,3,1,40,3,25,1.0471285480509,1.68056947241554
16,1.5,18,3,1,40,3,25,1.07151930523761,1.67957634296151
16,1.5,18,3,1,40,3,25,1.09647819614319,1.67859403256444
16,1.5,18,3,1,40,3,25,1.12201845430196,1.67762239000227
16,1.5,18,3,1,40,3,25,1.14815362149688,1.67666126453022
16,1.5,18,3,1,40,3,25,1.17489755493953,1.6757105058156
16,1.5,18,3,1,40,3,25,1.20226443461741,1.67476996387065
16,1.5,18,3,1,40,3,25,1.23026877081238,1.67383948898322
16,1.5,18,3,1,40,3,25,1.25892541179417,1.67291893164523
16,1.5,18,3,1,40,3,25,1.28824955169313,1.67200814247873
16,1.5,18,3,1,40,3,25,1.31825673855641,1.67110697215949
16,1.5,18,3,1,40,3,25,1.34896288259165,1.670215271338
16,1.5,18,3,1,40,3,25,1.38038426460289,1.66933289055768
16,1.5,18,3,1,40,3,25,1.41253754462275,1.66845968017026
16,1.5,18,3,1,40,3,25,1.44543977074593,1.66759549024812
16,1.5,18,3,1,40,3,25,1.47910838816821,1.66674017049342
16,1.5,18,3,1,40,3,25,1.51356124843621,1.66589357014396
16,1.5,18,3,1,40,3,25,1.54881661891248,1.66505553787547
16,1.5,18,3,1,40,3,25,1.58489319246111,1.66422592170033
16,1.5,18,3,1,40,3,25,1.62181009735893,1.66340456886235
16,1.5,18,3,1,40,3,25,1.65958690743756,1.66259132572756
16,1.5,18,3,1,40,3,25,1.69824365246174,1.66178603767082
16,1.5,18,3,1,40,3,25,1.73780082874938,1.66098854895791
16,1.5,18,3,1,40,3,25,1.77827941003892,1.66019870262303
16,1.5,18,3,1,40,3,25,1.81970085860998,1.65941634034147
16,1.5,18,3,1,40,3,25,1.86208713666287,1.65864130229714
16,1.5,18,3,1,40,3,25,1.90546071796325,1.65787342704475
16,1.5,18,3,1,40,3,25,1.94984459975805,1.65711255136648
16,1.5,18,3,1,40,3,25,1.99526231496888,1.65635851012277
16,1.5,18,3,1,40,3,25,2.04173794466953,1.65561113609696
16,1.5,18,3,1,40,3,25,2.08929613085404,1.65487025983356
16,1.5,18,3,1,40,3,25,2.13796208950223,1.65413570946986
16,1.5,18,3,1,40,3,25,2.18776162394955,1.65340731056044
16,1.5,18,3,1,40,3,25,2.23872113856834,1.65268488589444
16,1.5,18,3,1,40,3,25,2.29086765276777,1.65196825530513
16,1.5,18,3,1,40,3,25,2.34422881531992,1.65125723547146
16,1.5,18,3,1,40,3,25,2.39883291901949,1.65055163971123
16,1.5,18,3,1,40,3,25,2.45470891568503,1.64985127776556
16,1.5,18,3,1,40,3,25,2.51188643150958,1.64915595557413
16,1.5,18,3,1,40,3,25,2.57039578276886,1.64846547504093
16,1.5,18,3,1,40,3,25,2.63026799189538,1.64777963378999
16,1.5,18,3,1,40,3,25,2.69153480392692,1.6470982249107
16,1.5,18,3,1,40,3,25,2.75422870333817,1.64642103669221
16,1.5,18,3,1,40,3,25,2.81838293126446,1.64574785234653
16,1.5,18,3,1,40,3,25,2.88403150312661,1.64507844971971
16,1.5,18,3,1,40,3,25,2.95120922666639,1.64441260099069
16,1.5,18,3,1,40,3,25,3.01995172040202,1.64375007235716
16,1.5,18,3,1,40,3,25,3.09029543251359,1.64309062370806
16,1.5,18,3,1,40,3,25,3.16227766016838,1.64243400828198
16,1.5,18,3,1,40,3,25,3.23593656929628,1.64177997231091
16,1.5,18,3,1,40,3,25,3.31131121482591,1.64112825464879
16,1.5,18,3,1,40,3,25,3.38844156139203,1.64047858638412
16,1.5,18,3,1,40,3,25,3.46736850452532,1.63983069043605
16,1.5,18,3,1,40,3,25,3.54813389233576,1.63918428113323
16,1.5,18,3,1,40,3,25,3.63078054770101,1.63853906377477
16,1.5,18,3,1,40,3,25,3.71535229097172,1.63789473417242
16,1.5,18,3,1,40,3,25,3.80189396320561,1.63725097817353
16,1.5,18,3,1,40,3,25,3.8904514499428,1.63660747116362
16,1.5,18,3,1,40,3,25,3.98107170553497,1.63596387754818
16,1.5,18,3,1,40,3,25,4.07380277804113,1.63531985021257
16,1.5,18,3,1,40,3,25,4.16869383470335,1.6346750299593
16,1.5,18,3,1,40,3,25,4.26579518801593,1.6340290449219
16,1.5,18,3,1,40,3,25,4.36515832240166,1.63338150995442
16,1.5,18,3,1,40,3,25,4.46683592150963,1.63273202599561
16,1.5,18,3,1,40,3,25,4.57088189614875,1.63208017940707
16,1.5,18,3,1,40,3,25,4.67735141287198,1.63142554128419
16,1.5,18,3,1,40,3,25,4.78630092322638,1.63076766673913
16,1.5,18,3,1,40,3,25,4.89778819368446,1.63010609415471
16,1.5,18,3,1,40,3,25,5.01187233627272,1.6294403444085
16,1.5,18,3,1,40,3,25,5.12861383991365,1.62876992006571
16,1.5,18,3,1,40,3,25,5.24807460249773,1.62809430454039
16,1.5,18,3,1,40,3,25,5.37031796370253,1.62741296122353
16,1.5,18,3,1,40,3,25,5.49540873857625,1.62672533257731
16,1.5,18,3,1,40,3,25,5.62341325190349,1.62603083919443
16,1.5,18,3,1,40,3,25,5.75439937337157,1.62532887882158
16,1.5,18,3,1,40,3,25,5.88843655355589,1.62461882534603
16,1.5,18,3,1,40,3,25,6.02559586074358,1.62390002774442
16,1.5,18,3,1,40,3,25,6.16595001861482,1.62317180899299
16,1.5,18,3,1,40,3,25,6.30957344480194,1.622433464938
16,1.5,18,3,1,40,3,25,6.45654229034656,1.62168426312598
16,1.5,18,3,1,40,3,25,6.60693448007596,1.62092344159259
16,1.5,18,3,1,40,3,25,6.76082975391982,1.62015020760968
16,1.5,18,3,1,40,3,25,6.91830970918936,1.61936373638969
16,1.5,18,3,1,40,3,25,7.07945784384138,1.61856316974698
16,1.5,18,3,1,40,3,25,7.2443596007499,1.61774761471546
16,1.5,18,3,1,40,3,25,7.41310241300918,1.61691614212237
16,1.5,18,3,1,40,3,25,7.58577575029184,1.61606778511771
16,1.5,18,3,1,40,3,25,7.76247116628692,1.61520153765954
16,1.5,18,3,1,40,3,25,7.94328234724281,1.61431635295492
16,1.5,18,3,1,40,3,25,8.12830516164099,1.61341114185707
16,1.5,18,3,1,40,3,25,8.31763771102671,1.6124847712189
16,1.5,18,3,1,40,3,25,8.51138038202377,1.6115360622039
16,1.5,18,3,1,40,3,25,8.7096358995608,1.61056378855517
16,1.5,18,3,1,40,3,25,8.91250938133746,1.60956667482385
16,1.5,18,3,1,40,3,25,9.1201083935591,1.6085433945586
16,1.5,18,3,1,40,3,25,9.33254300796991,1.60749256845799
16,1.5,18,3,1,40,3,25,9.54992586021436,1.60641276248797
16,1.5,18,3,1,40,3,25,9.77237220955811,1.60530248596735
16,1.5,18,3,1,40,3,25,10,1.6041601896243
16,1.5,18,3,1,40,3,25,10.2329299228075,1.60298426362746
16,1.5,18,3,1,40,3,25,10.471285480509,1.60177303559612
16,1.5,18,3,1,40,3,25,10.7151930523761,1.60052476859403
16,1.5,18,3,1,40,3,25,10.9647819614319,1.59923765911229
16,1.5,18,3,1,40,3,25,11.2201845430196,1.59790983504759
16,1.5,18,3,1,40,3,25,11.4815362149688,1.59653935368254
16,1.5,18,3,1,40,3,25,11.7489755493953,1.59512419967567
16,1.5,18,3,1,40,3,25,12.0226443461741,1.59366228306986
16,1.5,18,3,1,40,3,25,12.3026877081238,1.59215143732828
16,1.5,18,3,1,40,3,25,12.5892541179417,1.59058941740857
16,1.5,18,3,1,40,3,25,12.8824955169313,1.58897389788637
16,1.5,18,3,1,40,3,25,13.1825673855641,1.58730247114092
16,1.5,18,3,1,40,3,25,13.4896288259165,1.58557264561627
16,1.5,18,3,1,40,3,25,13.8038426460289,1.58378184417299
16,1.5,18,3,1,40,3,25,14.1253754462275,1.5819274025465
16,1.5,18,3,1,40,3,25,14.4543977074593,1.58000656792942
16,1.5,18,3,1,40,3,25,14.7910838816821,1.57801649769681
16,1.5,18,3,1,40,3,25,15.1356124843621,1.5759542582944
16,1.5,18,3,1,40,3,25,15.4881661891248,1.57381682431148
16,1.5,18,3,1,40,3,25,15.8489319246111,1.57160107776164
16,1.5,18,3,1,40,3,25,16.2181009735893,1.56930380759581
16,1.5,18,3,1,40,3,25,16.5958690743756,1.56692170947381
16,1.5,18,3,1,40,3,25,16.9824365246174,1.56445138582186
16,1.5,18,3,1,40,3,25,17.3780082874938,1.56188934620514
16,1.5,18,3,1,40,3,25,17.7827941003892,1.55923200804583
16,1.5,18,3,1,40,3,25,18.1970085860998,1.55647569771825
16,1.5,18,3,1,40,3,25,18.6208713666287,1.55361665205437
16,1.5,18,3,1,40,3,25,19.0546071796325,1.55065102029351
16,1.5,18,3,1,40,3,25,19.4984459975805,1.54757486651163
16,1.5,18,3,1,40,3,25,19.9526231496888,1.54438417256598
16,1.5,18,3,1,40,3,25,20.4173794466953,1.54107484159157
16,1.5,18,3,1,40,3,25,20.8929613085404,1.53764270208648
16,1.5,18,3,1,40,3,25,21.3796208950223,1.53408351262262
16,1.5,18,3,1,40,3,25,21.8776162394955,1.53039296721865
16,1.5,18,3,1,40,3,25,22.3872113856834,1.52656670141081
16,1.5,18,3,1,40,3,25,22.9086765276777,1.52260029905638
16,1.5,18,3,1,40,3,25,23.4422881531992,1.51848929990284
16,1.5,18,3,1,40,3,25,23.9883291901949,1.51422920795367
16,1.5,18,3,1,40,3,25,24.5470891568503,1.50981550065902
16,1.5,18,3,1,40,3,25,25.1188643150958,1.50524363895599
16,1.5,18,3,1,40,3,25,25.7039578276886,1.50050907817955
16,1.5,18,3,1,40,3,25,26.3026799189538,1.49560727985999
16,1.5,18,3,1,40,3,25,26.9153480392692,1.49053372441774
16,1.5,18,3,1,40,3,25,27.5422870333817,1.48528392475987
16,1.5,18,3,1,40,3,25,28.1838293126446,1.47985344077573
16,1.5,18,3,1,40,3,25,28.8403150312661,1.47423789472136
16,1.5,18,3,1,40,3,25,29.5120922666639,1.4684329874737
16,1.5,18,3,1,40,3,25,30.1995172040202,1.46243451562636
16,1.5,18,3,1,40,3,25,30.9029543251359,1.45623838938857
16,1.5,18,3,1,40,3,25,31.6227766016838,1.44984065123827
16,1.5,18,3,1,40,3,25,32.3593656929628,1.44323749526898
16,1.5,18,3,1,40,3,25,33.1131121482591,1.43642528715829
16,1.5,18,3,1,40,3,25,33.8844156139203,1.42940058467362
16,1.5,18,3,1,40,3,25,34.6736850452532,1.42216015861838
16,1.5,18,3,1,40,3,25,35.4813389233576,1.41470101410943
16,1.5,18,3,1,40,3,25,36.3078054770101,1.40702041206401
16,1.5,18,3,1,40,3,25,37.1535229097173,1.3991158907625
16,1.5,18,3,1,40,3,25,38.0189396320561,1.39098528734167
16,1.5,18,3,1,40,3,25,38.904514499428,1.38262675906237
16,1.5,18,3,1,40,3,25,39.8107170553497,1.37403880418581
16,1.5,18,3,1,40,3,25,40.7380277804113,1.36522028228406
16,1.5,18,3,1,40,3,25,41.6869383470336,1.35617043380353
16,1.5,18,3,1,40,3,25,42.6579518801593,1.34688889869485
16,1.5,18,3,1,40,3,25,43.6515832240166,1.33737573391944
16,1.5,18,3,1,40,3,25,44.6683592150963,1.32763142964224
16,1.5,18,3,1,40,3,25,45.7088189614875,1.31765692392127
16,1.5,18,3,1,40,3,25,46.7735141287198,1.30745361570901
16,1.5,18,3,1,40,3,25,47.8630092322638,1.29702337598739
16,1.5,18,3,1,40,3,25,48.9778819368446,1.28636855686752
16,1.5,18,3,1,40,3,25,50.1187233627273,1.27549199849789
16,1.5,18,3,1,40,3,25,51.2861383991365,1.26439703364006
16,1.5,18,3,1,40,3,25,52.4807460249773,1.2530874897883
16,1.5,18,3,1,40,3,25,53.7031796370253,1.24156768873055
16,1.5,18,3,1,40,3,25,54.9540873857625,1.22984244347039
16,1.5,18,3,1,40,3,25,56.2341325190349,1.21791705245453
16,1.5,18,3,1,40,3,25,57.5439937337157,1.20579729107688
16,1.5,18,3,1,40,3,25,58.8843655355589,1.1934894004577
16,1.5,18,3,1,40,3,25,60.2559586074358,1.18100007352504
16,1.5,18,3,1,40,3,25,61.6595001861482,1.1683364384547
16,1.5,18,3,1,40,3,25,63.0957344480194,1.15550603955349
16,1.5,18,3,1,40,3,25,64.5654229034656,1.1425168156991
16,1.5,18,3,1,40,3,25,66.0693448007596,1.12937707647686
16,1.5,18,3,1,40,3,25,67.6082975391982,1.11609547617921
16,1.5,18,3,1,40,3,25,69.1830970918936,1.10268098585713
16,1.5,18,3,1,40,3,25,70.7945784384138,1.0891428636339
16,1.5,18,3,1,40,3,25,72.443596007499,1.07549062350957
16,1.5,18,3,1,40,3,25,74.1310241300918,1.0617340028995
16,1.5,18,3,1,40,3,25,75.8577575029184,1.04788292916203
16,1.5,18,3,1,40,3,25,77.6247116628692,1.03394748537824
16,1.5,18,3,1,40,3,25,79.4328234724281,1.01993787565116
16,1.5,18,3,1,40,3,25,81.2830516164099,1.00586439019261
16,1.5,18,3,1,40,3,25,83.1763771102671,0.991737370462648
16,1.5,18,3,1,40,3,25,85.1138038202377,0.977567174620643
16,1.5,18,3,1,40,3,25,87.0963589956081,0.963364143536993
16,1.5,18,3,1,40,3,25,89.1250938133746,0.94913856760221
16,1.5,18,3,1,40,3,25,91.201083935591,0.934900654554621
16,1.5,18,3,1,40,3,25,93.3254300796991,0.920660498530447
16,1.5,18,3,1,40,3,25,95.4992586021436,0.9064280505205
16,1.5,18,3,1,40,3,25,97.7237220955811,0.892213090396702
16,1.5,18,3,1,40,3,25,100,0.87802520064954
