2.499200000000000088e+01
2.500900000000000034e+01
2.499599999999999866e+01
2.499599999999999866e+01
2.499599999999999866e+01
2.500499999999999901e+01
2.500900000000000034e+01
2.500900000000000034e+01
2.498699999999999832e+01
2.500900000000000034e+01
2.499200000000000088e+01
2.500900000000000034e+01
2.500499999999999901e+01
2.498699999999999832e+01
2.500900000000000034e+01
2.500499999999999901e+01
2.500000000000000000e+01
2.498300000000000054e+01
2.500000000000000000e+01
2.500900000000000034e+01
2.500000000000000000e+01
2.500499999999999901e+01
2.500499999999999901e+01
2.501399999999999935e+01
2.500000000000000000e+01
2.500499999999999901e+01
2.499599999999999866e+01
2.500000000000000000e+01
2.500499999999999901e+01
2.500900000000000034e+01
2.500000000000000000e+01
2.500900000000000034e+01
2.500499999999999901e+01
2.498699999999999832e+01
2.500000000000000000e+01
2.500000000000000000e+01
2.500499999999999901e+01
2.500499999999999901e+01
2.499599999999999866e+01
2.500900000000000034e+01
2.500499999999999901e+01
2.500499999999999901e+01
2.504899999999999949e+01
2.520200000000000173e+01
2.538599999999999923e+01
2.555699999999999861e+01
2.572299999999999898e+01
2.592999999999999972e+01
2.609600000000000009e+01
2.627199999999999847e+01
2.645599999999999952e+01
2.661400000000000077e+01
2.681099999999999994e+01
2.699099999999999966e+01
2.712300000000000111e+01
2.728900000000000148e+01
2.746900000000000119e+01
2.763599999999999923e+01
2.781599999999999895e+01
2.797400000000000020e+01
2.811899999999999977e+01
2.832499999999999929e+01
2.847899999999999920e+01
2.863200000000000145e+01
2.879899999999999949e+01
2.898400000000000176e+01
2.916799999999999926e+01
2.933899999999999864e+01
2.949699999999999989e+01
2.963800000000000168e+01
2.978300000000000125e+01
2.994999999999999929e+01
3.014300000000000068e+01
3.030499999999999972e+01
3.048100000000000165e+01
3.062600000000000122e+01
3.080999999999999872e+01
3.097299999999999898e+01
3.114399999999999835e+01
3.132000000000000028e+01
3.147400000000000020e+01
3.165500000000000114e+01
3.182999999999999829e+01
3.198400000000000176e+01
3.214699999999999847e+01
3.231400000000000006e+01
3.247699999999999676e+01
3.266599999999999682e+01
3.282900000000000063e+01
3.298700000000000188e+01
3.314999999999999858e+01
3.331300000000000239e+01
3.347099999999999653e+01
3.363799999999999812e+01
3.381900000000000261e+01
3.397299999999999898e+01
3.415800000000000125e+01
3.431600000000000250e+01
3.447500000000000142e+01
3.465899999999999892e+01
3.482200000000000273e+01
3.498499999999999943e+01
3.516100000000000136e+01
3.532800000000000296e+01
3.547800000000000153e+01
3.565899999999999892e+01
3.582600000000000051e+01
3.597099999999999653e+01
3.615599999999999881e+01
3.631499999999999773e+01
3.646900000000000119e+01
3.665400000000000347e+01
3.680899999999999750e+01
3.696300000000000097e+01
3.714800000000000324e+01
3.732900000000000063e+01
3.750999999999999801e+01
3.768200000000000216e+01
3.783100000000000307e+01
3.797699999999999676e+01
3.811800000000000210e+01
3.829399999999999693e+01
3.847099999999999653e+01
3.863400000000000034e+01
3.881499999999999773e+01
3.898700000000000188e+01
3.916299999999999670e+01
3.932200000000000273e+01
3.949900000000000233e+01
3.966599999999999682e+01
3.982999999999999829e+01
3.997099999999999653e+01
