2.000169341828431868e+00
1.900175887727810098e+00
1.800178686821724439e+00
1.700173069348051680e+00
1.600166689407995557e+00
1.500170584444664001e+00
1.400176934592056499e+00
1.300151833567913195e+00
1.200166246363107536e+00
1.100177482441832666e+00
1.000143293536894573e+00
9.001693294025940872e-01
8.002406048580349429e-01
7.002250374084589835e-01
6.002484676924160212e-01
5.001307708279285613e-01
4.004188226695157282e-01
3.000103791357486283e-01
2.001881591237818780e-01
1.001912754795452332e-01
4.167227077164003071e-04
-9.958862472582330483e-02
-1.994148793269463482e-01
-2.993862655350182922e-01
-3.993820864462609976e-01
-4.998843318436005378e-01
-6.010691937918519745e-01
-6.992154500632432601e-01
-8.006123738195713990e-01
-8.999915178312132280e-01
-1.000566689566352085e+00
-1.099052561069263634e+00
-1.200880790319024838e+00
-1.301195927851134249e+00
-1.400047097242091532e+00
-1.498732545542805994e+00
-1.599829978475875825e+00
-1.700218221548799979e+00
-1.798665702695975366e+00
-1.910684941072953613e+00
-2.006886634216987542e+00
-1.993598143944234957e+00
3.012796432242783040e-01
3.006215668593658075e-01
3.009300964442927495e-01
3.013121953722456836e-01
3.008301742398538092e-01
3.011841428455507286e-01
3.013707830907035312e-01
3.014337018378639987e-01
3.019107198293583538e-01
3.020017273697929716e-01
3.017004628358969653e-01
3.013447450804793148e-01
3.014445489764839836e-01
3.016267404085400394e-01
3.016375827268715781e-01
3.005628779751688406e-01
3.006759013481885012e-01
3.006628616908147977e-01
3.002823660091301083e-01
3.010234811978940161e-01
3.010929637987777574e-01
3.014467183716976195e-01
3.010799366578479908e-01
3.018565396186146943e-01
3.014033284083378339e-01
3.017915144422801954e-01
3.015052879466051938e-01
3.016896220872960499e-01
3.011949962189841568e-01
3.014727502690411898e-01
3.006845942356012324e-01
3.008345191616123016e-01
3.019713936419173295e-01
3.015551743180358568e-01
3.010669091261429786e-01
3.009930790640417131e-01
3.009083761815260494e-01
3.017243115303356871e-01
3.015898745013774196e-01
3.010886214618858081e-01
3.010886214618858081e-01
3.014315323776288191e-01
3.020948820032581250e-01
3.020753861751709901e-01
3.014141763055955825e-01
3.004933105074906186e-01
3.008149666713716974e-01
3.018218607361597416e-01
3.018045202564471619e-01
3.017893467687185471e-01
3.006476482623646196e-01
3.009474718724111098e-01
3.002780155597859491e-01
3.010321671309620362e-01
3.012167021521808263e-01
3.016896220872960499e-01
3.014402101535466616e-01
3.012753027535275407e-01
3.010126235372602155e-01
3.014120067478207599e-01
3.012883240356419856e-01
3.012622810809893470e-01
3.010886214618858081e-01
3.006193933384128658e-01
3.003106428676625694e-01
3.009214084695404634e-01
3.009583311619831725e-01
3.015009497304417252e-01
3.012861538490680946e-01
3.010777654297016048e-01
3.011689476670553200e-01
3.011494102277545437e-01
3.009865640441736767e-01
3.017655016454327543e-01
3.019908941387669521e-01
3.013078552268204091e-01
3.007171910138187187e-01
3.001627127699594832e-01
3.007867226313069020e-01
3.013729528544241698e-01
3.012861538490680946e-01
3.008736215014576332e-01
3.014705810038589839e-01
3.009605029873142490e-01
3.003258681058583179e-01
3.016072235533977519e-01
3.012622810809893470e-01
3.011732892008758267e-01
3.011624352849460173e-01
3.008106215539939621e-01
