2.000173683058465102e+00
1.900170422463674402e+00
1.800173870604432791e+00
1.700167006002581749e+00
1.600155784473169085e+00
1.500154110287306386e+00
1.400157923390448422e+00
1.300182294646900605e+00
1.200166246363107536e+00
1.100163688966043996e+00
1.000173683058464880e+00
9.001649571307617226e-01
8.001669902013639479e-01
7.002276356482497466e-01
6.001666894079954462e-01
5.001952945090409886e-01
4.000714983474967235e-01
3.001605369513523081e-01
2.002210261918763445e-01
9.964611712323065418e-02
1.736830584648996938e-04
-1.002396684828355117e-01
-1.997023007764127389e-01
-2.998070088271213574e-01
-3.991468511287576959e-01
-4.996262856466260893e-01
-5.994102091867765658e-01
-6.998177053530992842e-01
-7.991768512890697895e-01
-8.996983959861460933e-01
-1.000147685231759453e+00
-1.099398033429545896e+00
-1.199874294506296124e+00
-1.300118933532757870e+00
-1.399408231570623995e+00
-1.502476024296459434e+00
-1.604726040013019883e+00
-1.701998888592481940e+00
-1.806235567235614736e+00
-1.901771734497059940e+00
-2.006052617026522711e+00
-1.989997025872940251e+00
