2.846101820468902588e-01
3.283855020999908447e-01
3.652681708335876465e-01
3.959375321865081787e-01
4.211614727973937988e-01
4.417567253112792969e-01
4.585385024547576904e-01
4.722851812839508057e-01
4.837050437927246094e-01
4.934059083461761475e-01
5.019279718399047852e-01
5.096873044967651367e-01
5.170468688011169434e-01
5.242493152618408203e-01
5.315191745758056641e-01
5.390295386314392090e-01
5.468859076499938965e-01
5.551953911781311035e-01
5.640467405319213867e-01
5.735571384429931641e-01
5.836950540542602539e-01
5.946801900863647461e-01
6.065027713775634766e-01
6.194291114807128906e-01
6.333305835723876953e-01
6.484665274620056152e-01
6.647959351539611816e-01
6.826435327529907227e-01
7.020974159240722656e-01
7.231488227844238281e-01
7.467306852340698242e-01
7.712105512619018555e-01
7.989637255668640137e-01
8.287184834480285645e-01
8.605698943138122559e-01
8.980687856674194336e-01
9.336181282997131348e-01
9.736591577529907227e-01
1.013232707977294922e+00
1.062299013137817383e+00
1.109045505523681641e+00
1.118975162506103516e+00
