4.802206765205874889e-02
9.347421760774438093e-02
1.332258480685684920e-01
1.671252573039529454e-01
1.956478546018419473e-01
2.197416610463024389e-01
2.392393996540627121e-01
2.555330036506964220e-01
2.689709054578249825e-01
2.801707435307089211e-01
2.897338418274210681e-01
2.979355063596473285e-01
3.066844544077147461e-01
3.135150039005695777e-01
3.213104621821202267e-01
3.286751493318315620e-01
3.373574147813938051e-01
3.452501890507275739e-01
3.536162161216666600e-01
3.635649757812804417e-01
3.735666315334403298e-01
3.850071417913602523e-01
3.960161722445092458e-01
4.095696509875731972e-01
4.234179188003582839e-01
4.392837342381647470e-01
4.567439781593313208e-01
4.758309328314533349e-01
4.962195357717539834e-01
5.187665468251885237e-01
5.431214924574655489e-01
5.682827065681892442e-01
5.964508402020938238e-01
6.267652136792062345e-01
6.564546948355128864e-01
6.966202058383322848e-01
7.303752366166819110e-01
7.701705919221512042e-01
8.150089416286757649e-01
8.549014975807025518e-01
8.994494980856490018e-01
8.998232372703864890e-01
