1.134017780423164368e-01
1.543498039245605469e-01
1.896748542785644531e-01
2.194305658340454102e-01
2.437417507171630859e-01
2.628445029258728027e-01
2.770555615425109863e-01
2.867833375930786133e-01
2.925096750259399414e-01
2.947643995285034180e-01
2.941197156906127930e-01
2.911688089370727539e-01
2.865093946456909180e-01
2.807261943817138672e-01
2.743631601333618164e-01
2.679530382156372070e-01
2.619551420211791992e-01
2.568161487579345703e-01
2.528921365737915039e-01
2.504960298538208008e-01
2.499276399612426758e-01
2.513918876647949219e-01
2.550342082977294922e-01
2.610357999801635742e-01
2.693991661071777344e-01
2.803575992584228516e-01
2.937526702880859375e-01
3.097550868988037109e-01
3.280593156814575195e-01
3.490359783172607422e-01
3.723835945129394531e-01
3.977302312850952148e-01
4.255976676940917969e-01
4.555137157440185547e-01
4.871208667755126953e-01
5.218900442123413086e-01
5.582326650619506836e-01
5.944058895111083984e-01
6.347768306732177734e-01
6.731308698654174805e-01
7.163810729980468750e-01
7.096307277679443359e-01
