2.000173683058465102e+00
1.900169875933478192e+00
1.800173870604432791e+00
1.700165273602613381e+00
1.600179774968357727e+00
1.500185685206622876e+00
1.400173478071845556e+00
1.300156185281435173e+00
1.200177202881648419e+00
1.100174034113956090e+00
1.000156317877955114e+00
9.001507469432996622e-01
8.001511648606219884e-01
7.002016525508174549e-01
5.999354461394643678e-01
5.000868343249971204e-01
4.001268123562358725e-01
3.003171680351046091e-01
1.999689817477761367e-01
9.988427678213884775e-02
3.908474458413416355e-05
-1.000859757082022405e-01
-1.996974859321463125e-01
-2.996788380703510613e-01
-3.997199154987747804e-01
-4.999145387623447623e-01
-6.008248786103544958e-01
-6.990981401091361791e-01
-7.987066817343028147e-01
-8.993262439722795598e-01
-1.000406689995684939e+00
-1.099672751787350355e+00
-1.199789665079016521e+00
-1.299635545685814186e+00
-1.400085284506334293e+00
-1.497424043577187058e+00
-1.608694311857091330e+00
-1.700287914259550170e+00
-1.811482111530648975e+00
-1.895096548010963833e+00
-2.012984323440368151e+00
-2.002283432670106222e+00
3.010169666340876682e-01
3.017178074708217195e-01
3.015052879466051938e-01
3.012644513868594776e-01
3.015443299421278756e-01
3.014358712872619028e-01
3.017308154924451813e-01
3.012470886362113576e-01
3.008562431183936514e-01
3.014185153886307922e-01
3.006867674302675653e-01
3.003802395997688390e-01
3.011190169084055346e-01
3.013555944411239196e-01
3.010842790815761449e-01
3.011863135419362014e-01
3.014445489764839836e-01
3.011863135419362014e-01
3.016072235533977519e-01
3.013686133161426195e-01
3.007150179713861116e-01
3.003932877454825734e-01
3.003911130817540909e-01
3.003193430691323274e-01
3.006889406140592635e-01
3.005454871529401051e-01
3.012449182435721906e-01
3.019172210004509860e-01
3.020472239894340105e-01
3.015183023350920255e-01
3.012101904861311241e-01
3.010517098452263896e-01
3.009735337112273146e-01
3.001083140342518663e-01
3.014987806061092401e-01
3.014228544283140687e-01
3.016939584192089852e-01
3.013252155482866734e-01
3.017069671551699805e-01
3.017806759662765015e-01
3.013338954487936316e-01
3.011146748320017164e-01
3.008366916061907537e-01
3.010538812036395173e-01
3.012601107642735032e-01
3.016505931515786609e-01
3.011819721383154902e-01
3.011971668611230224e-01
3.013273855396770839e-01
3.018825469633246716e-01
3.012232137205983484e-01
3.018500375390819057e-01
3.010647378328652479e-01
3.005563564984415903e-01
3.017785082386164608e-01
3.015183023350920255e-01
3.009648466053941318e-01
3.008388640399021763e-01
3.008041037964145348e-01
3.014488877560746460e-01
3.013295555202250009e-01
3.012622810809893470e-01
3.008323467061667089e-01
3.011363847799128912e-01
3.010321671309620362e-01
3.013295555202250009e-01
3.012449182435721906e-01
3.012275547119713237e-01
3.010104519725592120e-01
3.008757937504461522e-01
3.013686133161426195e-01
3.014358712872619028e-01
3.015530054645169100e-01
3.016115607081151784e-01
3.008193117452769849e-01
3.006737280991478856e-01
3.010451957048486671e-01
3.010755941907002908e-01
3.012514293889503314e-01
3.009822206432974934e-01
3.017286475158978409e-01
3.018717107589655724e-01
3.016939584192089852e-01
3.010582238878975470e-01
3.014662424409884078e-01
3.011537519568894816e-01
3.011754599515107933e-01
3.013230455460536583e-01
3.005715731251419331e-01
3.009561593257910617e-01
