-9.568161278974202100e-02
-4.526653285824108058e-02
-2.323600248961727854e-03
3.333527908069611190e-02
6.363729624655942163e-02
8.735898167906014367e-02
1.071454992756819963e-01
1.227661821007544202e-01
1.362828821648758293e-01
1.472959568583030177e-01
1.574597903539249610e-01
1.670129265135399110e-01
1.758132216057858022e-01
1.843762400810427249e-01
1.941089962646337375e-01
2.030356081495560683e-01
2.119797327645153440e-01
2.214455372176470371e-01
2.344717257580175018e-01
2.450089890671556525e-01
2.571311629357911355e-01
2.705973255101362107e-01
2.846337331645897861e-01
3.008779659885696400e-01
3.190852293386985949e-01
3.389323629861131226e-01
3.607637659541544917e-01
3.833718721050360378e-01
4.065521020796326046e-01
4.341519728650810039e-01
4.646892114151426889e-01
4.941991347581262684e-01
5.277072164485365757e-01
5.648802002834413249e-01
6.008422611596981877e-01
6.425169489851900728e-01
6.947815130194189281e-01
7.378110321013170436e-01
7.990495436115926386e-01
8.305379873468545782e-01
8.975336254590436935e-01
8.986807628369375411e-01
2.301499216849103580e-01
2.241418401344181521e-01
2.119770670974186200e-01
2.006891118466104240e-01
1.852927818088986323e-01
1.731542052199877002e-01
1.588809231694538748e-01
1.466922518436136191e-01
1.349703571838316574e-01
1.199483600309216580e-01
1.103842976715348617e-01
9.854682062011273225e-02
8.515138185152262840e-02
6.994545369498945953e-02
5.924145873895879377e-02
4.734107763906278410e-02
3.482089907087677211e-02
2.438303400333225249e-02
1.053739651555275596e-02
4.774613744552315669e-04
-1.118027720196462793e-02
-2.360141208557820294e-02
-3.481194441052896937e-02
-4.683974864061803134e-02
-5.924899961151874200e-02
-7.119360579387352950e-02
-8.291848894579423312e-02
-9.535368775334318592e-02
-1.063846914237533692e-01
-1.165009588929447754e-01
-1.286063062840376026e-01
-1.396440229946581402e-01
-1.480284039647439820e-01
-1.582083275480660467e-01
-1.741936353408256033e-01
-1.856038902939999014e-01
-1.969992698442963042e-01
-2.072708127374705001e-01
-2.194011719195439747e-01
-2.304004133937658516e-01
-2.401652672398479627e-01
-2.515235731530234831e-01
-2.617555077518159412e-01
-2.752761368587714474e-01
-2.862029548637916032e-01
-2.978884079398668172e-01
-3.072429440500354381e-01
-3.188257215185869020e-01
-3.289206934606494492e-01
-3.413343140029039269e-01
-3.485581870569880447e-01
-3.604856211556263235e-01
-3.695965356552959880e-01
-3.793903328869430713e-01
-3.904087919744053115e-01
-4.015629799207602879e-01
-4.118392625690985298e-01
-4.209999827957049967e-01
-4.309492976225184901e-01
-4.418712755960060301e-01
-4.528002232198213850e-01
-4.667542929676698482e-01
-4.758974017372354370e-01
-4.856103221084167032e-01
-4.941462209015483054e-01
-5.053195599901373347e-01
-5.130894413060084203e-01
-5.224200830616780866e-01
-5.322365527957502174e-01
-5.410540999940972595e-01
-5.546651739626354827e-01
-5.629966222654514407e-01
-5.701008273782024460e-01
-5.817550711633372451e-01
-5.904185102370396176e-01
-6.000287762535689851e-01
-6.099874237313603897e-01
-6.203156598463626104e-01
-6.311499205690168646e-01
-6.402062422783654227e-01
-6.496569901372405420e-01
-6.599586370569697769e-01
-6.677938992809717700e-01
-6.757751800217651761e-01
-6.856270999906721730e-01
-6.939611836636516706e-01
-7.036112669272088782e-01
-7.166648433653443062e-01
-7.235473873416273793e-01
-7.312231780068281228e-01
