2.000160659238177541e+00
1.900174794680485002e+00
1.800171806494957671e+00
1.700179998782076707e+00
1.600165598926834409e+00
1.500169211622085497e+00
1.400180391084757447e+00
1.300162712769959539e+00
1.200193637141200087e+00
1.100191275479545316e+00
1.000143293536894573e+00
9.001474676032391598e-01
8.001140074463194418e-01
7.001921250255841445e-01
6.002070352861735847e-01
5.001829396525935278e-01
4.000611261864966406e-01
3.002258067681577436e-01
2.002319813285189931e-01
1.000981639727198391e-01
-7.427070673189025980e-05
-9.949304556915425368e-02
-1.997593951419650848e-01
-2.995680181820980503e-01
-3.993875332173733583e-01
-4.990435009996471161e-01
-5.995103641764666369e-01
-6.995784426169278092e-01
-7.995380246145606939e-01
-8.996087746852043932e-01
-9.997264806259599235e-01
-1.097610334340028526e+00
-1.200251543226385387e+00
-1.298386256703577990e+00
-1.401147143089449765e+00
-1.504296126694208535e+00
-1.606774127497967442e+00
-1.693328406082920790e+00
-1.806569276273154667e+00
-1.912609055002812308e+00
-2.014208997332299411e+00
-2.005950018399510704e+00
