2.616499662399291992e-01
3.500065207481384277e-01
4.328961372375488281e-01
5.081050992012023926e-01
5.741690993309020996e-01
6.305171251296997070e-01
6.775224804878234863e-01
7.161864638328552246e-01
7.477634549140930176e-01
7.735748887062072754e-01
7.947748303413391113e-01
8.123039603233337402e-01
8.269582390785217285e-01
8.393374085426330566e-01
8.499739766120910645e-01
8.592815995216369629e-01
8.676241040229797363e-01
8.752848505973815918e-01
8.825730681419372559e-01
8.897320628166198730e-01
8.969756960868835449e-01
9.044428467750549316e-01
9.124341607093811035e-01
9.210103154182434082e-01
9.303517937660217285e-01
9.405730366706848145e-01
9.519029259681701660e-01
9.643167853355407715e-01
9.779384732246398926e-01
9.928839802742004395e-01
1.009218692779541016e+00
1.026588439941406250e+00
1.046342372894287109e+00
1.066746234893798828e+00
1.089733600616455078e+00
1.114498138427734375e+00
1.140786886215209961e+00
1.164295434951782227e+00
1.196835994720458984e+00
1.229100704193115234e+00
1.261592149734497070e+00
1.258894443511962891e+00
