1.319168587535861636e-01
2.252213798998737859e-01
3.171101826456063644e-01
4.097066227965475704e-01
5.020008105709026225e-01
5.945118820813517502e-01
6.881616604517157842e-01
7.788390621904841549e-01
8.522609612792492184e-01
8.925626089699491006e-01
9.229708143476520465e-01
9.484437761185172677e-01
9.655981724895620344e-01
9.805246667332579991e-01
9.936407636870815407e-01
1.003193324349903603e+00
1.012575726014386390e+00
1.019797328385032564e+00
1.026990605777839960e+00
1.033685057800376672e+00
1.041092523448374996e+00
1.047878175896383324e+00
1.054865745013935152e+00
1.062773708297193531e+00
1.069031355650805315e+00
1.078344423469568047e+00
1.086648078054311073e+00
1.094264938315593128e+00
1.106184095417168889e+00
1.116777045988680772e+00
1.127610100851568209e+00
1.138432177581277127e+00
1.152092561901704837e+00
1.160138257723401845e+00
1.179097727637343551e+00
1.193964535174699693e+00
1.218719266900493148e+00
1.219869945664624256e+00
1.243759618599917571e+00
1.264676182148824601e+00
1.318745559871480122e+00
1.292404503795680393e+00
