-8.742794394493103027e-03
1.100599318742752075e-01
2.401825338602066040e-01
3.799279332160949707e-01
5.264887809753417969e-01
6.758852601051330566e-01
8.222094178199768066e-01
9.575799703598022461e-01
1.074251055717468262e+00
1.168286800384521484e+00
1.240566015243530273e+00
1.294885993003845215e+00
1.335574507713317871e+00
1.366359591484069824e+00
1.390027046203613281e+00
1.408648848533630371e+00
1.423618555068969727e+00
1.435921788215637207e+00
1.446323394775390625e+00
1.455311298370361328e+00
1.463372588157653809e+00
1.470767140388488770e+00
1.477736473083496094e+00
1.484537005424499512e+00
1.491168618202209473e+00
1.498075008392333984e+00
1.505098700523376465e+00
1.512352824211120605e+00
1.520153164863586426e+00
1.528341174125671387e+00
1.537172913551330566e+00
1.546528935432434082e+00
1.556777596473693848e+00
1.566759705543518066e+00
1.578761577606201172e+00
1.591051220893859863e+00
1.604298949241638184e+00
1.618013978004455566e+00
1.633611559867858887e+00
1.649780392646789551e+00
1.668452620506286621e+00
1.665240645408630371e+00
