1.079088151454925537e-01
1.985253691673278809e-01
2.927592694759368896e-01
3.883399069309234619e-01
4.823017120361328125e-01
5.714492797851562500e-01
6.528437137603759766e-01
7.244346737861633301e-01
7.853229045867919922e-01
8.357408046722412109e-01
8.766674995422363281e-01
9.094309806823730469e-01
9.353376030921936035e-01
9.555574059486389160e-01
9.710574150085449219e-01
9.827052354812622070e-01
9.911854267120361328e-01
9.970924854278564453e-01
1.000959396362304688e+00
1.003216028213500977e+00
1.004261493682861328e+00
1.004417896270751953e+00
1.003985166549682617e+00
1.003229498863220215e+00
1.002414226531982422e+00
1.001730799674987793e+00
1.001418471336364746e+00
1.001652240753173828e+00
1.002627253532409668e+00
1.004485249519348145e+00
1.007422447204589844e+00
1.011517167091369629e+00
1.017054915428161621e+00
1.023387193679809570e+00
1.032074213027954102e+00
1.042021155357360840e+00
1.053763389587402344e+00
1.066871523857116699e+00
1.082774996757507324e+00
1.100202679634094238e+00
1.121317625045776367e+00
1.117618560791015625e+00
