1.398759393283710017e-01
1.718229528163663922e-01
2.032206053319783323e-01
2.316275796355498628e-01
2.571431749862166938e-01
2.797695750493960354e-01
3.001583611218441860e-01
3.187914203415371239e-01
3.352432078645522506e-01
3.508989719637578553e-01
3.655403965794531418e-01
3.791459146717799933e-01
3.925070177887807765e-01
4.070780317802664694e-01
4.211957615215617401e-01
4.357727205894583178e-01
4.518815708910369211e-01
4.691236392185893500e-01
4.876741933665357243e-01
5.079745446555671284e-01
5.275229249613074822e-01
5.507809621892955088e-01
5.743669923302694436e-01
6.012340469164473289e-01
6.298161775030580722e-01
6.616783078515576788e-01
6.934736831653431910e-01
7.295276304817127633e-01
7.677204529573398162e-01
8.070673347603865011e-01
8.500117877991012483e-01
8.943875159746867975e-01
9.414577636387153614e-01
9.865406460407689648e-01
1.048115377359909672e+00
1.097559232058124001e+00
1.153522188412702043e+00
1.226148623139982963e+00
1.276739755591462133e+00
1.351574079830453412e+00
1.413143792498511520e+00
1.427468256564057070e+00
