2.500900000000000034e+01
2.500499999999999901e+01
2.500499999999999901e+01
2.500499999999999901e+01
2.500499999999999901e+01
2.499599999999999866e+01
2.500000000000000000e+01
2.497400000000000020e+01
2.500000000000000000e+01
2.501399999999999935e+01
2.497899999999999920e+01
2.500000000000000000e+01
2.500499999999999901e+01
2.500900000000000034e+01
2.500000000000000000e+01
2.498300000000000054e+01
2.500000000000000000e+01
2.500499999999999901e+01
2.500499999999999901e+01
2.500499999999999901e+01
2.500000000000000000e+01
2.500000000000000000e+01
2.500900000000000034e+01
2.499599999999999866e+01
2.498699999999999832e+01
2.500900000000000034e+01
2.501399999999999935e+01
2.500900000000000034e+01
2.500900000000000034e+01
2.500499999999999901e+01
2.500900000000000034e+01
2.500000000000000000e+01
2.499599999999999866e+01
2.498699999999999832e+01
2.500000000000000000e+01
2.500000000000000000e+01
2.500000000000000000e+01
2.500900000000000034e+01
2.500499999999999901e+01
2.499599999999999866e+01
2.500000000000000000e+01
2.500499999999999901e+01
2.499599999999999866e+01
2.499200000000000088e+01
2.499599999999999866e+01
2.499200000000000088e+01
2.500900000000000034e+01
2.500499999999999901e+01
2.500499999999999901e+01
2.500900000000000034e+01
2.500499999999999901e+01
2.500499999999999901e+01
2.499200000000000088e+01
2.500900000000000034e+01
2.500499999999999901e+01
2.499599999999999866e+01
2.500000000000000000e+01
2.500900000000000034e+01
2.499599999999999866e+01
2.500000000000000000e+01
2.500900000000000034e+01
2.499599999999999866e+01
2.500499999999999901e+01
2.496999999999999886e+01
2.500000000000000000e+01
2.499599999999999866e+01
2.500000000000000000e+01
2.499599999999999866e+01
2.499599999999999866e+01
2.499599999999999866e+01
2.500900000000000034e+01
2.500499999999999901e+01
2.500499999999999901e+01
2.500499999999999901e+01
2.498300000000000054e+01
2.498300000000000054e+01
2.499200000000000088e+01
2.500499999999999901e+01
2.499200000000000088e+01
2.500499999999999901e+01
2.500499999999999901e+01
2.500000000000000000e+01
2.499200000000000088e+01
2.498699999999999832e+01
2.506599999999999895e+01
2.520200000000000173e+01
2.539900000000000091e+01
2.557000000000000028e+01
2.572800000000000153e+01
2.593799999999999883e+01
2.610500000000000043e+01
2.625000000000000000e+01
2.644699999999999918e+01
2.662300000000000111e+01
2.679400000000000048e+01
2.696000000000000085e+01
2.713599999999999923e+01
2.728900000000000148e+01
2.749599999999999866e+01
2.763599999999999923e+01
2.781200000000000117e+01
2.797800000000000153e+01
2.812800000000000011e+01
2.833399999999999963e+01
2.846999999999999886e+01
2.864999999999999858e+01
2.880399999999999849e+01
2.897500000000000142e+01
2.915899999999999892e+01
2.932999999999999829e+01
2.949299999999999855e+01
2.964199999999999946e+01
2.978699999999999903e+01
2.995799999999999841e+01
3.012500000000000000e+01
3.030999999999999872e+01
3.048100000000000165e+01
3.064799999999999969e+01
3.082799999999999940e+01
3.098600000000000065e+01
3.114000000000000057e+01
3.130699999999999861e+01
3.146499999999999986e+01
3.164999999999999858e+01
3.181299999999999883e+01
3.197100000000000009e+01
3.215599999999999881e+01
3.232699999999999818e+01
3.247699999999999676e+01
3.264900000000000091e+01
3.282399999999999807e+01
3.299199999999999733e+01
3.316799999999999926e+01
3.333500000000000085e+01
3.348400000000000176e+01
3.364300000000000068e+01
3.381400000000000006e+01
3.397299999999999898e+01
3.415299999999999869e+01
3.431600000000000250e+01
3.446600000000000108e+01
3.464200000000000301e+01
3.480899999999999750e+01
3.498499999999999943e+01
3.517900000000000205e+01
3.533700000000000330e+01
3.548700000000000188e+01
3.563199999999999790e+01
3.579999999999999716e+01
3.599300000000000210e+01
3.616100000000000136e+01
3.631099999999999994e+01
3.647800000000000153e+01
3.663700000000000045e+01
3.680400000000000205e+01
3.698100000000000165e+01
3.716100000000000136e+01
3.734199999999999875e+01
3.750500000000000256e+01
3.766799999999999926e+01
3.783100000000000307e+01
3.799000000000000199e+01
3.812199999999999989e+01
3.830299999999999727e+01
3.847500000000000142e+01
3.864300000000000068e+01
3.881000000000000227e+01
3.896500000000000341e+01
3.916799999999999926e+01
3.935300000000000153e+01
3.949399999999999977e+01
3.963499999999999801e+01
3.980299999999999727e+01
3.997500000000000142e+01
