-1.232609723760708098e-01
-6.116367549685768068e-02
-5.871214454713007298e-03
4.255188743776931043e-02
8.472637848009267891e-02
1.203271028491613159e-01
1.497054964213044570e-01
1.747631846773549102e-01
1.936865902544896156e-01
2.094479886173643002e-01
2.243957862461807840e-01
2.351166819965403720e-01
2.458974401514581187e-01
2.552097691471029717e-01
2.646667377820940414e-01
2.752883144356016998e-01
2.839002322867495431e-01
2.942214531988173176e-01
3.034638977755181877e-01
3.140758845713743641e-01
3.263952650732548366e-01
3.370037620821009217e-01
3.500405156027172060e-01
3.645753826962980781e-01
3.793689799480985392e-01
3.980268588836866073e-01
4.136735324220713328e-01
4.334786070360437948e-01
4.537279739865840988e-01
4.772442873940623831e-01
5.023574633967988756e-01
5.310380121445479329e-01
5.587577557969203301e-01
5.922811532395774181e-01
6.285105154840779917e-01
6.632881023839324319e-01
6.952487060869311231e-01
7.367215038483215794e-01
7.751544360996105443e-01
8.382545187184955449e-01
8.708520157592674060e-01
8.841193317785520644e-01
-3.652431594602493364e-02
6.044474287642433163e-02
1.533696748796787579e-01
2.469734845098097986e-01
3.416718872085177106e-01
4.364568494894672246e-01
5.299921096423704236e-01
6.119865656867006232e-01
6.664992605616926191e-01
7.057679517627393206e-01
7.366474440056027806e-01
7.605476266482243952e-01
7.794485750932769186e-01
7.939844472202181036e-01
8.064472542605376493e-01
8.154389378453903436e-01
8.238535820424526257e-01
8.309451954666126072e-01
8.382022027773339268e-01
8.452711028996595655e-01
8.521236283976535431e-01
8.603398036478904221e-01
8.670023021131084695e-01
8.755433521258539908e-01
8.845382217432117278e-01
8.929350952223589211e-01
9.038271188188458094e-01
9.126773751383639999e-01
9.230091873720718265e-01
9.387023106216368928e-01
9.489467025057143346e-01
9.616721054269046220e-01
9.811555644530560727e-01
9.921981611319067307e-01
1.015103966164678573e+00
1.036948112195278382e+00
1.056660968425723546e+00
1.073285672868700136e+00
1.106775457873850677e+00
1.133174714746137290e+00
1.138258476840454669e+00
1.150719607671057521e+00
3.032349477223135747e-01
2.972789102331133138e-01
2.850169176291708628e-01
2.730869643868020780e-01
2.618217375609912523e-01
2.500196813741082935e-01
2.379080106764926983e-01
2.277170653576646442e-01
2.156904262532029770e-01
2.021939651099907143e-01
1.888441465468971292e-01
1.779114760940093409e-01
1.659058020898838415e-01
1.567308264994184408e-01
1.440384030249815261e-01
1.342663806730421128e-01
1.213201446635677472e-01
1.088760890368785789e-01
9.781240736528896973e-02
8.620673268686322721e-02
7.778927536271917909e-02
6.575145674359493542e-02
5.240919145039110716e-02
4.037682815491511201e-02
2.759421182622589022e-02
1.652357941196882368e-02
5.073213063604263377e-03
-3.868940048373402472e-03
-1.302236046859359640e-02
-2.354409724633184375e-02
-3.534774895463730499e-02
-4.912325258338683109e-02
-6.099521671514922944e-02
-7.415903097145795653e-02
-8.515671369154872994e-02
-9.388485523138276334e-02
-1.034115087057883714e-01
-1.159146959722521381e-01
-1.274731320061192053e-01
-1.391100415443258242e-01
-1.490684125619653466e-01
-1.587406666177361148e-01
-1.707824512249424276e-01
-1.818803829319370902e-01
-1.961893104861450188e-01
-2.052777902428300494e-01
-2.147313977081058978e-01
-2.259781931781681408e-01
-2.364739268626506741e-01
-2.504337262313612866e-01
-2.605305061295055125e-01
-2.694648096851086638e-01
-2.783163129167799954e-01
-2.891129314439089826e-01
-3.019838845564518093e-01
-3.121483361149362534e-01
-3.221768662356356838e-01
-3.308338001874534529e-01
-3.412676051749302109e-01
-3.533306805029456932e-01
-3.638371939083652196e-01
-3.722051822389969566e-01
-3.854244074392291219e-01
-3.952049834756500291e-01
-4.056969699266876894e-01
-4.171063598719499943e-01
-4.246943571209288448e-01
-4.348017482843339887e-01
-4.445004795207294634e-01
-4.545753553477265285e-01
-4.624944654165012436e-01
-4.761027265608229753e-01
-4.875677705185313959e-01
-4.983205643927810513e-01
-5.061921447659062379e-01
-5.155321710200495566e-01
-5.249305591873021370e-01
-5.351529104366932188e-01
-5.462445271279032788e-01
-5.539508339915684143e-01
-5.625824182331817802e-01
-5.732870906408636946e-01
-5.820286989095850849e-01
-5.922777643226690980e-01
-6.049883004219055449e-01
-6.123663964201150334e-01
-6.216547990691883019e-01
-6.298886381251008748e-01
-6.422537691876407662e-01
-6.492230075441868253e-01
