8.720511647347188866e-01
8.674861862385567779e-01
8.629400507901474615e-01
8.584127589739423136e-01
8.539043113530181417e-01
8.494147084636679557e-01
8.449439508098075535e-01
8.404920388571995860e-01
8.360589730275014286e-01
8.316447536921395267e-01
8.272493811660125429e-01
8.228728557010315248e-01
8.185151774794945378e-01
8.141763466073079769e-01
8.098563631070506696e-01
8.055552269108942065e-01
8.012729378533732794e-01
7.970094956640216832e-01
7.927648999598703172e-01
7.885391502378159556e-01
7.843322458668653407e-01
7.801441860802584838e-01
7.759749699674771684e-01
7.718245964661434311e-01
7.676930643538127930e-01
7.635803722396691251e-01
7.594865185561239240e-01
7.554115015503281017e-01
7.513553192755999532e-01
7.473179695827757429e-01
7.432994501114880137e-01
7.392997582813775059e-01
7.353188912832445689e-01
7.313568460701455054e-01
7.274136193484399548e-01
7.234892075687947566e-01
7.195836069171500649e-01
7.156968133056549330e-01
7.118288223635761414e-01
7.079796294281878177e-01
7.041492295356485132e-01
7.003376174118670638e-01
6.965447874633717840e-01
6.927707337681787703e-01
6.890154500666746396e-01
6.852789297525126999e-01
6.815611658635327696e-01
6.778621510727086408e-01
6.741818776791301815e-01
6.705203375990245185e-01
6.668775223568247368e-01
6.632534230762890948e-01
6.596480304716787479e-01
6.560613348389994215e-01
6.524933260473109176e-01
6.489439935301137830e-01
6.454133262768148027e-01
6.419013128242804234e-01
6.384079412484814364e-01
6.349331991562349176e-01
6.314770736770499715e-01
6.280395514550813907e-01
6.246206186411954464e-01
6.212202608851580266e-01
6.178384633279428995e-01
6.144752105941717613e-01
6.111304867846861777e-01
6.078042754692609684e-01
6.044965596794579232e-01
6.012073219016309533e-01
5.979365440700820100e-01
5.946842075603753219e-01
5.914502931828125032e-01
5.882347811760747502e-01
5.850376512010336816e-01
5.818588823347362604e-01
5.786984530645695735e-01
5.755563412826035785e-01
5.724325242801224789e-01
5.693269787423421713e-01
5.662396807433212054e-01
5.631706057410656996e-01
5.601197285728333197e-01
5.570870234506377638e-01
5.540724639569569732e-01
5.510760230406477334e-01
5.480976730130699970e-01
5.451373855444201499e-01
5.421951316602806603e-01
5.392708817383808917e-01
5.363646055055794060e-01
5.334762720350613163e-01
5.306058497437574628e-01
5.277533063899849664e-01
5.249186090713100494e-01
5.221017242226353439e-01
5.193026176145099093e-01
5.165212543516665145e-01
5.137575988717828501e-01
5.110116149444697831e-01
5.082832656704848739e-01
5.055725134811726029e-01
5.028793201381300815e-01
5.002036467330983616e-01
4.975454536880786760e-01
4.949047007556732769e-01
4.922813470196492625e-01
4.896753508957241707e-01
4.870866701325745063e-01
4.845152618130621480e-01
4.819610823556799706e-01
4.794240875162129600e-01
4.769042323896155455e-01
4.744014714120990406e-01
4.719157583634315256e-01
4.694470463694445650e-01
4.669952879047446492e-01
4.645604347956281410e-01
4.621424382231958949e-01
4.597412487266631098e-01
4.573568162068641918e-01
4.549890899299466329e-01
4.526380185312509630e-01
4.503035500193748875e-01
4.479856317804143950e-01
4.456842105823808908e-01
4.433992325797885270e-01
4.411306433184082332e-01
4.388783877401825628e-01
4.366424101882991349e-01
4.344226544124145661e-01
4.322190635740278952e-01
4.300315802519941721e-01
4.278601464481767147e-01
4.257047035932299273e-01
4.235651925525082961e-01
4.214415536320961220e-01
4.193337265849511053e-01
4.172416506171567341e-01
4.151652643942760346e-01
4.131045060478025222e-01
4.110593131816989154e-01
4.090296228790198940e-01
4.070153717086096301e-01
4.050164957318691528e-01
4.030329305095846637e-01
4.010646111088104759e-01
3.991114721097998586e-01
3.971734476129733515e-01
3.952504712459209979e-01
3.933424761704255590e-01
3.914493950895029384e-01
3.895711602544495444e-01
3.877077034718866000e-01
3.858589561107961252e-01
3.840248491095363814e-01
3.822053129828296703e-01
3.804002778287116082e-01
3.786096733354344379e-01
3.768334287883119971e-01
3.750714730764980187e-01
3.733237346996873818e-01
3.715901417747283775e-01
3.698706220421377200e-01
3.681651028725039243e-01
3.664735112727709465e-01
3.647957738923882087e-01
3.631318170293155734e-01
3.614815666358716650e-01
3.598449483244117175e-01
3.582218873728231778e-01
3.566123087298246341e-01
3.550161370200549116e-01
3.534332965489376255e-01
3.518637113073073697e-01
3.503073049757815527e-01
3.487640009288633935e-01
3.472337222387588129e-01
3.457163916788914548e-01
3.442119317270990742e-01
3.427202645684924720e-01
3.412413120979597703e-01
3.397749959222962635e-01
3.383212373619422508e-01
3.368799574523045348e-01
3.354510769446453211e-01
3.340345163065140954e-01
3.326301957216997729e-01
3.312380350896815262e-01
3.298579540245514807e-01
3.284898718533875717e-01
3.271337076140457545e-01
3.257893800523495864e-01
3.244568076186441496e-01
3.231359084636886703e-01
3.218266004338546926e-01
3.205288010655996667e-01
3.192424275791817534e-01
3.179673968715823751e-01
3.167036255085998731e-01
3.154510297160774690e-01
3.142095253702262281e-01
3.129790279870028336e-01
3.117594527104997071e-01
3.105507143003038428e-01
3.093527271177777815e-01
3.081654051112153736e-01
3.069886617998229261e-01
3.058224102564717217e-01
3.046665630891706167e-01
3.035210324211994326e-01
3.023857298698458540e-01
3.012605665236823826e-01
3.001454529183212872e-01
2.990402990105791581e-01
2.979450141509804029e-01
2.968595070545287373e-01
2.957836857696680144e-01
2.947174576453547856e-01
2.936607292961589954e-01
2.926134065653056560e-01
2.915753944855680735e-01
2.905465972379184247e-01
2.895269181078361509e-01
2.885162594391737501e-01
2.875145225854710551e-01
2.865216078586084181e-01
2.855374144746803955e-01
2.845618404969717519e-01
2.835947827759066620e-01
2.826361368858413825e-01
2.816857970585627813e-01
2.807436561133501152e-01
2.798096053834510100e-01
2.788835346388178205e-01
2.779653320049425003e-01
2.770548838776222822e-01
2.761520748334825859e-01
2.752567875360758531e-01
2.743689026373672957e-01
2.734882986744114897e-01
2.726148519610182563e-01
2.717484364741952763e-01
2.708889237351480017e-01
2.700361826846114921e-01
2.691900795522764178e-01
2.683504777200684255e-01
2.675172375790229595e-01
2.666902163795004665e-01
2.658692680744667580e-01
2.650542431555613088e-01
2.642449884816640004e-01
2.634413470996640472e-01
2.626431580571231272e-01
2.618502562065172512e-01
2.610624720007315713e-01
2.602796312794765643e-01
2.595015550462788090e-01
2.587280592356993592e-01
2.579589544704165016e-01
2.571940458078069702e-01
2.564331324756502495e-01
2.556760075965735513e-01
2.549224579008484981e-01
2.541722634271459391e-01
2.534251972108498285e-01
2.526810249595276558e-01
2.519395047151504752e-01
2.512003865026578575e-01
2.504634119644602586e-01
2.497283139804735708e-01
2.489948162732843473e-01
2.482626329980522906e-01
2.475314683167603169e-01
2.468010159564349160e-01
2.460709587509787299e-01
2.453409681662614417e-01
2.446107038081501150e-01
2.438798129131714842e-01
2.431479298215371287e-01
2.424146754322892561e-01
2.416796566403645319e-01
2.409424657554200544e-01
2.402026799023109782e-01
2.394598604031700217e-01
2.387135521410986283e-01
2.379632829055550736e-01
2.372085627195992530e-01
2.364488831492491394e-01
2.356837165952931079e-01
2.349125155680193144e-01
2.341347119454353920e-01
2.333497162156860649e-01
2.325569167045183072e-01
2.317556787887966319e-01
2.309453440972444871e-01
2.301252296997678137e-01
2.292946272869143265e-01
2.284528023412389641e-01
2.275989933025713008e-01
2.267324107294275970e-01
2.258522364590733189e-01
2.249576227690187058e-01
2.240476915430250904e-01
2.231215334450170340e-01
2.221782071046164708e-01
2.212167383183663294e-01
2.202361192710668714e-01
2.192353077820262397e-01
2.182132265814084315e-01
2.171687626222637557e-01
2.161007664342323165e-01
2.150080515253242619e-01
2.138893938385951210e-01
2.127435312709537174e-01
2.115691632617502094e-01
2.103649504591890151e-01
2.091295144730116184e-01
2.078614377222465226e-01
2.065592633871753125e-01
2.052214954749649878e-01
2.038465990086806845e-01
2.024330003496088992e-01
2.009790876629717338e-01
1.994832115371996950e-01
1.979436857669362726e-01
1.963587883098599496e-01
1.947267624272313036e-01
1.930458180177699601e-01
1.913141331540604007e-01
1.895298558301289349e-01
1.876911059281544114e-01
1.857959774114343321e-01
1.838425407497382980e-01
1.818288455820204208e-01
1.797529236201462766e-01
1.776127917957926738e-01
1.754064556510204764e-01
1.731319129711998694e-01
1.707871576569737204e-01
1.683701838298252984e-01
1.658789901635307484e-01
1.633115844314082798e-01
1.606659882567729736e-01
1.579402420514653682e-01
1.551324101247094078e-01
1.522405859419578011e-01
1.492628975107870570e-01
1.461975128684007696e-01
1.430426456428760817e-01
1.397965606580419407e-01
1.364575795498025601e-01
1.330240863599090606e-01
1.294945330716299470e-01
1.258674450505726239e-01
1.221414263530430228e-01
1.183151648638959136e-01
1.143874372257913247e-01
1.103571135222098099e-01
1.062231616774634430e-01
1.019846515383092539e-01
9.764075860360016401e-02
9.319076737070543237e-02
8.863407427016767315e-02
8.397019016319867690e-02
7.919874238014162904e-02
7.431947628185632537e-02
6.933225633011073918e-02
6.423706665736764188e-02
5.903401113084814911e-02
5.372331291028382971e-02
4.830531350334857366e-02
4.278047132723787616e-02
3.714935978925530680e-02
3.141266490341307338e-02
2.557118246399042380e-02
1.962581480057787667e-02
1.357756714238946005e-02
7.427543622454328524e-03
1.176942954716394749e-03
-5.172946180987633182e-03
-1.162075000960935932e-02
-1.816501474976478861e-02
-2.480421188278538608e-02
-3.153674356385170047e-02
-3.836094813744599097e-02
-4.527510572012104217e-02
-5.227744381470669083e-02
-5.936614292152870426e-02
-6.653934211398025711e-02
-7.379514454777945376e-02
-8.113162287547782958e-02
-8.854682454013704240e-02
-9.603877692461240678e-02
-1.036054923354239460e-01
-1.112449728028287871e-01
-1.189552146812899586e-01
-1.267342130371274800e-01
-1.345799658126234366e-01
-1.424904777582884641e-01
-1.504637641272726090e-01
1.153063160837379142e+00
1.150306528609960521e+00
1.147564247305774554e+00
1.144836331225397519e+00
1.142122793758760801e+00
1.139423647381204274e+00
1.136738903649768817e+00
1.134068573199728203e+00
1.131412665741362567e+00
1.128771190056974350e+00
1.126144153998150932e+00
1.123531564483272183e+00
1.120933427495265144e+00
1.118349748079608075e+00
1.115780530342583399e+00
1.113225777449780685e+00
1.110685491624851862e+00
1.108159674148514906e+00
1.105648325357813988e+00
1.103151444645625867e+00
1.100669030460424080e+00
1.098201080306290045e+00
1.095747590743180844e+00
1.093308557387444147e+00
1.090883974912586707e+00
1.088473837050292437e+00
1.086078136591690058e+00
1.083696865388868780e+00
1.081330014356642000e+00
1.078977573474556584e+00
1.076639531789149284e+00
1.074315877416441634e+00
1.072006597544682194e+00
1.069711678437323954e+00
1.067431105436242644e+00
1.065164862965189529e+00
1.062912934533476683e+00
1.060675302739896297e+00
1.058451949276866255e+00
1.056242854934802633e+00
1.054047999606714470e+00
1.051867362293021468e+00
1.049700921106586193e+00
1.047548653277961872e+00
1.045410535160850474e+00
1.043286542237769954e+00
1.041176649125923115e+00
1.039080829583268750e+00
1.036999056514788409e+00
1.034931301978946339e+00
1.032877537194338613e+00
1.030837732546525665e+00
1.028811857595047119e+00
1.026799881080612264e+00
1.024801770932460609e+00
1.022817494275893635e+00
1.020847017439965754e+00
1.018890305965334697e+00
1.016947324612266002e+00
1.015018037368785819e+00
1.013102407458975396e+00
1.011200397351407210e+00
1.009311968767711676e+00
1.007437082691273966e+00
1.005575699376053400e+00
1.003727778355519851e+00
1.001893278451702729e+00
1.000072157784347660e+00
9.982643737801719652e-01
9.964698831822188518e-01
9.946886420592989664e-01
9.929206058155169989e-01
9.911657291998764441e-01
9.894239663159574150e-01
9.876952706316597386e-01
9.859795949890073352e-01
9.842768916140066660e-01
9.825871121265539188e-01
9.809102075503833840e-01
9.792461283230525781e-01
9.775948243059560117e-01
9.759562447943637142e-01
9.743303385274737494e-01
9.727170536984782734e-01
9.711163379646307048e-01
9.695281384573113392e-01
9.679524017920834167e-01
9.663890740787318689e-01
9.648381009312804180e-01
9.632994274779779209e-01
9.617729983712475228e-01
9.602587577975923994e-01
9.587566494874508738e-01
9.572666167249925806e-01
9.557886023578494594e-01
9.543225488067735851e-01
9.528683980752158389e-01
9.514260917588157618e-01
9.499955710547961507e-01
9.485767767712546261e-01
9.471696493363439551e-01
9.457741288073333585e-01
9.443901548795424761e-01
9.430176668951398833e-01
9.416566038517973913e-01
9.403069044111920238e-01
9.389685069073464563e-01
9.376413493547997025e-01
9.363253694565973895e-01
9.350205046120946273e-01
9.337266919245595931e-01
9.324438682085692820e-01
9.311719699971876540e-01
9.299109335489154082e-01
9.286606948544002815e-01
9.274211896428992130e-01
9.261923533884779403e-01
9.249741213159395903e-01
9.237664284064702747e-01
9.225692094029860346e-01
9.213823988151738087e-01
9.202059309242104357e-01
9.190397397871453711e-01
9.178837592409375690e-01
9.167379229061274337e-01
9.156021641901330721e-01
9.144764162901523052e-01
9.133606121956576729e-01
9.122546846904665552e-01
9.111585663543677605e-01
9.100721895642922554e-01
9.089954864950021696e-01
9.079283891192860834e-01
9.068708292076370636e-01
9.058227383273932398e-01
9.047840478413207155e-01
9.037546889056156108e-01
9.027345924673021438e-01
9.017236892610034360e-01
9.007219098050588402e-01
8.997291843969623670e-01
8.987454431080944550e-01
8.977706157777184393e-01
8.968046320062132981e-01
8.958474211475097038e-01
8.948989123006986235e-01
8.939590343007777218e-01
8.930277157085013684e-01
8.921048847992960606e-01
8.911904695512045116e-01
8.902843976318163266e-01
8.893865963841457445e-01
8.884969928114100357e-01
8.876155135606649260e-01
8.867420849052488618e-01
8.858766327259846030e-01
8.850190824910887377e-01
8.841693592347324993e-01
8.833273875341973724e-01
8.824930914855673159e-01
8.816663946778935390e-01
8.808472201657691070e-01
8.800354904402427625e-01
8.792311273980047970e-01
8.784340523087670327e-01
8.776441857807639746e-01
8.768614477242890892e-01
8.760857573131889398e-01
8.753170329442190312e-01
8.745551921941773221e-01
8.738001517747131519e-01
8.730518274847168803e-01
8.723101341601808834e-01
8.715749856214268787e-01
8.708462946175834496e-01
8.701239727681959746e-01
8.694079305018460602e-01
8.686980769916496925e-01
8.679943200875022136e-01
8.672965662449266810e-01
8.666047204503839474e-01
8.659186861428884718e-01
8.652383651317739899e-01
8.645636575104438393e-01
8.638944615659338577e-01
8.632306736841111050e-01
8.625721882503194493e-01
8.619188975452852786e-01
8.612706916360767240e-01
8.606274582619125590e-01
8.599890827146029482e-01
8.593554477134001113e-01
8.587264332740230932e-01
8.581019165716200492e-01
8.574817717974153597e-01
8.568658700087851132e-01
8.562540789724941703e-01
8.556462630008168091e-01
8.550422827802585113e-01
8.544419951925820156e-01
8.538452531278357682e-01
8.532519052890721323e-01
8.526617959884317255e-01
8.520747649342654828e-01
8.514906470089528279e-01
8.509092720370674545e-01
8.503304645435356690e-01
8.497540435014196980e-01
8.491798220689537047e-01
8.486076073154535937e-01
8.480371999357129154e-01
8.474683939524916276e-01
8.469009764066997015e-01
8.463347270348753337e-01
8.457694179335493168e-01
8.452048132100911104e-01
8.446406686196259450e-01
8.440767311876192780e-01
8.435127388177210417e-01
8.429484198844745535e-01
8.423834928104931841e-01
8.418176656277271963e-01
8.412506355224458332e-01
8.406820883635833797e-01
8.401116982141106915e-01
8.395391268251191086e-01
8.389640231123306480e-01
8.383860226147772376e-01
8.378047469354289456e-01
8.372198031635947890e-01
8.366307832789605659e-01
8.360372635371918770e-01
8.354388038370788028e-01
8.348349470692773000e-01
8.342252184467726650e-01
8.336091248172744494e-01
8.329861539578508056e-01
8.323557738522084914e-01
8.317174319511417835e-01
8.310705544167996672e-01
8.304145453515562325e-01
8.297487860124198589e-01
8.290726340120811999e-01
8.283854225078738365e-01
8.276864593801200876e-01
8.269750264015297558e-01
8.262503783995556184e-01
8.255117424138374016e-01
8.247583168511256613e-01
8.239892706403498801e-01
8.232037423907786478e-01
8.224008395565330920e-01
8.215796376110285903e-01
8.207391792352657367e-01
8.198784735242400368e-01
8.189964952161120637e-01
8.180921839491629433e-01
8.171644435519488381e-01
8.162121413724811037e-01
8.152341076526622432e-01
8.142291349546307844e-01
8.131959776460827571e-01
8.121333514520544528e-01
8.110399330810621477e-01
8.099143599338861632e-01
8.087552299036722125e-01
8.075611012763761476e-01
8.063304927409010725e-01
8.050618835185667788e-01
8.037537136217873801e-01
8.024043842520223180e-01
8.010122583471798174e-01
7.995756612887032766e-01
7.980928817785292173e-01
7.965621728959690895e-01
7.949817533443320761e-01
7.933498088967422257e-01
7.916644940501277317e-01
7.899239338957328993e-01
7.881262262137433972e-01
7.862694437986929019e-01
7.843516370212412214e-01
7.823708366306644235e-01
7.803250568009929555e-01
7.782122984221336859e-01
7.760305526355780747e-01
7.737778046123673370e-01
7.714520375689256637e-01
7.690512370141536769e-01
7.665733952188333866e-01
7.640165158959465463e-01
7.613786190779687768e-01
7.586577461746121243e-01
7.558519651918611526e-01
7.529593760905427535e-01
7.499781162600903661e-01
7.469063660806973814e-01
7.437423545446854023e-01
7.404843649057566424e-01
7.371307403228183341e-01
7.336798894633961288e-01
7.301302920302435995e-01
7.264805041737324443e-01
7.227291637519339673e-01
7.188749954000760445e-01
7.149168153712430751e-01
7.108535361108633266e-01
7.066841705286425190e-01
7.024078359332249777e-01
6.980237575969245878e-01
6.935312719204045351e-01
6.889298291701358989e-01
6.842189957648123766e-01
6.793984560906082271e-01
6.744680138291546667e-01
6.694275927863739817e-01
6.642772372147164317e-01
6.590171116259131434e-01
6.536475000959174331e-01
6.481688050682938851e-01
6.425815456667552938e-01
6.368863555318682312e-01
6.310839802010066446e-01
6.251752740544294085e-01
6.191611968537936717e-01
6.130428099024910482e-01
6.068212718598285926e-01
6.004978342432768512e-01
5.940738366547375637e-01
5.875507017680428046e-01
5.809299301156767292e-01
5.742130947130400509e-01
5.674018355584385942e-01
5.604978540464387038e-01
5.535029073312779380e-01
5.464188026757319516e-01
5.392473918192082216e-01
5.319905653969544401e-01
5.246502474401421035e-01
5.172283899842734511e-01
5.097269678109179747e-01
5.021479733452236527e-01
4.944934117290560871e-01
4.867652960869821022e-01
4.789656429997252718e-01
4.710964681971480661e-01
4.631597824803604380e-01
4.551575878801583097e-01
4.470918740567711436e-01
4.389646149437620437e-01
4.307777656369923269e-01
4.225332595277407344e-01
4.142330056774662927e-01
4.058788864302129151e-01
3.974727552573973366e-01
3.890164348285665707e-01
3.805117153007785968e-01
3.719603528184272645e-01
3.633640682147028511e-01
3.547245459053315897e-01
3.460434329648752749e-01
3.373223383755837301e-01
3.285628324386356547e-01
3.197664463375488597e-01
3.109346718435473389e-01
3.020689611527964114e-01
2.931707268455600590e-01
2.842413419575873790e-01
2.752821401542845936e-01
2.662944159985688453e-01
2.572794253036254086e-01
2.482383855621857205e-01
2.391724764443150242e-01
2.300828403561262225e-01
2.209705830522304404e-01
2.118367742951725863e-01
2.026824485554967747e-01
1.935086057465233988e-01
1.843162119883003935e-01
1.751062003956169733e-01
1.658794718853224270e-01
1.566368959985983689e-01
1.473793117341583581e-01
1.381075283887227001e-01
1.288223264014140002e-01
1.195244581990525384e-01
1.102146490396117146e-01
1.008935978513661874e-01
9.156197806554303154e-02
8.222043844050289096e-02
7.286960387573358788e-02
6.351007621412071980e-02
5.414243503118323225e-02
4.476723841011664290e-02
3.538502370167891792e-02
2.599630826808194128e-02
1.660159021021640272e-02
7.201349077646477907e-03
-2.203953439057554885e-03
-1.161387283398549429e-02
-2.102798112977983386e-02
1.287178922245435064e+00
1.204663899735836319e+00
1.124599234272642079e+00
1.047262938102088148e+00
9.729266565349478091e-01
9.018438885623096812e-01
8.342372051118464027e-01
7.702856082242401925e-01
7.101134057203076777e-01
6.537819836091670611e-01
6.012855917559147834e-01
5.525517428894587413e-01
5.074461673289948349e-01
4.657816220039523447e-01
4.273293736438043000e-01
3.918319564066387595e-01
3.590158551718279356e-01
3.286030260970858041e-01
3.003205363959401963e-01
2.739079866815456454e-01
2.491227000930300028e-01
2.257428878116793380e-01
2.035691271386717294e-01
1.824245326063423656e-01
1.621539872362393886e-01
1.426227541740665572e-01
1.237147277432103093e-01
1.053305205193828947e-01
8.738552685504939743e-02
6.980805674049968268e-02
5.253759764867994148e-02
3.552323523304772718e-02
1.872224491487053943e-02
2.098853831464631437e-03
-1.437683523790607258e-02
-3.072977081236410654e-02
-4.698074547067811191e-02
-6.314706994050747757e-02
-7.924314359424866616e-02
-9.528093542855375908e-02
-1.112703883085078144e-01
-1.272197578504761506e-01
