4.835402369499206543e-01
5.796237587928771973e-01
6.739485859870910645e-01
7.641190886497497559e-01
8.479551672935485840e-01
9.236517548561096191e-01
9.900400042533874512e-01
1.046523332595825195e+00
1.093002796173095703e+00
1.129873514175415039e+00
1.157963514328002930e+00
1.178484916687011719e+00
1.192901849746704102e+00
1.202663421630859375e+00
1.209152698516845703e+00
1.213522911071777344e+00
1.216668128967285156e+00
1.219225645065307617e+00
1.221638202667236328e+00
1.224160909652709961e+00
1.226927042007446289e+00
1.230033636093139648e+00
1.233503818511962891e+00
1.237264156341552734e+00
1.241270065307617188e+00
1.245581150054931641e+00
1.249993085861206055e+00
1.254644155502319336e+00
1.259363651275634766e+00
1.264149904251098633e+00
1.269115686416625977e+00
1.274007081985473633e+00
1.279213905334472656e+00
1.284367799758911133e+00
1.290357351303100586e+00
1.296504735946655273e+00
1.302016258239746094e+00
1.309503793716430664e+00
1.315510511398315430e+00
1.322749614715576172e+00
1.334648132324218750e+00
1.336496829986572266e+00
