2.310925424098968506e-01
2.891896665096282959e-01
3.491425812244415283e-01
4.093220531940460205e-01
4.674989581108093262e-01
5.212176442146301270e-01
5.684245824813842773e-01
6.078263521194458008e-01
6.390309333801269531e-01
6.624851226806640625e-01
6.791899204254150391e-01
6.904397010803222656e-01
6.975679397583007812e-01
7.017542719841003418e-01
7.040002346038818359e-01
7.050770521163940430e-01
7.055460214614868164e-01
7.057914733886718750e-01
7.060620784759521484e-01
7.065055370330810547e-01
7.072008848190307617e-01
7.081950902938842773e-01
7.095197439193725586e-01
7.111701965332031250e-01
7.131558656692504883e-01
7.155573368072509766e-01
7.183154821395874023e-01
7.215815782546997070e-01
7.253060936927795410e-01
7.295397520065307617e-01
7.344452142715454102e-01
7.398004531860351562e-01
7.460603713989257812e-01
7.527878284454345703e-01
7.611813545227050781e-01
7.703083157539367676e-01
7.788147926330566406e-01
7.906720042228698730e-01
8.003120422363281250e-01
8.119620680809020996e-01
8.309689760208129883e-01
8.338954448699951172e-01
