2.000173683058465102e+00
1.900167143272180059e+00
1.800167678246576086e+00
1.700168738395639867e+00
1.600177594069010834e+00
1.500170584444664001e+00
1.400163108346148322e+00
1.300199700018546345e+00
1.200141593185703126e+00
1.100194723670527397e+00
1.000182365388348149e+00
9.001403622814923011e-01
8.001353389431963281e-01
7.002518851367404151e-01
6.001874080298275071e-01
5.002502007301581344e-01
4.000196350651585298e-01
3.000887288212440995e-01
2.001799419680944936e-01
1.002085161606843106e-01
2.735193740399910456e-04
-9.943625420507606893e-02
-2.004616503335130417e-01
-3.000097344000112187e-01
-3.999827320251784779e-01
-4.999914385829052899e-01
-5.997556687618494919e-01
-7.003314778837395060e-01
-8.000913114275677307e-01
-9.005369058355892076e-01
-9.983960758502021804e-01
-1.100102381596288037e+00
-1.198071063360388377e+00
-1.300829397947847132e+00
-1.397957380798758642e+00
-1.505319559990137224e+00
-1.599620906838699508e+00
-1.700159427021991965e+00
-1.795239904950190146e+00
-1.891161091828845509e+00
-1.989878208496551615e+00
-2.002160333450069274e+00
