-2.856367052961075736e-01
-2.634680508434727453e-01
-2.434247428796408041e-01
-2.241056970024429273e-01
-2.066357401054477183e-01
-1.898212679337608066e-01
-1.745868658188354516e-01
-1.587782239733961098e-01
-1.432771499161724638e-01
-1.282578159859519007e-01
-1.138026636850262702e-01
-9.808963738002862698e-02
-8.228973237821968212e-02
-6.555205105102994423e-02
-4.817696468408801808e-02
-2.982520170869160450e-02
-1.004765273281332805e-02
1.169728811414253757e-02
3.438778358956656733e-02
5.827414668595121833e-02
8.296479377775162201e-02
1.114641515866539589e-01
1.403194516701281314e-01
1.710825773575260222e-01
2.050960475784839865e-01
2.422183202476123620e-01
2.802595886861365404e-01
3.219917475472645063e-01
3.659370228236173417e-01
4.108278278453837973e-01
4.612433375807726277e-01
5.125243073235760116e-01
5.683542872200303409e-01
6.215916758592178182e-01
6.839920864455539817e-01
7.381778342244385005e-01
8.049908234762879200e-01
8.710472613054994762e-01
9.475709490249123457e-01
1.008302024212001324e+00
1.079253622430077719e+00
1.085147812126904476e+00
-2.733053846528984421e-01
-2.516646480715044598e-01
-2.308812595116755684e-01
-2.115275877089977385e-01
-1.932842743562568077e-01
-1.768388887105323271e-01
-1.607545604327333677e-01
-1.451355049263312880e-01
-1.295024564105835829e-01
-1.145991976398776091e-01
-9.886874864462806556e-02
-8.287801521036930463e-02
-6.678613039243554150e-02
-4.951831080761295856e-02
-3.179733185715036270e-02
-1.331334205754512723e-02
6.037954997317176650e-03
2.816441942446987201e-02
5.142266608903447306e-02
7.510879641650010374e-02
1.011625822148416176e-01
1.283992687178064640e-01
1.585434104406709954e-01
1.906117978136049329e-01
2.248954708494826094e-01
2.600952496637106703e-01
2.992457280349395399e-01
3.431130548459377372e-01
3.863384163575109276e-01
4.312994194693514083e-01
4.830735416070453536e-01
5.326906947806520076e-01
5.850205718638741281e-01
6.419497890641437943e-01
6.922563001999234578e-01
7.570238338683494828e-01
8.216445175422171232e-01
8.944489896298938314e-01
9.677444874453210444e-01
1.029627239047412823e+00
1.107583031191321732e+00
1.158121150337494853e+00
-2.881168814666854594e-01
-2.668749895235965619e-01
-2.470531465916054603e-01
-2.278177007027147039e-01
-2.105603154328206938e-01
-1.933249411721210953e-01
-1.773939227430581245e-01
-1.609369617906242778e-01
-1.449050488413781423e-01
-1.288826120219918048e-01
-1.129625208957912991e-01
-9.575524055954488800e-02
-7.798077960185627322e-02
-5.838919784636623783e-02
-3.733712933196239175e-02
-1.517126040049728355e-02
8.259414991275255968e-03
3.506934442110447997e-02
6.284511327705044614e-02
9.349172701093187710e-02
1.254487330602624406e-01
1.606185723994738024e-01
1.979693679161718955e-01
2.368394494739140821e-01
2.798949800116380948e-01
3.265611439641931679e-01
3.730224027881572924e-01
4.255831247809459539e-01
4.803806780124688647e-01
5.368991795385020804e-01
5.950661235236597291e-01
6.572566915239871355e-01
7.226832713756247140e-01
7.861620282341588162e-01
8.543849972566027740e-01
9.232232880886412918e-01
1.004536317851322913e+00
1.070628844051427775e+00
1.156791368003929010e+00
1.225490200071284175e+00
1.320457868916649069e+00
1.314246535288421835e+00
-2.895356765634385376e-01
-2.687900983612635519e-01
-2.484976459612192323e-01
-2.296709286344754408e-01
-2.122562283535333605e-01
-1.957787616526844576e-01
-1.795226770390155324e-01
-1.634923292114117133e-01
-1.469043791041458047e-01
-1.309796100743416125e-01
-1.146274703636149250e-01
-9.684487372109529257e-02
-7.903187443629448861e-02
-5.904048184194191085e-02
-3.773486961793830197e-02
-1.547718714047840484e-02
8.940661377087074160e-03
3.526960009943625601e-02
6.393352416303836605e-02
9.426144272050208939e-02
1.272020175903533223e-01
1.624747904381180497e-01
2.004948217386468834e-01
2.407239293188457308e-01
2.858047638486316822e-01
3.329028056857912254e-01
3.809886564321057767e-01
4.337858297437992006e-01
4.885930158510193855e-01
5.455421410420082662e-01
6.057143616383673379e-01
6.671913634681723160e-01
7.308791335224729124e-01
8.003664776479523235e-01
8.748527519936466490e-01
9.433658902939728863e-01
1.018908444316327433e+00
1.085932445550636061e+00
1.162205831177009818e+00
1.252780238095083876e+00
1.317122737714538250e+00
1.337519159846975336e+00
-2.689675523699334159e-01
-2.476595584981891585e-01
-2.268940438708609286e-01
-2.077834645601409347e-01
-1.899961182207273169e-01
-1.728699132733123311e-01
-1.570102954338450374e-01
-1.412042275839023309e-01
-1.257153700819843567e-01
-1.092828452810561540e-01
-9.274991711867158761e-02
-7.604138298385333672e-02
-5.745623404631999137e-02
-3.822307266341749832e-02
-1.737152576274804058e-02
5.480809979401196977e-03
2.978947083185561409e-02
5.583685101840452081e-02
8.353845123013947660e-02
1.142105282499929347e-01
1.467789893078330354e-01
1.826143477363496581e-01
2.192438722453156075e-01
2.616672287741850234e-01
3.053728686412967019e-01
3.496465695150799968e-01
4.003479979672956990e-01
4.517250468066951741e-01
5.069918187236149842e-01
5.645950566248384428e-01
6.188635949075701470e-01
6.866094601334905567e-01
7.497981324479503495e-01
8.156175900271440682e-01
8.912976653910456015e-01
9.717164155372083334e-01
1.048364105279886216e+00
1.111732856611097997e+00
1.182157766334781313e+00
1.257174404762535724e+00
1.339868640584651382e+00
1.334574371754928990e+00
-2.957550815769788288e-01
-2.741536800566657939e-01
-2.537083905814907503e-01
-2.347413503982711258e-01
-2.170331634218838068e-01
-2.001771690066801723e-01
-1.834604322001537613e-01
-1.677146787651329629e-01
-1.521744872959133743e-01
-1.360766819817923190e-01
-1.202276759953128243e-01
-1.031432272627956365e-01
-8.657824885518239366e-02
-6.892370304932356195e-02
-4.982019838805338413e-02
-2.973682884532567391e-02
-8.122970677910130999e-03
1.410032151962054524e-02
3.897762233269189136e-02
6.486962505980649329e-02
9.194819087855947426e-02
1.219207855630376480e-01
1.544544061395641821e-01
1.882533270265042136e-01
2.237295093648768718e-01
2.655960230875916150e-01
3.041888296148432813e-01
3.501704588229461179e-01
3.962167882909718442e-01
4.451213855675014708e-01
4.984621857062330186e-01
5.506685412043986760e-01
6.107985191927677304e-01
6.763094320004560123e-01
7.313550373698087803e-01
7.841106769256607212e-01
8.589159873510280319e-01
9.357641390144627591e-01
9.761160298499884647e-01
1.097257309693419947e+00
1.135927335005468386e+00
1.145910834132373823e+00
-3.022303056247901965e-01
-2.812575644889135917e-01
-2.610688910592539047e-01
-2.422852006671590286e-01
-2.246080283033880798e-01
-2.081480114355541977e-01
-1.918565742385088813e-01
-1.760565168867972152e-01
-1.601889745541729693e-01
-1.444505598594075235e-01
-1.277679509331434982e-01
-1.110066158970960809e-01
-9.373501134158973569e-02
-7.578276043896013670e-02
-5.573946705714835637e-02
-3.510424789967041964e-02
-1.432209415302219957e-02
1.038477149837724149e-02
3.618958875419926030e-02
6.423329603475283478e-02
9.236969962912068566e-02
1.220519626332498275e-01
1.559430179718367393e-01
1.916186633694684505e-01
2.295794626656450788e-01
2.723290432740186340e-01
3.138883021138677565e-01
3.599871744412915797e-01
4.084943602123599082e-01
4.603264223523665932e-01
5.115491597450655403e-01
5.666495788178657067e-01
6.265661828560551427e-01
6.847466471350879269e-01
7.540423867854364470e-01
8.158831080141405456e-01
8.813732428365677052e-01
9.478746548976981767e-01
1.022469612767769487e+00
1.098782124314692021e+00
1.174786417367337021e+00
1.183355270260512349e+00
-3.034950852346147143e-01
-2.827290319678694708e-01
-2.622509261084428611e-01
-2.438204831561908426e-01
-2.262647375190689758e-01
-2.094474435781314980e-01
-1.935418951929138154e-01
-1.776553608787261318e-01
-1.616295262397065835e-01
-1.458458359699735529e-01
-1.298009989389297680e-01
-1.122926997713082214e-01
-9.493305095741463862e-02
-7.656945101122218655e-02
-5.643623992475912954e-02
-3.509953936031295213e-02
-1.269579802250157645e-02
1.144356202207468323e-02
3.778494175363750207e-02
6.498182169730538915e-02
9.544832653812218570e-02
1.282376707691872397e-01
1.606785744003848271e-01
1.981895565168215467e-01
2.363104824323310760e-01
2.799861608815726877e-01
3.238294001756692464e-01
3.710124168838400127e-01
4.215874760097028107e-01
4.722150717617906168e-01
5.283895735900476787e-01
5.877895124728008680e-01
6.460604685556406990e-01
7.030935355751808391e-01
7.731279240333347458e-01
8.361341494653747874e-01
9.036270941467485773e-01
9.733911225684320767e-01
1.056561851859459722e+00
1.130333768495006108e+00
1.221596785740262980e+00
1.205150209140180895e+00
-3.141508203840592817e-01
-2.935211880244429916e-01
-2.739577724605747888e-01
-2.553628477515030859e-01
-2.377116514741789977e-01
-2.208076916302627868e-01
-2.050590733202665994e-01
-1.894180357406044513e-01
-1.737048649551201362e-01
-1.572846956670397589e-01
-1.405314521416351770e-01
-1.234934957341190659e-01
-1.051801378333081516e-01
-8.661535784691450079e-02
-6.608773673843290619e-02
-4.464904263234015236e-02
-2.130375074559013801e-02
4.063300397667094291e-03
3.100428136353682723e-02
5.979053957396077146e-02
9.008161803882129559e-02
1.221831000938682354e-01
1.586639808139893304e-01
1.960379407345235747e-01
2.384224958854796461e-01
2.798721818026561059e-01
3.243853564904269349e-01
3.738678703270680859e-01
4.243915544102775383e-01
4.789414717579905112e-01
5.360784334969728171e-01
5.930200910101617318e-01
6.567879234101604569e-01
7.199772751954414129e-01
7.879702763686767808e-01
8.492842516262789632e-01
9.185807236374563534e-01
9.836443259807147177e-01
1.064158372463118285e+00
1.143701629424769717e+00
1.219977256744622762e+00
1.216218700837137456e+00
-3.172323696496494039e-01
-2.974833025618494609e-01
-2.781152231817721754e-01
-2.596373105057561137e-01
-2.427406588105985585e-01
-2.265865942854759507e-01
-2.103981376453037677e-01
-1.950500051861378537e-01
-1.795161109962758461e-01
-1.631064836235663063e-01
-1.462409669252312805e-01
-1.296487751442051140e-01
-1.112029325433192273e-01
-9.192265858791930089e-02
-7.237303755504594094e-02
-4.983481117561997659e-02
-2.604131389329633617e-02
-4.953781285830660555e-04
2.665581387704313646e-02
5.534009954418144667e-02
8.696457387705103237e-02
1.194538507560600066e-01
1.566399984154518144e-01
1.948194895620351252e-01
2.362348630905625191e-01
2.799633674587368448e-01
3.262539108422919942e-01
3.760109106462489192e-01
4.288310513865681295e-01
4.821730047136583153e-01
5.412296709531397854e-01
5.999267175671071373e-01
6.617180576946594117e-01
7.240299729355976766e-01
7.955950266767842782e-01
8.645466775078936017e-01
9.323672073989155429e-01
9.971678714458339643e-01
1.075911761482777562e+00
1.147583582421640269e+00
1.256958152560931907e+00
1.249760740887978949e+00
-3.034252082035268083e-01
-2.826041378014482741e-01
-2.622429822542268196e-01
-2.436910668481899467e-01
-2.265792767093899596e-01
-2.099260515736952326e-01
-1.933588330944663036e-01
-1.778188396698904550e-01
-1.612201501342787058e-01
-1.455057034967945362e-01
-1.286255777251886778e-01
-1.106478662240018979e-01
-9.337408909523528533e-02
-7.376047895413781474e-02
-5.308617399399937625e-02
-3.062602797940561575e-02
-7.596721909548808521e-03
1.815937354091021194e-02
4.594853810533425925e-02
7.426774255335782948e-02
1.067007323623542503e-01
1.415438342206530864e-01
1.771611997260473248e-01
2.152144290872275156e-01
2.586372827240764893e-01
3.007258830748203993e-01
3.506549786780786548e-01
3.996218106717363550e-01
4.529664801872295143e-01
5.076805000108181032e-01
5.632199555769867860e-01
6.208332822980222598e-01
6.836143139041310768e-01
7.488002606940864503e-01
8.193925641182888686e-01
8.844668292859191316e-01
9.496388007452862823e-01
1.028083007017838391e+00
1.089445858273834222e+00
1.189181397180737232e+00
1.257774540946672071e+00
1.267640982345915601e+00
