2.000169341828431868e+00
1.900170422463674402e+00
1.800175934704097758e+00
1.700163541195734318e+00
1.600160146479957968e+00
1.500152737412651316e+00
1.400163108346148322e+00
1.300188821743013534e+00
1.200163507190282086e+00
1.100156792063862632e+00
1.000191047544659151e+00
9.001644105936876805e-01
8.001676782465759752e-01
7.002319660133581314e-01
6.001677798864182289e-01
5.001898035051226543e-01
4.000714983474967235e-01
3.001692401603766047e-01
2.002182873645362293e-01
9.963575939223162647e-02
1.693418284316657051e-04
-1.002413096244387791e-01
-1.997009251011754027e-01
-2.998035442552171581e-01
-3.991446736192029165e-01
-4.996262856466260893e-01
-5.994119358012766074e-01
-6.998090025800812741e-01
-7.991631763837077074e-01
-8.997156329721937018e-01
-1.000148554117013200e+00
-1.099400763373393097e+00
-1.199874294506296124e+00
-1.300116333234294208e+00
-1.399410410402036620e+00
-1.502481549179509379e+00
-1.604729535776933336e+00
-1.702003261954030622e+00
-1.806235567235614736e+00
-1.901754415713259982e+00
-2.006053057416218088e+00
-1.989988537839364691e+00
2.000165000555002681e+00
1.900180259889600265e+00
1.800179374848406066e+00
1.700176534078884583e+00
1.600161236974809498e+00
1.500159601742527604e+00
1.400178662841845778e+00
1.300175767452689257e+00
1.200185420089161070e+00
1.100198171834131822e+00
1.000156317877955114e+00
9.001687828710223105e-01
8.001828149654641731e-01
7.002241713250744182e-01
6.001536034533453412e-01
5.001266519695970469e-01
4.001579233904483668e-01
3.001931730859244696e-01
2.001278963713034320e-01
1.001878272611852194e-01
6.513928696113372992e-05
-1.000110633622810219e-01
-2.001744146505379240e-01
-2.993559808208737238e-01
-3.990739105014045607e-01
-5.000642313142439344e-01
-5.997401171748706350e-01
-7.009287399725904200e-01
-7.997734962052592822e-01
-8.995191718747588272e-01
-9.986817475051162907e-01
-1.098285101084539805e+00
-1.197045755154808377e+00
-1.303247072646516180e+00
-1.400052552359980496e+00
-1.491716787843273329e+00
-1.601419445279452791e+00
-1.698553281628302436e+00
-1.802182076530541410e+00
-1.894796484289658078e+00
-1.993302965969511620e+00
-2.006476478471023395e+00
2.000165000555002681e+00
1.900172062050136557e+00
1.800158045514409721e+00
1.700167006002581749e+00
1.600159055982367962e+00
1.500158228885231981e+00
1.400178662841845778e+00
1.300171415935381214e+00
1.200171724656929895e+00
1.100177482441832666e+00
1.000234455722878391e+00
9.001359897180214453e-01
8.001890071075004052e-01
7.002120459763340188e-01
6.000663536776774665e-01
5.001980399849658143e-01
4.003980946838984756e-01
3.000452029632419415e-01
2.001388538573805886e-01
1.002154122415060411e-01
-5.436425161993249265e-04
-1.001012878511343268e-01
-1.992884191509140535e-01
-3.000721305423084129e-01
-3.993494072540503814e-01
-5.008685098635565769e-01
-5.995449057359969469e-01
-7.027955666608148855e-01
-7.990647297740758326e-01
-8.992711374524868795e-01
-9.985908315941236513e-01
-1.103699806719280030e+00
-1.202049346528252460e+00
-1.300332211005713834e+00
-1.402243403035300817e+00
-1.490954820267907932e+00
-1.610042271738517883e+00
-1.709153238305919364e+00
-1.815169503674622486e+00
-1.924445739601882588e+00
-2.008873646223396037e+00
-2.035779038351413828e+00
2.000156317877955114e+00
1.900169875933478192e+00
1.800175246671966267e+00
1.700167006002581749e+00
1.600171051305258052e+00
1.500170584444664001e+00
1.400182119320791729e+00
1.300160536951352253e+00
1.200133375148899839e+00
1.100198171834131822e+00
1.000147635027314408e+00
9.001321636888707234e-01
8.002055190546507601e-01
7.002380284519714726e-01
6.001677798864182289e-01
5.001252790081391897e-01
4.000403811213188998e-01
3.001148422423201012e-01
2.001032410167639108e-01
1.003705451175629093e-01
4.817995256171982437e-04
-1.000504317432870660e-01
-2.002095339999198087e-01
-2.996892288848290176e-01
-3.993613893390123848e-01
-4.994986917951460548e-01
-5.986718476646445408e-01
-7.009025653028948533e-01
-7.995982493816043979e-01
-9.020870570905145103e-01
-9.992233078097055854e-01
-1.103388364965962154e+00
-1.200438912528779101e+00
-1.302157148382878438e+00
-1.399864935657399556e+00
-1.496338671552316590e+00
-1.602624941451632479e+00
-1.696862284562823620e+00
-1.797380923861669588e+00
-1.918526671452830401e+00
-2.004075372214860984e+00
-1.996901530839269689e+00
2.000160659238177541e+00
1.900179166853279256e+00
1.800179374848406066e+00
1.700179132608869992e+00
1.600172141772728596e+00
1.500151364533656606e+00
1.400163108346148322e+00
1.300169240160376605e+00
1.200174463777927025e+00
1.100211964214782956e+00
1.000156317877955114e+00
9.002338152996828269e-01
8.002013911267178425e-01
7.002259034901163748e-01
6.001383360078857976e-01
5.001142951602172149e-01
3.996841028983580402e-01
3.001757674526893682e-01
2.000731047935837281e-01
1.006014181074646047e-01
-8.382692456577851771e-05
-9.984761339595581153e-02
-2.004251326204156414e-01
-2.997853557061508911e-01
-3.993189088930577113e-01
-4.998760939576593065e-01
-5.996623675921467500e-01
-6.999569734441714042e-01
-7.996174135590196075e-01
-8.988511800084982850e-01
-9.980889720610670590e-01
-1.098305251370397917e+00
-1.200170283149077699e+00
-1.294263688049924310e+00
-1.400887993682537136e+00
-1.498518978287054049e+00
-1.600667272962320364e+00
-1.706646285978676847e+00
-1.799275323320759679e+00
-1.887703403408647285e+00
-1.998582173928475259e+00
-1.994219100045347748e+00
2.000169341828431868e+00
1.900177527293639423e+00
1.800169054333730090e+00
1.700163541195734318e+00
1.600174322699455587e+00
1.500182939652593639e+00
1.400168293239946848e+00
1.300188821743013534e+00
1.200155289568145101e+00
1.100118857143933537e+00
1.000199729527405212e+00
9.002349081984730716e-01
8.001318984500508380e-01
7.001132983898962214e-01
6.001230680256864902e-01
5.002982379800245960e-01
4.001008847918321454e-01
3.002432103960753218e-01
2.000676252555979584e-01
9.999123354468439362e-02
4.210614656340104880e-04
-9.957387685495699969e-02
-1.994849981182701959e-01
-2.998780386426772582e-01
-3.994561683869619073e-01
-4.994301084418929504e-01
-5.999267729830866092e-01
-7.000941091039216690e-01
-8.011313147592858952e-01
-8.997087380956788616e-01
-9.998002704725947876e-01
-1.098663755940460618e+00
-1.200989087936342514e+00
-1.297709942622354617e+00
-1.395357137863949770e+00
-1.498494342668173385e+00
-1.593485367051678425e+00
-1.696966023000091139e+00
-1.800414845025013699e+00
-1.901038023548728750e+00
-1.996229368282957051e+00
-1.989221056849525660e+00
2.000160659238177541e+00
1.900168236338762640e+00
1.800172494532539469e+00
1.700175667898767840e+00
1.600173232237461107e+00
1.500170584444664001e+00
1.400164836650959144e+00
1.300182294646900605e+00
1.200177202881648419e+00
1.100170585758699637e+00
1.000234455722878391e+00
9.001512934975690605e-01
8.001656141076695095e-01
7.001921250255841445e-01
6.001317926526685831e-01
5.001925490157599352e-01
4.002011294632779603e-01
3.002345086692941867e-01
2.001689855186567224e-01
1.003119458771097178e-01
1.432935368946343943e-04
-1.000761324728215579e-01
-1.995950111916333369e-01
-2.999040280633804567e-01
-3.998976536658754855e-01
-5.001947393941890141e-01
-5.993687724979787079e-01
-7.000222707387353527e-01
-7.990401216081546298e-01
-8.993434661937863561e-01
-9.996613823478386340e-01
-1.100107303483567112e+00
-1.198883170011021626e+00
-1.299961210264106715e+00
-1.399980550320574446e+00
-1.500718539884108305e+00
-1.602795439956488543e+00
-1.701428542457356530e+00
-1.797013374886451631e+00
-1.893472544426296533e+00
-1.999804611442272506e+00
-1.999461808452281941e+00
2.000160659238177541e+00
1.900176434250441027e+00
1.800182814965464173e+00
1.700176534078884583e+00
1.600180865413924236e+00
1.500166465963910012e+00
1.400168293239946848e+00
1.300199700018546345e+00
1.200144332496747124e+00
1.100194723670527397e+00
1.000147635027314408e+00
9.001999340729797128e-01
8.002674332658391565e-01
7.001150309972057340e-01
6.001372454555291558e-01
5.000154280261343009e-01
4.001959449614874154e-01
3.001039618410222265e-01
2.001498110670014152e-01
1.002947093015301300e-01
5.642161653756039242e-04
-1.001073034835670561e-01
-1.998467709317953978e-01
-2.998251982830767437e-01
-4.008366195530985165e-01
-4.993807351330063482e-01
-5.995500872068858511e-01
-7.002008001184448771e-01
-8.002338558526242984e-01
-8.994158069829438773e-01
-1.000042128608015224e+00
-1.098066231191375364e+00
-1.194937055265959058e+00
-1.301794157258189033e+00
-1.401324372209206803e+00
-1.497694444854488882e+00
-1.600930558381405966e+00
-1.700305339184850828e+00
-1.807694651936149199e+00
-1.903444515956674410e+00
-1.997635202168005497e+00
-1.995596934939007472e+00
2.000156317877955114e+00
1.900174248155790835e+00
1.800177310765091132e+00
1.700178266433935770e+00
1.600159055982367962e+00
1.500173330076802092e+00
1.400173478071845556e+00
1.300162712769959539e+00
1.200201854037771687e+00
1.100208516160684269e+00
1.000169341828431646e+00
9.001135796392391031e-01
8.002158387028306397e-01
7.001652736026132695e-01
6.000554462231444397e-01
5.000868343249971204e-01
4.005034516781498799e-01
3.003280430963148340e-01
2.001470717905132202e-01
1.001223059099449753e-01
-4.256294484490074753e-05
-9.986455685550793548e-02
-1.996857929611588478e-01
-2.996303508896644985e-01
-3.991501174135609342e-01
-5.001686346405348482e-01
-6.001273445445052257e-01
-7.003314778837395060e-01
-8.027332292196381891e-01
-9.003193588907498768e-01
-9.990672691906181679e-01
-1.098112500456584817e+00
-1.204313199816158031e+00
-1.297181873629683180e+00
-1.400147482381741026e+00
-1.503060670310581992e+00
-1.608220076681390331e+00
-1.700399010138276656e+00
-1.793500641913003069e+00
-1.900105371412125654e+00
-1.980833841279444618e+00
-1.989475320187430452e+00
2.000165000555002681e+00
1.900177527293639423e+00
1.800168366290697985e+00
1.700167006002581749e+00
1.600162327466922996e+00
1.500169211622085497e+00
1.400171749801423671e+00
1.300160536951352253e+00
1.200174463777927025e+00
1.100174034113956090e+00
1.000147635027314408e+00
9.001742481557908349e-01
8.001566693923731766e-01
7.001808649535560258e-01
6.001906793008179308e-01
5.001678387951676852e-01
4.002754338552437785e-01
3.001104901145113524e-01
2.002073318824516557e-01
1.001567920638626458e-01
-1.259472259953112292e-05
-9.974760579491025181e-02
-1.996685979874778805e-01
-2.996926925449019952e-01
-4.002806376029016677e-01
-4.997745062103267633e-01
-5.999630764858870924e-01
-6.993653922433460401e-01
-8.000364991041065688e-01
-9.000225658478531177e-01
-1.000149423004005111e+00
-1.099501237244119745e+00
-1.200569154256057480e+00
-1.300279315361685839e+00
-1.400342863464276277e+00
-1.500744677713626407e+00
-1.596627214993181276e+00
-1.700944009258457568e+00
-1.804017369311641694e+00
-1.894970359595310905e+00
-2.005420237984156362e+00
-1.999262326225966779e+00
2.000165000555002681e+00
1.900165503667148093e+00
1.800177998793952794e+00
1.700174801716923367e+00
1.600171051305258052e+00
1.500163720288376190e+00
1.400161380034459668e+00
1.300186646055208950e+00
1.200182681037265331e+00
1.100187827261185136e+00
1.000151976474334292e+00
9.001436416752049974e-01
8.003217729111353762e-01
7.001219613573227418e-01
6.001219774349898506e-01
5.002309843423626834e-01
4.001389113565901878e-01
3.001931730859244696e-01
2.001059805697241734e-01
1.001395493292104033e-01
-1.863523081652539832e-04
-1.003934156671667799e-01
-1.996947346165318937e-01
-3.002255591769442122e-01
-3.998289486947418925e-01
-5.005191187696131916e-01
-6.004024164962056265e-01
-6.993784331406341925e-01
-7.994039176413131331e-01
-8.996260081145123211e-01
-1.000068189586681422e+00
-1.098558571189553579e+00
-1.200510575101241040e+00
-1.299842522282764090e+00
-1.398792061141025611e+00
-1.497370802560379799e+00
-1.594747579186974074e+00
-1.703641995258609265e+00
-1.800266757365176939e+00
-1.901837552174838741e+00
-2.004315675876418013e+00
-1.993337179222658184e+00
2.000165000555002681e+00
1.900170422463674402e+00
1.800175246671966267e+00
1.700192991172878587e+00
1.600167779886418229e+00
1.500181566869070116e+00
1.400185575772228574e+00
1.300167064374471604e+00
1.200171724656929895e+00
1.100153343571698583e+00
1.000138952003074122e+00
9.001545728087406717e-01
8.002130868206257519e-01
7.001288916068485468e-01
6.001972217688784639e-01
5.002049035988460624e-01
4.003169005467364649e-01
3.001366022271882983e-01
2.003223506630915363e-01
1.002326519645063141e-01
5.989132298798471084e-04
-1.001548846032575685e-01
-1.998082408577111502e-01
-3.003235391471425486e-01
-3.995160968490906739e-01
-4.996756868807100682e-01
-5.996865548596700402e-01
-6.988918383640027043e-01
-8.000008748032033656e-01
-8.985072551893721338e-01
-9.978296169268630056e-01
-1.098290547015550178e+00
-1.200608441174432439e+00
-1.302674739333216980e+00
-1.402493488008883071e+00
-1.499419136110383688e+00
-1.602317169793588070e+00
-1.692698689469108286e+00
-1.813447650232687725e+00
-1.886464407724289138e+00
-1.991272113347615447e+00
-1.993102017521148461e+00
2.000165000555002681e+00
1.900168236338762640e+00
1.800169054333730090e+00
1.700168738395639867e+00
1.600169960835049698e+00
1.500178821289005038e+00
1.400166564948891912e+00
1.300186646055208950e+00
1.200212809658039115e+00
1.100215412241505986e+00
1.000221433724969078e+00
9.001387225753497701e-01
8.000658356956849016e-01
7.002085815287987236e-01
6.002004929659491284e-01
5.001994127164196557e-01
4.003497255364834584e-01
3.000865526319442256e-01
2.000183063023620311e-01
9.993258309800576167e-02
-2.214958339625358895e-05
-9.981919359327073860e-02
-1.998343858923304628e-01
-2.994970390488336798e-01
-4.000470972420915872e-01
-4.984751825973718908e-01
-5.995794500430048357e-01
-6.992958474038762917e-01
-8.004916511032138526e-01
-9.013493532104900341e-01
-1.000594521596796183e+00
-1.096896441517550391e+00
-1.204471034441330746e+00
-1.298787020899788702e+00
-1.400580932381873422e+00
-1.504183793194620256e+00
-1.607718198535661225e+00
-1.709266625607017476e+00
-1.783198302118488732e+00
-1.890735392386621916e+00
-2.023075316645985389e+00
-1.995124287198494883e+00
2.000169341828431868e+00
1.900181352923170364e+00
1.800173182569031027e+00
1.700173069348051680e+00
1.600164508442935452e+00
1.500170584444664001e+00
1.400164836650959144e+00
1.300197524385238168e+00
1.200138853857380505e+00
1.100142997930908084e+00
1.000208411336593217e+00
9.001343499953697869e-01
8.001628619071998738e-01
7.003012459834992987e-01
6.001067088776704805e-01
5.001115491548306924e-01
4.001371829486046749e-01
3.002084024427909004e-01
2.002401974996535494e-01
9.984286709157291773e-02
3.516361369240932717e-04
-9.927738704998645414e-02
-2.000842191396043634e-01
-2.995498394941436548e-01
-3.995368013307010191e-01
-4.993766209439554071e-01
-6.007538623926814703e-01
-7.006452650414934924e-01
-8.003737044985481663e-01
-9.019969415570833204e-01
-9.992016324264265670e-01
-1.100228727697297515e+00
-1.198024468180840074e+00
-1.304069376062149122e+00
-1.397949780407812925e+00
-1.494664129144811282e+00
-1.593824439326440245e+00
-1.708027642180906636e+00
-1.785892958727119062e+00
-1.914142390106706726e+00
-1.997643840976139451e+00
-2.013760042253128102e+00
2.000160659238177541e+00
1.900177527293639423e+00
1.800177998793952794e+00
1.700178266433935770e+00
1.600171051305258052e+00
1.500177448492463483e+00
1.400185575772228574e+00
1.300184470356504640e+00
1.200155289568145101e+00
1.100146446505221753e+00
1.000138952003074122e+00
9.001113932281760155e-01
8.001663021550616817e-01
7.001375542632425342e-01
6.002190292839547636e-01
5.000374004455151455e-01
4.003289942526605527e-01
3.002736650668616503e-01
2.002867528669438901e-01
1.002602340979443368e-01
1.042181699765782471e-04
-1.002757750307681078e-01
-1.991832927982234158e-01
-2.997091453074989253e-01
-3.993973375775240475e-01
-4.988626539962949802e-01
-6.011159932331887612e-01
-6.993632187985353577e-01
-8.004450172215168413e-01
-9.002710299205580746e-01
-9.980889720610670590e-01
-1.097549982926231404e+00
-1.201352116372618628e+00
-1.300655795077872545e+00
-1.402613097075247284e+00
-1.494801166298943551e+00
-1.608015733475988362e+00
-1.695942690165519462e+00
-1.792713099460175430e+00
-1.888942580917351233e+00
-2.002399142824134337e+00
-2.000353659667289730e+00
2.000160659238177541e+00
1.900178073814207114e+00
1.800165614107669398e+00
1.700156611499111126e+00
1.600175413158711812e+00
1.500159601742527604e+00
1.400159651715892961e+00
1.300180118926396844e+00
1.200171724656929895e+00
1.100222308212827960e+00
1.000125927141198856e+00
9.001769807723840611e-01
8.000878577303972561e-01
7.001592101483024022e-01
6.002898961463158933e-01
5.001952945090409886e-01
4.004188226695157282e-01
3.002975922386540431e-01
2.001662463631074806e-01
9.959432599778575423e-02
1.389520030741253664e-04
-9.967657613192358601e-02
-2.004127310767076509e-01
-2.997723643517502534e-01
-3.992862344542199016e-01
-4.993930779340129966e-01
-6.001186973080139264e-01
-6.996676069554493838e-01
-7.989799741831012936e-01
-8.995329557193019188e-01
-1.000829860520080938e+00
-1.100964562242935818e+00
-1.198677256058492402e+00
-1.299794016824989296e+00
-1.398090952232461825e+00
-1.496216124119707613e+00
-1.599570813708652839e+00
-1.707912361202072793e+00
-1.803381728669755990e+00
-1.895482161391489173e+00
-1.992154111538985362e+00
-2.000808539911777206e+00
2.000160659238177541e+00
1.900175341204491497e+00
1.800169054333730090e+00
1.700166139803461318e+00
1.600171051305258052e+00
1.500177448492463483e+00
1.400168293239946848e+00
1.300169240160376605e+00
1.200174463777927025e+00
1.100180930742329366e+00
1.000204070453693639e+00
9.001813529231704747e-01
8.001064379536321214e-01
7.002692053710016795e-01
6.002048545237160804e-01
5.001486187626471569e-01
4.001924885925759456e-01
3.002671392457605948e-01
2.001799419680944936e-01
1.002050680792098691e-01
2.474773303442276287e-04
-9.944990529726965844e-02
-1.999011316709891628e-01
-3.000452644376301881e-01
-4.006147968196389075e-01
-4.992682946565129010e-01
-5.994602837944613682e-01
-7.001115262548783802e-01
-8.000639044011039758e-01
-8.988167752678142275e-01
-9.999826285681502336e-01
-1.098871475263445419e+00
-1.196978763200746476e+00
-1.299023852857847272e+00
-1.398310402620722481e+00
-1.500828604537263411e+00
-1.596232810235646227e+00
-1.700033154575717020e+00
-1.795915305204318635e+00
-1.890030190701756485e+00
-2.002732473011562764e+00
-2.004307341954615129e+00
2.000165000555002681e+00
1.900163317517476136e+00
1.800164238009614781e+00
1.700167006002581749e+00
1.600177594069010834e+00
1.500166465963910012e+00
1.400189032196156536e+00
1.300190997419918837e+00
1.200166246363107536e+00
1.100191275479545316e+00
1.000143293536894573e+00
9.001693294025940872e-01
8.001484125685831561e-01
7.001566114991111256e-01
6.001405171043835418e-01
5.001692116220856077e-01
4.004015494168703948e-01
3.001039618410222265e-01
2.003059212735948114e-01
1.000809189101611457e-01
1.997295274052388915e-04
-9.956240663495774523e-02
-1.999073250983607331e-01
-2.997827574041809218e-01
-4.002085977422608631e-01
-5.004146311639307010e-01
-5.997141991006961215e-01
-6.995306058834637186e-01
-7.999351145393210905e-01
-8.976863765335311163e-01
-9.988029983334369977e-01
-1.099600095638302744e+00
-1.202270012145332911e+00
-1.302417609483883965e+00
-1.402413401268928439e+00
-1.500686901458216038e+00
-1.599241034256576821e+00
-1.694079261183341290e+00
-1.796676048202475062e+00
-1.899057665708560716e+00
-1.994622125765078025e+00
-1.985756758994544846e+00
2.000173683058465102e+00
1.900175341204491497e+00
1.800169742375671955e+00
1.700183463457628497e+00
1.600168870362102869e+00
1.500170584444664001e+00
1.400171749801423671e+00
1.300160536951352253e+00
1.200174463777927025e+00
1.100167137376062199e+00
1.000169341828431646e+00
9.001824459539896628e-01
8.001676782465759752e-01
7.001496816919146049e-01
6.000892584405466135e-01
5.001513645336566061e-01
4.001717498014236707e-01
3.001692401603766047e-01
2.002757991118509773e-01
1.003567577723053494e-01
2.257744343229282457e-04
-1.000799603711819974e-01
-1.994636863076990618e-01
-3.000054016674427726e-01
-4.000721913517543693e-01
-4.995906104720335139e-01
-5.993808577904886636e-01
-6.983624172731284219e-01
-7.988405735457495549e-01
-8.987376547061285414e-01
-1.000815066517441787e+00
-1.099558037107023045e+00
-1.200188186605937624e+00
-1.299430398470897474e+00
-1.395717773152911345e+00
-1.494525779058209825e+00
-1.596531153015949167e+00
-1.696700242845994744e+00
-1.791757561582407066e+00
-1.903062193034498861e+00
-2.006074637058364196e+00
-1.991404086047992461e+00
2.000160659238177541e+00
1.900177527293639423e+00
1.800177998793952794e+00
1.700174801716923367e+00
1.600171051305258052e+00
1.500170584444664001e+00
1.400159651715892961e+00
1.300177943194993135e+00
1.200171724656929895e+00
1.100132652043660730e+00
1.000108560051034656e+00
9.002004805653511799e-01
8.000899222389008525e-01
7.001713369722696312e-01
6.001819558567529356e-01
5.001911762626108926e-01
4.000490250189027708e-01
3.003976370402720586e-01
2.002265037947407733e-01
1.006186425147146124e-01
8.685802780287228285e-06
-9.922116964247738868e-02
-1.999197122180815522e-01
-3.005186978596141034e-01
-4.000907401039127675e-01
-4.993944493780008709e-01
-5.997694928622431254e-01
-7.013564830371531444e-01
-7.992753233207597896e-01
-9.021633233034683785e-01
-9.982057324213470251e-01
-1.099688595719829243e+00
-1.199140699821110045e+00
-1.295492581422892364e+00
-1.400422569257312677e+00
-1.499016095097361445e+00
-1.592126625334442824e+00
-1.718702952815037044e+00
-1.792939506483778089e+00
-1.904663242000920631e+00
-2.023259927391531932e+00
-1.990383407000677174e+00
