2.496364712715148926e-02
1.132573187351226807e-01
2.077695429325103760e-01
3.065061867237091064e-01
4.059973061084747314e-01
5.017694234848022461e-01
5.892848968505859375e-01
6.653546094894409180e-01
7.288261651992797852e-01
7.801939249038696289e-01
8.208872079849243164e-01
8.528524637222290039e-01
8.778825998306274414e-01
8.976138830184936523e-01
9.133111238479614258e-01
9.260764122009277344e-01
9.367358684539794922e-01
9.458895921707153320e-01
9.540814161300659180e-01
9.616589546203613281e-01
9.688750505447387695e-01
9.760949611663818359e-01
9.835609197616577148e-01
9.914221763610839844e-01
9.997030496597290039e-01
1.008991360664367676e+00
1.018695116043090820e+00
1.029711842536926270e+00
1.042374491691589355e+00
1.055052161216735840e+00
1.070224642753601074e+00
1.086774587631225586e+00
1.104841828346252441e+00
1.122542619705200195e+00
1.147058129310607910e+00
1.166161060333251953e+00
1.195666432380676270e+00
1.219339489936828613e+00
1.257521390914916992e+00
1.283327698707580566e+00
1.324781417846679688e+00
1.303457498550415039e+00
