-9.777022456688790053e-02
-6.374520236266108253e-02
-3.472819642229598575e-02
-1.028995061021790308e-02
8.519266234637850113e-03
2.407087854170928548e-02
3.559781964774546420e-02
4.506467283398144646e-02
5.340500236791962535e-02
5.910502758040236254e-02
6.510894285651351587e-02
7.000090380234504084e-02
7.469212982219898544e-02
8.015731097018409523e-02
8.466205602702608912e-02
8.979917303616419266e-02
9.427192942136912446e-02
1.015271223175051168e-01
1.069961627116886166e-01
1.126921197755484105e-01
1.208666522987593139e-01
1.274741156993784152e-01
1.355587826181733069e-01
1.444060610700299840e-01
1.552327663597255769e-01
1.662109870536858103e-01
1.800225960329670527e-01
1.913531893756422742e-01
2.055805534219019015e-01
2.211115608621297413e-01
2.381364671452845527e-01
2.546664829453794132e-01
2.745319205968715370e-01
2.982743591495494728e-01
3.202127758699626625e-01
3.434834317559302130e-01
3.704131552127609694e-01
3.974689781089403295e-01
4.249306144498775639e-01
4.703737346404254227e-01
5.021757573672573916e-01
4.949556292567320326e-01
1.897148423236801329e-01
2.677605610147111292e-01
3.408920597891245685e-01
4.067189707663137477e-01
4.644105505190002092e-01
5.131709708566125627e-01
5.548911657090910277e-01
5.889906393422542630e-01
6.141238631856281716e-01
6.343039208337681867e-01
6.493572544868830843e-01
6.608171150085496715e-01
6.703609073106802096e-01
6.773669295803863566e-01
6.836683015329956259e-01
6.881420695183665392e-01
6.923753701696617746e-01
6.966367982460227593e-01
7.005877744576074484e-01
7.054086616363152151e-01
7.094751844807763996e-01
7.138801412880163566e-01
7.167243418027565705e-01
7.228863650712532563e-01
7.261833894747893314e-01
7.317386071888336563e-01
7.356667529100832104e-01
7.422395181541665554e-01
7.483849659152224110e-01
7.557735084690803129e-01
7.636825053923547157e-01
7.711389928163416840e-01
7.788340034101858267e-01
7.868699144410205015e-01
7.969903905456863225e-01
8.066309988130545561e-01
8.126680780463669818e-01
8.235022682992605425e-01
8.371994189961713406e-01
8.506143816693000348e-01
8.564835866819204835e-01
8.749054684966357520e-01
1.144942227092482223e-01
1.090045075413845904e-01
9.807583041782447220e-02
8.694679932645596465e-02
7.840968838206430203e-02
6.724944944026006732e-02
5.692389892235768384e-02
4.681111275047492026e-02
3.559381846403315841e-02
2.494106861747957815e-02
1.442392479094510745e-02
4.617968712255923584e-03
-3.213478409314143424e-03
-1.310247287151715748e-02
-2.354914064866954482e-02
-3.312926472218499091e-02
-4.288714191353549393e-02
-5.397044431830171074e-02
-6.121417587272486721e-02
-7.467810861667163735e-02
-8.320348876132031835e-02
-9.446315506815419760e-02
-1.031680101810134864e-01
-1.149980131302866665e-01
-1.246996509358138105e-01
-1.341039976490458474e-01
-1.437122723757517651e-01
-1.520764690530357344e-01
-1.594303616514392286e-01
-1.692028943306341793e-01
-1.780301454231829061e-01
-1.888970767195871370e-01
-2.011622822842653591e-01
-2.094629197011679822e-01
-2.178377994729684408e-01
-2.257064431722148601e-01
-2.381292697988213747e-01
-2.493620303898238522e-01
-2.568941444428941012e-01
-2.657139494405604263e-01
-2.745506638135360999e-01
-2.867077487783024625e-01
-2.961869219876793191e-01
-3.058240434274335229e-01
-3.141141174623930388e-01
-3.222078729392411911e-01
-3.326068250880697130e-01
-3.427423523235638703e-01
-3.502690039505449437e-01
-3.587807900433288011e-01
-3.658009286154521034e-01
-3.765646232683648731e-01
-3.845844698765927827e-01
-3.948566320199325963e-01
-4.031544930188484810e-01
-4.138922590981229388e-01
-4.202392615890375716e-01
-4.302048768881575058e-01
-4.380118434737803601e-01
-4.486427264773470980e-01
-4.571098692276350239e-01
-4.660615236005203887e-01
-4.734229597753782937e-01
-4.831817988290298960e-01
-4.905622425199321901e-01
-5.011878845444944774e-01
-5.099965474235055307e-01
-5.170349955969073541e-01
-5.246353952342744931e-01
-5.338281042294635848e-01
-5.406256082211839953e-01
-5.507592549911565216e-01
-5.606325640008533728e-01
-5.692221241634677353e-01
-5.776646400004059601e-01
-5.846192744857434676e-01
-5.927314971314668890e-01
-5.996070874670884621e-01
-6.094357904209417587e-01
-6.186881318705110822e-01
-6.250318137007658814e-01
-6.316405837468102025e-01
-6.409256737457755815e-01
-6.496434216148023744e-01
-6.574391565491681799e-01
-6.649535198466590691e-01
-6.714817706845469525e-01
-6.819241374924838173e-01
-6.873868746197860924e-01
-6.970265485338497102e-01
