1.602816283702850342e-01
2.146385908126831055e-01
2.600878179073333740e-01
2.973800599575042725e-01
3.273415267467498779e-01
3.507986366748809814e-01
3.685766160488128662e-01
3.814737796783447266e-01
3.902403116226196289e-01
3.955600261688232422e-01
3.980649709701538086e-01
3.983169496059417725e-01
3.968118429183959961e-01
3.939926624298095703e-01
3.902302980422973633e-01
3.858554661273956299e-01
3.811564147472381592e-01
3.763589560985565186e-01
3.716732561588287354e-01
3.672625720500946045e-01
3.633000254631042480e-01
3.598921895027160645e-01
3.571121394634246826e-01
3.551103174686431885e-01
3.539184629917144775e-01
3.536199629306793213e-01
3.542616963386535645e-01
3.558954894542694092e-01
3.586431145668029785e-01
3.624000847339630127e-01
3.673603832721710205e-01
3.732780516147613525e-01
3.806412220001220703e-01
3.889368176460266113e-01
3.989216983318328857e-01
4.098921120166778564e-01
4.234625995159149170e-01
4.344294667243957520e-01
4.518318176269531250e-01
4.684009850025177002e-01
4.855930507183074951e-01
4.816832840442657471e-01
