2.000130268805226930e+00
1.900175887727810098e+00
1.800173870604432791e+00
1.700158343933632965e+00
1.600177594069010834e+00
1.500167838795167574e+00
1.400175206335389833e+00
1.300138778165711662e+00
1.200138853857380505e+00
1.100163688966043996e+00
1.000130268805227152e+00
9.001540262585983054e-01
8.001601096892889675e-01
7.000197273290839073e-01
6.001557844731690849e-01
5.000991919157228294e-01
4.001924885925759456e-01
3.001170182898695860e-01
2.001662463631074806e-01
1.001981718341318633e-01
4.340774793185928982e-04
-9.937073493484493980e-02
-1.998261293955671536e-01
-2.998763060699279892e-01
-3.989400364537173393e-01
-5.004778706589745330e-01
-6.016432686202459745e-01
-7.008196892546532109e-01
-7.991768512890697895e-01
-9.000432657588173235e-01
-9.982230329225604271e-01
-1.100135742146751916e+00
-1.202130267293163746e+00
-1.297940150729670394e+00
-1.396974776872413893e+00
-1.493535557761231036e+00
-1.599099530345363673e+00
-1.697712373023787746e+00
-1.806235567235614736e+00
-1.904900420354386226e+00
-2.001317909923531424e+00
-1.990804146480478654e+00
