2.000173683058465102e+00
1.900170422463674402e+00
1.800180750898499271e+00
1.700175667898767840e+00
1.600166689407995557e+00
1.500154110287306386e+00
1.400175206335389833e+00
1.300160536951352253e+00
1.200193637141200087e+00
1.100198171834131822e+00
1.000217092972230271e+00
9.001485607193440153e-01
8.002220303740379403e-01
7.001583439336330761e-01
6.001994025696633095e-01
5.002090217151078377e-01
4.000023459279558602e-01
3.001387781657116616e-01
2.001936371412000870e-01
1.006117528337901329e-01
5.642161653756039242e-04
-1.003326762897978480e-01
-1.995234995240536546e-01
-2.998936321084647028e-01
-3.996697694192347106e-01
-5.000930770924658653e-01
-5.995310887825120449e-01
-7.001006404536745942e-01
-7.996694348752261261e-01
-8.986310367507486241e-01
-1.001021793110168145e+00
-1.100814447144057295e+00
-1.201004265556118611e+00
-1.301551461984671088e+00
-1.398526702329990323e+00
-1.497750458084776470e+00
-1.599531088782512045e+00
-1.694648630553376334e+00
-1.803105653088719729e+00
-1.896846497451318614e+00
-2.004983786922768019e+00
-1.998309545767847251e+00
