-2.465778207095640773e-01
-2.250963559170796047e-01
-2.007352863624510819e-01
-1.760174352686017796e-01
-1.517677637113207523e-01
-1.286314177246764556e-01
-1.055676240134593991e-01
-8.222150113571877195e-02
-5.901063068842906517e-02
-3.551879939937570285e-02
-1.093748223059501021e-02
1.498230858548191095e-02
4.159004688936678712e-02
7.070265971947371775e-02
1.008528266573010257e-01
1.339857462685795919e-01
1.679963120868802062e-01
2.056644073716872856e-01
2.457100295452915306e-01
2.887409387942870831e-01
3.333666555097167250e-01
3.816023727597016579e-01
4.331935917148453941e-01
4.857781932919220114e-01
5.421030764169678662e-01
6.028952045705477936e-01
6.657404219275112611e-01
7.290918609889364133e-01
7.943695231649821054e-01
8.637093886274511689e-01
9.331277578569705522e-01
1.008088936291577475e+00
1.084826416697433293e+00
1.156397697282503412e+00
1.233732009366045990e+00
1.309651455849319301e+00
1.395815463483539576e+00
1.476483821914464256e+00
1.568178248055102308e+00
1.650122884444062077e+00
1.730095580067584127e+00
1.725650323934635910e+00
