-2.291700716895674894e-01
-2.092013066790134879e-01
-1.834206786318794968e-01
-1.577715589447442612e-01
-1.322144210336040626e-01
-1.075547625806455854e-01
-8.338815489065401487e-02
-5.980736446809004764e-02
-3.575451643361549081e-02
-1.142766670063314303e-02
1.397417702091603361e-02
3.973129609869100604e-02
6.736847091526848574e-02
9.652766560643978588e-02
1.271372071915010393e-01
1.599279528959846319e-01
1.963972844373430282e-01
2.335037603411344032e-01
2.738574353711178411e-01
3.165993020938608349e-01
3.628027995674124595e-01
4.128803584649741731e-01
4.616035611219251877e-01
5.168393397370284470e-01
5.733358400660676368e-01
6.341748717626001230e-01
6.967494352016228021e-01
7.626110515659556555e-01
8.244642824104180256e-01
8.959857689273909020e-01
9.662731749595194763e-01
1.043401578910881033e+00
1.116508123737346425e+00
1.189911209692805505e+00
1.264014579980978326e+00
1.332357653425112032e+00
1.429106008332696520e+00
1.527513901691615272e+00
1.581027552808380587e+00
1.683001984607199297e+00
1.760754109505823672e+00
1.748149248981985870e+00
