-1.867326706104163736e-01
-1.661455834948242782e-01
-1.389616969042352379e-01
-1.115621412127907192e-01
-8.416766882023866969e-02
-5.767440769970773318e-02
-3.157309305939551974e-02
-6.581406184634141891e-03
1.911629044707277916e-02
4.453976039241098334e-02
7.114529045108280991e-02
9.850528320131547722e-02
1.264561134318043234e-01
1.560946306394276062e-01
1.878871784095475783e-01
2.219095465881341100e-01
2.584936113939124702e-01
2.960506017887392094e-01
3.367598336982479124e-01
3.797948432769817084e-01
4.260555824839300509e-01
4.772515235248895316e-01
5.286082159635812072e-01
5.835728091437739629e-01
6.416723732246865097e-01
7.021891946877706348e-01
7.651094972067182809e-01
8.309669879707233253e-01
8.985277301280776285e-01
9.669625947016012857e-01
1.041590046889366850e+00
1.115677065115837197e+00
1.191590726379210707e+00
1.268788516223584129e+00
1.344608384580567195e+00
1.423032771538935704e+00
1.506924242131774783e+00
1.583504826704516422e+00
1.676236216763311582e+00
1.752401888848226230e+00
1.844365325854887772e+00
1.844495814593859473e+00
