5.784281492233276367e-01
5.866370201110839844e-01
5.942265987396240234e-01
6.016631126403808594e-01
6.094307899475097656e-01
6.180276870727539062e-01
6.279428005218505859e-01
6.396628618240356445e-01
6.536397933959960938e-01
6.702964305877685547e-01
6.900377273559570312e-01
7.131774425506591797e-01
7.400188446044921875e-01
7.708368301391601562e-01
8.056704998016357422e-01
8.447985649108886719e-01
8.881574869155883789e-01
9.359095096588134766e-01
9.878966808319091797e-01
1.044126629829406738e+00
1.104366779327392578e+00
1.168640136718750000e+00
1.237235426902770996e+00
1.309281826019287109e+00
1.384108662605285645e+00
1.464212059974670410e+00
1.547248125076293945e+00
1.631567716598510742e+00
1.717830657958984375e+00
1.808809995651245117e+00
1.899589061737060547e+00
1.995913505554199219e+00
2.094211339950561523e+00
2.188057184219360352e+00
2.286384105682373047e+00
2.383339643478393555e+00
2.490324974060058594e+00
2.590976953506469727e+00
2.702286005020141602e+00
2.803760290145874023e+00
2.902986526489257812e+00
2.892168760299682617e+00
