-8.798784017562866211e-02
-4.184150695800781250e-02
-3.785192966461181641e-03
2.694189548492431641e-02
5.138081312179565430e-02
7.074493169784545898e-02
8.624362945556640625e-02
9.903895854949951172e-02
1.101411581039428711e-01
1.204164624214172363e-01
1.305709481239318848e-01
1.411399841308593750e-01
1.525452136993408203e-01
1.651093959808349609e-01
1.789991259574890137e-01
1.944369077682495117e-01
2.114841341972351074e-01
2.302775979042053223e-01
2.508243918418884277e-01
2.732027173042297363e-01
2.973969280719757080e-01
3.235044479370117188e-01
3.517429232597351074e-01
3.818645477294921875e-01
4.136920869350433350e-01
4.484266638755798340e-01
4.852023422718048096e-01
5.233973264694213867e-01
5.634059309959411621e-01
6.066722869873046875e-01
6.509845256805419922e-01
6.992927193641662598e-01
7.500044107437133789e-01
7.997872829437255859e-01
8.534113168716430664e-01
9.077807664871215820e-01
9.695162773132324219e-01
1.029277920722961426e+00
1.097273826599121094e+00
1.160999774932861328e+00
1.224903464317321777e+00
1.217861056327819824e+00
