-3.067499399185180664e-02
1.463651657104492188e-02
5.116015672683715820e-02
7.981938123703002930e-02
1.017823815345764160e-01
1.183600425720214844e-01
1.308558583259582520e-01
1.404938101768493652e-01
1.483637094497680664e-01
1.553810238838195801e-01
1.622847318649291992e-01
1.696529984474182129e-01
1.779174804687500000e-01
1.873931884765625000e-01
1.983143091201782227e-01
2.108271121978759766e-01
2.250017523765563965e-01
2.409657239913940430e-01
2.587242126464843750e-01
2.782414853572845459e-01
2.996645271778106689e-01
3.228270709514617920e-01
3.481249809265136719e-01
3.750410377979278564e-01
4.040661454200744629e-01
4.345706403255462646e-01
4.679192006587982178e-01
5.026594400405883789e-01
5.395704507827758789e-01
5.781202316284179688e-01
6.196203827857971191e-01
6.638190150260925293e-01
7.084729671478271484e-01
7.541260719299316406e-01
8.040610551834106445e-01
8.590987920761108398e-01
9.183700084686279297e-01
9.721109867095947266e-01
1.031430244445800781e+00
1.092773914337158203e+00
1.152258872985839844e+00
1.153428912162780762e+00
