1.303535271483475394e-02
5.459773525736053706e-02
9.001455398127475305e-02
1.207120938344753980e-01
1.466488766144236622e-01
1.689774759814506588e-01
1.862469924111548603e-01
2.020930764128585355e-01
2.146637373833364393e-01
2.254100883874126937e-01
2.348537566683832623e-01
2.434299776600589160e-01
2.507004952235702966e-01
2.584025949624306207e-01
2.660222626191749429e-01
2.726490612216501130e-01
2.792356288009911758e-01
2.872058453789115284e-01
2.952305287890530372e-01
3.028004748757821551e-01
3.115207624480488269e-01
3.190518993067827935e-01
3.291740634175130409e-01
3.381256663287058317e-01
3.502402630063131683e-01
3.602960832393872770e-01
3.717566427744650182e-01
3.859760706731614754e-01
3.981866179073640932e-01
4.150434975675028615e-01
4.313637641589873617e-01
4.472231706291803222e-01
4.609744761976612981e-01
4.897602609866104628e-01
5.028038913368748641e-01
5.282686299426819776e-01
5.470654761096279683e-01
5.803820533243643220e-01
6.108187367780728572e-01
6.386060514884503991e-01
6.734660382413361068e-01
6.738545788706156170e-01
