1.246346240191392035e-01
2.228646781045321157e-01
3.160689421898351115e-01
4.092058741895734930e-01
5.021347605344381737e-01
5.949149365595870487e-01
6.876056471038489715e-01
7.804022901423502967e-01
8.712137936672239569e-01
9.508723706613597670e-01
9.897349522847807002e-01
1.018467481271060571e+00
1.040871218837535306e+00
1.057977832177658062e+00
1.072264606745686688e+00
1.083982515156254989e+00
1.092773261991100142e+00
1.101172903596159047e+00
1.107769441858545756e+00
1.115494018604671567e+00
1.121103316090402480e+00
1.126527516220987568e+00
1.133519747896884589e+00
1.140382324559402472e+00
1.148204574775908871e+00
1.153574030815588847e+00
1.160597569740522417e+00
1.169142259005336637e+00
1.178185292537390128e+00
1.187701169361715436e+00
1.192394593151056448e+00
1.199269614730825495e+00
1.217228556624472047e+00
1.222235099804907410e+00
1.224732424563500288e+00
1.241800408853859228e+00
1.267676155960548279e+00
1.272873860327744300e+00
1.304858746415156201e+00
1.336155420983423436e+00
1.330137685379518153e+00
1.356801919157851311e+00
