1.291059553623199463e-01
2.074139714241027832e-01
2.916924953460693359e-01
3.806302547454833984e-01
4.720922112464904785e-01
5.631290674209594727e-01
6.503934264183044434e-01
7.304739356040954590e-01
8.007591962814331055e-01
8.597415089607238770e-01
9.073539972305297852e-01
9.445608258247375488e-01
9.731535911560058594e-01
9.950495362281799316e-01
1.012081861495971680e+00
1.025686264038085938e+00
1.036902189254760742e+00
1.046591281890869141e+00
1.055155038833618164e+00
1.063076257705688477e+00
1.070577383041381836e+00
1.077767848968505859e+00
1.085026979446411133e+00
1.092352032661437988e+00
1.099951028823852539e+00
1.107772350311279297e+00
1.116220951080322266e+00
1.125301361083984375e+00
1.135056376457214355e+00
1.145696878433227539e+00
1.156429886817932129e+00
1.168499946594238281e+00
1.182388782501220703e+00
1.196242094039916992e+00
1.210323810577392578e+00
1.227006196975708008e+00
1.246663570404052734e+00
1.262431621551513672e+00
1.284650802612304688e+00
1.308085441589355469e+00
1.325898170471191406e+00
1.328830480575561523e+00
