2.000169341828431868e+00
1.900173155104339262e+00
1.800164926059187209e+00
1.700171336972269742e+00
1.600179774968357727e+00
1.500169211622085497e+00
1.400170021524124175e+00
1.300186646055208950e+00
1.200144332496747124e+00
1.100129203359808239e+00
1.000160659238177763e+00
9.001633175174761359e-01
8.001546052011424548e-01
7.001678721999746724e-01
6.001274303610864003e-01
5.001705844446640015e-01
3.999522035375190354e-01
3.001931730859244696e-01
2.002538907728048656e-01
1.002809195484997695e-01
1.432935368946343943e-04
-9.978531087435939251e-02
-1.993440845826478514e-01
-2.995091566162552676e-01
-3.991196330440098250e-01
-4.999873186044534457e-01
-5.992582939856938573e-01
-6.994197318989698875e-01
-8.001050155894177118e-01
-9.003815040417352256e-01
-9.984393473574270095e-01
-1.098016701323480282e+00
-1.197210544641584828e+00
-1.298989270797498596e+00
-1.397347600930603395e+00
-1.499955733401398872e+00
-1.602583196917180652e+00
-1.700795701770992707e+00
-1.807998780713976350e+00
-1.905406601308144987e+00
-2.003845278934778484e+00
-2.001102334311434472e+00
2.000169341828431868e+00
1.900175887727810098e+00
1.800178686821724439e+00
1.700173069348051680e+00
1.600166689407995557e+00
1.500170584444664001e+00
1.400176934592056499e+00
1.300151833567913195e+00
1.200166246363107536e+00
1.100177482441832666e+00
1.000143293536894573e+00
9.001693294025940872e-01
8.002406048580349429e-01
7.002250374084589835e-01
6.002484676924160212e-01
5.001307708279285613e-01
4.004188226695157282e-01
3.000103791357486283e-01
2.001881591237818780e-01
1.001912754795452332e-01
4.167227077164003071e-04
-9.958862472582330483e-02
-1.994148793269463482e-01
-2.993862655350182922e-01
-3.993820864462609976e-01
-4.998843318436005378e-01
-6.010691937918519745e-01
-6.992154500632432601e-01
-8.006123738195713990e-01
-8.999915178312132280e-01
-1.000566689566352085e+00
-1.099052561069263634e+00
-1.200880790319024838e+00
-1.301195927851134249e+00
-1.400047097242091532e+00
-1.498732545542805994e+00
-1.599829978475875825e+00
-1.700218221548799979e+00
-1.798665702695975366e+00
-1.910684941072953613e+00
-2.006886634216987542e+00
-1.993598143944234957e+00
2.000160659238177541e+00
1.900169875933478192e+00
1.800176622735139453e+00
1.700172203161024465e+00
1.600186317600688302e+00
1.500180194081207175e+00
1.400170021524124175e+00
1.300162712769959539e+00
1.200199115089521706e+00
1.100163688966043996e+00
1.000195388557727494e+00
9.001780738142071137e-01
8.001786868217243276e-01
7.002189747884961513e-01
6.000325396768969588e-01
5.001911762626108926e-01
4.002443312381505636e-01
3.002301577405208644e-01
1.999881641846777136e-01
1.005910831352020141e-01
-1.433195438133341818e-05
-1.000373085530915224e-01
-2.004733642126836357e-01
-3.002853850264003421e-01
-3.997624351891627681e-01
-4.989256678881885954e-01
-6.005547325065967446e-01
-6.991546187241646226e-01
-7.992151433149830009e-01
-8.998156209845533660e-01
-9.983917489365979892e-01
-1.098352635456316895e+00
-1.199378449522061851e+00
-1.299593989056358145e+00
-1.386746088605505189e+00
-1.499319026389225318e+00
-1.593335509918620385e+00
-1.711245658640730305e+00
-1.814010466207121697e+00
-1.925088522140256497e+00
-1.981873948499418558e+00
-1.976879289480158786e+00
2.000160659238177541e+00
1.900169329402594087e+00
1.800171806494957671e+00
1.700177400257274041e+00
1.600159055982367962e+00
1.500169211622085497e+00
1.400171749801423671e+00
1.300177943194993135e+00
1.200196376123997766e+00
1.100194723670527397e+00
1.000108560051034656e+00
9.001649571307617226e-01
8.002020791174312420e-01
7.001358217457868127e-01
6.000499923931469359e-01
5.001747028863620104e-01
4.002460592197600309e-01
3.000560848367100353e-01
2.000100859322813673e-01
1.006220873141902977e-01
-4.299728210898882020e-05
-9.966619584643091057e-02
-2.002494771038425270e-01
-2.999066270909932497e-01
-3.983201826941041301e-01
-4.998788399022775497e-01
-6.011749330377103018e-01
-6.994958188410899114e-01
-7.994121270823579817e-01
-8.968978719686677703e-01
-9.989069545651397819e-01
-1.098873656570824364e+00
-1.194871748234140219e+00
-1.296519465484654576e+00
-1.401648385176176070e+00
-1.500115056114303291e+00
-1.597908928771716308e+00
-1.705040237298695027e+00
-1.807934589020707916e+00
-1.890269628419393610e+00
-2.000642362066842761e+00
-1.989772149015533564e+00
2.000165000555002681e+00
1.900169875933478192e+00
1.800165614107669398e+00
1.700172203161024465e+00
1.600169960835049698e+00
1.500184312431777744e+00
1.400176934592056499e+00
1.300171415935381214e+00
1.200174463777927025e+00
1.100194723670527397e+00
1.000182365388348149e+00
9.001649571307617226e-01
8.001704304165239146e-01
7.001003036147437353e-01
6.001830462968434921e-01
5.000936996965889003e-01
4.000161772927796067e-01
3.001366022271882983e-01
2.000402265285826375e-01
1.002257561574275702e-01
4.254001802063994849e-04
-1.000930848502815385e-01
-1.991461954544039570e-01
-2.997654357883021703e-01
-4.002511653064586006e-01
-5.006236315201861853e-01
-5.997936860968220429e-01
-7.003685104003827266e-01
-7.993792902492327102e-01
-8.985003794702952629e-01
-1.001753306880852401e+00
-1.098994736311125653e+00
-1.202247871349289232e+00
-1.296837639404266884e+00
-1.401625389801324673e+00
-1.498759933557137103e+00
-1.604247386153365484e+00
-1.701679752092574383e+00
-1.790021449305364554e+00
-1.902836433045060227e+00
-2.003215228492353894e+00
-1.989471081245062445e+00
2.000169341828431868e+00
1.900175341204491497e+00
1.800182814965464173e+00
1.700185195785039349e+00
1.600161236974809498e+00
1.500180194081207175e+00
1.400180391084757447e+00
1.300151833567913195e+00
1.200199115089521706e+00
1.100215412241505986e+00
1.000238796302081790e+00
9.001802598896003760e-01
8.001415317621748402e-01
7.001375542632425342e-01
6.001067088776704805e-01
5.002049035988460624e-01
4.002754338552437785e-01
3.001779431949931909e-01
2.001333751488999224e-01
1.005187314421426004e-01
4.254001802063994849e-04
-1.001997359485250066e-01
-2.003961962359523119e-01
-2.999421486939632397e-01
-3.990162198761664225e-01
-5.001686346405348482e-01
-5.996640952094401955e-01
-6.991459292283854765e-01
-7.995708734521758121e-01
-8.991609453854438883e-01
-9.993360372447721574e-01
-1.100201923937516479e+00
-1.200302510694247315e+00
-1.301278483181836920e+00
-1.398414734759885869e+00
-1.497776417885250844e+00
-1.599715926924187404e+00
-1.703503734885672527e+00
-1.810636034682417073e+00
-1.900419486012166814e+00
-2.007464154734222461e+00
-2.003800151125545881e+00
2.000165000555002681e+00
1.900173155104339262e+00
1.800175246671966267e+00
1.700161808781944561e+00
1.600173232237461107e+00
1.500171957262902867e+00
1.400182119320791729e+00
1.300182294646900605e+00
1.200158028792800868e+00
1.100142997930908084e+00
1.000130268805227152e+00
9.001731551043392621e-01
8.001484125685831561e-01
7.003757096273098837e-01
6.001546939646262846e-01
5.002172578304853179e-01
4.001129845145133812e-01
3.002736650668616503e-01
2.002785375765250842e-01
1.000671223670621945e-01
-2.311061440590054671e-04
-1.001915310879807758e-01
-1.993055990785050913e-01
-2.992556237211664860e-01
-3.996272587998961345e-01
-4.998307883779144478e-01
-6.009496181263512815e-01
-7.009396465505717266e-01
-7.990592611722586724e-01
-9.010449395615307555e-01
-1.000545816713965808e+00
-1.098866567361899360e+00
-1.196200909694315140e+00
-1.303102173102030470e+00
-1.394219968371767315e+00
-1.499645496569925074e+00
-1.604278814382917862e+00
-1.690359188231950416e+00
-1.811794536405616940e+00
-1.899736318258542278e+00
-2.015967118610381359e+00
-1.993717983559203155e+00
2.000173683058465102e+00
1.900169329402594087e+00
1.800162173854357395e+00
1.700162674989703193e+00
1.600181955856752936e+00
1.500166465963910012e+00
1.400178662841845778e+00
1.300186646055208950e+00
1.200147071790513165e+00
1.100153343571698583e+00
1.000169341828431646e+00
9.001928296095712545e-01
8.001105667841803548e-01
7.001496816919146049e-01
6.001852271688112861e-01
5.001376355050082267e-01
4.001181700067542590e-01
3.003345680023299380e-01
1.999717221477792795e-01
1.006840890328142141e-01
-1.559397118566510849e-04
-1.008160904591153817e-01
-1.997765937110148327e-01
-2.997827574041809218e-01
-4.005230412331354239e-01
-5.010639613094678424e-01
-6.003920332587383557e-01
-6.995958390992111919e-01
-8.005410336130065474e-01
-9.002158033964222650e-01
-9.993317009561561992e-01
-1.100153790725870273e+00
-1.198555812604496174e+00
-1.299688362974126932e+00
-1.402812884747253186e+00
-1.495356541448998655e+00
-1.604675354598076531e+00
-1.707046515640207707e+00
-1.797966922573709603e+00
-1.899350355273621949e+00
-2.005667447089872990e+00
-2.007576392315802760e+00
2.000165000555002681e+00
1.900173701630408996e+00
1.800160797745401942e+00
1.700192125025584033e+00
1.600171051305258052e+00
1.500160974595483587e+00
1.400142368151925165e+00
1.300140954093333079e+00
1.200185420089161070e+00
1.100153343571698583e+00
1.000195388557727494e+00
9.001835389820579403e-01
8.000844168610822260e-01
7.002873908735829378e-01
6.000816236538117909e-01
5.002433378321246016e-01
3.999833270820410402e-01
3.001278983640726095e-01
2.004592380772005078e-01
9.999123354468439362e-02
5.211221115820731869e-05
-9.957988518633692498e-02
-1.992087131782185605e-01
-2.996208272581048493e-01
-4.001911353330787624e-01
-5.003142917333971429e-01
-6.004543364075498602e-01
-6.991263784985424223e-01
-7.990428557799563736e-01
-9.006474476185524214e-01
-1.003750647369275439e+00
-1.097273343707378945e+00
-1.193932685758548606e+00
-1.296317503023751483e+00
-1.397758728565432484e+00
-1.495616141045637448e+00
-1.614581425066253795e+00
-1.706796605251942323e+00
-1.781262361206884970e+00
-1.907623278689859703e+00
-1.990498113713577100e+00
-2.019738856792993698e+00
2.000169341828431868e+00
1.900170968993182941e+00
1.800166302155061793e+00
1.700176534078884583e+00
1.600168870362102869e+00
1.500185685206622876e+00
1.400178662841845778e+00
1.300175767452689257e+00
1.200171724656929895e+00
1.100146446505221753e+00
1.000143293536894573e+00
9.001720620501366676e-01
8.002495478447839705e-01
7.001912588765620837e-01
6.001525129393260327e-01
5.001142951602172149e-01
4.001976731356277628e-01
3.001191943265160145e-01
2.003305651247739017e-01
1.000326290916977168e-01
1.476350273144409026e-04
-1.000739451174780525e-01
-1.994980607126597139e-01
-2.995688838528855480e-01
-3.993788184163827304e-01
-4.997237212463361833e-01
-6.000823807947857080e-01
-6.999439151632899092e-01
-7.993902355844123564e-01
-9.008271380471932765e-01
-9.983311766721925107e-01
-1.099621399565332336e+00
-1.199883240043595256e+00
-1.299060166985132492e+00
-1.401509336489514590e+00
-1.502184686310387818e+00
-1.600630910549111663e+00
-1.695574104190602505e+00
-1.800362734349656657e+00
-1.904680677174490189e+00
-2.006708411444174445e+00
-2.004736527496324694e+00
2.000169341828431868e+00
1.900176980772384061e+00
1.800175246671966267e+00
1.700181731123307616e+00
1.600168870362102869e+00
1.500182939652593639e+00
1.400171749801423671e+00
1.300184470356504640e+00
1.200147071790513165e+00
1.100167137376062199e+00
1.000186706488199739e+00
9.001327102665273028e-01
8.002440444901164351e-01
7.000838430080190689e-01
6.002233906555689558e-01
5.002021581663106398e-01
4.001959449614874154e-01
3.003106428676625694e-01
2.001580287928009516e-01
1.003946719185970504e-01
-2.063388882705329225e-04
-9.984433409303808404e-02
-2.003576173888486911e-01
-2.998321278000254386e-01
-3.990608478018979888e-01
-4.997305837322834066e-01
-5.990149951319524435e-01
-7.001833793869108868e-01
-7.993957083554478205e-01
-8.999915178312132280e-01
-1.000250660238493294e+00
-1.098467576959257341e+00
-1.199445125260239386e+00
-1.300320937623336448e+00
-1.401723949981716899e+00
-1.497108788058756357e+00
-1.605506292709040883e+00
-1.703181298419511380e+00
-1.797201194387846979e+00
-1.908674282218428164e+00
-2.002072177438049216e+00
-1.998248984966662922e+00
2.000160659238177541e+00
1.900176434250441027e+00
1.800171118456285857e+00
1.700170470781787291e+00
1.600180865413924236e+00
1.500185685206622876e+00
1.400147553293338287e+00
1.300160536951352253e+00
1.200204592968748374e+00
1.100187827261185136e+00
1.000143293536894573e+00
9.001961086071242901e-01
8.001298341410807424e-01
7.001410192774194519e-01
6.002059449063136265e-01
5.001101761456263617e-01
4.000438387009975783e-01
3.001779431949931909e-01
2.000731047935837281e-01
1.002878144797466203e-01
5.645461317705211424e-05
-9.953236701821033261e-02
-2.001379210806940590e-01
-3.005022144000009110e-01
-4.002991952601432368e-01
-4.998541270257221836e-01
-5.996088148644919125e-01
-6.993088862130234507e-01
-7.990674641008072010e-01
-9.004816454934695402e-01
-1.000501030437219718e+00
-1.098373878276610593e+00
-1.200394818360971838e+00
-1.298860476850730139e+00
-1.402632852200656366e+00
-1.497542835524635629e+00
-1.604390577622059944e+00
-1.694982004238827056e+00
-1.800697448615430130e+00
-1.904210172997142125e+00
-2.007999090057543956e+00
-1.986126764965299163e+00
2.000165000555002681e+00
1.900173701630408996e+00
1.800172494532539469e+00
1.700168738395639867e+00
1.600173232237461107e+00
1.500166465963910012e+00
1.400161380034459668e+00
1.300175767452689257e+00
1.200160768000179790e+00
1.100146446505221753e+00
1.000160659238177763e+00
9.001381760052598047e-01
8.001614858004245656e-01
7.001704707817872908e-01
6.001426981899276036e-01
5.001623474440997086e-01
4.000559400131016852e-01
3.001670643744715483e-01
2.002292425702655587e-01
9.953907532217275145e-02
4.644466609612146117e-04
-1.000662894605317127e-01
-2.003445289157295417e-01
-2.994503030270609933e-01
-4.001027426598272041e-01
-4.999323892928515534e-01
-6.002639937370923828e-01
-7.008829353358263514e-01
-7.992096728188543553e-01
-9.008202255019195359e-01
-1.001190729144542768e+00
-1.101061013916205145e+00
-1.198339082701272540e+00
-1.300371236512244622e+00
-1.399754803143317794e+00
-1.502554760516026766e+00
-1.596846865048177522e+00
-1.697980940022621787e+00
-1.801480369758832190e+00
-1.904614427238341401e+00
-2.003336876544222545e+00
-2.001337513013652813e+00
2.000165000555002681e+00
1.900180806406729372e+00
1.800171118456285857e+00
1.700171336972269742e+00
1.600174322699455587e+00
1.500178821289005038e+00
1.400195944961487360e+00
1.300199700018546345e+00
1.200149811067001471e+00
1.100174034113956090e+00
1.000086850211648892e+00
9.001420019814440066e-01
8.001380913180888843e-01
7.002319660133581314e-01
6.002386551113123581e-01
5.001884307432952204e-01
4.001285408054947590e-01
3.001257223710376287e-01
2.000922826321071823e-01
1.001395493292104033e-01
-2.432117198572992099e-05
-9.960665058146758732e-02
-1.994891231056319936e-01
-2.996857652523798321e-01
-3.998453060353736599e-01
-4.994040496071809887e-01
-6.011731993998711276e-01
-7.000723386474534404e-01
-8.009060896216405601e-01
-8.993916920476594523e-01
-1.000554513613879370e+00
-1.101742814406976523e+00
-1.199778657585070407e+00
-1.299040280301220207e+00
-1.397499423332159818e+00
-1.498579204572595636e+00
-1.598477115705660978e+00
-1.693525647975914650e+00
-1.803544695617854021e+00
-1.893255110099549388e+00
-2.005244813693185968e+00
-2.014878582309947763e+00
2.000165000555002681e+00
1.900167143272180059e+00
1.800171118456285857e+00
1.700162674989703193e+00
1.600172141772728596e+00
1.500163720288376190e+00
1.400173478071845556e+00
1.300162712769959539e+00
1.200163507190282086e+00
1.100191275479545316e+00
1.000099876245509778e+00
9.001758877278100979e-01
8.001580455144098325e-01
7.001306241519505980e-01
6.001230680256864902e-01
5.002419652395037053e-01
4.000317370516894289e-01
3.001888217430135897e-01
2.001141991249189289e-01
1.003050513289693441e-01
2.171418124520095859e-05
-9.972028531894751302e-02
-1.997642106726461864e-01
-2.998745735040906357e-01
-3.996468785686833614e-01
-4.997209762823194845e-01
-6.001065914661731782e-01
-7.005428234746245986e-01
-7.993355116668107163e-01
-8.993262439722795598e-01
-9.991409471078197546e-01
-1.100046604105183734e+00
-1.198977923223588649e+00
-1.294914097369742390e+00
-1.400714220586082748e+00
-1.499425993785091116e+00
-1.605145732719959417e+00
-1.704180093301106647e+00
-1.810577067529858919e+00
-1.898909674323498331e+00
-1.992226625829283115e+00
-1.994514901560663134e+00
2.000169341828431868e+00
1.900176980772384061e+00
1.800175246671966267e+00
1.700176534078884583e+00
1.600181955856752936e+00
1.500174702886361899e+00
1.400189032196156536e+00
1.300169240160376605e+00
1.200188159123781961e+00
1.100160240528644362e+00
1.000204070453693639e+00
9.001523866040441746e-01
8.001229530403138890e-01
7.001756678987677285e-01
6.003400410930265219e-01
5.000456398161918781e-01
4.002235949225427247e-01
3.000887288212440995e-01
2.000374865608096353e-01
1.003188403157989350e-01
1.780242451034082338e-04
-9.963505647849558999e-02
-2.002102226430028387e-01
-3.000235994347121848e-01
-4.000198226804151935e-01
-4.999159118540278945e-01
-5.989735961321727142e-01
-6.994892965808432450e-01
-7.998666248511000498e-01
-8.953592739426549096e-01
-1.004093784944667389e+00
-1.103467720066336089e+00
-1.201149169538587191e+00
-1.304012524995400879e+00
-1.407692196523481876e+00
-1.502035641030018187e+00
-1.586504093135375326e+00
-1.705573457380699320e+00
-1.820870644965294494e+00
-1.893319649554248363e+00
-2.038916030279756875e+00
-1.979116883041777353e+00
2.000160659238177541e+00
1.900173701630408996e+00
1.800171118456285857e+00
1.700158343933632965e+00
1.600183046296843603e+00
1.500174702886361899e+00
1.400157923390448422e+00
1.300158361121844131e+00
1.200138853857380505e+00
1.100153343571698583e+00
1.000178024245103270e+00
9.001950156106908185e-01
8.001986391529648524e-01
7.002666073798975432e-01
6.002353842016753260e-01
5.002200031675687608e-01
4.000507537777747147e-01
3.001387781657116616e-01
2.001169386087559288e-01
1.001154083505349929e-01
4.776976572043194251e-05
-1.004749620624321160e-01
-1.998777350757593163e-01
-2.999343510200340179e-01
-4.000427331971150302e-01
-4.994685137853745460e-01
-5.992496640353933701e-01
-6.998111782569863548e-01
-7.991905266250356465e-01
-8.994605954155766581e-01
-9.989546094888102079e-01
-1.099892433017670923e+00
-1.197927182599107576e+00
-1.300924909114320460e+00
-1.397201251005771194e+00
-1.503399655362307463e+00
-1.597831506298224902e+00
-1.705465438458872107e+00
-1.801791182291011761e+00
-1.913615251504253489e+00
-1.996259507140722755e+00
-1.999986971360971477e+00
2.000165000555002681e+00
1.900174794680485002e+00
1.800165614107669398e+00
1.700162674989703193e+00
1.600167779886418229e+00
1.500171957262902867e+00
1.400180391084757447e+00
1.300134426277762767e+00
1.200207331882451545e+00
1.100229204074653522e+00
1.000208411336593217e+00
9.001775272936395345e-01
8.002227183320563819e-01
6.999954648738838658e-01
6.001688703621029797e-01
5.001527374126514269e-01
3.999124313178221701e-01
3.003084677900619281e-01
2.001498110670014152e-01
1.005910831352020141e-01
1.737143184982659324e-05
-9.986783631112927662e-02
-1.992595584024062783e-01
-2.995515707649752390e-01
-3.999500076068530086e-01
-4.998431439764033923e-01
-5.990546728768783025e-01
-6.990764195204776099e-01
-7.994668606554582446e-01
-8.986413534735363529e-01
-9.997308208581339173e-01
-1.101715368132206274e+00
-1.201117424530655509e+00
-1.300711340446427888e+00
-1.401091363702023918e+00
-1.504172700104405180e+00
-1.602905081494826023e+00
-1.703494957935172804e+00
-1.799316359924611808e+00
-1.916551132813145930e+00
-1.996625645980250052e+00
-2.008083590506841709e+00
2.000169341828431868e+00
1.900170422463674402e+00
1.800165614107669398e+00
1.700165273602613381e+00
1.600171051305258052e+00
1.500170584444664001e+00
1.400194216780470180e+00
1.300154009430124713e+00
1.200174463777927025e+00
1.100136100700128017e+00
1.000173683058464880e+00
9.001726085775818564e-01
8.002571148435841941e-01
7.002198408822437603e-01
6.000881677649447798e-01
5.001870579771285907e-01
4.002305071377569301e-01
3.001344262777628780e-01
2.000457064122696804e-01
1.004704902828476576e-01
3.559755451255062239e-04
-9.941605137606654430e-02
-2.000979882350568118e-01
-2.995706151996373467e-01
-3.995128278106434561e-01
-4.994369662898611728e-01
-5.996692781025557695e-01
-7.001332986758938004e-01
-7.996858639539662361e-01
-8.996880541228902128e-01
-1.000844219886946052e+00
-1.100748171952640186e+00
-1.200377595292555499e+00
-1.302925042355119967e+00
-1.401730521455769152e+00
-1.500627757539537921e+00
-1.598007017056191525e+00
-1.701029090823047429e+00
-1.803688378221734778e+00
-1.899932877632937833e+00
-1.991455183023165709e+00
-1.979555844633425377e+00
2.000169341828431868e+00
1.900165503667148093e+00
1.800163549958952336e+00
1.700160942572458200e+00
1.600173232237461107e+00
1.500178821289005038e+00
1.400170021524124175e+00
1.300184470356504640e+00
1.200158028792800868e+00
1.100149895052151772e+00
1.000182365388348149e+00
9.002141426511480748e-01
8.002041430830325597e-01
7.000985709486786668e-01
6.002473774165751896e-01
5.002007854435346346e-01
4.001907603978047678e-01
3.001474818107859877e-01
2.002073318824516557e-01
1.002671293576021111e-01
-1.337833041127885843e-04
-9.948867673901660991e-02
-1.992719270597770598e-01
-2.995524364029790165e-01
-4.005721936007624051e-01
-5.000697256004794644e-01
-6.004716444240952855e-01
-7.007041253820242011e-01
-7.996338406699076140e-01
-9.007822084694869780e-01
-1.000505813217371420e+00
-1.097854544138832544e+00
-1.198378854137372107e+00
-1.302012611968213829e+00
-1.401602395643986698e+00
-1.498327404742409108e+00
-1.607813246712936683e+00
-1.697182224364557790e+00
-1.801164284334890064e+00
-1.886173588873387263e+00
-1.991940904362297760e+00
-2.003546120876099401e+00
2.000165000555002681e+00
1.900178073814207114e+00
1.800173182569031027e+00
1.700181731123307616e+00
1.600165598926834409e+00
1.500160974595483587e+00
1.400151010019888176e+00
1.300173591699485431e+00
1.200147071790513165e+00
1.100187827261185136e+00
1.000178024245103270e+00
9.001802598896003760e-01
8.001683662906980965e-01
7.001999202890486496e-01
6.001677798864182289e-01
5.001650931283129209e-01
4.003704558307344952e-01
3.003606666461227648e-01
2.001854200891609314e-01
1.005049488005596153e-01
4.037061738828112397e-04
-9.978749677645512572e-02
-2.002398353286073129e-01
-2.996866311579024500e-01
-3.991751597465358348e-01
-4.987311761874267946e-01
-5.998092396021952322e-01
-7.000288010081932022e-01
-8.008045018743079613e-01
-8.997328706423979305e-01
-1.000888171202652277e+00
-1.098530235612709349e+00
-1.200842858049753437e+00
-1.296666484461015623e+00
-1.394883584232800233e+00
-1.503466099768697717e+00
-1.595809652310842264e+00
-1.699935209860827134e+00
-1.796118945020257485e+00
-1.909213072050732318e+00
-2.005307676908968606e+00
-2.012427127364427193e+00
2.000165000555002681e+00
1.900170968993182941e+00
1.800174558638744537e+00
1.700170470781787291e+00
1.600181955856752936e+00
1.500166465963910012e+00
1.400170021524124175e+00
1.300171415935381214e+00
1.200190898141128226e+00
1.100187827261185136e+00
1.000143293536894573e+00
9.001840854950604598e-01
8.001222649242406559e-01
7.001947234622856175e-01
6.002571898006086037e-01
5.000044413995577974e-01
3.999937011012444366e-01
2.999929661748176324e-01
2.003196124746698115e-01
1.002912619043211107e-01
1.432935368946343943e-04
-9.937783237839879769e-02
-2.003004443292170922e-01
-3.002871192318997684e-01
-4.002533483709405093e-01
-4.995343594195564285e-01
-5.998075114074239433e-01
-7.000222707387353527e-01
-7.960076100892363726e-01
-8.967574626818444194e-01
-1.001421162807933918e+00
-1.099109847902371984e+00
-1.200009185241203591e+00
-1.303694296477633907e+00
-1.399281878048105998e+00
-1.515806967510801240e+00
-1.594317332742251292e+00
-1.694575537633376650e+00
-1.846529660179431209e+00
-1.904875998954167482e+00
-1.993884958149496400e+00
-2.002447619258796330e+00
2.000169341828431868e+00
1.900172608577581856e+00
1.800171118456285857e+00
1.700164407400037714e+00
1.600175413158711812e+00
1.500198039984965703e+00
1.400180391084757447e+00
1.300167064374471604e+00
1.200185420089161070e+00
1.100132652043660730e+00
1.000147635027314408e+00
9.001775272936395345e-01
8.001250173819917100e-01
6.999859328241945233e-01
6.001721417727285957e-01
5.001650931283129209e-01
4.001942167804701800e-01
3.001648885776658227e-01
2.002237650019444148e-01
9.998433390322389314e-02
3.776719357750356353e-04
-9.979077565022789753e-02
-1.995895098760522568e-01
-3.002498353396639841e-01
-3.995705844461950873e-01
-5.005039940074944571e-01
-5.991254117618393105e-01
-6.999243284781266894e-01
-8.001625777918427440e-01
-8.999708203865205425e-01
-1.000509726440309555e+00
-1.100048791322826292e+00
-1.198242412155501535e+00
-1.299286766546292604e+00
-1.400362515588734702e+00
-1.501178244802373163e+00
-1.605762016606867126e+00
-1.696823389036460572e+00
-1.796929018648884657e+00
-1.896213377588579885e+00
-1.996940341206901337e+00
-2.000457553033416769e+00
2.000169341828431868e+00
1.900172062050136557e+00
1.800178686821724439e+00
1.700180864953555915e+00
1.600173232237461107e+00
1.500171957262902867e+00
1.400170021524124175e+00
1.300182294646900605e+00
1.200138853857380505e+00
1.100191275479545316e+00
1.000191047544659151e+00
9.001873645586334627e-01
8.001945111596382443e-01
7.002380284519714726e-01
6.001514224225684702e-01
5.000607449231236901e-01
4.001752063353897770e-01
3.002366841173350620e-01
2.001005014465222775e-01
9.968409335691136297e-02
7.816597201616296085e-05
-1.001893431513480870e-01
-1.994684985606084704e-01
-3.002827837311354831e-01
-3.998398535200421433e-01
-4.991531419064013098e-01
-5.992565679819147340e-01
-7.002247547653592807e-01
-7.991686462941818281e-01
-8.998638992998719832e-01
-1.000294551522983966e+00
-1.100680811667930303e+00
-1.198691666857715887e+00
-1.299946480795532100e+00
-1.397427843301567219e+00
-1.498166001216016063e+00
-1.606273916576987260e+00
-1.700222577015586101e+00
-1.809256617733971062e+00
-1.911874547212915276e+00
-1.979899869828316339e+00
-1.998530231558676151e+00
2.000169341828431868e+00
1.900171515522003585e+00
1.800170430416523804e+00
1.700168738395639867e+00
1.600173232237461107e+00
1.500171957262902867e+00
1.400192488592576057e+00
1.300177943194993135e+00
1.200185420089161070e+00
1.100156792063862632e+00
1.000173683058464880e+00
9.001879110668219441e-01
8.001773107650911321e-01
7.002484210069961357e-01
6.002168485817230836e-01
5.002227484872979746e-01
4.001302692478745926e-01
3.000560848367100353e-01
2.001744637779269975e-01
9.971516235102365067e-02
7.382378707942974954e-05
-9.991921768252637337e-02
-2.001992044847070440e-01
-2.995654211800883315e-01
-3.996000105913461442e-01
-4.994451958503692279e-01
-5.996986489986007030e-01
-7.000592768973851188e-01
-7.997598025003463951e-01
-9.000812181582625859e-01
-1.000447119104130200e+00
-1.100263739181249756e+00
-1.198600406537528196e+00
-1.297647023065691352e+00
-1.402624072033978209e+00
-1.503896850633191784e+00
-1.603825071754384934e+00
-1.704798080788133552e+00
-1.793870632352802419e+00
-1.900809856890301575e+00
-1.990009758234362547e+00
-1.997734558837878316e+00
2.000160659238177541e+00
1.900171515522003585e+00
1.800179374848406066e+00
1.700172203161024465e+00
1.600175413158711812e+00
1.500174702886361899e+00
1.400173478071845556e+00
1.300151833567913195e+00
1.200223765001944498e+00
1.100122305909944975e+00
1.000178024245103270e+00
9.001687828710223105e-01
8.001270817138571578e-01
7.001193624852389830e-01
6.002626410292770665e-01
5.000071880822585246e-01
4.000645836010207623e-01
3.001191943265160145e-01
2.002429361888238557e-01
1.000498760718278729e-01
1.563178779550315116e-04
-9.952308246611427101e-02
-1.996053263461787797e-01
-2.996511304470977910e-01
-4.004127417250956111e-01
-4.995919825399455227e-01
-6.004647211347033942e-01
-6.994784263647646494e-01
-7.998556675032528762e-01
-9.028781029802697145e-01
-1.000205035387617292e+00
-1.096018995366724758e+00
-1.203956024013002057e+00
-1.303954806910526010e+00
-1.399339603975872759e+00
-1.497108788058756357e+00
-1.601599882991504575e+00
-1.703010306844034982e+00
-1.801488618545276976e+00
-1.875942689301525412e+00
-1.988163225693860614e+00
-2.018331315965120165e+00
