-1.294085383415222168e-01
-7.104361057281494141e-02
-2.107459306716918945e-02
2.123504877090454102e-02
5.663448572158813477e-02
8.588862419128417969e-02
1.097681820392608643e-01
1.290009021759033203e-01
1.443026661872863770e-01
1.563335657119750977e-01
1.657015085220336914e-01
1.729817092418670654e-01
1.787063181400299072e-01
1.833492219448089600e-01
1.873266994953155518e-01
1.910262107849121094e-01
1.947751045227050781e-01
1.988598108291625977e-01
2.035472095012664795e-01
2.090504169464111328e-01
2.155643105506896973e-01
2.232092022895812988e-01
2.321615517139434814e-01
2.425131201744079590e-01
2.545238733291625977e-01
2.678476572036743164e-01
2.830255627632141113e-01
2.998960912227630615e-01
3.185489177703857422e-01
3.386827409267425537e-01
3.604769408702850342e-01
3.849173486232757568e-01
4.099354147911071777e-01
4.381808340549468994e-01
4.670164883136749268e-01
4.948329925537109375e-01
5.258442759513854980e-01
5.599679946899414062e-01
6.054247021675109863e-01
6.284595727920532227e-01
6.599369049072265625e-01
6.605623364448547363e-01
