-3.586075007915496826e-01
-3.318791687488555908e-01
-3.053058385848999023e-01
-2.788784503936767578e-01
-2.525842189788818359e-01
-2.264397442340850830e-01
-2.008621990680694580e-01
-1.756319403648376465e-01
-1.511009633541107178e-01
-1.270981729030609131e-01
-1.039707362651824951e-01
-8.128920197486877441e-02
-5.942055583000183105e-02
-3.823325037956237793e-02
-1.696017570793628693e-02
2.506522461771965027e-03
2.163511328399181366e-02
4.196333885192871094e-02
6.041514873504638672e-02
7.783898711204528809e-02
9.854486584663391113e-02
1.156669557094573975e-01
1.320364177227020264e-01
1.503581404685974121e-01
1.693080067634582520e-01
1.823714226484298706e-01
1.999256908893585205e-01
2.153459489345550537e-01
2.272162735462188721e-01
2.433755099773406982e-01
2.586221992969512939e-01
2.754483222961425781e-01
2.916132807731628418e-01
3.126873075962066650e-01
3.395039141178131104e-01
3.684856295585632324e-01
4.028507769107818604e-01
4.435392022132873535e-01
4.834700226783752441e-01
5.395883917808532715e-01
5.969797968864440918e-01
5.917293429374694824e-01
