1.784515380859375000e-02
6.909605860710144043e-02
1.107820570468902588e-01
1.440839469432830811e-01
1.703127026557922363e-01
1.908090412616729736e-01
2.068344950675964355e-01
2.195440828800201416e-01
2.298988699913024902e-01
2.386990487575531006e-01
2.465499043464660645e-01
2.539351880550384521e-01
2.611805200576782227e-01
2.685418426990509033e-01
2.762267589569091797e-01
2.843696773052215576e-01
2.931330800056457520e-01
3.026663362979888916e-01
3.131146728992462158e-01
3.246373236179351807e-01
3.373639583587646484e-01
3.514643907546997070e-01
3.671503067016601562e-01
3.847624361515045166e-01
4.041961431503295898e-01
4.255011081695556641e-01
4.494046568870544434e-01
4.754101336002349854e-01
5.040514469146728516e-01
5.359494090080261230e-01
5.694776773452758789e-01
6.051816940307617188e-01
6.444281339645385742e-01
6.875851154327392578e-01
7.316681742668151855e-01
7.765718102455139160e-01
8.258380889892578125e-01
8.808522224426269531e-01
9.225249290466308594e-01
9.861339330673217773e-01
1.048821091651916504e+00
1.044827699661254883e+00
