2.000169341828431868e+00
1.900176434250441027e+00
1.800170430416523804e+00
1.700182597291331810e+00
1.600163417956298240e+00
1.500184312431777744e+00
1.400161380034459668e+00
1.300162712769959539e+00
1.200163507190282086e+00
1.100187827261185136e+00
1.000134610425851944e+00
9.001720620501366676e-01
8.001277698222983847e-01
7.002674733786591332e-01
6.002103064093280427e-01
5.002927482775263446e-01
4.003980946838984756e-01
3.003628414623121801e-01
2.002867528669438901e-01
1.002188602408542878e-01
8.243766056055041496e-04
-1.000099698470825471e-01
-1.997160577684600202e-01
-2.998702421197363965e-01
-4.004880918225359743e-01
-4.992271651692195555e-01
-6.000184019452519113e-01
-7.000984633261764234e-01
-7.975825272155031564e-01
-8.995949884341111202e-01
-1.001261283744182329e+00
-1.099409499309022653e+00
-1.200811825020806634e+00
-1.295323670139970629e+00
-1.401670286665223752e+00
-1.500303297040766148e+00
-1.609672624018192444e+00
-1.688381744731820566e+00
-1.796325397484361819e+00
-1.907317945393037339e+00
-1.982820528492600598e+00
-1.993491172224709951e+00
2.000173683058465102e+00
1.900169875933478192e+00
1.800173870604432791e+00
1.700165273602613381e+00
1.600179774968357727e+00
1.500185685206622876e+00
1.400173478071845556e+00
1.300156185281435173e+00
1.200177202881648419e+00
1.100174034113956090e+00
1.000156317877955114e+00
9.001507469432996622e-01
8.001511648606219884e-01
7.002016525508174549e-01
5.999354461394643678e-01
5.000868343249971204e-01
4.001268123562358725e-01
3.003171680351046091e-01
1.999689817477761367e-01
9.988427678213884775e-02
3.908474458413416355e-05
-1.000859757082022405e-01
-1.996974859321463125e-01
-2.996788380703510613e-01
-3.997199154987747804e-01
-4.999145387623447623e-01
-6.008248786103544958e-01
-6.990981401091361791e-01
-7.987066817343028147e-01
-8.993262439722795598e-01
-1.000406689995684939e+00
-1.099672751787350355e+00
-1.199789665079016521e+00
-1.299635545685814186e+00
-1.400085284506334293e+00
-1.497424043577187058e+00
-1.608694311857091330e+00
-1.700287914259550170e+00
-1.811482111530648975e+00
-1.895096548010963833e+00
-2.012984323440368151e+00
-2.002283432670106222e+00
2.000173683058465102e+00
1.900173155104339262e+00
1.800164926059187209e+00
1.700175667898767840e+00
1.600166689407995557e+00
1.500148618762647157e+00
1.400166564948891912e+00
1.300180118926396844e+00
1.200168985518656806e+00
1.100136100700128017e+00
1.000165000555002903e+00
9.001179524283438038e-01
8.001374032260010205e-01
7.002302338724961661e-01
6.002048545237160804e-01
5.002337295926774230e-01
4.005172670932677370e-01
3.000495557453485285e-01
2.001607680001798450e-01
1.004498138597928053e-01
3.299384455122228140e-04
-9.942205752436082677e-02
-2.000842191396043634e-01
-2.991846956217192877e-01
-3.994681534178418092e-01
-5.012512367448203054e-01
-5.994050293844626065e-01
-7.000527461696639531e-01
-8.013346670261044524e-01
-8.988821466056216014e-01
-9.996310064904168069e-01
-1.097904055515628086e+00
-1.203863650855512946e+00
-1.304002904781879746e+00
-1.406495732668307852e+00
-1.492874410637843319e+00
-1.607859018070269430e+00
-1.696594408235500673e+00
-1.796010325235807281e+00
-1.952947205396826202e+00
-1.990774383829164496e+00
-2.005079127000403805e+00
2.000165000555002681e+00
1.900163864055925744e+00
1.800171806494957671e+00
1.700185195785039349e+00
1.600172141772728596e+00
1.500165093128313032e+00
1.400157923390448422e+00
1.300175767452689257e+00
1.200204592968748374e+00
1.100201619970359257e+00
1.000086850211648892e+00
9.002026665279603268e-01
8.000217882759229626e-01
7.003410769625317833e-01
6.002288423084952695e-01
5.001252790081391897e-01
4.001665649488918564e-01
3.000887288212440995e-01
2.000046055991174798e-01
1.004635982512053077e-01
-9.381774077190591977e-05
-1.003802821089992414e-01
-2.004733642126836357e-01
-2.996156326380049473e-01
-4.005929484930219608e-01
-4.982330174317090576e-01
-5.978968843692848978e-01
-6.991567911252755119e-01
-8.008539199723987423e-01
-9.009896145426622427e-01
-9.991409471078197546e-01
-1.097739764746867186e+00
-1.197892932299649882e+00
-1.294915810258901789e+00
-1.403859428311015956e+00
-1.496647917098567149e+00
-1.600066817504431915e+00
-1.701815247164137679e+00
-1.789090514101312923e+00
-1.897549142426641078e+00
-2.019283243617473467e+00
-1.989767907174984085e+00
2.000165000555002681e+00
1.900164410593687681e+00
1.800162861907199874e+00
1.700170470781787291e+00
1.600176503615230450e+00
1.500188430743295331e+00
1.400187303987631138e+00
1.300201875640955684e+00
1.200179941968094521e+00
1.100180930742329366e+00
1.000112901888685180e+00
9.001622244385134586e-01
8.001353389431963281e-01
7.000795111657118763e-01
6.002037641383808353e-01
5.000538790305555370e-01
4.005483501705116578e-01
3.003062927015677785e-01
2.002073318824516557e-01
1.000360785425180726e-01
-2.797757438077282566e-04
-1.002352921355457449e-01
-1.994822481484619658e-01
-2.996277535148909599e-01
-3.999870954672667400e-01
-5.014358371472019682e-01
-6.002432341280077299e-01
-6.997915975572090996e-01
-7.996612205689132002e-01
-8.986379145387097811e-01
-9.990282682941882264e-01
-1.099802798399192927e+00
-1.197969656722098319e+00
-1.299593123335527567e+00
-1.398296276236870916e+00
-1.501430325551104339e+00
-1.597893443172798911e+00
-1.693761598319595940e+00
-1.796809315340578861e+00
-1.895796365162066177e+00
-2.024403236875367718e+00
-2.009597204719768992e+00
2.000169341828431868e+00
1.900170422463674402e+00
1.800168366290697985e+00
1.700179132608869992e+00
1.600162327466922996e+00
1.500165093128313032e+00
1.400178662841845778e+00
1.300171415935381214e+00
1.200207331882451545e+00
1.100184379015446634e+00
1.000191047544659151e+00
9.001627709783386333e-01
8.001773107650911321e-01
7.000673817773817031e-01
6.002342938929885463e-01
5.001115491548306924e-01
4.000282793756633204e-01
3.002323332103561948e-01
2.001525503262119865e-01
9.991878184173742794e-02
-2.610894488643985514e-04
-1.000045023123902477e-01
-1.996685979874778805e-01
-2.997212687945802201e-01
-3.996272587998961345e-01
-4.988379988750383243e-01
-6.008889763865616906e-01
-6.992610791598522502e-01
-7.992206138800204140e-01
-8.997983800296407431e-01
-9.992796688696039542e-01
-1.100453616224514874e+00
-1.199704364297439430e+00
-1.300483129070432176e+00
-1.399614179446435180e+00
-1.497313473379138227e+00
-1.597767858158152920e+00
-1.701483140888210066e+00
-1.798160612227920563e+00
-1.896524688775669487e+00
-1.994090553505441177e+00
-1.990404646698925362e+00
2.000178024245103270e+00
1.900172608577581856e+00
1.800167678246576086e+00
1.700164407400037714e+00
1.600165598926834409e+00
1.500171957262902867e+00
1.400182119320791729e+00
1.300197524385238168e+00
1.200133375148899839e+00
1.100153343571698583e+00
1.000108560051034656e+00
9.002075849036025312e-01
8.001642380096148921e-01
7.001990541555732639e-01
6.001917697190057854e-01
5.002447104204073014e-01
4.001423681519251652e-01
3.002497365767446413e-01
2.000731047935837281e-01
1.000602239311525338e-01
2.474773303442276287e-04
-1.000433232993737237e-01
-2.005870741639654287e-01
-2.995645555162028684e-01
-3.981974044135860313e-01
-5.013848575520247763e-01
-5.976715435774563323e-01
-7.004927012995123548e-01
-7.974217818446373007e-01
-8.978545474343824218e-01
-9.975229132968712609e-01
-1.099232085074624443e+00
-1.200280469974121411e+00
-1.299638143107190835e+00
-1.402413401268928439e+00
-1.495382358543364987e+00
-1.603251591447068414e+00
-1.703554205793603726e+00
-1.792478730834260459e+00
-1.915173583302566707e+00
-2.012611736756329428e+00
-1.996048579045811122e+00
2.000169341828431868e+00
1.900170968993182941e+00
1.800168366290697985e+00
1.700179132608869992e+00
1.600164508442935452e+00
1.500165093128313032e+00
1.400182119320791729e+00
1.300145305915870075e+00
1.200190898141128226e+00
1.100222308212827960e+00
1.000243136837903446e+00
9.001179524283438038e-01
8.000637710726775653e-01
7.000890411617542997e-01
6.000401753265567351e-01
5.000277876488218309e-01
4.001510100198880648e-01
3.002018756409556843e-01
2.000402265285826375e-01
1.000809189101611457e-01
6.769714911887862122e-04
-1.004481431017340692e-01
-2.005140207151632770e-01
-2.995048288747920173e-01
-4.008945525194891335e-01
-4.989955418055281311e-01
-6.005668508468701150e-01
-6.994066897615316414e-01
-7.993355116668107163e-01
-8.993090224337036975e-01
-9.983311766721925107e-01
-1.102468573979223265e+00
-1.201320356527246114e+00
-1.299654593803333702e+00
-1.400763394596901135e+00
-1.496286925085033248e+00
-1.602456248616259460e+00
-1.696570652989781935e+00
-1.809917742539796093e+00
-1.885929718625643847e+00
-2.000372349945741757e+00
-1.988632584720059882e+00
2.000169341828431868e+00
1.900167689805815296e+00
1.800164238009614781e+00
1.700161808781944561e+00
1.600175413158711812e+00
1.500182939652593639e+00
1.400171749801423671e+00
1.300162712769959539e+00
1.200190898141128226e+00
1.100136100700128017e+00
1.000151976474334292e+00
9.001250581167360432e-01
8.002185905675985866e-01
7.001254264959093643e-01
6.001710513052581630e-01
5.000607449231236901e-01
4.002495151623530756e-01
3.001757674526893682e-01
2.002429361888238557e-01
9.976003586339891871e-02
-1.272669287133155721e-04
-1.000334810306467148e-01
-1.994018192341873164e-01
-3.000002024454175853e-01
-4.002948286812157419e-01
-4.995467065874534263e-01
-5.991789049106894804e-01
-7.003423694726056414e-01
-7.999159363378479659e-01
-8.997742438425724298e-01
-1.001038335489378817e+00
-1.100186061267066417e+00
-1.197832658332313782e+00
-1.303053302231430788e+00
-1.396289572460043926e+00
-1.504151901323933282e+00
-1.599702104528727853e+00
-1.709295532987772592e+00
-1.794484376886302357e+00
-1.898201391000443161e+00
-2.026910957428564419e+00
-1.993957762040745596e+00
2.000169341828431868e+00
1.900174794680485002e+00
1.800177998793952794e+00
1.700168738395639867e+00
1.600176503615230450e+00
1.500158228885231981e+00
1.400168293239946848e+00
1.300186646055208950e+00
1.200138853857380505e+00
1.100180930742329366e+00
1.000134610425851944e+00
9.001742481557908349e-01
8.002660574903696089e-01
7.001851957850393493e-01
6.001721417727285957e-01
5.001170411482411815e-01
4.002927121245288822e-01
3.001605369513523081e-01
2.002922296408889968e-01
9.989117801337847602e-02
4.340774793185928982e-04
-9.961156685376858222e-02
-1.997621468672446388e-01
-3.000773306255080652e-01
-4.000503703046023873e-01
-4.999351355934365526e-01
-5.997124712840790073e-01
-7.002138661256936958e-01
-8.002064398294155279e-01
-9.001640349074084835e-01
-9.993360372447721574e-01
-1.100833071745496605e+00
-1.200479565806039428e+00
-1.299393188051924941e+00
-1.397817337807343963e+00
-1.498837998875038435e+00
-1.594750995546706518e+00
-1.700131121384673483e+00
-1.796847399178140403e+00
-1.903270691085473310e+00
-2.001757231360578704e+00
-1.988624123311588443e+00
2.000165000555002681e+00
1.900171515522003585e+00
1.800175934704097758e+00
1.700168738395639867e+00
1.600168870362102869e+00
1.500139008427403553e+00
1.400176934592056499e+00
1.300136602227188298e+00
1.200212809658039115e+00
1.100132652043660730e+00
1.000186706488199739e+00
9.002053989657492483e-01
8.002351013900406151e-01
7.002155103962329763e-01
6.001012556913907225e-01
5.000209212351983679e-01
4.003065342450383146e-01
3.001909974199187259e-01
2.002949680019619483e-01
9.987047399065517028e-02
4.254001802063994849e-04
-1.000684767773172001e-01
-1.996307714416202528e-01
-2.998104734266642812e-01
-4.003046535455425103e-01
-4.995508223880947840e-01
-6.010553282591550861e-01
-7.002966266348094049e-01
-7.979723774380824697e-01
-9.015362581906434247e-01
-9.995572453949400638e-01
-1.102744691937947108e+00
-1.195165026554658727e+00
-1.297766836644328681e+00
-1.401332031887918550e+00
-1.505685358983859246e+00
-1.600991205928087968e+00
-1.702521817365977297e+00
-1.807061965623924849e+00
-1.904478472181350357e+00
-2.002605314278447235e+00
-2.006932525186205574e+00
2.000173683058465102e+00
1.900179166853279256e+00
1.800179374848406066e+00
1.700185195785039349e+00
1.600169960835049698e+00
1.500210394411850778e+00
1.400163108346148322e+00
1.300177943194993135e+00
1.200160768000179790e+00
1.100180930742329366e+00
1.000186706488199739e+00
9.001966551043095732e-01
8.001215768070772949e-01
7.002207069742644174e-01
6.002310229505044559e-01
5.002460830043520268e-01
4.002322351743708984e-01
3.000669664375240075e-01
2.002347200695013540e-01
1.000464267305953003e-01
5.859021555382622985e-04
-9.932433143149098365e-02
-1.996988615964897518e-01
-2.995325271654020738e-01
-4.006508489617197633e-01
-4.992751499497712353e-01
-5.995518143775864228e-01
-7.007084857246101972e-01
-7.997570638111761721e-01
-8.984110050267706260e-01
-1.000591912268171235e+00
-1.101266044873230765e+00
-1.196330568987556520e+00
-1.302055271327936303e+00
-1.398346263966577796e+00
-1.502883673088765581e+00
-1.596620352718680413e+00
-1.698915720918423800e+00
-1.798381687656406269e+00
-1.904813207373009298e+00
-2.005032552734727247e+00
-1.994493459896161003e+00
2.000165000555002681e+00
1.900178073814207114e+00
1.800173182569031027e+00
1.700170470781787291e+00
1.600180865413924236e+00
1.500170584444664001e+00
1.400185575772228574e+00
1.300175767452689257e+00
1.200158028792800868e+00
1.100167137376062199e+00
1.000169341828431646e+00
9.001469210441549462e-01
8.001628619071998738e-01
7.001609425724582003e-01
6.001972217688784639e-01
5.001788212890049268e-01
4.001561950581255522e-01
3.000256149038671438e-01
2.000210463911457348e-01
1.002809195484997695e-01
1.172436829288385637e-04
-1.000121568802329469e-01
-1.996837295283706015e-01
-3.000010689780993611e-01
-3.997853321314585595e-01
-5.002249679114892933e-01
-5.999734494726730594e-01
-6.998090025800812741e-01
-8.004806779746593826e-01
-9.005127285707134055e-01
-9.998653895741481668e-01
-1.100360035318268981e+00
-1.199583320979319412e+00
-1.299317911604799702e+00
-1.400035096223924524e+00
-1.504364095634999510e+00
-1.599406755978369565e+00
-1.704648451541945997e+00
-1.799718723976068135e+00
-1.890020076521262693e+00
-1.998283590104681373e+00
-1.989089745760008521e+00
2.000178024245103270e+00
1.900180259889600265e+00
1.800177310765091132e+00
1.700162674989703193e+00
1.600171051305258052e+00
1.500174702886361899e+00
1.400175206335389833e+00
1.300145305915870075e+00
1.200168985518656806e+00
1.100225756157427570e+00
1.000195388557727494e+00
9.001911901015108297e-01
8.001546052011424548e-01
7.001704707817872908e-01
6.001285209380897712e-01
5.002845135936657694e-01
4.004343680095236446e-01
3.001431300100523836e-01
2.003059212735948114e-01
1.004119045273273031e-01
1.476350273144409026e-04
-9.973394534209524542e-02
-1.994031939622988858e-01
-2.998815038089116536e-01
-4.003581483731148971e-01
-4.992929742186825726e-01
-5.997297497595897031e-01
-6.995784426169278092e-01
-8.028849189127337249e-01
-9.000846685408595560e-01
-9.999305184412720093e-01
-1.105503941831667669e+00
-1.191443350103508880e+00
-1.299362902855064617e+00
-1.400630091302283997e+00
-1.499112023322588749e+00
-1.613411866092211211e+00
-1.709595838813325441e+00
-1.799628364897238875e+00
-1.896422034054802142e+00
-2.005891904608976262e+00
-1.997639521550592656e+00
2.000173683058465102e+00
1.900171515522003585e+00
1.800176622735139453e+00
1.700170470781787291e+00
1.600180865413924236e+00
1.500155483157621372e+00
1.400163108346148322e+00
1.300156185281435173e+00
1.200166246363107536e+00
1.100184379015446634e+00
1.000121585433766391e+00
9.001059271523609295e-01
8.001085023738128132e-01
7.000829766430142209e-01
6.001088901330101644e-01
5.002117671042550784e-01
4.000974276662905837e-01
3.001757674526893682e-01
2.002703221306995351e-01
1.004670442806981506e-01
4.557699686167853239e-04
-9.986565000463015762e-02
-1.998309456662699934e-01
-3.001952158816833527e-01
-4.001354785893124766e-01
-5.005672465173344188e-01
-5.998973866557169021e-01
-6.998024756147618319e-01
-8.004367882327640960e-01
-8.979987457695537412e-01
-1.000524944864711996e+00
-1.100783225339332816e+00
-1.200435467510697851e+00
-1.304622531662987139e+00
-1.406700638453991514e+00
-1.501912855111163791e+00
-1.606437079980371774e+00
-1.710544834329715602e+00
-1.797296496209063177e+00
-1.894523878878178857e+00
-2.000912542165909969e+00
-1.991706497297714540e+00
2.000169341828431868e+00
1.900167143272180059e+00
1.800175934704097758e+00
1.700182597291331810e+00
1.600169960835049698e+00
1.500171957262902867e+00
1.400189032196156536e+00
1.300162712769959539e+00
1.200179941968094521e+00
1.100184379015446634e+00
1.000160659238177763e+00
9.001534797077680450e-01
8.001325865508603918e-01
7.002319660133581314e-01
6.001961313643794371e-01
5.001225330722017803e-01
4.002374192429583588e-01
3.000452029632419415e-01
2.002703221306995351e-01
1.003188403157989350e-01
4.340774793185928982e-04
-9.983176366123731882e-02
-2.001923182777200494e-01
-2.997489808931053101e-01
-4.001911353330787624e-01
-4.999159118540278945e-01
-5.997902298379383934e-01
-7.009112900175131777e-01
-7.999926542256561302e-01
-8.996673711351622638e-01
-9.996700615544877877e-01
-1.098933646817511045e+00
-1.200671859137453445e+00
-1.302270373146619864e+00
-1.399270987224000784e+00
-1.496111305424276283e+00
-1.597996690930295394e+00
-1.706878418483369186e+00
-1.805941004059539612e+00
-1.919344657260642517e+00
-1.995657127022684385e+00
-1.992247955866167430e+00
2.000169341828431868e+00
1.900170422463674402e+00
1.800171118456285857e+00
1.700179132608869992e+00
1.600169960835049698e+00
1.500156856023596497e+00
1.400182119320791729e+00
1.300175767452689257e+00
1.200127896371303349e+00
1.100167137376062199e+00
1.000212752176105280e+00
9.002376404334162530e-01
8.000974920194500184e-01
7.002518851367404151e-01
6.002571898006086037e-01
5.002790237176805155e-01
3.996062362189228834e-01
3.002105780216053899e-01
2.000511862268130325e-01
1.007874055642920263e-01
-6.123983945848345337e-05
-9.881749139669278315e-02
-1.997449488702858766e-01
-2.997966151943232127e-01
-3.983419169790602954e-01
-4.999008080842771151e-01
-6.008439337178276274e-01
-6.996589071896845979e-01
-7.990537926393008750e-01
-8.989475277848045787e-01
-1.000203731890876302e+00
-1.099623038372236739e+00
-1.201950463842673900e+00
-1.296257362143057978e+00
-1.398523440730447875e+00
-1.503402423676291066e+00
-1.602105160302907727e+00
-1.697954942408189005e+00
-1.803666270111447645e+00
-1.903093461361696326e+00
-2.003490079036779115e+00
-1.997212110934916129e+00
2.000169341828431868e+00
1.900175887727810098e+00
1.800164926059187209e+00
1.700166139803461318e+00
1.600168870362102869e+00
1.500152737412651316e+00
1.400145824919745818e+00
1.300177943194993135e+00
1.200199115089521706e+00
1.100174034113956090e+00
1.000125927141198856e+00
9.001879110668219441e-01
8.002935721717292505e-01
7.002977822474588665e-01
6.002375648108372319e-01
5.002968655609055793e-01
3.999798690205714213e-01
3.000386737082813560e-01
2.001772028816484472e-01
1.003222874941004650e-01
2.995598562438129089e-04
-1.001849673111503275e-01
-1.991977203988697653e-01
-2.997195368471338162e-01
-4.007371677649126940e-01
-5.014909569556175173e-01
-5.995604503341239733e-01
-6.993327917132254878e-01
-7.998200580319054787e-01
-9.005369058355892076e-01
-1.001552769574400203e+00
-1.100025279310424375e+00
-1.200672548514017501e+00
-1.299465015676666946e+00
-1.401324372209206803e+00
-1.497900773184712930e+00
-1.602741499517748025e+00
-1.696994123091753792e+00
-1.800755089398831998e+00
-1.906417235470255989e+00
-2.000395387907327294e+00
-1.994364832135033794e+00
2.000173683058465102e+00
1.900179713371783707e+00
1.800171118456285857e+00
1.700168738395639867e+00
1.600168870362102869e+00
1.500133516711781301e+00
1.400187303987631138e+00
1.300154009430124713e+00
1.200158028792800868e+00
1.100160240528644362e+00
1.000256158185086841e+00
9.001720620501366676e-01
8.001855670394910636e-01
7.001851957850393493e-01
6.001917697190057854e-01
5.002186305011963041e-01
4.000161772927796067e-01
3.000996096041774752e-01
2.002128096580391980e-01
1.003533108675991742e-01
4.080450618415704936e-04
-1.000641021547625520e-01
-1.995943235233747504e-01
-2.996909607114125462e-01
-3.991424961205659039e-01
-5.002016093270059693e-01
-5.992306787483463459e-01
-6.989678328690379638e-01
-7.993136240303831963e-01
-9.009412109319456796e-01
-9.987553600421696931e-01
-1.097939424240905071e+00
-1.201620096220527900e+00
-1.301047367790702181e+00
-1.399637068573496457e+00
-1.502474643086678885e+00
-1.604083297895412041e+00
-1.702263556264456357e+00
-1.803243668942013045e+00
-1.903740178001097849e+00
-2.006114275929430590e+00
-1.983229822651205287e+00
2.000173683058465102e+00
1.900175341204491497e+00
1.800173182569031027e+00
1.700183463457628497e+00
1.600174322699455587e+00
1.500176075691582289e+00
1.400154466718924740e+00
1.300184470356504640e+00
1.200171724656929895e+00
1.100180930742329366e+00
1.000230115100292361e+00
9.001179524283438038e-01
8.001628619071998738e-01
7.001453505062645855e-01
6.001492413808382498e-01
5.001527374126514269e-01
4.001561950581255522e-01
3.002279822597880843e-01
2.002265037947407733e-01
9.983941610579336046e-02
2.561581850868880185e-04
-9.975470940018751898e-02
-2.003128426668772111e-01
-2.998789049316438748e-01
-4.004258451508045935e-01
-4.991956351999543018e-01
-6.003747284145971586e-01
-6.984188002845349574e-01
-8.004450172215168413e-01
-9.006439927619080965e-01
-9.982965677423588646e-01
-1.100868679824398733e+00
-1.203736583053860665e+00
-1.292860073645905050e+00
-1.403064396583669771e+00
-1.498992801440108380e+00
-1.605676174674322887e+00
-1.698705165469702294e+00
-1.807050825226145463e+00
-1.916149940267453999e+00
-1.997350217858814281e+00
-1.984535456441669954e+00
2.000173683058465102e+00
1.900172062050136557e+00
1.800173870604432791e+00
1.700177400257274041e+00
1.600156874978973631e+00
1.500184312431777744e+00
1.400178662841845778e+00
1.300147481810785877e+00
1.200174463777927025e+00
1.100222308212827960e+00
1.000204070453693639e+00
9.001900970926987045e-01
8.001071260947827390e-01
6.999816000051735099e-01
6.002768139036018802e-01
5.002364748256389326e-01
3.996564185673561753e-01
3.002149291465393555e-01
2.001306357687412385e-01
9.971861432428429095e-02
1.302863902847818206e-05
-9.873462013434350371e-02
-2.006332557962324792e-01
-2.988933200009142310e-01
-3.987507241081382769e-01
-5.005246188137092433e-01
-6.013674098679542279e-01
-7.011556532153532251e-01
-7.997214624234748603e-01
-9.014185678987286510e-01
-1.000526684147171386e+00
-1.094312032288147885e+00
-1.195527304667366897e+00
-1.299491845909151566e+00
-1.406715040875042400e+00
-1.496725603664949666e+00
-1.594551183688424079e+00
-1.703530066801498100e+00
-1.776727364048855007e+00
-1.897542281859497137e+00
-1.978252680960774335e+00
-2.001211197508583339e+00
2.000169341828431868e+00
1.900168236338762640e+00
1.800164238009614781e+00
1.700173069348051680e+00
1.600157965482039923e+00
1.500166465963910012e+00
1.400178662841845778e+00
1.300149657694800398e+00
1.200229242570265642e+00
1.100177482441832666e+00
1.000026056887215464e+00
9.002414655334591842e-01
8.001779987939527938e-01
7.002103137560209412e-01
6.002397454090503404e-01
5.001733300768020918e-01
3.997827139879685521e-01
3.000517321200420473e-01
2.001141991249189289e-01
1.000705715439263593e-01
-7.036140549606287428e-05
-9.987002262863466095e-02
-2.002219297424858713e-01
-3.004605747622084433e-01
-3.994692429825043578e-01
-4.990763903654057976e-01
-5.991789049106894804e-01
-6.964238312168520295e-01
-8.005794461141948481e-01
-8.983766351376348824e-01
-1.000041259935658733e+00
-1.099754162964887261e+00
-1.195607019168830831e+00
-1.301991719116662338e+00
-1.397510269820603224e+00
-1.503442566212149556e+00
-1.604760998918448367e+00
-1.706542419233917585e+00
-1.805949338006593852e+00
-1.937854409494568886e+00
-1.988247757431770735e+00
-1.992090138394983168e+00
2.000173683058465102e+00
1.900175887727810098e+00
1.800178686821724439e+00
1.700174801716923367e+00
1.600169960835049698e+00
1.500173330076802092e+00
1.400180391084757447e+00
1.300186646055208950e+00
1.200155289568145101e+00
1.100156792063862632e+00
1.000186706488199739e+00
9.001655036671479815e-01
8.001855670394910636e-01
7.001635411957343180e-01
6.002822648859573729e-01
5.001115491548306924e-01
4.002322351743708984e-01
3.000887288212440995e-01
2.001470717905132202e-01
1.001119595297488146e-01
-9.121141873390599300e-05
-1.000673831175473705e-01
-1.991255871881213724e-01
-2.998511845417598520e-01
-3.992023813115823105e-01
-4.995617980471683262e-01
-5.998541750802542927e-01
-6.994001688396833671e-01
-7.995900364215807743e-01
-9.001847415625150450e-01
-9.999174918864609518e-01
-1.098046091992206819e+00
-1.199720872818630379e+00
-1.299299743382567707e+00
-1.403038030430758587e+00
-1.499261439471462953e+00
-1.604841415081847078e+00
-1.703593708856803390e+00
-1.807479936965233902e+00
-1.904140512006054831e+00
-2.001444256474470773e+00
-1.984233807760351631e+00
2.000165000555002681e+00
1.900174794680485002e+00
1.800168366290697985e+00
1.700171336972269742e+00
1.600173232237461107e+00
1.500151364533656606e+00
1.400156195058125608e+00
1.300182294646900605e+00
1.200177202881648419e+00
1.100194723670527397e+00
1.000143293536894573e+00
9.002004805653511799e-01
8.001442840978202353e-01
7.001799987820768179e-01
6.002615507890172175e-01
5.001705844446640015e-01
4.000075327413860071e-01
3.002366841173350620e-01
2.001196780753126125e-01
1.004463676935771904e-01
2.344557228783086214e-04
-9.937837834039960072e-02
-1.995152489354691250e-01
-3.002333620812602244e-01
-3.994354677489843630e-01
-4.993135415918685815e-01
-5.999509749810971737e-01
-6.992393504207158328e-01
-8.002365975501367634e-01
-8.999880681885976674e-01
-9.999478877888416939e-01
-1.099906645083102763e+00
-1.199434813909966646e+00
-1.301348015634248956e+00
-1.400950306633223619e+00
-1.498569622559394077e+00
-1.599752212805505724e+00
-1.694283288908635221e+00
-1.800107756473680709e+00
-1.906431240000324046e+00
-2.010576881585254938e+00
-2.020998251525278899e+00
2.000169341828431868e+00
1.900172062050136557e+00
1.800173870604432791e+00
1.700160942572458200e+00
1.600180865413924236e+00
1.500152737412651316e+00
1.400163108346148322e+00
1.300173591699485431e+00
1.200182681037265331e+00
1.100194723670527397e+00
1.000195388557727494e+00
9.001348965702749005e-01
8.001965751612061251e-01
7.001479492228379620e-01
6.001317926526685831e-01
5.001898035051226543e-01
4.001734780718455564e-01
3.000473793597485117e-01
2.001936371412000870e-01
1.000533253856646793e-01
-8.599882158118004032e-05
-9.988478055968706693e-02
-1.997153699085078560e-01
-2.995974519569383210e-01
-3.996534186885832840e-01
-5.001796259245087084e-01
-5.998507183399476306e-01
-6.995088636554455119e-01
-7.998063628587999130e-01
-8.969321250234928433e-01
-9.965394678904935244e-01
-1.101557311349897983e+00
-1.197348031014475289e+00
-1.301640173561760649e+00
-1.406935568341282528e+00
-1.506016651986671118e+00
-1.600781574656985118e+00
-1.705774135256849178e+00
-1.800305145613752433e+00
-1.909382241993722751e+00
-1.992115726521778152e+00
-1.993037904605000854e+00
2.000169341828431868e+00
1.900167143272180059e+00
1.800171806494957671e+00
1.700172203161024465e+00
1.600184136734196239e+00
1.500166465963910012e+00
1.400199401302891333e+00
1.300164888577665767e+00
1.200152550326212042e+00
1.100156792063862632e+00
1.000073823787079430e+00
9.001895505872610226e-01
8.001312103481511562e-01
7.001141646944150088e-01
6.002353842016753260e-01
5.001815668690701155e-01
4.000421099145990977e-01
3.002366841173350620e-01
2.002977063457687668e-01
1.000119318114023187e-01
-3.604793800811661683e-05
-9.936363760727887073e-02
-2.004010188328101405e-01
-3.000903311059184286e-01
-4.011547996429705165e-01
-4.992107144648774697e-01
-5.990425966577171968e-01
-6.998808056734839855e-01
-7.978442062353999775e-01
-8.984694400814697834e-01
-1.001712756000123550e+00
-1.102329481432695824e+00
-1.199247190097283422e+00
-1.300422408601090929e+00
-1.401411919446031051e+00
-1.488651484509786904e+00
-1.596991070793423395e+00
-1.691606350023740379e+00
-1.797653383049455877e+00
-1.904419223037394193e+00
-2.003083554441444925e+00
-1.976089393649079318e+00
