-8.949458889197434153e-02
-3.767423804509290736e-02
6.371899252066662994e-03
4.209094283142490733e-02
7.184520112940913361e-02
9.629809548643815387e-02
1.159897297482649636e-01
1.312785369917791878e-01
1.441194391633919270e-01
1.568397951317560546e-01
1.650750875123086214e-01
1.746586221895667368e-01
1.827056064434668392e-01
1.911826415338135077e-01
1.998593515658453612e-01
2.080891556378257068e-01
2.169519367650143693e-01
2.272180447711872053e-01
2.373778300924123119e-01
2.471333093462139696e-01
2.575825875813800847e-01
2.710605680353374569e-01
2.846404981747057139e-01
2.990778038427285845e-01
3.170306587792846020e-01
3.305476939877500242e-01
3.506142997999961985e-01
3.718525790917424634e-01
3.916336532000654902e-01
4.144886722369520715e-01
4.430798409029860774e-01
4.704031399576940053e-01
5.014906023974577964e-01
5.266274188935327061e-01
5.711997220209817927e-01
6.025840855566114707e-01
6.532607660371457792e-01
6.711580264459121592e-01
7.241201512126899109e-01
7.793677410736876698e-01
8.027798806032170331e-01
8.250266948264901590e-01
-9.568161278974202100e-02
-4.526653285824108058e-02
-2.323600248961727854e-03
3.333527908069611190e-02
6.363729624655942163e-02
8.735898167906014367e-02
1.071454992756819963e-01
1.227661821007544202e-01
1.362828821648758293e-01
1.472959568583030177e-01
1.574597903539249610e-01
1.670129265135399110e-01
1.758132216057858022e-01
1.843762400810427249e-01
1.941089962646337375e-01
2.030356081495560683e-01
2.119797327645153440e-01
2.214455372176470371e-01
2.344717257580175018e-01
2.450089890671556525e-01
2.571311629357911355e-01
2.705973255101362107e-01
2.846337331645897861e-01
3.008779659885696400e-01
3.190852293386985949e-01
3.389323629861131226e-01
3.607637659541544917e-01
3.833718721050360378e-01
4.065521020796326046e-01
4.341519728650810039e-01
4.646892114151426889e-01
4.941991347581262684e-01
5.277072164485365757e-01
5.648802002834413249e-01
6.008422611596981877e-01
6.425169489851900728e-01
6.947815130194189281e-01
7.378110321013170436e-01
7.990495436115926386e-01
8.305379873468545782e-01
8.975336254590436935e-01
8.986807628369375411e-01
-1.117042228695423745e-01
-6.246255012651145272e-02
-1.995115493504327070e-02
1.564890931412334096e-02
4.551856288449277615e-02
6.981974056784771843e-02
9.013102703427222639e-02
1.064832759209882740e-01
1.190908524217217240e-01
1.316860164683351930e-01
1.429366827105976179e-01
1.529912100386190410e-01
1.626420588413095003e-01
1.721035557986663744e-01
1.817378586559460496e-01
1.924280553312072428e-01
2.029648531018428403e-01
2.150794683204743374e-01
2.279046927699765468e-01
2.417854760067272846e-01
2.572152403125972375e-01
2.737834554534450127e-01
2.922316970025926608e-01
3.118936601907868478e-01
3.338118884562787936e-01
3.612006981434168762e-01
3.853112821206741700e-01
4.139264396645762067e-01
4.478817691179871607e-01
4.786847922635203978e-01
5.158553063564685903e-01
5.515024517228440670e-01
6.019079616525507825e-01
6.465095909805884666e-01
6.955490919734184097e-01
7.350037321622199249e-01
7.982596735241048735e-01
8.480757544176672491e-01
9.053937695623935911e-01
1.024945169158798519e+00
1.023964036986664716e+00
1.044198619042979059e+00
-1.289007269943055478e-01
-8.107681617148193576e-02
-3.910322351777442695e-02
-4.124474562544761143e-03
2.488775805681567657e-02
4.856997531402464791e-02
6.869409710247850742e-02
8.544399946555790437e-02
9.921087959032420800e-02
1.109262422664202830e-01
1.231392058263580253e-01
1.335101673432088354e-01
1.444621171503792934e-01
1.531835358105746170e-01
1.639659829548835157e-01
1.757842491321826017e-01
1.867868767332486191e-01
1.996701744344994978e-01
2.136505484610004280e-01
2.278918441629295688e-01
2.452041104428021312e-01
2.640264031479810369e-01
2.832333648887536137e-01
3.043849572566438844e-01
3.291577813940643193e-01
3.529134476062738002e-01
3.799306692474298530e-01
4.118502584925705090e-01
4.475580184347780488e-01
4.828421532655306492e-01
5.186915694714532288e-01
5.573194883824267309e-01
6.022000287185604872e-01
6.467682629113979953e-01
7.057850534044847191e-01
7.514561737868779012e-01
8.105248624561387505e-01
8.699963435363388120e-01
9.180161747773928349e-01
9.906762122794179337e-01
1.076869725569885583e+00
1.050588538677746264e+00
-1.288171706757554047e-01
-8.018318913444041907e-02
-3.830560001253891650e-02
-2.783609183540637806e-03
2.650466469757884261e-02
5.083585460315464405e-02
7.079491166491119758e-02
8.784527994948591878e-02
1.019703483571820779e-01
1.146276618874392111e-01
1.257869534583449522e-01
1.364954364918503915e-01
1.464939297078675096e-01
1.572753964540354599e-01
1.674118647549493466e-01
1.787554293840896147e-01
1.896446895973571412e-01
2.029294712547498325e-01
2.171969518421827949e-01
2.319255640795090112e-01
2.496287684271694673e-01
2.683368902638341158e-01
2.866113868872503523e-01
3.089036069777310045e-01
3.330742861649113595e-01
3.616013057164692568e-01
3.890668057078187081e-01
4.193029908004406447e-01
4.517511380719581582e-01
4.877236419024918446e-01
5.256549832700453395e-01
5.686885651733030178e-01
6.114694529466817574e-01
6.598696320817772909e-01
7.101342963405237185e-01
7.652757988434986114e-01
8.193175169825492876e-01
8.732583891808350929e-01
9.377665622236954768e-01
1.001084381292219883e+00
1.095883866701291121e+00
1.083348511115290735e+00
-1.487006704957799241e-01
-1.020036405635778992e-01
-6.210364437459852532e-02
-2.812045628213374546e-02
4.340774793185928982e-04
2.277879986303493406e-02
4.270936318397074161e-02
5.849814779619600530e-02
7.337004213825623622e-02
8.411493019471659449e-02
9.524259974528359596e-02
1.059153372446594854e-01
1.174403392301578697e-01
1.267773335758355102e-01
1.372021450257158715e-01
1.495116238827360333e-01
1.613140864699667554e-01
1.753610307624232922e-01
1.904941779659697076e-01
2.058563989829167162e-01
2.237710194887478077e-01
2.438810022183185988e-01
2.644730829893800483e-01
2.871206522324580290e-01
3.129407217462815693e-01
3.373893691986514232e-01
3.712286138788088441e-01
4.005915174208590779e-01
4.353808500467604148e-01
4.724697495929114921e-01
5.126403776538301926e-01
5.574999836548373278e-01
6.007050526024527715e-01
6.499673383248237846e-01
6.995966732217638873e-01
7.513907433563354887e-01
8.078149968666623604e-01
8.733200204301609926e-01
9.327785770582489588e-01
9.965440679132842039e-01
1.061399697036598644e+00
1.061286571036730964e+00
-1.693811819320681922e-01
-1.248287292732253029e-01
-8.687680101856710968e-02
-5.422377549716422829e-02
-2.768374130677501987e-02
-5.494122047591981292e-03
1.309856603633021560e-02
2.864037646272392032e-02
4.260307331880589660e-02
5.411490051058586576e-02
6.488832651236196847e-02
7.559440273624183637e-02
8.588612023569795750e-02
9.708716901930365684e-02
1.087543943636308796e-01
1.208995299829926373e-01
1.338006834865006767e-01
1.493792484694484723e-01
1.635072410644519136e-01
1.812116871390338224e-01
2.012086159980682742e-01
2.227346747263931059e-01
2.443983598867082996e-01
2.672468431144741641e-01
2.918991828613479722e-01
3.248419435678842615e-01
3.511525022598790957e-01
3.869695677475782358e-01
4.200927855819925338e-01
4.590998435954770640e-01
5.016165003263617361e-01
5.471960809871907472e-01
5.948796152324062891e-01
6.464252933593344075e-01
7.014056339136689466e-01
7.493721901874124125e-01
8.165183644087745662e-01
8.768272731285675636e-01
9.300438599235137938e-01
1.020613995018092579e+00
1.087834636911612973e+00
1.072712996129165486e+00
-1.424455875405806204e-01
-9.513899313708362726e-02
-5.402011509654111587e-02
-1.854927239085232132e-02
1.026178454885442667e-02
3.408675461660522904e-02
5.371980311288835491e-02
7.060669690427971712e-02
8.497643083023348476e-02
9.776386463375377756e-02
1.089504412202922240e-01
1.199582444753423960e-01
1.315448857556127671e-01
1.434519990216309715e-01
1.547373311779717542e-01
1.662998355646926052e-01
1.801230066309220390e-01
1.942922815519725344e-01
2.085783955738575168e-01
2.260763744722112667e-01
2.431000863239834442e-01
2.647658933908458856e-01
2.852826940851422854e-01
3.072713447210472792e-01
3.349842314013231626e-01
3.586941981051912087e-01
3.897276450281236815e-01
4.228425303085295295e-01
4.554387514664135495e-01
4.897588548589438817e-01
5.287393485717279962e-01
5.757972774645863101e-01
6.206003039661992515e-01
6.642065228087700168e-01
7.159757817642636857e-01
7.656909020990653181e-01
8.292818967061628133e-01
8.836302102448594376e-01
9.589149035317722225e-01
9.995759216017237048e-01
1.079199341274056145e+00
1.069605204741334248e+00
-1.335419310703305773e-01
-8.429368110492599375e-02
-4.133149737630288645e-02
-4.733454108672428481e-03
2.486315097534710569e-02
5.046096135044360331e-02
7.057716561778112907e-02
8.903565272676906839e-02
1.039370665046898123e-01
1.173243360175672684e-01
1.294643097823772182e-01
1.423800792490517442e-01
1.530492220195978637e-01
1.658613397822492064e-01
1.782429161128757100e-01
1.902336206006870756e-01
2.041145539409714438e-01
2.186326460798376503e-01
2.339702747863747767e-01
2.519398104725182330e-01
2.708208609804957367e-01
2.915886064674467759e-01
3.111475442494031629e-01
3.357366423176229575e-01
3.620279619539355509e-01
3.886481675498388300e-01
4.171011808229144746e-01
4.517050936049650800e-01
4.862618293319460050e-01
5.227988277430284381e-01
5.650020095784500374e-01
6.055991460256163750e-01
6.488633056499597540e-01
7.029618773385677422e-01
7.482934857180515431e-01
8.086275066959276447e-01
8.616891044480095019e-01
9.296344866457859624e-01
9.789388423253384541e-01
1.045975885763282598e+00
1.144863640797205484e+00
1.113869850097998437e+00
-1.307764967288373714e-01
-8.023647282699512828e-02
-3.647566161287400105e-02
7.680217340681472216e-04
3.134786079334456882e-02
5.583303202094226647e-02
7.748781942148362523e-02
9.491463018345520919e-02
1.096426571306803877e-01
1.230018133060239854e-01
1.344384984105910785e-01
1.473578278980200440e-01
1.583323317089808391e-01
1.693363873360255456e-01
1.816349622037978506e-01
1.929603148858708150e-01
2.057725820984196707e-01
2.186247706030159110e-01
2.337649687567367462e-01
2.513875468203701224e-01
2.681917086233784331e-01
2.881172622993496968e-01
3.090016890186205178e-01
3.315305430750285498e-01
3.551199734665954066e-01
3.815338239671874354e-01
4.098536925634758687e-01
4.406588185852172712e-01
4.741652533394364877e-01
5.090895641858160792e-01
5.467819530251044613e-01
5.888082193289031485e-01
6.311392502568110574e-01
6.763817199366860544e-01
7.260275375347554627e-01
7.774173968642180688e-01
8.292098263825866677e-01
8.889692699816821309e-01
9.452045799131495452e-01
1.015686610851542104e+00
1.082041767484964279e+00
1.068367707683757439e+00
-1.345057504785700520e-01
-8.390468984444651723e-02
-4.013089669466096687e-02
-3.066496605084137461e-03
2.775720469055348305e-02
5.344340492183121544e-02
7.471772613585024592e-02
9.278378468755635322e-02
1.080404418950467876e-01
1.220322885984142930e-01
1.346933623324039209e-01
1.473640145172299132e-01
1.587242534505309000e-01
1.702998612079343055e-01
1.830505051887102996e-01
1.954928295112010883e-01
2.080891556378257068e-01
2.222168752737822828e-01
2.372546149261590964e-01
2.546858114453532385e-01
2.722803242115770517e-01
2.933294011955010494e-01
3.139114908511330682e-01
3.366118103556937635e-01
3.623373086734318349e-01
3.880869854791912932e-01
4.180691635416598495e-01
4.483599826848997938e-01
4.802628424437768162e-01
5.203970582624869445e-01
5.560937479785870163e-01
6.004828134659587757e-01
6.361909099200050433e-01
6.876252622495047095e-01
7.424768920970803432e-01
7.983273935090730022e-01
8.522029815817926401e-01
9.084346163474600333e-01
9.741255839574924913e-01
1.035769835684129392e+00
1.104470039652890812e+00
1.107179432243516226e+00
-1.354147629639835260e-01
-8.538555969867792084e-02
-4.148628570489636819e-02
-4.740479026693734596e-03
2.603863081369908739e-02
5.206647379815880494e-02
7.248885930514004095e-02
9.164234101647676656e-02
1.064118992944792785e-01
1.210014349896403885e-01
1.340973839451697069e-01
1.467820867540436114e-01
1.582146861850867170e-01
1.702529120392088091e-01
1.830761478735162817e-01
1.951161094599058177e-01
2.096409952848849456e-01
2.229582564460494409e-01
2.394271204172879197e-01
2.560511240381434517e-01
2.749540954645196544e-01
2.940802601140571904e-01
3.167899056926250512e-01
3.392864376905063706e-01
3.667571886340869614e-01
3.920247714299691100e-01
4.215578628910416903e-01
4.557156231264661850e-01
4.885507165004442931e-01
5.222759607061335796e-01
5.639578355924099728e-01
6.076008358932649678e-01
6.474631702484301421e-01
7.001877942631995477e-01
7.455705103504773890e-01
8.052397952317107421e-01
8.525598915918757292e-01
9.170999086742661621e-01
9.792100030883374995e-01
1.048977543085957365e+00
1.113696068137272288e+00
1.104521252618328564e+00
-1.375316959433609265e-01
-8.713574773077609192e-02
-4.351845233629230564e-02
-7.387284309869834691e-03
2.351995203857379368e-02
4.914821973341806927e-02
7.022632799634430378e-02
8.750457330242367160e-02
1.038823655913723165e-01
1.184895880858334027e-01
1.331779107551734898e-01
1.454667844941850419e-01
1.584288375731676968e-01
1.692628640864461131e-01
1.827455260985819396e-01
1.971454232647364968e-01
2.100803016465183637e-01
2.249265203459559492e-01
2.407488780180858656e-01
2.576689770950230107e-01
2.774029040768268839e-01
2.983464678779652601e-01
3.203789557456809822e-01
3.453384365711675841e-01
3.701132140072748156e-01
4.000922419263780450e-01
4.305071990271539528e-01
4.622512115121815146e-01
4.996362287049665452e-01
5.374853783752169267e-01
5.790274949940888982e-01
6.220274124582020336e-01
6.666340265058020575e-01
7.172751317497257917e-01
7.700548285278652205e-01
8.291190779837724900e-01
8.835416328328234981e-01
9.492963060425456678e-01
1.008583140271811507e+00
1.065303291509145600e+00
1.143495694701392562e+00
1.135027644412763603e+00
-1.553103887903584945e-01
-1.060158784171997548e-01
-6.379298575847422437e-02
-2.781660807788500361e-02
1.945617573629259073e-03
2.688448018844843967e-02
4.732549966365318800e-02
6.580744489382311935e-02
8.171806435794895518e-02
9.620762544317021381e-02
1.097573570784070585e-01
1.222912586972339510e-01
1.350944699637736113e-01
1.469121595503831701e-01
1.592001134426657694e-01
1.726875636886509302e-01
1.870297470532258088e-01
2.022702977372903832e-01
2.187192669004931478e-01
2.356572011837422265e-01
2.547679479747108067e-01
2.751200846198892380e-01
2.977320677079560163e-01
3.230581201287435755e-01
3.496019126835446800e-01
3.760785098101949719e-01
4.070678256141427864e-01
4.395284770233901517e-01
4.787626773552500770e-01
5.134107249126090844e-01
5.522787579698258398e-01
6.030013893058985275e-01
6.344097527774869016e-01
6.920515999645240335e-01
7.438647376704577985e-01
7.995293920226046458e-01
8.674704342159628156e-01
9.290099854939611879e-01
9.805355677105704881e-01
1.043307250799904828e+00
1.118839876225304453e+00
1.109355774659490201e+00
-1.294977750249932391e-01
-8.116633244512866385e-02
-4.050832032504631669e-02
-6.465898932076323546e-03
2.191252068903394579e-02
4.488846701263971700e-02
6.422205832298512329e-02
7.863441470430980462e-02
9.130460135619139495e-02
1.028657269443119943e-01
1.140502424087554284e-01
1.229592782393734846e-01
1.320578686592911999e-01
1.414215511814169157e-01
1.503541859463302655e-01
1.607055725964648407e-01
1.702088925835438527e-01
1.814634139227060128e-01
1.923667060313031529e-01
2.042529649791285928e-01
2.178969855172759595e-01
2.332017801235426457e-01
2.483338019162868449e-01
2.649287427603314038e-01
2.849470680149508439e-01
3.043353948974308887e-01
3.256387917905390617e-01
3.503139330299808174e-01
3.768086406220723661e-01
4.027049102605521069e-01
4.356357653922055539e-01
4.682852839113155197e-01
5.034542809002532371e-01
5.469274358154393445e-01
5.898267757505549769e-01
6.270430886586617625e-01
6.804180124631338256e-01
7.306999295010708773e-01
7.690137847007104677e-01
8.213549787059776230e-01
8.871563210804527255e-01
8.821264894856254424e-01
-1.711577896030004875e-01
-1.247123834160078215e-01
-8.440232355042986967e-02
-5.055680773714288367e-02
-2.282211987972938491e-02
2.561581850868880185e-04
1.868385871214628402e-02
3.592579133031583577e-02
4.964822637667673511e-02
6.103759006341825943e-02
7.164271138107897174e-02
8.109875975291364059e-02
9.099477576598792583e-02
9.983596509259146101e-02
1.092071963200651613e-01
1.191832807876819639e-01
1.285478857428877242e-01
1.397342974411012184e-01
1.507196076710574373e-01
1.643736776234608343e-01
1.768260424372010142e-01
1.912329740924725296e-01
2.074000598054404343e-01
2.232440653981967449e-01
2.440642519724919302e-01
2.638253655212144388e-01
2.862678003510767399e-01
3.112726929091144124e-01
3.358889721955659047e-01
3.655385248423447808e-01
3.964434601124275925e-01
4.274244336018600543e-01
4.651299351405541738e-01
5.056694637103724688e-01
5.432458295331366038e-01
5.827324792616465077e-01
6.313910010574393938e-01
6.874415584587715289e-01
7.382484596650906727e-01
8.078143208309285228e-01
8.424201305874113865e-01
8.362873953789748960e-01
-1.914919443055143888e-01
-1.464271069517272816e-01
-1.062975900301443566e-01
-7.088518687486804193e-02
-4.132194434880549772e-02
-1.636288947184619952e-02
4.927243268593302535e-03
2.206527628701370966e-02
3.793619591671423819e-02
5.044936155302831571e-02
6.337840012323164851e-02
7.432264356877800460e-02
8.693968930252238270e-02
9.635375999329506835e-02
1.091362660073773444e-01
1.200307235278976481e-01
1.331715187135810718e-01
1.446551438418109403e-01
1.589140575996059734e-01
1.745191663667219895e-01
1.907433822660289657e-01
2.074620154827767904e-01
2.289646774051606326e-01
2.486646425523086068e-01
2.695736478060949404e-01
2.963382496659048848e-01
3.235738334119847570e-01
3.516339957138642780e-01
3.814039123652904761e-01
4.141557711943113507e-01
4.514563690923288908e-01
4.886155738202050403e-01
5.332978620843852324e-01
5.687213926395626729e-01
6.171754922183488867e-01
6.728632047068610067e-01
7.242660364068602696e-01
7.730942394591941991e-01
8.359491691565545946e-01
8.958842219179640187e-01
9.591501909357637023e-01
9.533580614578538448e-01
-1.949506621337686041e-01
-1.485092741606321154e-01
-1.068887800181996944e-01
-7.026900534123901865e-02
-3.973428831112028187e-02
-1.325289137676162812e-02
9.603849305024706254e-03
2.814813816401683447e-02
4.478662660911484489e-02
5.919219687556476206e-02
7.254398564364765434e-02
8.576137366742220269e-02
9.813473213432317988e-02
1.103236655402468902e-01
1.238516409670858132e-01
1.368410116963471868e-01
1.509742997531398068e-01
1.654787759143532822e-01
1.807994556000175612e-01
1.991131315045671923e-01
2.172232893204743276e-01
2.380887773684905451e-01
2.585893975614607654e-01
2.816059854435490339e-01
3.076586004926809004e-01
3.364197048626582087e-01
3.653793976964589407e-01
3.944849521128411252e-01
4.276337700810586284e-01
4.638243321978822165e-01
5.040696854838376817e-01
5.453219638866184660e-01
5.898345929585396830e-01
6.353389578547767869e-01
6.860389271390084920e-01
7.357976397436677418e-01
7.951323876892241183e-01
8.485413378737995949e-01
9.142526917217970173e-01
9.831213462165044881e-01
1.043601958146239683e+00
1.038349885507602099e+00
-1.976806407108593344e-01
-1.512469744537120464e-01
-1.091705899215396347e-01
-7.244794891127048775e-02
-4.051976252662260053e-02
-1.430817986009089507e-02
9.153331907708485427e-03
2.835161006263447678e-02
4.453976039241098334e-02
5.997593420421511168e-02
7.469212982219898544e-02
8.746551692569479175e-02
1.018467028657577683e-01
1.146443389022792775e-01
1.289869779903132507e-01
1.429960533250834720e-01
1.594619151913295729e-01
1.748473972660064268e-01
1.924643031171296148e-01
2.103747095621558705e-01
2.312707481476457827e-01
2.546978913210185547e-01
2.773662164403997155e-01
3.041909853450329715e-01
3.328099762413790907e-01
3.660398619923184715e-01
4.007348019305926878e-01
4.367397319463124927e-01
4.766041365398199781e-01
5.200168904700329664e-01
5.619714866442295786e-01
6.086019749869814310e-01
6.635284922684704378e-01
7.158237424385135439e-01
7.684308926165275277e-01
8.305001328687757756e-01
8.904674081405212771e-01
9.526074532696858777e-01
1.018970808600746736e+00
1.085394054315780066e+00
1.157112097154535446e+00
1.134508600900246522e+00
-2.135744209222963097e-01
-1.688228346008225633e-01
-1.282362269595821724e-01
-9.285639334622398933e-02
-6.234221347201307495e-02
-3.715258794781550050e-02
-1.490105443453498997e-02
2.118524435503015696e-03
1.877537057090315070e-02
3.286846880687169931e-02
4.556940032553574021e-02
5.811841682926278257e-02
7.106786263159017847e-02
8.306523854702654863e-02
9.558426195465678787e-02
1.089943706188671868e-01
1.217895688592965792e-01
1.365176376593890406e-01
1.527987990581414490e-01
1.700122178569680453e-01
1.873543034075021430e-01
2.080407393075745237e-01
2.292491237659299297e-01
2.522897814219424162e-01
2.779459770480330882e-01
3.046908257579948875e-01
3.360873218074986735e-01
3.662379924512859652e-01
4.036111854842773794e-01
4.417626698568972166e-01
4.797451369225506079e-01
5.251148070728828277e-01
5.737335292060635750e-01
6.115342585100197459e-01
6.720710602154065239e-01
7.236813808258338865e-01
7.847762908959948769e-01
8.392699635621421184e-01
9.076032034585483910e-01
9.820404527896243740e-01
1.028135926818110502e+00
1.011663466531904421e+00
-1.934883245927121742e-01
-1.463017882238256406e-01
-1.039767088380637999e-01
-6.695279741250012573e-02
-3.409167522267534528e-02
-7.284369930719253143e-03
1.509557708082698811e-02
3.451615913939375113e-02
5.154996126212733898e-02
6.546393722569666951e-02
7.960086126543583496e-02
9.314841396640628768e-02
1.051455650095784733e-01
1.180926942068958874e-01
1.311469068210928124e-01
1.433396185107430054e-01
1.586489113477616564e-01
1.730550858388368307e-01
1.896222383314137838e-01
2.085998879858208810e-01
2.258363193885987164e-01
2.439949233207295842e-01
2.696133340266480549e-01
2.920743387081377596e-01
3.188539495427408221e-01
3.495242376898160530e-01
3.810392305595826090e-01
4.145856506655093976e-01
4.489597132104238275e-01
4.893607376640889406e-01
5.303085784501164746e-01
5.679528137502993790e-01
6.156123694924741097e-01
6.689130873287315593e-01
7.307806611857603496e-01
7.729953674691738552e-01
8.272218981378065550e-01
8.979579086508490127e-01
9.322250903463612515e-01
1.017809364537048955e+00
1.066895912154137038e+00
1.086975238258234722e+00
-1.879427125896686035e-01
-1.414465618046485684e-01
-9.845341190789248798e-02
-5.999480920021856012e-02
-2.805976228834590816e-02
4.644466609612146117e-04
2.472368450534372097e-02
4.556940032553574021e-02
6.322073558199453602e-02
8.067337665176403660e-02
9.420550937225000143e-02
1.093659031500371914e-01
1.240638383014613516e-01
1.394256729458499544e-01
1.537600026291599253e-01
1.692393340175287197e-01
1.848021192258468282e-01
2.023575186005455162e-01
2.221127204223577734e-01
2.417182718399209507e-01
2.656454977506734205e-01
2.874142739235392430e-01
3.140274159689888100e-01
3.422114043959837981e-01
3.703668815047957974e-01
4.029745874465980870e-01
4.385676621165506828e-01
4.737044278076060766e-01
5.186205263520041742e-01
5.591138828197991240e-01
6.066607716609466738e-01
6.560128686654860264e-01
7.032045105352328074e-01
7.637520958926565795e-01
8.150947090189464284e-01
8.810860837090259690e-01
9.434034924902517938e-01
1.011147360775797477e+00
1.078094150406410767e+00
1.177836506757496737e+00
1.200264845080475817e+00
1.204285525872479612e+00
-1.481273451706918154e-01
-1.005532391121754660e-01
-5.501028903147247434e-02
-1.426509326447320675e-02
2.256033046544233395e-02
5.552358164534353796e-02
8.528700964940602591e-02
1.113902285495323163e-01
1.359717943220075942e-01
1.582146861850867170e-01
1.805444778144725537e-01
2.005988188045505494e-01
2.219694667034277091e-01
2.433952640543708135e-01
2.662458122074723432e-01
2.894796963490534614e-01
3.138545708310941373e-01
3.388288709248434838e-01
3.660043384871459193e-01
3.955482896889334632e-01
4.276678385645173996e-01
4.623395888513830432e-01
4.992388133729693256e-01
5.395277309713398806e-01
5.822009056117510850e-01
6.294748403214398547e-01
6.788933310265903298e-01
7.317724353257998304e-01
7.872521332357123036e-01
8.464125812513282332e-01
9.072839562072712027e-01
9.689398847547252558e-01
1.037167437742300580e+00
1.106037829950161422e+00
1.180424099207927569e+00
1.249626324114465170e+00
1.329747615087748525e+00
1.406427760254223447e+00
1.489615405916540070e+00
1.565493629868862424e+00
1.644120384220496778e+00
1.625958266598602542e+00
-1.323593003129520940e-01
-8.586213653352496589e-02
-4.404060001955664716e-02
-7.472107623709671118e-03
1.999645469842617485e-02
4.321683379761147997e-02
6.040695448002161155e-02
7.373300982805362780e-02
8.327322884017093751e-02
9.070587557429739267e-02
9.615890299721638335e-02
1.001567920638626458e-01
1.034273973827674747e-01
1.077626646905123636e-01
1.095414261315188487e-01
1.119779049623832595e-01
1.150177362966072758e-01
1.175264929914234535e-01
1.210770264814048924e-01
1.221372064867465301e-01
1.255268073032981269e-01
1.283184772596805412e-01
1.316250792867096064e-01
1.338804615971378731e-01
1.357685145678222682e-01
1.398664979729423996e-01
1.433115188386485939e-01
1.456624707075460656e-01
1.509681643504144632e-01
1.551689689952564788e-01
1.575927472039280464e-01
1.626151807638699098e-01
1.652740103112287917e-01
1.750738190984758857e-01
1.790085834872355564e-01
1.815835048341418734e-01
1.825401859141876637e-01
1.885741573510216762e-01
1.979913918005486717e-01
2.070766693613502185e-01
2.053261875814491877e-01
2.129223523204193114e-01
-1.348741038168729811e-01
-8.693197343906522434e-02
-4.538367568179775546e-02
-1.121904786483604068e-02
1.695398978917014160e-02
4.087912451578684658e-02
6.036160406374228848e-02
7.562724370785524342e-02
8.945292738667461052e-02
9.951835450653045978e-02
1.092983754174805394e-01
1.188596954095867547e-01
1.281406831299923554e-01
1.362194129451821112e-01
1.458953155787675038e-01
1.535801295149739898e-01
1.630987318321776847e-01
1.733727709571567521e-01
1.827426748163295811e-01
1.946697165837730781e-01
2.071575395508798711e-01
2.203879346628095093e-01
2.338232753980238332e-01
2.486107449683036819e-01
2.650632244576039409e-01
2.835318863840377013e-01
3.034746943259957197e-01
3.254971910878033392e-01
3.501665804837688634e-01
3.717049759781766438e-01
3.987678530308961800e-01
4.328779351947132925e-01
4.614009721459484403e-01
5.011976116070228082e-01
5.431799353166992805e-01
5.843153904259034137e-01
6.194251885271250258e-01
6.736852105283210879e-01
7.161611642962039115e-01
7.785592954454851888e-01
8.129868464139108353e-01
8.161378526507299114e-01
-1.971749831131490993e-01
-1.505105641666251437e-01
-1.088552015728037614e-01
-7.261834339788753034e-02
-4.108175478116790624e-02
-1.463865251645275582e-02
7.995144474253240013e-03
2.602226966271704509e-02
4.130976647828130816e-02
5.552740336493600798e-02
6.813760412269920241e-02
7.997311111980341669e-02
9.176540996177554033e-02
1.039370665046898123e-01
1.147610600783604551e-01
1.274223006298163541e-01
1.394792255732610065e-01
1.532537287637525947e-01
1.669951874166960004e-01
1.817892977413262667e-01
2.003278269881433038e-01
2.159520024885032696e-01
2.372671895039928924e-01
2.582133155217661291e-01
2.820962008388833153e-01
3.058069246434295674e-01
3.310951215237540324e-01
3.638976554431731514e-01
3.930027857922312462e-01
4.279889243725452652e-01
4.683502847863390550e-01
5.083653966423365977e-01
5.480870881938935124e-01
5.905743571616285381e-01
6.399245471023367049e-01
6.770345112499497331e-01
7.395786729210234167e-01
7.884031379167674158e-01
8.529165085285558279e-01
9.182411387341085085e-01
9.777958293126383094e-01
9.545343537599161321e-01
