-8.943066000938415527e-01
-8.909349441528320312e-01
-8.871257305145263672e-01
-8.828241229057312012e-01
-8.780562281608581543e-01
-8.728724122047424316e-01
-8.666624426841735840e-01
-8.604189753532409668e-01
-8.533443808555603027e-01
-8.457969427108764648e-01
-8.375318646430969238e-01
-8.296463489532470703e-01
-8.208826780319213867e-01
-8.118436932563781738e-01
-8.034417629241943359e-01
-7.931342720985412598e-01
-7.821013927459716797e-01
-7.700839638710021973e-01
-7.558065056800842285e-01
-7.409705519676208496e-01
-7.243115901947021484e-01
-7.059060335159301758e-01
-6.851891875267028809e-01
-6.627885103225708008e-01
-6.369900107383728027e-01
-6.092978715896606445e-01
-5.754490494728088379e-01
-5.380501747131347656e-01
-4.974694550037384033e-01
-4.491350650787353516e-01
-3.978832960128784180e-01
-3.418810963630676270e-01
-2.803192734718322754e-01
-2.194327712059020996e-01
-1.567335128784179688e-01
-9.158317744731903076e-02
-2.157825231552124023e-02
6.381868571043014526e-02
1.274408102035522461e-01
2.112552821636199951e-01
2.509953975677490234e-01
2.635108232498168945e-01
