2.000169341828431868e+00
1.900173155104339262e+00
1.800171118456285857e+00
1.700168738395639867e+00
1.600174322699455587e+00
1.500184312431777744e+00
1.400166564948891912e+00
1.300177943194993135e+00
1.200149811067001471e+00
1.100174034113956090e+00
1.000143293536894573e+00
9.001911901015108297e-01
8.001422198477213810e-01
7.001670060025817488e-01
6.002855354425306045e-01
5.001156681563995177e-01
4.003721833105902128e-01
3.002192802278805250e-01
2.002484135153539957e-01
1.003326288648378056e-01
9.119226634683174639e-05
-9.869482574046499479e-02
-2.002701387716079862e-01
-3.001501383287694669e-01
-3.992437613585328449e-01
-4.998829588517588740e-01
-5.997314776449497176e-01
-6.999286809984905933e-01
-8.000693856680324290e-01
-9.009308394314797797e-01
-9.997351611336835475e-01
-1.100644671431594279e+00
-1.198055302666635624e+00
-1.299868509578090192e+00
-1.395528780190189666e+00
-1.498480656817060774e+00
-1.593470038379958487e+00
-1.704129549608357719e+00
-1.801010447724535002e+00
-1.885348990471092945e+00
-1.986547609296365646e+00
-2.023530342810358373e+00
2.000173683058465102e+00
1.900178073814207114e+00
1.800179374848406066e+00
1.700171336972269742e+00
1.600172141772728596e+00
1.500185685206622876e+00
1.400173478071845556e+00
1.300182294646900605e+00
1.200160768000179790e+00
1.100163688966043996e+00
1.000186706488199739e+00
9.001649571307617226e-01
8.001353389431963281e-01
7.001713369722696312e-01
6.001786845200531850e-01
5.002021581663106398e-01
3.999625783001902191e-01
2.998775876710531030e-01
2.001361145117796503e-01
9.941818995843239304e-02
5.251786540546386339e-04
-9.961812197007563485e-02
-1.999217767723850681e-01
-2.995861976310073005e-01
-4.000285503537898690e-01
-5.006195055400334271e-01
-5.992220493467708131e-01
-7.004447637616365574e-01
-8.014446268279118435e-01
-9.014670247447374996e-01
-1.000065583418440207e+00
-1.099700615640399670e+00
-1.201390093149706573e+00
-1.301814170447850971e+00
-1.396537333628661948e+00
-1.506699522616055553e+00
-1.603140120898016718e+00
-1.697439644313999185e+00
-1.798288876857773388e+00
-1.887415105156875716e+00
-1.997488368715091722e+00
-1.999635345768545847e+00
3.008127941181169551e-01
3.002758403187713032e-01
3.001909974199187259e-01
3.017178074708217195e-01
3.014901040004390187e-01
3.013447450804793148e-01
3.014792579995766997e-01
3.007193640453784123e-01
3.002975922386540431e-01
3.003867637216288133e-01
3.007671679890388527e-01
3.013642737344993106e-01
3.018413679482743195e-01
3.014597345154155228e-01
3.017611660278074481e-01
3.012601107642735032e-01
3.001322503174351786e-01
2.997207979409335921e-01
3.005128774841387407e-01
3.004193828608952566e-01
3.009995939861768166e-01
3.015226403779227016e-01
3.016484247745273573e-01
3.011754599515107933e-01
3.014575651852195448e-01
3.008106215539939621e-01
3.011472393469100117e-01
3.008757937504461522e-01
3.014835964324256157e-01
3.010907926357589415e-01
3.016224034054152958e-01
3.012535997490503048e-01
3.018868813693638686e-01
2.999994961169837882e-01
3.006650349942324718e-01
3.010690804085653371e-01
3.016657714878051566e-01
3.016289088938610696e-01
3.009040319986148182e-01
3.012557700983041209e-01
3.007171910138187187e-01
3.015313163335918145e-01
3.021468665998882086e-01
3.011537519568894816e-01
3.009214084695404634e-01
3.021836852580344068e-01
3.009300964442927495e-01
3.021360369887187147e-01
3.016961265689290794e-01
3.013078552268204091e-01
3.024824506722957329e-01
3.001627127699594832e-01
3.010104519725592120e-01
3.008084489790026073e-01
3.018348656415917874e-01
3.011233589413976897e-01
3.008692769708848913e-01
3.001888217430135897e-01
3.006128727102858611e-01
3.020428911833810681e-01
3.019518922694258145e-01
3.005607041604740348e-01
3.002801907899054767e-01
3.013165354742979307e-01
3.016701080578661487e-01
3.016224034054152958e-01
3.000734952671440525e-01
3.022096730198770009e-01
3.007454395760389976e-01
3.013490848572612513e-01
3.008605877793537609e-01
3.010690804085653371e-01
3.024391640698575467e-01
3.017329834581701786e-01
2.997621785066715838e-01
3.020515567522604750e-01
3.018717107589655724e-01
3.007128449180802576e-01
3.012644513868594776e-01
3.016137292692314120e-01
3.019367239298333394e-01
3.010886214618858081e-01
3.007888953149875921e-01
3.009431280805526243e-01
3.021187090491274096e-01
3.019995607452059527e-01
3.004172083278304206e-01
3.010994772227091887e-01
3.022031762252038734e-01
3.012774729943254459e-01
