2.000173683058465102e+00
1.900170422463674402e+00
1.800173870604432791e+00
1.700184329622197676e+00
1.600166689407995557e+00
1.500181566869070116e+00
1.400175206335389833e+00
1.300160536951352253e+00
1.200166246363107536e+00
1.100198171834131822e+00
1.000217092972230271e+00
9.001485607193440153e-01
8.001463483381073827e-01
7.001410192774194519e-01
6.001775940690107225e-01
5.000579985791218096e-01
4.000369235141130186e-01
3.002040512524661309e-01
2.000840636621520063e-01
9.961159039252891201e-02
2.604985473903181437e-04
-1.005132777365701363e-01
-1.996403997043507406e-01
-3.002142885626509217e-01
-4.004116497907988514e-01
-5.004916195938994283e-01
-5.998939295714547093e-01
-6.999700321176984819e-01
-7.987941166082087596e-01
-9.008375070714051969e-01
-1.002338445729203720e+00
-1.100414758546322425e+00
-1.199454749408047638e+00
-1.300743455853664576e+00
-1.397885725254442546e+00
-1.495828285224033216e+00
-1.597910649427903396e+00
-1.695811170385156830e+00
-1.799998134593398191e+00
-1.897154835754581770e+00
-2.000360614095540335e+00
-2.001174180959714111e+00
