2.000173683058465102e+00
1.900170422463674402e+00
1.800180750898499271e+00
1.700175667898767840e+00
1.600166689407995557e+00
1.500209021715107838e+00
1.400192488592576057e+00
1.300182294646900605e+00
1.200193637141200087e+00
1.100163688966043996e+00
1.000130268805227152e+00
9.002360010945130719e-01
8.002564269400503916e-01
7.000630497708790756e-01
5.999594488089287081e-01
5.000991919157228294e-01
4.006243216617669245e-01
3.000082025538130526e-01
1.999196515905676819e-01
1.000257301078625594e-01
8.685021164894765936e-05
-9.947447834458231219e-02
-1.992623069624912258e-01
-3.006826989786177129e-01
-4.018553983592140777e-01
-4.994890894736628839e-01
-6.003781893282635895e-01
-6.999265047328560030e-01
-7.984390218832628783e-01
-8.998707966401918723e-01
-1.001296129750010255e+00
-1.101554567816475760e+00
-1.195247397849539484e+00
-1.302430680210019398e+00
-1.398711566337598189e+00
-1.498365712691466678e+00
-1.603852980692977326e+00
-1.692782170796857555e+00
-1.788559064421330724e+00
-1.896675292938555080e+00
-2.007755855953228696e+00
-1.993833574514568552e+00
