2.000173683058465102e+00
1.900170422463674402e+00
1.800166990201363948e+00
1.700167006002581749e+00
1.600155784473169085e+00
1.500181566869070116e+00
1.400157923390448422e+00
1.300160536951352253e+00
1.200166246363107536e+00
1.100163688966043996e+00
1.000173683058464880e+00
9.001922831075721554e-01
8.002220303740379403e-01
7.000717137406737844e-01
6.001339737820283737e-01
5.004423178574899378e-01
3.997948225782166354e-01
2.999429000227670783e-01
2.002757991118509773e-01
9.981870961523042762e-02
-1.563741625235816194e-04
-9.974214156222248329e-02
-1.999844062507844522e-01
-2.992962828549806664e-01
-4.006956451864693292e-01
-5.007116617693673222e-01
-5.998939295714547093e-01
-6.996654319976700620e-01
-7.993957083554478205e-01
-9.024650527827225988e-01
-9.997829070277698404e-01
-1.104980993765462882e+00
-1.202379348874471177e+00
-1.298803439387126835e+00
-1.403776888450159577e+00
-1.490085442258417103e+00
-1.602668429608871348e+00
-1.700057099977233088e+00
-1.810874793074471745e+00
-1.910412781327195164e+00
-1.995077050703474297e+00
-1.975391203873442025e+00
