-7.741985001054867144e-02
-3.687828673048171996e-02
2.170929722301843815e-04
3.253817926000665550e-02
6.133936683706735227e-02
8.543329741698962865e-02
1.074813189112432954e-01
1.247323977200294198e-01
1.407593708703692159e-01
1.542413301672981574e-01
1.683206655188653478e-01
1.803839655897637173e-01
1.928182570482949998e-01
2.052855835005249208e-01
2.187192669004931478e-01
2.317243833285165533e-01
2.446481541280443595e-01
2.599043195152694330e-01
2.762779369046623468e-01
2.947747522184435143e-01
3.133609512441279943e-01
3.334472744967503788e-01
3.568668466823857188e-01
3.828272097363651927e-01
4.128803584649741731e-01
4.387005329007362953e-01
4.717463084882670965e-01
5.070999194041738711e-01
5.418661828445640039e-01
5.827336144064476642e-01
6.278981555576625961e-01
6.748060470343015815e-01
7.168710651660260558e-01
7.748452995958517997e-01
8.263793502324520146e-01
8.816813138120181970e-01
9.478256844424506333e-01
9.963671751558370593e-01
1.058426024457005399e+00
1.132483825000561994e+00
1.213916009644023131e+00
1.205799621570576408e+00
