-8.805444901184376894e-02
-4.705265232832485378e-02
-9.803268908963762296e-03
2.337593813956240912e-02
5.227059665674871347e-02
7.707706684576103029e-02
9.847066565062931320e-02
1.172712956557642738e-01
1.328997699444829095e-01
1.477381411199879535e-01
1.613080954162161018e-01
1.746121418907193301e-01
1.870692712304234395e-01
2.005495601407742134e-01
2.135443185376668385e-01
2.266514504548101661e-01
2.420442393695509120e-01
2.579903871193306442e-01
2.745965422569967007e-01
2.950610445776228885e-01
3.140779917792128617e-01
3.342124093931761464e-01
3.602335611578323382e-01
3.851950183198801225e-01
4.158577394754430778e-01
4.468011428470911039e-01
4.794457366434333734e-01
5.147203736481347214e-01
5.560490884003820300e-01
5.990529732186681278e-01
6.408489906785671542e-01
6.938324327476452780e-01
7.418918692415277238e-01
7.906791585358111663e-01
8.530347066113760368e-01
8.964876363168468032e-01
9.733634175596892479e-01
1.032981193097367800e+00
1.110858956731867409e+00
1.179178229209794093e+00
1.237292337567458711e+00
1.219689289085804429e+00
