-8.930538892745971680e-01
-8.424649238586425781e-01
-7.984619140625000000e-01
-7.602050304412841797e-01
-7.268860340118408203e-01
-6.977362632751464844e-01
-6.719830036163330078e-01
-6.489608287811279297e-01
-6.280429363250732422e-01
-6.086471080780029297e-01
-5.902733802795410156e-01
-5.724976062774658203e-01
-5.548837184906005859e-01
-5.370650291442871094e-01
-5.187983512878417969e-01
-4.998557269573211670e-01
-4.800610244274139404e-01
-4.589109122753143311e-01
-4.365923106670379639e-01
-4.129121005535125732e-01
-3.877083957195281982e-01
-3.610043227672576904e-01
-3.325659930706024170e-01
-3.018769919872283936e-01
-2.694151103496551514e-01
-2.362901866436004639e-01
-2.001664340496063232e-01
-1.625969111919403076e-01
-1.235027015209197998e-01
-8.122870326042175293e-02
-3.687712550163269043e-02
9.034663438796997070e-03
5.382373929023742676e-02
1.073162853717803955e-01
1.574402153491973877e-01
2.114022076129913330e-01
2.708466351032257080e-01
3.228268921375274658e-01
3.807218372821807861e-01
4.484610855579376221e-01
5.206841230392456055e-01
5.114865303039550781e-01
