-7.739393711090087891e-01
-7.167102098464965820e-01
-6.666958332061767578e-01
-6.230933666229248047e-01
-5.850988626480102539e-01
-5.519679784774780273e-01
-5.229542255401611328e-01
-4.973797500133514404e-01
-4.746215045452117920e-01
-4.541011750698089600e-01
-4.352889955043792725e-01
-4.176989495754241943e-01
-4.009357392787933350e-01
-3.846102654933929443e-01
-3.683948218822479248e-01
-3.519581258296966553e-01
-3.350779712200164795e-01
-3.175391852855682373e-01
-2.990519702434539795e-01
-2.794063985347747803e-01
-2.587430179119110107e-01
-2.363786399364471436e-01
-2.128686606884002686e-01
-1.873651444911956787e-01
-1.601943671703338623e-01
-1.312006413936614990e-01
-1.004773080348968506e-01
-6.752511858940124512e-02
-3.291699290275573730e-02
5.048424005508422852e-03
4.512897133827209473e-02
8.611479401588439941e-02
1.298092901706695557e-01
1.769477427005767822e-01
2.245281040668487549e-01
2.748921215534210205e-01
3.299752771854400635e-01
3.853135406970977783e-01
4.469294846057891846e-01
5.069319009780883789e-01
5.733628273010253906e-01
5.738961696624755859e-01
