-1.899176239967346191e-01
-1.396619677543640137e-01
-9.660080075263977051e-02
-6.007686257362365723e-02
-2.937719225883483887e-02
-3.758460283279418945e-03
1.758465170860290527e-02
3.539946675300598145e-02
5.042281746864318848e-02
6.335195899009704590e-02
7.481977343559265137e-02
8.538332581520080566e-02
9.557822346687316895e-02
1.058640182018280029e-01
1.166025102138519287e-01
1.281154453754425049e-01
1.406721174716949463e-01
1.547414362430572510e-01
1.703357398509979248e-01
1.876991689205169678e-01
2.070595920085906982e-01
2.285015285015106201e-01
2.523143589496612549e-01
2.790581285953521729e-01
3.084358572959899902e-01
3.394718766212463379e-01
3.744349777698516846e-01
4.119185805320739746e-01
4.520145058631896973e-01
4.964882135391235352e-01
5.442387461662292480e-01
5.946843624114990234e-01
6.447339057922363281e-01
7.053941488265991211e-01
7.629169225692749023e-01
8.253827095031738281e-01
8.946161866188049316e-01
9.553388953208923340e-01
1.023000478744506836e+00
1.101987361907958984e+00
1.185746908187866211e+00
1.175114870071411133e+00
