1.845426410436630249e-01
2.231926769018173218e-01
2.635457515716552734e-01
3.056554794311523438e-01
3.495686054229736328e-01
3.953480720520019531e-01
4.430165290832519531e-01
4.926211833953857422e-01
5.441429615020751953e-01
5.976231098175048828e-01
6.530496478080749512e-01
7.103655338287353516e-01
7.695119380950927734e-01
8.304725885391235352e-01
8.930215835571289062e-01
9.571567773818969727e-01
1.022623658180236816e+00
1.089463710784912109e+00
1.157222032546997070e+00
1.225769400596618652e+00
1.294719338417053223e+00
1.364338517189025879e+00
1.433464407920837402e+00
1.502540707588195801e+00
1.570984125137329102e+00
1.638148069381713867e+00
1.704642653465270996e+00
1.769494295120239258e+00
1.832497596740722656e+00
1.893306732177734375e+00
1.952536582946777344e+00
2.008008003234863281e+00
2.062968969345092773e+00
2.114225864410400391e+00
2.159760713577270508e+00
2.208873271942138672e+00
2.249589681625366211e+00
2.289244651794433594e+00
2.328258514404296875e+00
2.360563993453979492e+00
2.392481088638305664e+00
2.395119905471801758e+00
