-3.221005797386169434e-01
-3.102427721023559570e-01
-2.983974516391754150e-01
-2.865031361579895020e-01
-2.744922637939453125e-01
-2.622832655906677246e-01
-2.497965693473815918e-01
-2.369343638420104980e-01
-2.236037254333496094e-01
-2.096837759017944336e-01
-1.950522959232330322e-01
-1.795862317085266113e-01
-1.631478071212768555e-01
-1.455718278884887695e-01
-1.267413496971130371e-01
-1.064584553241729736e-01
-8.459317684173583984e-02
-6.090402975678443909e-02
-3.531420603394508362e-02
-7.630471140146255493e-03
2.223866805434226990e-02
5.468099936842918396e-02
8.941304683685302734e-02
1.269098520278930664e-01
1.671327352523803711e-01
2.099325060844421387e-01
2.559613287448883057e-01
3.048166334629058838e-01
3.565419316291809082e-01
4.110149741172790527e-01
4.690011739730834961e-01
5.283826589584350586e-01
5.928076505661010742e-01
6.586958169937133789e-01
7.226624488830566406e-01
7.983055114746093750e-01
8.670743703842163086e-01
9.401741027832031250e-01
1.018923640251159668e+00
1.090066671371459961e+00
1.166470766067504883e+00
1.173089623451232910e+00
