2.000173683058465102e+00
1.900181352923170364e+00
1.800173870604432791e+00
1.700167006002581749e+00
1.600177594069010834e+00
1.500167838795167574e+00
1.400175206335389833e+00
1.300160536951352253e+00
1.200193637141200087e+00
1.100198171834131822e+00
1.000173683058464880e+00
9.001649571307617226e-01
8.001807508984991602e-01
7.001236939300720108e-01
6.001994025696633095e-01
5.002090217151078377e-01
4.003134451403299598e-01
3.001822946469007158e-01
2.001936371412000870e-01
1.001981718341318633e-01
3.906892499100880116e-04
-1.000045023123902477e-01
-1.997229364279028141e-01
-2.998329939974181402e-01
-3.999314648642887660e-01
-4.995028071407751624e-01
-5.998939295714547093e-01
-7.000788696698063696e-01
-8.001351662677447241e-01
-8.998707966401918723e-01
-1.000682378143707307e+00
-1.099086932262330896e+00
-1.201197481612014561e+00
-1.301429730493561365e+00
-1.395352820692643325e+00
-1.502890585689052205e+00
-1.597979481266054158e+00
-1.696890377942897876e+00
-1.801617869991705811e+00
-1.895171596346344689e+00
-1.995119992759365690e+00
-2.003772989073888677e+00
