-3.411020040512084961e-01
-3.207134008407592773e-01
-3.014388084411621094e-01
-2.832174301147460938e-01
-2.659578323364257812e-01
-2.495223879814147949e-01
-2.337487339973449707e-01
-2.184253334999084473e-01
-2.033166885375976562e-01
-1.881316900253295898e-01
-1.725578904151916504e-01
-1.562656164169311523e-01
-1.389078497886657715e-01
-1.201168298721313477e-01
-9.959423542022705078e-02
-7.699418067932128906e-02
-5.208754539489746094e-02
-2.457439899444580078e-02
5.597114562988281250e-03
3.856015205383300781e-02
7.428044080734252930e-02
1.130494475364685059e-01
1.543437838554382324e-01
1.985532045364379883e-01
2.454766035079956055e-01
2.948246598243713379e-01
3.472649455070495605e-01
4.022862911224365234e-01
4.599187374114990234e-01
5.200217962265014648e-01
5.834296345710754395e-01
6.478193402290344238e-01
7.171034812927246094e-01
7.873616218566894531e-01
8.549886941909790039e-01
9.342033863067626953e-01
1.005489349365234375e+00
1.080487489700317383e+00
1.160385847091674805e+00
1.231789350509643555e+00
1.307697296142578125e+00
1.314237833023071289e+00
