-3.426479697227478027e-01
-3.245745301246643066e-01
-3.074509501457214355e-01
-2.911298871040344238e-01
-2.754337191581726074e-01
-2.601477503776550293e-01
-2.450456023216247559e-01
-2.298685014247894287e-01
-2.143633067607879639e-01
-1.982465088367462158e-01
-1.812466084957122803e-01
-1.631077229976654053e-01
-1.435837447643280029e-01
-1.224251687526702881e-01
-9.947112202644348145e-02
-7.449880242347717285e-02
-4.739537835121154785e-02
-1.793929934501647949e-02
1.386681199073791504e-02
4.815068840980529785e-02
8.490681648254394531e-02
1.244928538799285889e-01
1.664520800113677979e-01
2.112627029418945312e-01
2.587900161743164062e-01
3.087940514087677002e-01
3.619790971279144287e-01
4.178334474563598633e-01
4.763764739036560059e-01
5.374487638473510742e-01
6.018835306167602539e-01
6.673227548599243164e-01
7.377669811248779297e-01
8.092861175537109375e-01
8.782732486724853516e-01
9.593737125396728516e-01
1.032738208770751953e+00
1.110447883605957031e+00
1.193985223770141602e+00
1.269443035125732422e+00
1.350652933120727539e+00
1.357703447341918945e+00
