-2.828813791275024414e-01
-2.635196447372436523e-01
-2.441605329513549805e-01
-2.247008085250854492e-01
-2.050299644470214844e-01
-1.850193738937377930e-01
-1.645498275756835938e-01
-1.434834003448486328e-01
-1.217019483447074890e-01
-9.905432909727096558e-02
-7.540892809629440308e-02
-5.064439028501510620e-02
-2.463745325803756714e-02
2.758271992206573486e-03
3.159762173891067505e-02
6.204176694154739380e-02
9.413576871156692505e-02
1.280741691589355469e-01
1.638034582138061523e-01
2.014336585998535156e-01
2.409346103668212891e-01
2.826575040817260742e-01
3.260929584503173828e-01
3.717021942138671875e-01
4.192992448806762695e-01
4.685955047607421875e-01
5.202207565307617188e-01
5.736010074615478516e-01
6.286894083023071289e-01
6.852715015411376953e-01
7.440431118011474609e-01
8.028163909912109375e-01
8.651241064071655273e-01
9.274339675903320312e-01
9.867048263549804688e-01
1.055424332618713379e+00
1.116779446601867676e+00
1.181010961532592773e+00
1.249281525611877441e+00
1.310329437255859375e+00
1.375444889068603516e+00
1.381071805953979492e+00
