1.823894023895263672e+00
1.842067360877990723e+00
1.859015226364135742e+00
1.874800801277160645e+00
1.889493465423583984e+00
1.903173923492431641e+00
1.915916323661804199e+00
1.927807331085205078e+00
1.938922643661499023e+00
1.949357509613037109e+00
1.959199309349060059e+00
1.968533039093017578e+00
1.977447032928466797e+00
1.986040234565734863e+00
1.994385957717895508e+00
2.002592086791992188e+00
2.010734319686889648e+00
2.018929958343505859e+00
2.027238368988037109e+00
2.035759449005126953e+00
2.044564962387084961e+00
2.053811788558959961e+00
2.063469409942626953e+00
2.073723077774047852e+00
2.084619045257568359e+00
2.096175909042358398e+00
2.108632802963256836e+00
2.121946573257446289e+00
2.136195659637451172e+00
2.151416540145874023e+00
2.167899608612060547e+00
2.185111522674560547e+00
2.204199790954589844e+00
2.224201202392578125e+00
2.244116306304931641e+00
2.268345832824707031e+00
2.291061162948608398e+00
2.315987586975097656e+00
2.343823194503784180e+00
2.369937896728515625e+00
2.399119377136230469e+00
2.401707172393798828e+00
