-1.999300718307495117e-01
-1.795686483383178711e-01
-1.599556207656860352e-01
-1.410627365112304688e-01
-1.228410005569458008e-01
-1.052087545394897461e-01
-8.807396888732910156e-02
-7.130765914916992188e-02
-5.477416515350341797e-02
-3.829193115234375000e-02
-2.167105674743652344e-02
-4.711747169494628906e-03
1.280570030212402344e-02
3.112864494323730469e-02
5.045211315155029297e-02
7.104480266571044922e-02
9.309887886047363281e-02
1.169055700302124023e-01
1.425764560699462891e-01
1.703276634216308594e-01
2.002598047256469727e-01
2.327581644058227539e-01
2.675259113311767578e-01
3.050192594528198242e-01
3.451731204986572266e-01
3.878105878829956055e-01
4.335517883300781250e-01
4.819680452346801758e-01
5.330784320831298828e-01
5.867444276809692383e-01
6.437106132507324219e-01
7.019035816192626953e-01
7.649170160293579102e-01
8.292870521545410156e-01
8.917742967605590820e-01
9.657639265060424805e-01
1.033230304718017578e+00
1.105291366577148438e+00
1.183496952056884766e+00
1.254842400550842285e+00
1.332412958145141602e+00
1.339187502861022949e+00
