-2.564559578895568848e-01
-2.359704375267028809e-01
-2.157056927680969238e-01
-1.955864429473876953e-01
-1.755264401435852051e-01
-1.554179191589355469e-01
-1.351526379585266113e-01
-1.145991086959838867e-01
-9.363460540771484375e-02
-7.209241390228271484e-02
-4.981160163879394531e-02
-2.662843465805053711e-02
-2.364218235015869141e-03
2.319830656051635742e-02
5.020433664321899414e-02
7.891184091567993164e-02
1.094825267791748047e-01
1.422313749790191650e-01
1.772477328777313232e-01
2.147801816463470459e-01
2.549439370632171631e-01
2.982478737831115723e-01
3.443049788475036621e-01
3.937345743179321289e-01
4.464658498764038086e-01
5.022771358489990234e-01
5.619763135910034180e-01
6.249766945838928223e-01
6.912546157836914062e-01
7.605539560317993164e-01
8.337176442146301270e-01
9.079461693763732910e-01
9.876303076744079590e-01
1.068159103393554688e+00
1.145367622375488281e+00
1.235410451889038086e+00
1.316081047058105469e+00
1.400609970092773438e+00
1.490311145782470703e+00
1.570202350616455078e+00
1.654881954193115234e+00
1.662166833877563477e+00
