-3.363837599754333496e-01
-3.120118975639343262e-01
-2.903530597686767578e-01
-2.710170745849609375e-01
-2.535654306411743164e-01
-2.375153899192810059e-01
-2.223884463310241699e-01
-2.077016830444335938e-01
-1.930148005485534668e-01
-1.779033541679382324e-01
-1.620004773139953613e-01
-1.449946165084838867e-01
-1.266172528266906738e-01
-1.066239476203918457e-01
-8.486729860305786133e-02
-6.114953756332397461e-02
-3.537684679031372070e-02
-7.346630096435546875e-03
2.293777465820312500e-02
5.560347437858581543e-02
9.066098928451538086e-02
1.284696459770202637e-01
1.686168313026428223e-01
2.115835249423980713e-01
2.572680413722991943e-01
3.054616749286651611e-01
3.568668961524963379e-01
4.110115170478820801e-01
4.679333567619323730e-01
5.274918675422668457e-01
5.905117988586425781e-01
6.546869277954101562e-01
7.239355444908142090e-01
7.943690419197082520e-01
8.623781800270080566e-01
9.423220157623291016e-01
1.014528036117553711e+00
1.090756893157958984e+00
1.172228097915649414e+00
1.245210886001586914e+00
1.322892665863037109e+00
1.329587459564208984e+00
