-2.524763941764831543e-01
-2.291415333747863770e-01
-2.068659663200378418e-01
-1.854977309703826904e-01
-1.648609936237335205e-01
-1.447487175464630127e-01
-1.249516904354095459e-01
-1.052267253398895264e-01
-8.533945679664611816e-02
-6.501546502113342285e-02
-4.398658871650695801e-02
-2.199116349220275879e-02
1.240581274032592773e-03
2.599880099296569824e-02
5.249062180519104004e-02
8.101573586463928223e-02
1.117585599422454834e-01
1.450384855270385742e-01
1.809240579605102539e-01
2.196294963359832764e-01
2.612085044384002686e-01
3.061111271381378174e-01
3.538449108600616455e-01
4.049530029296875000e-01
4.592597484588623047e-01
5.164391994476318359e-01
5.772258043289184570e-01
6.409426331520080566e-01
7.075091004371643066e-01
7.766354084014892578e-01
8.491488695144653320e-01
9.223028421401977539e-01
1.000466585159301758e+00
1.079185247421264648e+00
1.154512166976928711e+00
1.242322683334350586e+00
1.321090221405029297e+00
1.403860807418823242e+00
1.492111444473266602e+00
1.571199893951416016e+00
1.655665159225463867e+00
1.662966728210449219e+00
