-2.483815699815750122e-01
-2.319753915071487427e-01
-2.159381657838821411e-01
-2.002107948064804077e-01
-1.847213655710220337e-01
-1.693759709596633911e-01
-1.540784388780593872e-01
-1.387045532464981079e-01
-1.231348067522048950e-01
-1.072106808423995972e-01
-9.077306091785430908e-02
-7.365699112415313721e-02
-5.567993223667144775e-02
-3.663106262683868408e-02
-1.634974777698516846e-02
5.407497286796569824e-03
2.881066501140594482e-02
5.414189398288726807e-02
8.150266110897064209e-02
1.111097484827041626e-01
1.430635005235671997e-01
1.777686625719070435e-01
2.148991078138351440e-01
2.549293637275695801e-01
2.977712154388427734e-01
3.432071805000305176e-01
3.918647766113281250e-01
4.432449936866760254e-01
4.973258972167968750e-01
5.539195537567138672e-01
6.137725710868835449e-01
6.746817231178283691e-01
7.403913736343383789e-01
8.072831630706787109e-01
8.720335960388183594e-01
9.485317468643188477e-01
1.018186211585998535e+00
1.092553138732910156e+00
1.173310041427612305e+00
1.247102022171020508e+00
1.327540159225463867e+00
1.334577679634094238e+00
