-9.125383496284484863e-01
-9.079515337944030762e-01
-9.023095965385437012e-01
-8.954600691795349121e-01
-8.872537016868591309e-01
-8.775420784950256348e-01
-8.661915659904479980e-01
-8.530680537223815918e-01
-8.380655646324157715e-01
-8.210703730583190918e-01
-8.019911646842956543e-01
-7.807628512382507324e-01
-7.573317885398864746e-01
-7.316312193870544434e-01
-7.036923766136169434e-01
-6.734521389007568359e-01
-6.409675478935241699e-01
-6.061523556709289551e-01
-5.691751241683959961e-01
-5.300441384315490723e-01
-4.889151453971862793e-01
-4.455496072769165039e-01
-4.006054401397705078e-01
-3.537338376045227051e-01
-3.052552938461303711e-01
-2.555870413780212402e-01
-2.042189240455627441e-01
-1.518428921699523926e-01
-9.861177206039428711e-02
-4.482269287109375000e-02
1.008993387222290039e-02
6.403166055679321289e-02
1.201681494712829590e-01
1.752529144287109375e-01
2.267012596130371094e-01
2.852360010147094727e-01
3.365302085876464844e-01
3.893026709556579590e-01
4.444147348403930664e-01
4.928980469703674316e-01
5.438420176506042480e-01
5.482087731361389160e-01
