2.000169341828431868e+00
1.900178620334087132e+00
1.800167678246576086e+00
1.700161808781944561e+00
1.600173232237461107e+00
1.500152737412651316e+00
1.400171749801423671e+00
1.300145305915870075e+00
1.200218287364536174e+00
1.100160240528644362e+00
1.000182365388348149e+00
9.001605848149109024e-01
8.003444697372167349e-01
7.002726693349650144e-01
6.000848957217044255e-01
5.002474555839586667e-01
4.001890321961565911e-01
3.001148422423201012e-01
2.002703221306995351e-01
1.001533435716986803e-01
9.553427763350225827e-05
-9.953236701821033261e-02
-2.006070626259045253e-01
-2.994970390488336798e-01
-3.995564170132980264e-01
-5.000642313142439344e-01
-5.986701239899842042e-01
-6.994827744185468932e-01
-8.007550893988318874e-01
-9.003400729530242064e-01
-9.998827563170711308e-01
-1.102154167345102742e+00
-1.196779215766336835e+00
-1.297232671276609794e+00
-1.399334157805835366e+00
-1.505240320968103118e+00
-1.594078490987432817e+00
-1.706655126848767967e+00
-1.801620620440452569e+00
-1.887291128719884359e+00
-1.995614131825945714e+00
-1.998119240251479578e+00
