-8.311618112443151796e-02
-4.366345707896615580e-02
-6.894576537732864663e-03
2.551886314747487880e-02
5.387711795730784625e-02
7.708070352859110186e-02
9.793027427202641300e-02
1.149977410012790607e-01
1.294224030009387683e-01
1.418728867545685224e-01
1.522424657821824512e-01
1.630688985870876184e-01
1.728188573056752275e-01
1.827569310403991676e-01
1.928349721470598022e-01
2.024637953493917397e-01
2.121503014354230998e-01
2.222038572833102410e-01
2.340285538724579117e-01
2.456606975202594301e-01
2.601501265496668491e-01
2.722455215348593138e-01
2.905332069108771398e-01
3.058004814397099480e-01
3.247350382860185736e-01
3.462512358994468409e-01
3.658360297606602085e-01
3.906861108519096293e-01
4.180923819034546018e-01
4.459076364015051031e-01
4.760994616094942899e-01
5.128257590035902869e-01
5.438409109939843500e-01
5.808463167961847029e-01
6.252733421147743664e-01
6.741940371131336374e-01
7.149982931818226195e-01
7.758288144646123818e-01
8.265380190950620820e-01
8.646125232488779400e-01
9.339633335001165104e-01
9.390592559707066078e-01
