1.188453007489442825e-02
4.159970954060554504e-02
7.096048444509506226e-02
9.994807094335556030e-02
1.285527795553207397e-01
1.567847579717636108e-01
1.846195012331008911e-01
2.120715230703353882e-01
2.390888184309005737e-01
2.657167315483093262e-01
2.918757796287536621e-01
3.175770044326782227e-01
3.427374362945556641e-01
3.674633502960205078e-01
3.917212784290313721e-01
4.154265522956848145e-01
4.387677907943725586e-01
4.617789387702941895e-01
4.845182299613952637e-01
5.072436928749084473e-01
5.300484895706176758e-01
5.530318617820739746e-01
5.768274664878845215e-01
6.007662415504455566e-01
6.258310675621032715e-01
6.520280838012695312e-01
6.788616180419921875e-01
7.075704336166381836e-01
7.377989292144775391e-01
7.689436078071594238e-01
8.015180230140686035e-01
8.365024924278259277e-01
8.702356815338134766e-01
9.074594378471374512e-01
9.467463493347167969e-01
9.889850616455078125e-01
1.025532126426696777e+00
1.073222517967224121e+00
1.114571332931518555e+00
1.152685403823852539e+00
1.201888680458068848e+00
1.203039169311523438e+00
