2.000160659238177541e+00
1.900179166853279256e+00
1.800175934704097758e+00
1.700173935533351166e+00
1.600172141772728596e+00
1.500169211622085497e+00
1.400182119320791729e+00
1.300186646055208950e+00
1.200171724656929895e+00
1.100153343571698583e+00
1.000169341828431646e+00
9.001403622814923011e-01
8.001848790226192554e-01
7.000985709486786668e-01
6.001634179562983507e-01
5.001225330722017803e-01
4.000922419263780450e-01
3.001300743462051446e-01
2.001415931857030428e-01
1.003119458771097178e-01
5.211221115820731869e-05
-1.001417582564506220e-01
-1.999190240354946912e-01
-2.999204888342881237e-01
-3.993145521591758840e-01
-5.000037987527737871e-01
-5.994050293844626065e-01
-6.993501783580853282e-01
-7.987913840019317258e-01
-8.989578520287081487e-01
-9.981624841832384964e-01
-1.098611977879409674e+00
-1.198718431039268006e+00
-1.299138858012528042e+00
-1.400002367859827901e+00
-1.502429065628069882e+00
-1.600987740125832559e+00
-1.699648032727544722e+00
-1.807993198450940753e+00
-1.906697411911373763e+00
-1.990476869443831065e+00
-1.968555177732298267e+00
2.000165000555002681e+00
1.900167689805815296e+00
1.800172494532539469e+00
1.700171336972269742e+00
1.600184136734196239e+00
1.500203530884747671e+00
1.400152738372845596e+00
1.300164888577665767e+00
1.200144332496747124e+00
1.100191275479545316e+00
1.000186706488199739e+00
9.001518400511505646e-01
8.001195124490451116e-01
7.002051170536266467e-01
6.001361549004340379e-01
5.000538790305555370e-01
4.000974276662905837e-01
3.004128592290365996e-01
2.002265037947407733e-01
1.000326290916977168e-01
4.991516969420595976e-04
-1.001089441250557072e-01
-1.991757356748784513e-01
-3.003365469999340620e-01
-4.006115195005755525e-01
-5.001287935678265795e-01
-5.980190645133913740e-01
-7.000962862095921890e-01
-7.994039176413131331e-01
-9.015570303767960203e-01
-1.002156405326057431e+00
-1.098378235906642741e+00
-1.197004054867120360e+00
-1.301447988042157222e+00
-1.394572118698436780e+00
-1.500725418107782705e+00
-1.599154745898533792e+00
-1.700446942625842839e+00
-1.820112277585221872e+00
-1.896162083974390233e+00
-1.995915187628585885e+00
-1.982344895630463455e+00
2.000156317877955114e+00
1.900169329402594087e+00
1.800175246671966267e+00
1.700179132608869992e+00
1.600173232237461107e+00
1.500177448492463483e+00
1.400197673135627818e+00
1.300158361121844131e+00
1.200171724656929895e+00
1.100163688966043996e+00
1.000169341828431646e+00
9.001939226115064363e-01
8.001360270385547979e-01
7.001254264959093643e-01
6.002593703002867542e-01
5.001458729742778164e-01
4.001077989603567531e-01
3.003671910620188124e-01
2.002100707788818656e-01
1.000291796134793604e-01
-3.691659993950240467e-05
-1.003512802416374611e-01
-1.993578302321068474e-01
-2.996372772983391664e-01
-3.994060527501424041e-01
-4.994259937850910602e-01
-5.988959836426215322e-01
-7.004055460750772122e-01
-7.968610013580853524e-01
-9.009239252354359628e-01
-1.002399579524617446e+00
-1.099228264642166275e+00
-1.197824439803040208e+00
-1.294178180346000406e+00
-1.398888892225032210e+00
-1.497400835152016940e+00
-1.595111572560903745e+00
-1.696667841756586137e+00
-1.807251396122116827e+00
-1.899667371135162153e+00
-1.985542467913159470e+00
-2.002093123780487094e+00
2.000151976474334070e+00
1.900175887727810098e+00
1.800175246671966267e+00
1.700173935533351166e+00
1.600178684520053185e+00
1.500173330076802092e+00
1.400170021524124175e+00
1.300151833567913195e+00
1.200171724656929895e+00
1.100180930742329366e+00
1.000208411336593217e+00
9.001474676032391598e-01
8.000210999995408523e-01
7.001436180199099857e-01
6.001754131587119234e-01
5.000676107071484466e-01
4.001510100198880648e-01
3.002301577405208644e-01
2.001552895681451005e-01
1.006668672210724869e-01
2.908798689967298447e-04
-9.934452999415614716e-02
-2.001833663718702028e-01
-3.001891474770260193e-01
-3.992720762941213697e-01
-4.992737788824627154e-01
-6.008456660417835771e-01
-6.994827744185468932e-01
-7.997543251392760233e-01
-8.997673480354937414e-01
-1.000856839116444519e+00
-1.099753070096349150e+00
-1.201038072161179526e+00
-1.300531711559139492e+00
-1.399406052750142404e+00
-1.502992905039720828e+00
-1.600210366776265269e+00
-1.701048727397556748e+00
-1.803790642873757566e+00
-1.907654877148509565e+00
-1.995253140122448698e+00
-2.014601821101763335e+00
2.000151976474334070e+00
1.900173701630408996e+00
1.800175934704097758e+00
1.700161808781944561e+00
1.600176503615230450e+00
1.500165093128313032e+00
1.400176934592056499e+00
1.300143130010052328e+00
1.200136114511779706e+00
1.100174034113956090e+00
1.000130268805227152e+00
9.001518400511505646e-01
8.001621738543572837e-01
7.000153948472086496e-01
6.001568749789736312e-01
5.000991919157228294e-01
4.001838475499488457e-01
3.001148422423201012e-01
2.001580287928009516e-01
1.001843790154466896e-01
4.470931029187967727e-04
-9.937018898245275622e-02
-1.998275054674606699e-01
-2.998737072237638857e-01
-3.989443894321517137e-01
-5.004778706589745330e-01
-6.016502107230746743e-01
-7.008131470822581699e-01
-7.991659113303331008e-01
-9.000329156800069841e-01
-9.982273581555504149e-01
-1.100135195231820795e+00
-1.202130267293163746e+00
-1.297935838595053015e+00
-1.396978026861988909e+00
-1.493539616986499841e+00
-1.599094354247149186e+00
-1.697708042658679473e+00
-1.806227227794172219e+00
-1.904914376056821679e+00
-2.001319652384601078e+00
-1.990821154625614042e+00
2.000160659238177541e+00
1.900172608577581856e+00
1.800163549958952336e+00
1.700168738395639867e+00
1.600165598926834409e+00
1.500170584444664001e+00
1.400195944961487360e+00
1.300173591699485431e+00
1.200163507190282086e+00
1.100194723670527397e+00
1.000151976474334292e+00
9.002272578491853361e-01
8.000892340704901518e-01
7.001323566901409556e-01
6.002713628528284495e-01
5.002392200412476564e-01
4.002546990246789171e-01
3.000560848367100353e-01
2.001552895681451005e-01
1.000705715439263593e-01
1.346104258518532250e-04
-9.995201748128747232e-02
-1.996603446419244199e-01
-2.994390525136583769e-01
-3.998714790619102288e-01
-4.999104195133427520e-01
-5.992255010868251519e-01
-6.999983272574455961e-01
-7.981469692836100638e-01
-8.993090224337036975e-01
-1.000621050661096856e+00
-1.099072201417926387e+00
-1.201769352559452830e+00
-1.297652194192290942e+00
-1.399721005695245823e+00
-1.500006545504961375e+00
-1.598947723761172002e+00
-1.711969989678670201e+00
-1.805649416619843795e+00
-1.904855067418366188e+00
-2.023420781359889897e+00
-1.986598138031955285e+00
2.000165000555002681e+00
1.900179713371783707e+00
1.800171118456285857e+00
1.700159210148302513e+00
1.600178684520053185e+00
1.500137635505008227e+00
1.400157923390448422e+00
1.300193173085924414e+00
1.200116938608755790e+00
1.100222308212827960e+00
1.000251817779405084e+00
9.001655036671479815e-01
8.002612422419048688e-01
7.002380284519714726e-01
6.000805329590359616e-01
5.002035308847477824e-01
3.998207684205581369e-01
3.003258681058583179e-01
2.000758445366509208e-01
1.002705769463781149e-01
3.603149099686077687e-04
-9.939366555508327705e-02
-1.994753733001219664e-01
-3.002879863372462377e-01
-3.999063788844364753e-01
-4.999804520605537483e-01
-5.989115050309651300e-01
-6.991980688111825160e-01
-7.998337536368924638e-01
-9.013320512618762104e-01
-9.995962938261172548e-01
-1.099498506668629805e+00
-1.201731342605083297e+00
-1.299537720791562156e+00
-1.399321087276388376e+00
-1.504480638573236773e+00
-1.597645748655608378e+00
-1.692078433669371051e+00
-1.796284642513197527e+00
-1.891813965429572475e+00
-2.000372349945741757e+00
-1.990302705619435342e+00
2.000165000555002681e+00
1.900179166853279256e+00
1.800179374848406066e+00
1.700183463457628497e+00
1.600165598926834409e+00
1.500160974595483587e+00
1.400170021524124175e+00
1.300190997419918837e+00
1.200168985518656806e+00
1.100184379015446634e+00
1.000117243682928869e+00
9.001578520951506457e-01
8.001408436755379494e-01
7.000448548716895480e-01
6.001132526108235998e-01
5.001760756915824002e-01
4.000127194928703722e-01
3.001822946469007158e-01
2.002374587932128081e-01
1.004256901220053622e-01
4.776976572043194251e-05
-1.006704073522266957e-01
-1.993330883763131389e-01
-3.000201331345385136e-01
-3.996000105913461442e-01
-4.998143147933771235e-01
-6.011263937939413937e-01
-7.017518651749548031e-01
-7.978414795994641651e-01
-8.996570300106665474e-01
-9.983052197162595176e-01
-1.102083841771191564e+00
-1.199872918286142953e+00
-1.298761962299960659e+00
-1.395415423877330863e+00
-1.486232552994660949e+00
-1.601924512583194016e+00
-1.720068545343126365e+00
-1.790495708910298633e+00
-1.910996189768221720e+00
-2.005413202062192646e+00
-1.986716061282226997e+00
2.000160659238177541e+00
1.900172608577581856e+00
1.800168366290697985e+00
1.700173935533351166e+00
1.600180865413924236e+00
1.500177448492463483e+00
1.400171749801423671e+00
1.300160536951352253e+00
1.200190898141128226e+00
1.100215412241505986e+00
1.000108560051034656e+00
9.001452813627753846e-01
8.001484125685831561e-01
7.001652736026132695e-01
6.002342938929885463e-01
5.002309843423626834e-01
4.003549082028148853e-01
3.000822002206305905e-01
2.001415931857030428e-01
1.002602340979443368e-01
4.254001802063994849e-04
-9.990883159598791530e-02
-1.996912954965245901e-01
-3.001978166524940095e-01
-3.991512061806209433e-01
-4.985531967428883937e-01
-5.993100772890429528e-01
-6.988397355307918168e-01
-8.000036150302980431e-01
-9.005783557070352607e-01
-1.001167648955062717e+00
-1.094993039779597721e+00
-1.200117265702111080e+00
-1.295219955158705361e+00
-1.397362780782621217e+00
-1.505087444416844944e+00
-1.594286617157245400e+00
-1.700992001937914111e+00
-1.801491368175575092e+00
-1.898338831400942617e+00
-2.001851865664666441e+00
-2.014089200683207626e+00
2.000156317877955114e+00
1.900178620334087132e+00
1.800173870604432791e+00
1.700170470781787291e+00
1.600176503615230450e+00
1.500173330076802092e+00
1.400180391084757447e+00
1.300162712769959539e+00
1.200177202881648419e+00
1.100163688966043996e+00
1.000195388557727494e+00
9.001605848149109024e-01
8.001112549187887613e-01
7.002388945077222537e-01
6.002037641383808353e-01
5.001266519695970469e-01
4.003324495353552948e-01
3.003628414623121801e-01
2.002648450804759284e-01
9.997053429145005832e-02
1.780242451034082338e-04
-1.003031304747814406e-01
-1.995186866616641408e-01
-3.002220912644703033e-01
-3.994420046859609719e-01
-4.995892384084561488e-01
-6.000339635006610717e-01
-6.988201985797695137e-01
-8.002119228956021679e-01
-8.978476820410848935e-01
-9.988593048700473709e-01
-1.099479939210585178e+00
-1.199043850696790203e+00
-1.298098004324338639e+00
-1.399297125660692087e+00
-1.506512671711996765e+00
-1.599325613484133379e+00
-1.691796403444659980e+00
-1.799811840876218039e+00
-1.896853347035841963e+00
-2.010933919278369952e+00
-2.016647995778660274e+00
2.000156317877955114e+00
1.900170422463674402e+00
1.800178686821724439e+00
1.700173069348051680e+00
1.600167779886418229e+00
1.500149991650321812e+00
1.400168293239946848e+00
1.300171415935381214e+00
1.200193637141200087e+00
1.100205068079209925e+00
1.000221433724969078e+00
9.001512934975690605e-01
8.002199664934437351e-01
7.001566114991111256e-01
6.001950409571426004e-01
5.002062763086053687e-01
4.000040748726488848e-01
3.001474818107859877e-01
2.001936371412000870e-01
1.006014181074646047e-01
5.642161653756039242e-04
-1.003332234534771022e-01
-1.995255621956910363e-01
-2.998936321084647028e-01
-3.996708594898326083e-01
-5.000985717436454703e-01
-5.995241804706094024e-01
-7.000919320091649745e-01
-7.996776493369085470e-01
-8.986310367507486241e-01
-1.001023534383570723e+00
-1.100812803835217180e+00
-1.201004955460529766e+00
-1.301553201253199399e+00
-1.398524527927573535e+00
-1.497746359310757169e+00
-1.599537997204306672e+00
-1.694650780531380629e+00
-1.803094613714997241e+00
-1.896856771868615343e+00
-2.004982908309707934e+00
-1.998313871862527513e+00
2.000165000555002681e+00
1.900175887727810098e+00
1.800182126944232408e+00
1.700169604589577332e+00
1.600173232237461107e+00
1.500173330076802092e+00
1.400166564948891912e+00
1.300167064374471604e+00
1.200185420089161070e+00
1.100163688966043996e+00
1.000156317877955114e+00
9.001518400511505646e-01
8.002096469433483961e-01
7.001981880203705932e-01
6.002004929659491284e-01
5.001664659639101229e-01
4.000974276662905837e-01
3.000909049996393629e-01
2.001717246569298114e-01
1.000395279659407610e-01
3.472966853635024720e-04
-9.970389385829288298e-02
-1.994822481484619658e-01
-2.998156703778023235e-01
-4.006541265775898641e-01
-4.996166805036389436e-01
-5.994240222949860364e-01
-6.999373861700839416e-01
-7.998885403761984980e-01
-8.987686132093010150e-01
-1.001105382109643616e+00
-1.097978061063385580e+00
-1.199463686307699062e+00
-1.298980625712660597e+00
-1.401833487533221678e+00
-1.498662713922893630e+00
-1.599909486667353109e+00
-1.700385938559756838e+00
-1.798138783722737388e+00
-1.903639282444975711e+00
-2.009481780446038535e+00
-1.997505640662514015e+00
2.000165000555002681e+00
1.900173701630408996e+00
1.800171806494957671e+00
1.700166139803461318e+00
1.600175413158711812e+00
1.500171957262902867e+00
1.400195944961487360e+00
1.300162712769959539e+00
1.200185420089161070e+00
1.100146446505221753e+00
1.000156317877955114e+00
9.001589451851181867e-01
8.001621738543572837e-01
7.001063678915352417e-01
6.001154338332976845e-01
5.002103944118507783e-01
4.001700215241241199e-01
3.001583611218441860e-01
2.002292425702655587e-01
1.001257546485697369e-01
4.557699686167853239e-04
-1.003184502760999380e-01
-1.998825519187996946e-01
-2.999326182226183524e-01
-4.007721372262036952e-01
-5.003926369761827475e-01
-5.998680023166245157e-01
-6.992197954849527219e-01
-8.011697795075025663e-01
-8.992263685532299045e-01
-9.987207172939961408e-01
-1.099810995918864220e+00
-1.198129999718230865e+00
-1.300990910919397114e+00
-1.404470711325541021e+00
-1.499275149949771180e+00
-1.595019263679458676e+00
-1.691625565129461384e+00
-1.795570692709538951e+00
-1.856729072786603263e+00
-1.983438794901899449e+00
-2.004906036548402604e+00
2.000160659238177541e+00
1.900168236338762640e+00
1.800172494532539469e+00
1.700170470781787291e+00
1.600172141772728596e+00
1.500166465963910012e+00
1.400163108346148322e+00
1.300184470356504640e+00
1.200188159123781961e+00
1.100180930742329366e+00
1.000195388557727494e+00
9.001950156106908185e-01
8.002013911267178425e-01
7.002224391531237657e-01
6.001579654820399234e-01
5.000895804866571925e-01
4.002028576167879215e-01
3.001017857280517953e-01
2.000128260729300833e-01
1.002464432501937452e-01
1.302688052270466689e-04
-9.946901754724413180e-02
-2.001324128836824146e-01
-2.997134750854631990e-01
-3.999860046026346705e-01
-4.987613030031929351e-01
-6.002328546955755240e-01
-6.998198810736030451e-01
-7.997515864846460598e-01
-8.985588265525231710e-01
-9.994574709077058694e-01
-1.101419058836524911e+00
-1.199469186029662682e+00
-1.295176247998611307e+00
-1.395238431287565195e+00
-1.500609878405446462e+00
-1.609079016524060046e+00
-1.703486181162048752e+00
-1.803881872208496828e+00
-1.904001223535865872e+00
-1.997929018089446007e+00
-1.999743841814913159e+00
2.000160659238177541e+00
1.900172608577581856e+00
1.800173182569031027e+00
1.700174801716923367e+00
1.600169960835049698e+00
1.500155483157621372e+00
1.400171749801423671e+00
1.300158361121844131e+00
1.200149811067001471e+00
1.100236099826986225e+00
1.000160659238177763e+00
9.001676898058152965e-01
8.001855670394910636e-01
7.001436180199099857e-01
6.001339737820283737e-01
5.002186305011963041e-01
4.001890321961565911e-01
3.003258681058583179e-01
2.002867528669438901e-01
1.006083079523406310e-01
1.563178779550315116e-04
-9.952308246611427101e-02
-1.994176288702042832e-01
-3.000305321180588569e-01
-3.996283487637983245e-01
-5.011658511626090329e-01
-6.001359919531750187e-01
-6.981781392638403139e-01
-7.986957536126670920e-01
-8.993469107200442458e-01
-9.986341225114145903e-01
-1.102302547708670977e+00
-1.198977923223588649e+00
-1.302925042355119967e+00
-1.389544258887019046e+00
-1.510664596626391853e+00
-1.596635792988790881e+00
-1.697489415349551667e+00
-1.821921331237371433e+00
-1.885515786882117739e+00
-2.010567981652227054e+00
-1.990736120560004041e+00
2.000160659238177541e+00
1.900170968993182941e+00
1.800173182569031027e+00
1.700167006002581749e+00
1.600173232237461107e+00
1.500192549015759935e+00
1.400180391084757447e+00
1.300169240160376605e+00
1.200174463777927025e+00
1.100149895052151772e+00
1.000212752176105280e+00
9.001480141616355901e-01
8.001656141076695095e-01
7.001947234622856175e-01
6.000947117774700912e-01
5.002076490140260345e-01
4.000265505273269961e-01
3.000734952671440525e-01
2.001662463631074806e-01
1.001533435716986803e-01
4.904756979426046258e-04
-9.928229959637129010e-02
-2.000917920880810053e-01
-2.994226099798513174e-01
-4.000372782025611862e-01
-4.996921552075764272e-01
-6.003764588679828540e-01
-6.994240793651538279e-01
-8.007715595993346591e-01
-9.008651590130221098e-01
-9.981841077639453941e-01
-1.100752553471253670e+00
-1.199491873118973206e+00
-1.301381047449387207e+00
-1.397909609122276242e+00
-1.498992801440108380e+00
-1.601457608544089917e+00
-1.704450492069033984e+00
-1.799280794643908443e+00
-1.893934954139825377e+00
-2.001523568604071102e+00
-2.009078480364954622e+00
2.000160659238177541e+00
1.900173701630408996e+00
1.800168366290697985e+00
1.700161808781944561e+00
1.600177594069010834e+00
1.500184312431777744e+00
1.400175206335389833e+00
1.300156185281435173e+00
1.200182681037265331e+00
1.100125754648569654e+00
1.000121585433766391e+00
9.001277910428535645e-01
8.002144627639078411e-01
7.002172425958189672e-01
6.001361549004340379e-01
5.003215684415114328e-01
3.998795732584617402e-01
3.001518335679132510e-01
2.003333032441411421e-01
9.961849595826476056e-02
-1.628909746807148619e-04
-9.974159514273493732e-02
-2.004023967274629059e-01
-2.998754397861453924e-01
-3.986647991827831916e-01
-4.987585641153992055e-01
-6.000512547717810063e-01
-7.001006404536745942e-01
-7.994394930066578420e-01
-8.995191718747588272e-01
-1.000246314808088011e+00
-1.101303882018757729e+00
-1.198308913696349176e+00
-1.299358576570766255e+00
-1.399187137024947125e+00
-1.496867383394047790e+00
-1.604228181132645092e+00
-1.697623609168164238e+00
-1.810007464115510833e+00
-1.903381930987955384e+00
-1.993076371218914344e+00
-1.999140947107819644e+00
2.000160659238177541e+00
1.900178620334087132e+00
1.800180062873997677e+00
1.700183463457628497e+00
1.600166689407995557e+00
1.500163720288376190e+00
1.400166564948891912e+00
1.300188821743013534e+00
1.200152550326212042e+00
1.100118857143933537e+00
1.000099876245509778e+00
9.001818994389239048e-01
8.002337255121448889e-01
7.001808649535560258e-01
6.001296115123546659e-01
5.000950727578838961e-01
4.001976731356277628e-01
3.000930811671302378e-01
2.002538907728048656e-01
9.984286709157291773e-02
3.474216888406794497e-05
-1.003233746127222964e-01
-1.992712399029039072e-01
-2.992945526015274305e-01
-3.990369005398691216e-01
-5.004737460633722490e-01
-6.003626154339534171e-01
-6.988484189022523552e-01
-7.990045789410648025e-01
-8.969047223635114863e-01
-9.999305184412720093e-01
-1.098994190831197315e+00
-1.198397369669045753e+00
-1.301536678483402820e+00
-1.402963335022346492e+00
-1.500006545504961375e+00
-1.601822063138250707e+00
-1.697679896337894734e+00
-1.797108635496843965e+00
-1.893577903326350453e+00
-1.997259580236482535e+00
-1.990952990339720285e+00
2.000169341828431868e+00
1.900173155104339262e+00
1.800171806494957671e+00
1.700174801716923367e+00
1.600173232237461107e+00
1.500177448492463483e+00
1.400176934592056499e+00
1.300164888577665767e+00
1.200196376123997766e+00
1.100160240528644362e+00
1.000199729527405212e+00
9.001851785190023714e-01
8.001924471482610990e-01
7.002536171912507879e-01
6.001514224225684702e-01
5.001952945090409886e-01
4.000248216721084549e-01
3.001104901145113524e-01
2.001470717905132202e-01
9.998088404138766316e-02
1.172436829288385637e-04
-1.000898036933229318e-01
-1.997752178004267298e-01
-3.002819166361762604e-01
-4.009809197787322366e-01
-4.991819272316209699e-01
-6.001757722509097892e-01
-7.001376532910815742e-01
-7.998282753430702163e-01
-9.001295260093449269e-01
-9.994357838346243916e-01
-1.100507256478192808e+00
-1.200005743630211841e+00
-1.301172467620723916e+00
-1.397710978734170384e+00
-1.499197006020585032e+00
-1.607598537821408158e+00
-1.706266298718130292e+00
-1.794625092531963562e+00
-1.903882863450289120e+00
-1.983259072713740245e+00
-2.000547556080015887e+00
2.000165000555002681e+00
1.900167689805815296e+00
1.800161485800424677e+00
1.700163541195734318e+00
1.600169960835049698e+00
1.500149991650321812e+00
1.400152738372845596e+00
1.300193173085924414e+00
1.200199115089521706e+00
1.100132652043660730e+00
1.000151976474334292e+00
9.001715155220036957e-01
8.001181362049054613e-01
7.000751792801964690e-01
6.001296115123546659e-01
5.000497594429125225e-01
4.001769345920564991e-01
3.000626138299160584e-01
2.000621456484754368e-01
1.000671223670621945e-01
-2.119874363112540956e-04
-9.963778791266396373e-02
-1.995551282324153630e-01
-2.997844896037669682e-01
-4.006180741634341458e-01
-5.008437406087083987e-01
-5.978831197469393066e-01
-7.003031610309542465e-01
-8.009060896216405601e-01
-9.006094457069859782e-01
-9.983917489365979892e-01
-1.101422350051619148e+00
-1.201387331090302713e+00
-1.303150176632085655e+00
-1.402488002144581136e+00
-1.499931016149071539e+00
-1.596819402715253355e+00
-1.700521030513795662e+00
-1.823619307756729535e+00
-1.898937203786327910e+00
-1.989034691632799889e+00
-1.994961128356931734e+00
2.000165000555002681e+00
1.900174248155790835e+00
1.800168366290697985e+00
1.700167872199974672e+00
1.600177594069010834e+00
1.500156856023596497e+00
1.400199401302891333e+00
1.300171415935381214e+00
1.200210070778881866e+00
1.100194723670527397e+00
1.000143293536894573e+00
9.001917366048853841e-01
8.002199664934437351e-01
7.002137781897380675e-01
6.001350643426004439e-01
5.002103944118507783e-01
4.005466233912487461e-01
3.002345086692941867e-01
2.001662463631074806e-01
1.005566314512975762e-01
2.995598562438129089e-04
-1.002309158323556049e-01
-1.995970742029425093e-01
-2.994303984708974187e-01
-4.012663818822149731e-01
-5.003940115802847366e-01
-5.997487568766631805e-01
-6.999373861700839416e-01
-8.003983883467575833e-01
-9.000053166756903922e-01
-9.992233078097055854e-01
-1.105709973607026386e+00
-1.202994361591440464e+00
-1.302002165416800139e+00
-1.391402303049331657e+00
-1.497546932378284179e+00
-1.607187015942926234e+00
-1.703095794216366032e+00
-1.795413401537113485e+00
-1.887371541835210609e+00
-2.017970410479326571e+00
-2.001761591935200979e+00
2.000169341828431868e+00
1.900173155104339262e+00
1.800169054333730090e+00
1.700173935533351166e+00
1.600163417956298240e+00
1.500178821289005038e+00
1.400168293239946848e+00
1.300195348741030932e+00
1.200188159123781961e+00
1.100167137376062199e+00
1.000199729527405212e+00
9.001737016304089956e-01
8.002048310693865574e-01
7.001184961910883464e-01
6.001634179562983507e-01
5.002652987240978621e-01
4.000075327413860071e-01
3.001866460552089499e-01
2.000977618589991625e-01
1.007013101616575229e-01
2.127521761052655143e-04
-9.943407007014427867e-02
-1.998708539640897952e-01
-2.994070334167751590e-01
-4.000885578566574230e-01
-5.002799342430739316e-01
-6.008768490546463337e-01
-7.014132561266623878e-01
-7.987367354867623837e-01
-9.007165505236512937e-01
-9.992753331437683739e-01
-1.101910823409724571e+00
-1.201162282284265359e+00
-1.298966793934855923e+00
-1.393750878341521782e+00
-1.500626382195398456e+00
-1.595970643574901704e+00
-1.708189530590035865e+00
-1.809906528646012314e+00
-1.909065102387012658e+00
-1.998854973338813013e+00
-2.001134554974655977e+00
2.000165000555002681e+00
1.900172608577581856e+00
1.800173182569031027e+00
1.700171336972269742e+00
1.600174322699455587e+00
1.500163720288376190e+00
1.400189032196156536e+00
1.300158361121844131e+00
1.200136114511779706e+00
1.100187827261185136e+00
1.000182365388348149e+00
9.001627709783386333e-01
8.001793748484059554e-01
7.001583439336330761e-01
6.000925304509178160e-01
5.000936996965889003e-01
4.002218668515492017e-01
3.002932419418333776e-01
2.002045929687483461e-01
1.000153814266171864e-01
1.910475446591598575e-04
-1.004782461306191338e-01
-2.003066434538033624e-01
-3.000348651013493573e-01
-3.991163669884675858e-01
-4.995864942943057385e-01
-6.003885722347475085e-01
-6.997894219783945546e-01
-8.007523444261404055e-01
-8.994950511994402875e-01
-9.995962938261172548e-01
-1.099396395471474497e+00
-1.201671224560362017e+00
-1.299604377840935410e+00
-1.403001779583945785e+00
-1.498505291659593563e+00
-1.601639797610444171e+00
-1.692953464781981499e+00
-1.813625749264055065e+00
-1.882125752132394192e+00
-1.996496385257463535e+00
-1.997946307570793278e+00
2.000160659238177541e+00
1.900176434250441027e+00
1.800180062873997677e+00
1.700179998782076707e+00
1.600176503615230450e+00
1.500176075691582289e+00
1.400176934592056499e+00
1.300182294646900605e+00
1.200166246363107536e+00
1.100149895052151772e+00
1.000212752176105280e+00
9.001895505872610226e-01
8.001800628739975663e-01
7.001791326088699918e-01
6.001688703621029797e-01
5.002405926425447236e-01
4.002944399136503795e-01
3.001909974199187259e-01
2.002265037947407733e-01
1.002636817414576664e-01
1.650005550029350477e-04
-9.959408702731287200e-02
-2.004265105915769007e-01
-2.996286193047561497e-01
-4.002326097014076156e-01
-5.003211635576405580e-01
-6.011697321449539499e-01
-6.996654319976700620e-01
-8.006123738195713990e-01
-8.996225613739424753e-01
-9.998480235256657078e-01
-1.098886199300872724e+00
-1.200097299769916193e+00
-1.301697584828016785e+00
-1.398915007674385924e+00
-1.503551938841792612e+00
-1.600937489100968447e+00
-1.696924956905605963e+00
-1.801942543246762174e+00
-1.903569712957449589e+00
-1.996703220884687324e+00
-1.994223385585358388e+00
2.000160659238177541e+00
1.900174794680485002e+00
1.800173870604432791e+00
1.700167872199974672e+00
1.600185227168811286e+00
1.500174702886361899e+00
1.400157923390448422e+00
1.300184470356504640e+00
1.200152550326212042e+00
1.100187827261185136e+00
1.000169341828431646e+00
9.001633175174761359e-01
8.002185905675985866e-01
7.000743128979084462e-01
6.001808654139242361e-01
5.001705844446640015e-01
3.999383701350834319e-01
3.001104901145113524e-01
2.002922296408889968e-01
9.995328416009797989e-02
1.650005550029350477e-04
-1.002867170016057824e-01
-1.994561243037163423e-01
-2.995584959173175910e-01
-3.999609154723182125e-01
-4.998335340360898771e-01
-5.980913562756341451e-01
-6.986704444797749991e-01
-8.001762842027227984e-01
-8.988752649487752322e-01
-1.000277168305548470e+00
-1.101392181513467294e+00
-1.199719497084562825e+00
-1.297452288788575769e+00
-1.399520455605297808e+00
-1.494879880452131937e+00
-1.608780752486955734e+00
-1.703345776909315212e+00
-1.788468328986620559e+00
-1.920243694656560196e+00
-1.999032601554171285e+00
-1.994394841871955704e+00
2.000160659238177541e+00
1.900173155104339262e+00
1.800169742375671955e+00
1.700170470781787291e+00
1.600160146479957968e+00
1.500174702886361899e+00
1.400178662841845778e+00
1.300180118926396844e+00
1.200141593185703126e+00
1.100170585758699637e+00
1.000182365388348149e+00
9.001600382723344840e-01
8.001546052011424548e-01
7.001990541555732639e-01
6.001361549004340379e-01
5.001747028863620104e-01
4.000075327413860071e-01
3.004933105074906186e-01
2.002347200695013540e-01
1.002154122415060411e-01
-9.034264819703201603e-05
-1.003589409240377567e-01
-2.001103807942188617e-01
-2.999698748907512758e-01
-3.993995163542826687e-01
-5.008905281649873587e-01
-6.005789695252971017e-01
-7.006343658538126684e-01
-8.009005977844894097e-01
-9.027357472048956888e-01
-9.973243194650140975e-01
-1.099930150673539719e+00
-1.204684584891894561e+00
-1.294341514694099970e+00
-1.403912262055752702e+00
-1.501848027113179551e+00
-1.594272966483403664e+00
-1.690178274319770191e+00
-1.788623124378951434e+00
-1.894932851189876866e+00
-2.024705624927214842e+00
-1.996629955333659279e+00
