-2.902578309376461774e-01
-2.670042750231907402e-01
-2.442882258537238394e-01
-2.221362029081705158e-01
-2.015765727824001818e-01
-1.821782278195729909e-01
-1.639044871713919715e-01
-1.459357726455459692e-01
-1.281953857912317696e-01
-1.104338786563412722e-01
-9.266604513975226776e-02
-7.410648768394313690e-02
-5.476142533896766890e-02
-3.431533854212919649e-02
-1.315932136093366650e-02
9.455145234674283347e-03
3.354437609094777784e-02
6.014234360095938731e-02
8.824597789017075977e-02
1.177914743411347664e-01
1.496039549330242524e-01
1.845579995990128397e-01
2.197285686482517986e-01
2.587067068329652608e-01
2.987417605441141655e-01
3.436015706930148350e-01
3.895062961378359390e-01
4.381498033781860424e-01
4.890256425716901223e-01
5.428901307723650316e-01
5.985749469461544292e-01
6.567659075716079098e-01
7.184751155429942582e-01
7.828487065023161939e-01
8.496380416937268087e-01
9.188310498423104544e-01
9.868863370691867143e-01
1.057780176794581806e+00
1.140369750709695928e+00
1.213400866911283682e+00
1.274531920596871482e+00
1.261878773066803516e+00
-2.830914282935919069e-01
-2.602908229270138873e-01
-2.361199764755066988e-01
-2.135651888867390324e-01
-1.920234607664857152e-01
-1.721243453824631009e-01
-1.528785258052217655e-01
-1.345975134864231537e-01
-1.163186956187251542e-01
-9.812937635659468860e-02
-7.960428112211251350e-02
-6.093924487766624182e-02
-4.077872293852754376e-02
-2.031735163991142332e-02
1.032392806235115593e-03
2.435018609741403106e-02
4.947774615605633058e-02
7.550681466890619975e-02
1.038686892864482680e-01
1.349417107353596268e-01
1.662435669516148240e-01
2.017083936959355450e-01
2.367437793596593176e-01
2.777192063644253750e-01
3.196639306881441933e-01
3.634653102383481049e-01
4.076457970625558258e-01
4.594482789526872502e-01
5.107741607182160193e-01
5.669981184448545930e-01
6.251930550252227103e-01
6.804905261569523800e-01
7.401383776981028673e-01
8.094977643374127174e-01
8.682181622787896735e-01
9.438159133684548285e-01
1.011946640973354627e+00
1.086046456047294662e+00
1.177974901579892153e+00
1.230888103070201245e+00
1.307363375989040399e+00
1.300173591699485431e+00
-2.773545622348612683e-01
-2.568486368677046494e-01
-2.332816182094362978e-01
-2.098281755710069418e-01
-1.873673551082483124e-01
-1.656085470050573660e-01
-1.440237734537537229e-01
-1.229421043515407791e-01
-1.014497778140743267e-01
-8.022759175757165906e-02
-5.732488686902950659e-02
-3.388409094384629838e-02
-9.384137707742323808e-03
1.702081139264904203e-02
4.455935807666792231e-02
7.490416804309009413e-02
1.068467747791384120e-01
1.408127593025356727e-01
1.772536114098033633e-01
2.164825973524599767e-01
2.581510029752794311e-01
3.029907453365425773e-01
3.482756494323170360e-01
3.981779368617492376e-01
4.510784037156899129e-01
5.056247283278794136e-01
5.623178505435119101e-01
6.248171552577546084e-01
6.833019537396046728e-01
7.532083470201055286e-01
8.206171582139101250e-01
8.866446750174783453e-01
9.556319569624710519e-01
1.024760606459194090e+00
1.105247825735100387e+00
1.180065631989100750e+00
1.255598103880448901e+00
1.335389692042908250e+00
1.427249097519639687e+00
1.501364667961332389e+00
1.570120114219767826e+00
1.591139210183302621e+00
-2.426100452981500566e-01
-2.217192044187865085e-01
-1.968823949441658172e-01
-1.717146344897347021e-01
-1.471858745714139105e-01
-1.233769300029133736e-01
-9.975143079869847051e-02
-7.681610266687920185e-02
-5.310727725122076776e-02
-2.932543414070578475e-02
-3.966665340229985973e-03
2.201986807264206744e-02
4.944674256114359873e-02
7.852931525434617144e-02
1.096696480791226891e-01
1.431460061034176556e-01
1.780527292912311987e-01
2.157379972886384611e-01
2.560366732457096117e-01
2.988203394109170685e-01
3.445946352725479112e-01
3.932855770621857538e-01
4.458127390793115152e-01
4.995812448018595586e-01
5.549407851872258934e-01
6.143603409016757944e-01
6.786485568255761214e-01
7.420602226974674087e-01
8.092148354484591799e-01
8.784884753342123709e-01
9.509696214898873956e-01
1.023495267332977798e+00
1.098674869324571146e+00
1.175897230850905473e+00
1.252112400839226591e+00
1.336165434667549778e+00
1.414226052964111302e+00
1.497529500516306511e+00
1.583331423302282603e+00
1.671681844883085244e+00
1.744366533076817882e+00
1.768760160055338648e+00
-2.465778207095640773e-01
-2.250978144337325848e-01
-2.007359758397036231e-01
-1.760187379325486579e-01
-1.517708435191540139e-01
-1.286290817154575883e-01
-1.055692854127501523e-01
-8.222307558202510136e-02
-5.901262070149699418e-02
-3.552021332013990257e-02
-1.093881834521554311e-02
1.497811288864345745e-02
4.160583195395266970e-02
7.071004059628326066e-02
1.008597125149034018e-01
1.339985063127080711e-01
1.680022115847021602e-01
2.056508836361263248e-01
2.456976970643688918e-01
2.887409387942870831e-01
3.333646398432832947e-01
3.816005689827203229e-01
4.331871847267889652e-01
4.857739360385184835e-01
5.420968440307945002e-01
6.028919536078456431e-01
6.657366712842723855e-01
7.290894298212170499e-01
7.943716150364524831e-01
8.637081998364395385e-01
9.331272512667441177e-01
1.008097461816099605e+00
1.084815699419143575e+00
1.156406786015064636e+00
1.233742150983446084e+00
1.309651455849319301e+00
1.395810226361176909e+00
1.476482372137435384e+00
1.568181769537786430e+00
1.650118996469971178e+00
1.730091537467721929e+00
1.725653591259705300e+00
-2.554113278047718816e-01
-2.354644713567982939e-01
-2.106654107685171917e-01
-1.863756508601819573e-01
-1.624507005307647967e-01
-1.389957877604680592e-01
-1.161994993386036568e-01
-9.318889623329876248e-02
-6.997297700274054955e-02
-4.642923605373951157e-02
-2.201680992064205047e-02
3.551000703085035841e-03
3.096384237827522548e-02
5.916945874615689438e-02
8.963315089728239593e-02
1.225697250570825653e-01
1.574658347302302919e-01
1.958221917087538955e-01
2.360608886200999401e-01
2.786667333694003990e-01
3.235573400681966971e-01
3.724885434930242378e-01
4.231409750547657223e-01
4.770676884302386123e-01
5.347049540189888761e-01
5.939856922509380022e-01
6.559601261908009073e-01
7.215245624216019005e-01
7.866286385399212655e-01
8.566986880474690702e-01
9.301749615326553311e-01
1.002122846225161679e+00
1.080763534982736918e+00
1.152490152669309653e+00
1.233982944818201588e+00
1.312845638578097995e+00
1.393762918289924935e+00
1.488181126963576961e+00
1.565655411926621055e+00
1.648140368351028506e+00
1.752387295890651897e+00
1.720724758799941689e+00
-2.848502151161613205e-01
-2.646222955401073551e-01
-2.411948028010994505e-01
-2.181276328415987231e-01
-1.959696663229896496e-01
-1.744025352562293685e-01
-1.536795918253460735e-01
-1.331575915471548688e-01
-1.128600107233492661e-01
-9.194197912214978341e-02
-7.067611853637989494e-02
-4.839780740502996892e-02
-2.489782888066130809e-02
6.379441142672592725e-04
2.694979131241732190e-02
5.550829443065986163e-02
8.700722983065095617e-02
1.195033270295185052e-01
1.556730163991807969e-01
1.942311950504436724e-01
2.336559396857633697e-01
2.757419795356199632e-01
3.226740317514242840e-01
3.724756491192537933e-01
4.246709690471450749e-01
4.785347519799367788e-01
5.332355297064741428e-01
5.940177682785631186e-01
6.574220745861001358e-01
7.234605978425846518e-01
7.876595100601070376e-01
8.557317080572652834e-01
9.292855512836681875e-01
9.993271912535853785e-01
1.072621150763889641e+00
1.155214539497587900e+00
1.223739887267809578e+00
1.298573641337113393e+00
1.382600515233503469e+00
1.457374671548647083e+00
1.547693498261124789e+00
1.541097259146904763e+00
-2.291693355604187965e-01
-2.091984944919685618e-01
-1.834186910489832290e-01
-1.577690608171735953e-01
-1.322126545113870844e-01
-1.075530935685115597e-01
-8.338710243953159629e-02
-5.980836130054614092e-02
-3.575545955869764703e-02
-1.142632908121760105e-02
1.395314937514233536e-02
3.975111196719088857e-02
6.734987595982036557e-02
9.652071071878898234e-02
1.271436886666323374e-01
1.599369680490639600e-01
1.963917583240338549e-01
2.335113705749568003e-01
2.738643703423387921e-01
3.165909219940641339e-01
3.628046831322305765e-01
4.128887505477930042e-01
4.616035611219251877e-01
5.168433031036230307e-01
5.733393199758588521e-01
6.341748717626001230e-01
6.967538003870615837e-01
7.626110515659556555e-01
8.244649330188741354e-01
8.959874243884498046e-01
9.662731749595194763e-01
1.043413368484326309e+00
1.116511444780562634e+00
1.189905600428529997e+00
1.264026403147981092e+00
1.332353612705887258e+00
1.429101157659868004e+00
1.527512612637783596e+00
1.581033250827652781e+00
1.683002885725637610e+00
1.760754862913125773e+00
1.748150024576403228e+00
-2.054694322067651124e-01
-1.839795501412512524e-01
-1.571755384447000581e-01
-1.303453425971744517e-01
-1.034104065949721374e-01
-7.752159454851485776e-02
-5.245208250225188301e-02
-2.772077325456179936e-02
-3.240605488971606395e-03
2.194968240153039735e-02
4.792873789197823337e-02
7.415059718605022943e-02
1.023547982520575661e-01
1.314582601065251988e-01
1.628212035261879242e-01
1.958581573235863016e-01
2.318491773009936918e-01
2.700239901479287719e-01
3.101471809279851000e-01
3.530502396425894140e-01
3.986429964662265846e-01
4.478972535329001636e-01
4.983753484499585662e-01
5.538575505220255657e-01
6.096349557115617879e-01
6.692936307745220859e-01
7.317522998474066398e-01
7.963335313442874153e-01
8.655646866760877689e-01
9.345136007868413142e-01
1.005853747665369946e+00
1.072180022431565627e+00
1.151859955512512190e+00
1.222643649201301530e+00
1.301969226865994589e+00
1.388294849465367298e+00
1.455974080171462681e+00
1.543086671696292766e+00
1.625706430466178798e+00
1.703824244304884106e+00
1.789509498951701749e+00
1.806468955082548122e+00
-1.795482855542784306e-01
-1.597439366690718843e-01
-1.328284281698134950e-01
-1.055670702151081664e-01
-7.841599889610846585e-02
-5.175530702158524093e-02
-2.568316174904562710e-02
8.685802780287228285e-06
2.596909166480057540e-02
5.146510195922593400e-02
7.785462374883421466e-02
1.061194725641211312e-01
1.344193775857256412e-01
1.653867917175464719e-01
1.972391947766758968e-01
2.318542701709076226e-01
2.679480690916926089e-01
3.073997550652829980e-01
3.495184115052094587e-01
3.947352805721397462e-01
4.420766445468904959e-01
4.922056461032726649e-01
5.439327715752001469e-01
6.004762752988380692e-01
6.582966964426971712e-01
7.193445476814851469e-01
7.832537945937371182e-01
8.491336805941563926e-01
9.186451519096152651e-01
9.864927111866347298e-01
1.060089402072702525e+00
1.135110379293798433e+00
1.210329223193582271e+00
1.286528322248599032e+00
1.367113543177637114e+00
1.453154684181888534e+00
1.528673787216992430e+00
1.600948948964898033e+00
1.692898009740426701e+00
1.772358385451196616e+00
1.872043166572098905e+00
1.882312746416615834e+00
-1.867340058144792703e-01
-1.661430367313490308e-01
-1.389599027227702566e-01
-1.115638257032265379e-01
-8.416766882023866969e-02
-5.767639159936446130e-02
-3.157496123772387392e-02
-6.581847110867014398e-03
1.912044635524460037e-02
4.453192107108285003e-02
7.115266380923625233e-02
9.850182157041546815e-02
1.264658508670779558e-01
1.560825035735856625e-01
1.878787251809380110e-01
2.219173627242042868e-01
2.584888215309276149e-01
2.960418156492492514e-01
3.367698334560660367e-01
3.797894093544868510e-01
4.260588390290233063e-01
4.772515235248895316e-01
5.286095017695943143e-01
5.835773409280435864e-01
6.416773286332236870e-01
7.021857459765321607e-01
7.651094972067182809e-01
8.309669879707233253e-01
8.985266329247263428e-01
9.669621260803806795e-01
1.041570314751790738e+00
1.115660427711582914e+00
1.191601901390967999e+00
1.268790855031880049e+00
1.344610348731893890e+00
1.423037690465455807e+00
1.506922890492679468e+00
1.583500294163507016e+00
1.676236216763311582e+00
1.752398816687380290e+00
1.844368433185303413e+00
1.844495193311807668e+00
-2.094129760133106588e-01
-1.863042821159852924e-01
-1.591188923006102429e-01
-1.316495003520316842e-01
-1.053284488447066153e-01
-7.941183076121738349e-02
-5.396798551645547171e-02
-2.954247182165151489e-02
-4.380598216208576520e-03
2.030740689900225465e-02
4.693197048860751203e-02
7.324164761199856988e-02
1.009044679283228052e-01
1.305556845231570229e-01
1.620653084408325562e-01
1.959964588602952362e-01
2.314797850171749771e-01
2.694592378161951851e-01
3.099259829951949707e-01
3.534141663261611277e-01
3.994123740687830493e-01
4.483166711060416754e-01
5.006617762745165789e-01
5.554342508441192372e-01
6.143181221808186043e-01
6.737017820855152328e-01
7.358439195491609519e-01
8.020748724950333974e-01
8.691671576444733871e-01
9.382114067730855655e-01
1.012917329891388496e+00
1.082950442628391352e+00
1.159807732969430516e+00
1.236479318104427794e+00
1.317758386606063814e+00
1.394153876882055831e+00
1.476315615490031208e+00
1.557568552194249500e+00
1.637937802270237997e+00
1.726551989231067896e+00
1.817844893841061404e+00
1.807728455738200291e+00
-1.692131535027954214e-01
-1.428436698336333077e-01
-1.137039049216162501e-01
-8.419560981218483786e-02
-5.589108058676602042e-02
-2.771521826108735292e-02
-1.052701750958901904e-03
2.627579826413961248e-02
5.302463375401683665e-02
7.975630534343981781e-02
1.063507099907504277e-01
1.356382384555190057e-01
1.645848141681136301e-01
1.962204139253035107e-01
2.295820224511101459e-01
2.641398891773566460e-01
3.014206849138912903e-01
3.410307101373005745e-01
3.839804382923725501e-01
4.298103973082085250e-01
4.771241500065575569e-01
5.291517724167906778e-01
5.820690473572543988e-01
6.388974017605200117e-01
6.993954045162251720e-01
7.606953397090326918e-01
8.241173693239181031e-01
8.905724644700265813e-01
9.618912065613666185e-01
1.030202887790159894e+00
1.102704626406567856e+00
1.179206976155487530e+00
1.253798229868249736e+00
1.334986239564853960e+00
1.417619477650155391e+00
1.493738195583818484e+00
1.569343472816629559e+00
1.650752277139604374e+00
1.738124659179325127e+00
1.783833572217365937e+00
1.892724985539844695e+00
1.918991748143364040e+00
-2.023267530879099274e-01
-1.765975070738602104e-01
-1.477189002160551601e-01
-1.191201257249416695e-01
-9.056272267636912565e-02
-6.352245023598269980e-02
-3.563899910099836005e-02
-9.466244905509039673e-03
1.702498740151367485e-02
4.472394371955178832e-02
7.330768382356753210e-02
1.019016607635229166e-01
1.331075931227531373e-01
1.648849865808766357e-01
1.993052959929662582e-01
2.364919151499561001e-01
2.749610129461066976e-01
3.167731526856590318e-01
3.607940438289650165e-01
4.072991065033921831e-01
4.572974002073439403e-01
5.096460022608034768e-01
5.657014556551132056e-01
6.231789703604833086e-01
6.850176095903126594e-01
7.467299199674121146e-01
8.139964049747121511e-01
8.820028436832729746e-01
9.521620893481854697e-01
1.023252459633711586e+00
1.098681789800738828e+00
1.176470377378961540e+00
1.251553056317749268e+00
1.325866487394288029e+00
1.406844931180068148e+00
1.491939901084992082e+00
1.583999722142395372e+00
1.659500713227526125e+00
1.742993635469851643e+00
1.827747823154017182e+00
1.908207732541254975e+00
1.912109880313587862e+00
-3.220318936737701643e-01
-2.995723465532912355e-01
-2.760741652789437950e-01
-2.527094074882026975e-01
-2.305163291128408398e-01
-2.093222479516075318e-01
-1.893045262183857547e-01
-1.685570545709978718e-01
-1.486725366730609066e-01
-1.285671820491109674e-01
-1.082083955444664292e-01
-8.665989282290396944e-02
-6.455571648007504826e-02
-4.165833746538233351e-02
-1.680009894585311747e-02
9.034249241236217906e-03
3.723122074554954114e-02
6.550502309839018045e-02
9.691001300805641983e-02
1.307871282405403957e-01
1.666165806399843019e-01
2.051366693829849153e-01
2.451053257659318307e-01
2.890602541047758156e-01
3.333585927878514044e-01
3.838835556281293138e-01
4.339857277864814789e-01
4.850865520946268106e-01
5.406810233888577066e-01
6.002844452597428937e-01
6.613014500669212037e-01
7.260642616148045292e-01
7.899401253917615051e-01
8.614722790061474234e-01
9.165229037749936802e-01
1.010630640961458049e+00
1.069427577670364116e+00
1.145622098232108810e+00
1.248066494717947617e+00
1.289629080568919006e+00
1.394500711306375429e+00
1.379416117292349142e+00
-3.450662698952756680e-01
-3.238544041842150167e-01
-3.001397364809727519e-01
-2.771794038649450509e-01
-2.542056259064612855e-01
-2.323544368436471497e-01
-2.103882679089941754e-01
-1.890091375634062321e-01
-1.669428174002599852e-01
-1.447268324771931458e-01
-1.214937152929844166e-01
-9.739506499351355262e-02
-7.207095781769032317e-02
-4.542899866646790685e-02
-1.689987505655679220e-02
1.352396301709683432e-02
4.649126230027051526e-02
8.148052862810578612e-02
1.183176452697201064e-01
1.580457035256547793e-01
2.006918477063692474e-01
2.452559634047052073e-01
2.949905901206720804e-01
3.440462724137539618e-01
3.994746963406455853e-01
4.555315687780535083e-01
5.161690106692298219e-01
5.773090819808476271e-01
6.436076130131525019e-01
7.107805755630521860e-01
7.776479010292918215e-01
8.519880840449987058e-01
9.244534859305553187e-01
1.000937064415280187e+00
1.073897894912152040e+00
1.152960674304248645e+00
1.234319832051270716e+00
1.317304745438665492e+00
1.393364585185002058e+00
1.470164899617470766e+00
1.559678051822062317e+00
1.572070787057076258e+00
-3.290513073683148937e-01
-3.078425085573600617e-01
-2.831764477688960557e-01
-2.593862818956810257e-01
-2.355817467969162360e-01
-2.136120612522562356e-01
-1.913218883814320204e-01
-1.690746751225866429e-01
-1.470871475951453233e-01
-1.242311238567346821e-01
-1.007613166410960687e-01
-7.701362861217722622e-02
-5.199755822169903341e-02
-2.539298478945963347e-02
3.430371723237668306e-03
3.391407051660959293e-02
6.733499942219792200e-02
1.009251227174912113e-01
1.373889295034133595e-01
1.786604585381689481e-01
2.208008366720609350e-01
2.658621774860482900e-01
3.140716701250245713e-01
3.643877524968024972e-01
4.178136796021302835e-01
4.739698996896762329e-01
5.354953935780839558e-01
5.988419189356269934e-01
6.625292948989728314e-01
7.297469697030967151e-01
7.995707334529841281e-01
8.723719090823649491e-01
9.430471304111103237e-01
1.018871021446605463e+00
1.094897178054575315e+00
1.170244108505008374e+00
1.256595087358887586e+00
1.330614638824115348e+00
1.424853880081722757e+00
1.498343641632510437e+00
1.569265029696057301e+00
1.578122103260839459e+00
-3.070376952872366227e-01
-2.822055494035864420e-01
-2.563616905876568430e-01
-2.309795624189896479e-01
-2.065127497030106174e-01
-1.822608152293136441e-01
-1.588207929032249555e-01
-1.356052210134179314e-01
-1.120795869099103365e-01
-8.748142743044685921e-02
-6.340483493887842659e-02
-3.862304958331290450e-02
-1.187421589578938237e-02
1.659464741607744737e-02
4.715800112830903501e-02
7.878658262310965499e-02
1.112322598937350998e-01
1.486242456143754831e-01
1.877096260469938160e-01
2.306200507772688812e-01
2.730198015663389821e-01
3.202709460598321400e-01
3.685193143868885080e-01
4.210574249518893031e-01
4.765316618415523231e-01
5.406172403282096806e-01
5.972958023639927116e-01
6.587133362054889973e-01
7.248990036666687065e-01
7.902013941340265690e-01
8.641021059052708120e-01
9.351973047681778617e-01
1.008195493320819480e+00
1.086719220805680841e+00
1.164917666100957039e+00
1.239394587964416150e+00
1.321552865468559768e+00
1.394703778633103353e+00
1.474516377348621621e+00
1.552783769297761518e+00
1.638824582514349926e+00
1.634402698116867558e+00
-3.346394951862982636e-01
-3.117065689616828061e-01
-2.873662901306932582e-01
-2.632753110653623940e-01
-2.402188758726355733e-01
-2.182675969028518570e-01
-1.964008741566482530e-01
-1.748706541280381221e-01
-1.538800894160589905e-01
-1.317877203181180568e-01
-1.099905541996874098e-01
-8.669912980010945069e-02
-6.275851955193040288e-02
-3.674829063978549137e-02
-9.370380722723706604e-03
1.941126114507002454e-02
5.049575888385513661e-02
8.388228233769860764e-02
1.189257528257766511e-01
1.579008088955714262e-01
1.974487285035913531e-01
2.416211807914239451e-01
2.878778367271691008e-01
3.368978100248429253e-01
3.903273759818075006e-01
4.433521847323282361e-01
5.021142606666694208e-01
5.622809658145225820e-01
6.251086346422172202e-01
6.905672874388065763e-01
7.578240382492341665e-01
8.284343141183960757e-01
8.996596633559597045e-01
9.746424679904636124e-01
1.045483364246643676e+00
1.123155559183939500e+00
1.208873823046255236e+00
1.286265553793082717e+00
1.352041590816680738e+00
1.442671004668334644e+00
1.500903052516099345e+00
1.520146709304124100e+00
-3.169971142743623349e-01
-2.936620714436608548e-01
-2.684982635771865911e-01
-2.437009620277185984e-01
-2.194054904788979299e-01
-1.955961171767525431e-01
-1.731467580976074616e-01
-1.501870124526548667e-01
-1.276251776462043741e-01
-1.038922956614782567e-01
-7.976289510864029153e-02
-5.582786069453066907e-02
-2.966102855939621932e-02
-2.411370603654688655e-03
2.642702710399062391e-02
5.744167312427148758e-02
9.025099691165873461e-02
1.253055604842381876e-01
1.626540041195758124e-01
2.026844409168664096e-01
2.451127353961607136e-01
2.901036475620372701e-01
3.381575642717727370e-01
3.899736525900666106e-01
4.463118844045395051e-01
5.034420184101163764e-01
5.598503904295251132e-01
6.235128891775213456e-01
6.889081286738214516e-01
7.549030830058507391e-01
8.207418559025806415e-01
8.942207733399605285e-01
9.677370029322917011e-01
1.043012343332674785e+00
1.117900732064519342e+00
1.191185437940111447e+00
1.267002672786289086e+00
1.350118098321551496e+00
1.452494847015715296e+00
1.506783649130161162e+00
1.576373604301128495e+00
1.586286794958434943e+00
-3.044815501307504002e-01
-2.807217598566841832e-01
-2.548135247383178092e-01
-2.296893535056934721e-01
-2.045065029767665910e-01
-1.808905762321489918e-01
-1.576410510149175714e-01
-1.346691613126422271e-01
-1.119036648620991836e-01
-8.841949315532264542e-02
-6.445595673349921451e-02
-4.030050612985068559e-02
-1.411432383373715377e-02
1.232251275932012835e-02
4.130186863540512981e-02
7.164639385566812235e-02
1.037284823240614134e-01
1.382110918512745035e-01
1.747922253456441477e-01
2.136054039184897835e-01
2.557282750719228614e-01
3.003998116713332278e-01
3.472421715945412379e-01
3.973367891999308732e-01
4.525040395682050076e-01
5.063873104701023253e-01
5.636068464601673433e-01
6.249139934312980538e-01
6.871301546842196739e-01
7.518147114413590293e-01
8.174662042478068047e-01
8.939369975252990930e-01
9.601895605053777372e-01
1.032618760850719797e+00
1.093344626079357340e+00
1.173192097829283354e+00
1.258189350215780378e+00
1.330054418533378024e+00
1.398858004897900020e+00
1.468565899835766242e+00
1.579355948933986786e+00
1.561432943497996106e+00
-3.063178894609189240e-01
-2.818704857157206534e-01
-2.555481958674564180e-01
-2.300904723898743454e-01
-2.048495149092213197e-01
-1.809702839015939202e-01
-1.576048404541509351e-01
-1.345158138618740284e-01
-1.115767403469661440e-01
-8.806827891131359387e-02
-6.396454631781617328e-02
-3.976617499421432333e-02
-1.344636318103374639e-02
1.322917775120948519e-02
4.156636821668999171e-02
7.247048230389308010e-02
1.050978350961439822e-01
1.394162217966617989e-01
1.763749054694489782e-01
2.144199392957367445e-01
2.567177459774869774e-01
3.013035150380211635e-01
3.491823025788801660e-01
3.986794166723452992e-01
4.522711015783116295e-01
5.081713623816205283e-01
5.679669068231542051e-01
6.298762658284706717e-01
6.902722964534795391e-01
7.591879674981946158e-01
8.255974647437706038e-01
8.988589587783889501e-01
9.687779817718080722e-01
1.041657129451886155e+00
1.111134761199869869e+00
1.196118127791503172e+00
1.264751729689844950e+00
1.358848190096080266e+00
1.438306547523497514e+00
1.518671836437308409e+00
1.591339573134958441e+00
1.591766705400161630e+00
-2.941875853693762255e-01
-2.684209038147400417e-01
-2.418317354882958681e-01
-2.165960037545576755e-01
-1.915661959481945176e-01
-1.681686039526031073e-01
-1.448710972284313614e-01
-1.222751417982283206e-01
-9.941168332038738398e-02
-7.666270617607710836e-02
-5.387652797734082677e-02
-2.990335690742485300e-02
-5.144163576826372465e-03
2.000474964713196135e-02
4.814258891540636881e-02
7.711343230376035973e-02
1.077694418585456587e-01
1.398255830608010619e-01
1.754306292372362353e-01
2.130898924070609157e-01
2.532265091727090023e-01
2.978064541808775334e-01
3.427956190924658642e-01
3.908115097869380716e-01
4.413635945278081563e-01
4.965491279723302509e-01
5.539339744046505309e-01
6.136801201079813417e-01
6.770692261595845363e-01
7.417494258725854106e-01
8.084716064744099651e-01
8.770797984193750008e-01
9.515099393087361745e-01
1.022840610876527778e+00
1.102584619088137874e+00
1.173364030439281613e+00
1.255171157899894974e+00
1.324142470536996186e+00
1.424404630449236153e+00
1.473949484535935106e+00
1.570733193903347980e+00
1.573361358757037198e+00
-2.726157354540177935e-01
-2.461060760954818238e-01
-2.181096919929538247e-01
-1.913016480633067951e-01
-1.647001522474418611e-01
-1.400305512965157040e-01
-1.145794078283401823e-01
-9.007668730441149851e-02
-6.629157185579595546e-02
-4.226871490921884494e-02
-1.635432113527595169e-02
8.591656100353922687e-03
3.578183426080147611e-02
6.320571692577338363e-02
9.278729219638499892e-02
1.243542173527639044e-01
1.574779232304754084e-01
1.923192938176774558e-01
2.291363925403841761e-01
2.696460140736758326e-01
3.115228820899155204e-01
3.574297813343301766e-01
4.063970951539880305e-01
4.560151150807473797e-01
5.105584141504382334e-01
5.668038656572378375e-01
6.262058487259745121e-01
6.865996297049280495e-01
7.517162584774432776e-01
8.167621409279687272e-01
8.850008549571349858e-01
9.547426251254569340e-01
1.028823298059835079e+00
1.102800608390914316e+00
1.175442227898737757e+00
1.256727364796368818e+00
1.332773646274241663e+00
1.406184083320419997e+00
1.492195858381871076e+00
1.573151364934032737e+00
1.647090407517529664e+00
1.647928429955751728e+00
-3.579036484055139744e-01
-3.364517168463902475e-01
-3.133619435212938731e-01
-2.913242072734630317e-01
-2.705452373125818433e-01
-2.508111476620571989e-01
-2.312420588895476303e-01
-2.123065001058919155e-01
-1.935568147643104420e-01
-1.746810084321602785e-01
-1.548200721754780518e-01
-1.351372353792234249e-01
-1.139020094400488292e-01
-9.207832065615638439e-02
-6.867284415824269350e-02
-4.385270826607456235e-02
-1.766996023095628726e-02
1.015573335547362115e-02
3.933082183577181479e-02
7.174212723683459636e-02
1.052512340112967404e-01
1.410670493832382466e-01
1.782573208121889241e-01
2.196604818152866345e-01
2.626076922890729914e-01
3.087073764177232782e-01
3.559014819344771263e-01
4.086503153902879548e-01
4.630489515285511337e-01
5.173489960676996846e-01
5.782551651437282114e-01
6.409264352891678174e-01
7.040337737796753537e-01
7.677323155033448643e-01
8.372392210553030178e-01
9.035208105044123528e-01
9.896780292835598569e-01
1.058657535846219355e+00
1.121369408790823030e+00
1.229477058873163164e+00
1.286168940804033101e+00
1.289200857012868795e+00
-3.509943950676855384e-01
-3.304163009504308413e-01
-3.065896563584587509e-01
-2.829972594802324659e-01
-2.612558984219959801e-01
-2.399742930795498996e-01
-2.189486810049689758e-01
-1.977004958473751461e-01
-1.765622896187785396e-01
-1.553141148329379440e-01
-1.332915699349595251e-01
-1.102922119242681770e-01
-8.580233738620468564e-02
-6.090776388885194709e-02
-3.405080802999926881e-02
-5.077369390258325635e-03
2.600181735717735712e-02
5.824756261443562316e-02
9.431736886595362690e-02
1.325190357740881897e-01
1.731133940968243579e-01
2.169519367650143693e-01
2.628330059699660604e-01
3.126067823670581891e-01
3.646935481138687818e-01
4.215348290693302080e-01
4.799364722412814421e-01
5.411372367766567049e-01
6.046752398748310720e-01
6.731527429784202043e-01
7.351619905138072619e-01
8.089290249154377221e-01
8.862074953954474088e-01
9.496261205717088094e-01
1.036077694264518456e+00
1.110694063101848483e+00
1.180891096429767861e+00
1.257354532711048467e+00
1.336283578706789044e+00
1.424268947394386808e+00
1.535962140958614830e+00
1.509936035007659383e+00
