-8.359863833257248356e-01
-8.258093127904122532e-01
-8.102991873150574564e-01
-7.933144156503806332e-01
-7.758089138102339799e-01
-7.565997766892198495e-01
-7.361486126017726672e-01
-7.137569124260472186e-01
-6.899931816206419377e-01
-6.643676141820673564e-01
-6.365704244887057106e-01
-6.064300609378550089e-01
-5.728353488103263835e-01
-5.396976539566996633e-01
-5.019183728344471795e-01
-4.614400894435182199e-01
-4.193897453578545043e-01
-3.756395112859827745e-01
-3.282737614001638993e-01
-2.779694089575217020e-01
-2.266026933868813265e-01
-1.705411956283091890e-01
-1.142453788272427967e-01
-5.334537339948974832e-02
8.953424546180420093e-03
7.580964834144005016e-02
1.409540499510561207e-01
2.081644592024347318e-01
2.819215115900610136e-01
3.537239375889490445e-01
4.255782346004821082e-01
5.034011409422151084e-01
5.835852714367295579e-01
6.639231971291300605e-01
7.404850643325900927e-01
8.260722098902096855e-01
9.109156153260005162e-01
9.879811482871491135e-01
1.073355370399129871e+00
1.164566975613317901e+00
1.239649777166662359e+00
1.241170294398580287e+00
