-7.752500176429748535e-01
-7.540245652198791504e-01
-7.323163151741027832e-01
-7.102938294410705566e-01
-6.881632208824157715e-01
-6.655693650245666504e-01
-6.428436636924743652e-01
-6.195252537727355957e-01
-5.959925055503845215e-01
-5.720031857490539551e-01
-5.472568869590759277e-01
-5.213084816932678223e-01
-4.941210150718688965e-01
-4.662298560142517090e-01
-4.361067414283752441e-01
-4.043158888816833496e-01
-3.712174296379089355e-01
-3.363551497459411621e-01
-2.988467812538146973e-01
-2.596278190612792969e-01
-2.176475077867507935e-01
-1.719809919595718384e-01
-1.225556284189224243e-01
-6.729425489902496338e-02
-6.982877850532531738e-03
5.854581296443939209e-02
1.272334307432174683e-01
1.977311819791793823e-01
2.716675996780395508e-01
3.446434736251831055e-01
4.178839623928070068e-01
4.954735040664672852e-01
5.786476731300354004e-01
6.687459945678710938e-01
7.629014849662780762e-01
8.711867928504943848e-01
9.825422167778015137e-01
1.081047296524047852e+00
1.185707092285156250e+00
1.279458522796630859e+00
1.349359035491943359e+00
1.347278237342834473e+00
