6.179243326187133789e-03
4.660537838935852051e-02
8.188304305076599121e-02
1.119617223739624023e-01
1.370700001716613770e-01
1.576620936393737793e-01
1.743832826614379883e-01
1.879894733428955078e-01
1.992738246917724609e-01
2.090080976486206055e-01
2.178860306739807129e-01
2.264971137046813965e-01
2.353443801403045654e-01
2.447919845581054688e-01
2.551205456256866455e-01
2.665462791919708252e-01
2.792159318923950195e-01
2.932811379432678223e-01
3.087072372436523438e-01
3.257906138896942139e-01
3.442358374595642090e-01
3.643527030944824219e-01
3.862904310226440430e-01
4.097565412521362305e-01
4.350967407226562500e-01
4.628177881240844727e-01
4.919830262660980225e-01
5.226697921752929688e-01
5.556051731109619141e-01
5.914559364318847656e-01
6.311313509941101074e-01
6.724405884742736816e-01
7.125458717346191406e-01
7.567984461784362793e-01
8.038536906242370605e-01
8.504170775413513184e-01
9.049444794654846191e-01
9.601950049400329590e-01
1.029764413833618164e+00
1.073145151138305664e+00
1.158243894577026367e+00
1.170935392379760742e+00
