2.000173683058465102e+00
1.900175887727810098e+00
1.800173870604432791e+00
1.700175667898767840e+00
1.600166689407995557e+00
1.500195294509040878e+00
1.400175206335389833e+00
1.300138778165711662e+00
1.200193637141200087e+00
1.100198171834131822e+00
1.000130268805227152e+00
9.001649571307617226e-01
8.002289099051833610e-01
7.001583439336330761e-01
6.001994025696633095e-01
5.003051000105653845e-01
4.002788895640940758e-01
3.000734952671440525e-01
2.000018654066017809e-01
1.000602239311525338e-01
1.736830584648996938e-04
-9.962194583361348721e-02
-1.991386389765536780e-01
-2.997810252115039042e-01
-3.996043701898314149e-01
-4.991462885387415449e-01
-5.997556687618494919e-01
-6.992089320122011342e-01
-8.006013976403835164e-01
-9.020142700152163906e-01
-1.001387613819902933e+00
-1.097377130696868708e+00
-1.198712940816275552e+00
-1.299443379599707127e+00
-1.396790650522817367e+00
-1.486422857053157465e+00
-1.609329787373819709e+00
-1.710032208313266189e+00
-1.797484438218470704e+00
-1.915030711525012475e+00
-2.010559081901580836e+00
-1.994004876945308702e+00
