-1.752690498099199468e-01
-1.248866243971416823e-01
-8.085912259884460440e-02
-4.291494630208592814e-02
-1.104883921960604296e-02
1.640650087111791139e-02
4.032537919972387086e-02
6.276994981512810934e-02
8.141932413493398191e-02
9.739615064150250467e-02
1.114305517659801154e-01
1.247649840627123724e-01
1.373541113707329175e-01
1.493422992912656344e-01
1.614877910874522038e-01
1.747573763106607114e-01
1.890128046002413353e-01
2.036854708819071103e-01
2.192438722453156075e-01
2.369652991029796152e-01
2.552001166571174484e-01
2.745042226558831455e-01
2.958968186789894261e-01
3.202501718864335101e-01
3.457461033861687349e-01
3.715665524837342693e-01
4.018139577398482931e-01
4.339617448788959386e-01
4.673860925523504739e-01
5.055569386638217866e-01
5.434844569781569490e-01
5.810617398026834968e-01
6.279083856850267154e-01
6.716448466523298189e-01
7.201675756030200271e-01
7.604300231925181786e-01
8.400621607119019840e-01
8.974456392389206227e-01
9.476248478251071417e-01
1.026492407052839617e+00
1.085183508052778523e+00
1.070481175066018809e+00
