-1.146105065085057939e-01
-5.473334472805498757e-02
-1.884578169250456566e-03
4.379439232577899549e-02
8.267768064811222006e-02
1.164084806298992247e-01
1.438263908395613633e-01
1.672877899009315716e-01
1.879717016473965718e-01
2.081725266671216878e-01
2.248695945732570589e-01
2.381465064310350488e-01
2.524646611959942000e-01
2.641327971692584153e-01
2.765307343347892521e-01
2.884951517735556692e-01
3.028285882602552714e-01
3.159493645403744777e-01
3.316094797640928293e-01
3.484606358195234121e-01
3.641944086069381359e-01
3.850876702559150599e-01
4.049704807470022039e-01
4.283130126543684413e-01
4.525683819880989001e-01
4.765273129750266512e-01
5.054891384167239377e-01
5.348380613885129753e-01
5.684481456058733118e-01
6.047119317276201667e-01
6.414741105040995262e-01
6.825421703960052877e-01
7.252825928406901879e-01
7.713596185950746253e-01
8.244772943943569077e-01
8.759521004478367789e-01
9.304293999408941307e-01
9.820132941077379662e-01
1.061753967805932897e+00
1.106020819140269174e+00
1.180326625415148767e+00
1.183098940100129504e+00
