-2.046974897384643555e-01
-1.579420566558837891e-01
-1.159116029739379883e-01
-7.833683490753173828e-02
-4.491317272186279297e-02
-1.534473896026611328e-02
1.073002815246582031e-02
3.365170955657958984e-02
5.376946926116943359e-02
7.150304317474365234e-02
8.725404739379882812e-02
1.014105081558227539e-01
1.144089698791503906e-01
1.266956329345703125e-01
1.386642456054687500e-01
1.507402658462524414e-01
1.633571386337280273e-01
1.769189834594726562e-01
1.917575597763061523e-01
2.082232236862182617e-01
2.266470193862915039e-01
2.473076581954956055e-01
2.704178094863891602e-01
2.965673208236694336e-01
3.254574537277221680e-01
3.573535680770874023e-01
3.928526639938354492e-01
4.312531948089599609e-01
4.738501310348510742e-01
5.199643373489379883e-01
5.685483217239379883e-01
6.186395883560180664e-01
6.748358011245727539e-01
7.339864969253540039e-01
7.941673994064331055e-01
8.521028757095336914e-01
9.352916479110717773e-01
1.006503939628601074e+00
1.070433974266052246e+00
1.159209370613098145e+00
1.233574986457824707e+00
1.220553994178771973e+00
