-2.157324552536010742e-01
-1.736754179000854492e-01
-1.362065076828002930e-01
-1.030262708663940430e-01
-7.379066944122314453e-02
-4.815208911895751953e-02
-2.572524547576904297e-02
-6.113648414611816406e-03
1.109993457794189453e-02
2.633297443389892578e-02
4.003393650054931641e-02
5.262553691864013672e-02
6.455934047698974609e-02
7.622778415679931641e-02
8.808529376983642578e-02
1.005231142044067383e-01
1.138774156570434570e-01
1.286414861679077148e-01
1.449779272079467773e-01
1.631842851638793945e-01
1.836689710617065430e-01
2.066036462783813477e-01
2.325819730758666992e-01
2.608593702316284180e-01
2.920233011245727539e-01
3.264449834823608398e-01
3.643094301223754883e-01
4.054399728775024414e-01
4.501599073410034180e-01
4.979001283645629883e-01
5.492144823074340820e-01
6.025542020797729492e-01
6.602977514266967773e-01
7.197290658950805664e-01
7.803477048873901367e-01
8.486462831497192383e-01
9.209021329879760742e-01
9.889115095138549805e-01
1.057578682899475098e+00
1.142221808433532715e+00
1.223750710487365723e+00
1.207751870155334473e+00
