-2.030988931655883789e-01
-1.602269411087036133e-01
-1.219178438186645508e-01
-8.786118030548095703e-02
-5.769813060760498047e-02
-3.107464313507080078e-02
-7.572054862976074219e-03
1.319873332977294922e-02
3.170788288116455078e-02
4.835093021392822266e-02
6.360781192779541016e-02
7.790935039520263672e-02
9.170711040496826172e-02
1.054261922836303711e-01
1.195243597030639648e-01
1.343981027603149414e-01
1.504009962081909180e-01
1.678692102432250977e-01
1.872268915176391602e-01
2.086771726608276367e-01
2.323771715164184570e-01
2.590883970260620117e-01
2.883371114730834961e-01
3.208006620407104492e-01
3.558944463729858398e-01
3.941711187362670898e-01
4.357312917709350586e-01
4.806641340255737305e-01
5.295079946517944336e-01
5.807009935379028320e-01
6.351579427719116211e-01
6.927665472030639648e-01
7.537540197372436523e-01
8.172022104263305664e-01
8.848675489425659180e-01
9.546188116073608398e-01
1.023816943168640137e+00
1.095186591148376465e+00
1.186490893363952637e+00
1.248479127883911133e+00
1.333011627197265625e+00
1.336691498756408691e+00
