-2.011271715164184570e-01
-1.566323041915893555e-01
-1.164814233779907227e-01
-8.037722110748291016e-02
-4.799973964691162109e-02
-1.898467540740966797e-02
7.052302360534667969e-03
3.048908710479736328e-02
5.178034305572509766e-02
7.132446765899658203e-02
8.955776691436767578e-02
1.069527864456176758e-01
1.238793134689331055e-01
1.408106088638305664e-01
1.581267118453979492e-01
1.762322187423706055e-01
1.955243349075317383e-01
2.162257432937622070e-01
2.387198209762573242e-01
2.633446455001831055e-01
2.901638746261596680e-01
3.195437192916870117e-01
3.516074419021606445e-01
3.862136602401733398e-01
4.238766431808471680e-01
4.649935960769653320e-01
5.082310438156127930e-01
5.550020933151245117e-01
6.037276983261108398e-01
6.564329862594604492e-01
7.124732732772827148e-01
7.702008485794067383e-01
8.319126367568969727e-01
8.942002058029174805e-01
9.584636688232421875e-01
1.027335286140441895e+00
1.093324303627014160e+00
1.164197087287902832e+00
1.235368728637695312e+00
1.310969948768615723e+00
1.380442023277282715e+00
1.388553500175476074e+00
