-1.862462162971496582e-01
-1.337479948997497559e-01
-8.963859081268310547e-02
-5.270785093307495117e-02
-2.175688743591308594e-02
4.316926002502441406e-03
2.657097578048706055e-02
4.591172933578491211e-02
6.321239471435546875e-02
7.916045188903808594e-02
9.442734718322753906e-02
1.095455288887023926e-01
1.249964833259582520e-01
1.411724686622619629e-01
1.584616303443908691e-01
1.771511435508728027e-01
1.974510550498962402e-01
2.195498943328857422e-01
2.437495589256286621e-01
2.700845003128051758e-01
2.985609173774719238e-01
3.299191296100616455e-01
3.634632229804992676e-01
3.998685479164123535e-01
4.384147226810455322e-01
4.796793758869171143e-01
5.237501263618469238e-01
5.707248449325561523e-01
6.211811304092407227e-01
6.735531687736511230e-01
7.288544178009033203e-01
7.870452404022216797e-01
8.484362363815307617e-01
9.122013449668884277e-01
9.802037477493286133e-01
1.050404548645019531e+00
1.120237469673156738e+00
1.192528963088989258e+00
1.285498619079589844e+00
1.348970174789428711e+00
1.436028718948364258e+00
1.439831733703613281e+00
