-1.534833312034606934e-01
-9.953659772872924805e-02
-5.440586805343627930e-02
-1.677376031875610352e-02
1.458841562271118164e-02
4.078871011734008789e-02
6.286311149597167969e-02
8.170765638351440430e-02
9.811097383499145508e-02
1.128102540969848633e-01
1.264280676841735840e-01
1.394869089126586914e-01
1.524708271026611328e-01
1.658118963241577148e-01
1.798333525657653809e-01
1.948491930961608887e-01
2.111572027206420898e-01
2.290045022964477539e-01
2.485395073890686035e-01
2.699351906776428223e-01
2.933586835861206055e-01
3.189351558685302734e-01
3.467279970645904541e-01
3.772713541984558105e-01
4.100896120071411133e-01
4.454095661640167236e-01
4.838270246982574463e-01
5.245708227157592773e-01
5.690156817436218262e-01
6.164777874946594238e-01
6.659716367721557617e-01
7.166402339935302734e-01
7.732381820678710938e-01
8.327108025550842285e-01
8.932762742042541504e-01
9.517612457275390625e-01
1.036241054534912109e+00
1.109186410903930664e+00
1.175273299217224121e+00
1.268131494522094727e+00
1.347001910209655762e+00
1.333116054534912109e+00
