-6.869617104530334473e-02
-1.415416598320007324e-02
4.386368393898010254e-02
9.002363681793212891e-02
1.122481524944305420e-01
1.294107437133789062e-01
1.463945806026458740e-01
1.618947982788085938e-01
1.743260622024536133e-01
1.839432716369628906e-01
1.919595003128051758e-01
1.994673311710357666e-01
2.070991694927215576e-01
2.151822149753570557e-01
2.238872349262237549e-01
2.332924604415893555e-01
2.434357702732086182e-01
2.543987929821014404e-01
2.662191689014434814e-01
2.789940834045410156e-01
2.928321361541748047e-01
3.078885674476623535e-01
3.240105509757995605e-01
3.418258130550384521e-01
3.613107204437255859e-01
3.820303082466125488e-01
4.049632251262664795e-01
4.300026297569274902e-01
4.570290446281433105e-01
4.866765737533569336e-01
5.181104540824890137e-01
5.542913675308227539e-01
5.910778641700744629e-01
6.328163743019104004e-01
6.773349642753601074e-01
7.247933149337768555e-01
7.785927057266235352e-01
8.271689414978027344e-01
8.751679062843322754e-01
9.277486205101013184e-01
9.710494875907897949e-01
9.684870243072509766e-01
