-3.284916281700134277e-02
1.002213358879089355e-02
4.704603552818298340e-02
7.855436205863952637e-02
1.049947440624237061e-01
1.269237995147705078e-01
1.449691057205200195e-01
1.597827970981597900e-01
1.720250546932220459e-01
1.823254823684692383e-01
1.912697553634643555e-01
1.993955075740814209e-01
2.071397006511688232e-01
2.148956358432769775e-01
2.230027019977569580e-01
2.317223846912384033e-01
2.412491738796234131e-01
2.517754137516021729e-01
2.634085416793823242e-01
2.762752175331115723e-01
2.904793918132781982e-01
3.061492741107940674e-01
3.230659365653991699e-01
3.418177366256713867e-01
3.622935116291046143e-01
3.839486837387084961e-01
4.077118635177612305e-01
4.333795309066772461e-01
4.607356488704681396e-01
4.903313219547271729e-01
5.212394595146179199e-01
5.562311410903930664e-01
5.911891460418701172e-01
6.301528215408325195e-01
6.710366010665893555e-01
7.141660451889038086e-01
7.631838917732238770e-01
8.085564374923706055e-01
8.559091687202453613e-01
9.136602282524108887e-01
9.707647562026977539e-01
9.669857025146484375e-01
