-4.760557413101196289e-02
2.697348594665527344e-03
4.575848579406738281e-02
8.119609951972961426e-02
1.095297038555145264e-01
1.318328678607940674e-01
1.493788063526153564e-01
1.633735001087188721e-01
1.748516261577606201e-01
1.846337616443634033e-01
1.933554708957672119e-01
2.015117704868316650e-01
2.094492614269256592e-01
2.174534201622009277e-01
2.257645726203918457e-01
2.345626652240753174e-01
2.439865469932556152e-01
2.541996836662292480e-01
2.653069198131561279e-01
2.774570882320404053e-01
2.907958626747131348e-01
3.055081367492675781e-01
3.214672207832336426e-01
3.393150568008422852e-01
3.590475916862487793e-01
3.802255392074584961e-01
4.038407206535339355e-01
4.297720789909362793e-01
4.578467011451721191e-01
4.886396825313568115e-01
5.211485028266906738e-01
5.582078695297241211e-01
5.953029394149780273e-01
6.364910602569580078e-01
6.792650222778320312e-01
7.236228585243225098e-01
7.727832198143005371e-01
8.168784379959106445e-01
8.612865805625915527e-01
9.130833745002746582e-01
9.616799354553222656e-01
9.585437774658203125e-01
