-5.661803483963012695e-02
-1.395881175994873047e-03
4.319328069686889648e-02
7.898926734924316406e-02
1.076190173625946045e-01
1.304994821548461914e-01
1.488490998744964600e-01
1.636898219585418701e-01
1.758774220943450928e-01
1.861200630664825439e-01
1.950091719627380371e-01
2.030479609966278076e-01
2.106297612190246582e-01
2.181057929992675781e-01
2.257909476757049561e-01
2.339414358139038086e-01
2.427684068679809570e-01
2.524938583374023438e-01
2.632715404033660889e-01
2.752797305583953857e-01
2.886745631694793701e-01
3.036389946937561035e-01
3.200143575668334961e-01
3.384098708629608154e-01
3.587596416473388672e-01
3.805355727672576904e-01
4.046751558780670166e-01
4.309680461883544922e-01
4.591716825962066650e-01
4.898144602775573730e-01
5.218878984451293945e-01
5.582047104835510254e-01
5.944222807884216309e-01
6.346477270126342773e-01
6.766359806060791016e-01
7.206459045410156250e-01
7.702757120132446289e-01
8.158402442932128906e-01
8.630130290985107422e-01
9.200589656829833984e-01
9.760048389434814453e-01
9.723160266876220703e-01
