-8.350646495819091797e-02
-6.849360466003417969e-02
-5.350953340530395508e-02
-3.855091333389282227e-02
-2.361953258514404297e-02
-8.717596530914306641e-03
6.158590316772460938e-03
2.100712060928344727e-02
3.583204746246337891e-02
5.063307285308837891e-02
6.541478633880615234e-02
8.020782470703125000e-02
9.498494863510131836e-02
1.097617149353027344e-01
1.245830357074737549e-01
1.394597887992858887e-01
1.543812751770019531e-01
1.694092750549316406e-01
1.845347583293914795e-01
1.998234391212463379e-01
2.153362631797790527e-01
2.311758399009704590e-01
2.471383810043334961e-01
2.637915611267089844e-01
2.810512781143188477e-01
2.985432446002960205e-01
3.171082139015197754e-01
3.366752862930297852e-01
3.572142720222473145e-01
3.792892098426818848e-01
4.023841619491577148e-01
4.287784993648529053e-01
4.555699229240417480e-01
4.860681295394897461e-01
5.188872814178466797e-01
5.544629096984863281e-01
5.960614681243896484e-01
6.355834603309631348e-01
6.777132153511047363e-01
7.300211191177368164e-01
7.823455333709716797e-01
7.788730859756469727e-01
