-6.505271792411804199e-02
-9.620994329452514648e-03
4.099366068840026855e-02
8.268210291862487793e-02
1.144280433654785156e-01
1.376339793205261230e-01
1.545259058475494385e-01
1.671415865421295166e-01
1.770409047603607178e-01
1.853318512439727783e-01
1.927895545959472656e-01
1.999755501747131348e-01
2.072682380676269531e-01
2.149624228477478027e-01
2.232992649078369141e-01
2.324429154396057129e-01
2.424922287464141846e-01
2.535531818866729736e-01
2.656468152999877930e-01
2.788280546665191650e-01
2.931422889232635498e-01
3.086799383163452148e-01
3.252228498458862305e-01
3.433657884597778320e-01
3.630466461181640625e-01
3.838138580322265625e-01
4.066378176212310791e-01
4.314190745353698730e-01
4.580614566802978516e-01
4.872381687164306641e-01
5.181860923767089844e-01
5.538752079010009766e-01
5.902233123779296875e-01
6.314566135406494141e-01
6.753111481666564941e-01
7.218675613403320312e-01
7.746053934097290039e-01
8.227263689041137695e-01
8.716906309127807617e-01
9.289233684539794922e-01
9.820826053619384766e-01
9.786823987960815430e-01
