-1.027818024158477783e-01
-6.261774897575378418e-02
-2.468731999397277832e-02
1.095339655876159668e-02
4.425731301307678223e-02
7.520383596420288086e-02
1.038090586662292480e-01
1.301077008247375488e-01
1.541718840599060059e-01
1.760977208614349365e-01
1.960162818431854248e-01
2.141164839267730713e-01
2.305388450622558594e-01
2.455018758773803711e-01
2.592669129371643066e-01
2.720710039138793945e-01
2.841480970382690430e-01
2.957957386970520020e-01
3.072527647018432617e-01
3.188092708587646484e-01
3.307371437549591064e-01
3.433252573013305664e-01
3.565815091133117676e-01
3.711283802986145020e-01
3.870211243629455566e-01
4.039520025253295898e-01
4.227302670478820801e-01
4.432554244995117188e-01
4.653769135475158691e-01
4.895291626453399658e-01
5.149146318435668945e-01
5.437469482421875000e-01
5.725433826446533203e-01
6.045228838920593262e-01
6.378451585769653320e-01
6.726489663124084473e-01
7.116940021514892578e-01
7.473093271255493164e-01
7.839140892028808594e-01
8.277859687805175781e-01
8.703632354736328125e-01
8.675688505172729492e-01
