-6.174579262733459473e-02
-6.430417299270629883e-03
3.856286406517028809e-02
7.483431696891784668e-02
1.038510501384735107e-01
1.269494891166687012e-01
1.453125476837158203e-01
1.599636673927307129e-01
1.717866957187652588e-01
1.815365254878997803e-01
1.898529231548309326e-01
1.972935795783996582e-01
2.043025195598602295e-01
2.112741172313690186e-01
2.185611426830291748e-01
2.264494001865386963e-01
2.351697683334350586e-01
2.449582517147064209e-01
2.559722661972045898e-01
2.683879435062408447e-01
2.823589146137237549e-01
2.980536818504333496e-01
3.152837157249450684e-01
3.346647322177886963e-01
3.560943007469177246e-01
3.789857327938079834e-01
4.042895138263702393e-01
4.317487478256225586e-01
4.610740542411804199e-01
4.927794635295867920e-01
5.257892012596130371e-01
5.629553198814392090e-01
5.998005867004394531e-01
6.404803395271301270e-01
6.826821565628051758e-01
7.266450524330139160e-01
7.759068012237548828e-01
8.208539485931396484e-01
8.671177625656127930e-01
9.227112531661987305e-01
9.768676757812500000e-01
9.733064174652099609e-01
