-1.842221617698669434e-02
3.300875425338745117e-03
2.562168240547180176e-02
4.840067028999328613e-02
7.145485281944274902e-02
9.457135200500488281e-02
1.175056695938110352e-01
1.399728953838348389e-01
1.616636514663696289e-01
1.822433471679687500e-01
2.013754844665527344e-01
2.187712192535400391e-01
2.341181933879852295e-01
2.472430169582366943e-01
2.581194341182708740e-01
2.668476402759552002e-01
2.737151086330413818e-01
2.792404592037200928e-01
2.840851545333862305e-01
2.890442311763763428e-01
2.949586212635040283e-01
3.026520311832427979e-01
3.126404881477355957e-01
3.257635533809661865e-01
3.423036336898803711e-01
3.618707954883575439e-01
3.852322101593017578e-01
4.120591282844543457e-01
4.418507814407348633e-01
4.748867452144622803e-01
5.097936391830444336e-01
5.493661165237426758e-01
5.886320471763610840e-01
6.318403482437133789e-01
6.763886809349060059e-01
7.224285602569580078e-01
7.735504508018493652e-01
8.197723627090454102e-01
8.669558763504028320e-01
9.231853485107421875e-01
9.775359630584716797e-01
9.739733934402465820e-01
