-6.712067127227783203e-02
-1.079922914505004883e-02
3.731328248977661133e-02
7.697919011116027832e-02
1.085109114646911621e-01
1.327282488346099854e-01
1.508279740810394287e-01
1.641912460327148438e-01
1.742283105850219727e-01
1.822226345539093018e-01
1.892416477203369141e-01
1.961068809032440186e-01
2.033558487892150879e-01
2.113310098648071289e-01
2.202267050743103027e-01
2.301105856895446777e-01
2.409677207469940186e-01
2.528052031993865967e-01
2.655681073665618896e-01
2.792704999446868896e-01
2.939403355121612549e-01
3.096690177917480469e-01
3.262460827827453613e-01
3.442796468734741211e-01
3.637290000915527344e-01
3.841806650161743164e-01
4.066414237022399902e-01
4.310690164566040039e-01
4.574218392372131348e-01
4.863981604576110840e-01
5.172361135482788086e-01
5.528609752655029297e-01
5.891448259353637695e-01
6.302604675292968750e-01
6.739381551742553711e-01
7.203025817871093750e-01
7.729317545890808105e-01
8.211988806724548340e-01
8.707516193389892578e-01
9.296405315399169922e-01
9.858496189117431641e-01
9.821972250938415527e-01
