-1.711867743228422944e-01
-1.371789505674645693e-01
-1.075308406862707927e-01
-8.155654569188212910e-02
-6.000877108766958928e-02
-4.140888464452232437e-02
-2.559332435101147746e-02
-1.177692630536046267e-02
7.723569838188403891e-04
1.140125992474389123e-02
2.161098035459340164e-02
3.175172419893368403e-02
4.116758332708978646e-02
5.125288113108654453e-02
6.153917853227426626e-02
7.186728520975270429e-02
8.300066957653318145e-02
9.584555668959079955e-02
1.087442516014406335e-01
1.227890963014232062e-01
1.388960915940470608e-01
1.542474195032101647e-01
1.701766088134646360e-01
1.886079151809573473e-01
2.094560322745969705e-01
2.302751688326863388e-01
2.540934855582873686e-01
2.804645466269180543e-01
3.082826176292779441e-01
3.368138296553331856e-01
3.659127118251342403e-01
3.990503818736487740e-01
4.320966206014777433e-01
4.783009320755582383e-01
5.126937329146298294e-01
5.606214856848235062e-01
6.091684424130573428e-01
6.595558808169368348e-01
7.028628922522992539e-01
7.417746126306384857e-01
8.019823836298234365e-01
8.177187006624295762e-01
