2.000173683058465102e+00
1.900179713371783707e+00
1.800173182569031027e+00
1.700171336972269742e+00
1.600184136734196239e+00
1.500173330076802092e+00
1.400170021524124175e+00
1.300173591699485431e+00
1.200152550326212042e+00
1.100163688966043996e+00
1.000143293536894573e+00
9.001950156106908185e-01
8.000995564821555828e-01
7.002025186791107636e-01
6.001165244404264021e-01
5.001266519695970469e-01
4.000196350651585298e-01
3.001909974199187259e-01
2.004838732302664517e-01
1.007529694513380203e-01
1.953885577274416026e-04
-9.972301728920500430e-02
-1.989957775927310435e-01
-2.999794061797274591e-01
-4.004455010306852136e-01
-5.005768727069236368e-01
-6.000184019452519113e-01
-6.997241596812286968e-01
-7.993710814288710331e-01
-8.982013910004431612e-01
-9.979376627440816883e-01
-1.101540301722057302e+00
-1.200443735600003503e+00
-1.298298207240035973e+00
-1.398707215692136518e+00
-1.498290468134289677e+00
-1.597802261399856372e+00
-1.702191358174550473e+00
-1.792007682420862613e+00
-1.888304080473004243e+00
-2.010050319496592852e+00
-1.987981538153480443e+00
