7.032963633537292480e-02
1.440152227878570557e-01
2.155229151248931885e-01
2.817632257938385010e-01
3.406274616718292236e-01
3.912683427333831787e-01
4.339201748371124268e-01
4.695833623409271240e-01
4.995894730091094971e-01
5.252267122268676758e-01
5.475952625274658203e-01
5.674618482589721680e-01
5.853754281997680664e-01
6.015597581863403320e-01
6.162047386169433594e-01
6.293121576309204102e-01
6.409189701080322266e-01
6.509948968887329102e-01
6.595987081527709961e-01
6.668113470077514648e-01
6.727728843688964844e-01
6.775207519531250000e-01
6.812236309051513672e-01
6.841199398040771484e-01
6.863068342208862305e-01
6.879750490188598633e-01
6.893011331558227539e-01
6.904705762863159180e-01
6.916464567184448242e-01
6.929773092269897461e-01
6.946386098861694336e-01
6.968630552291870117e-01
6.996020078659057617e-01
7.030364274978637695e-01
7.074366807937622070e-01
7.127977609634399414e-01
7.192627191543579102e-01
7.273515462875366211e-01
7.354661226272583008e-01
7.454370260238647461e-01
7.600352764129638672e-01
7.572178840637207031e-01
