2.000173683058465102e+00
1.900175887727810098e+00
1.800173870604432791e+00
1.700175667898767840e+00
1.600177594069010834e+00
1.500181566869070116e+00
1.400192488592576057e+00
1.300160536951352253e+00
1.200193637141200087e+00
1.100163688966043996e+00
1.000173683058464880e+00
9.001430951113058576e-01
8.000981801747756306e-01
7.001929911728786982e-01
6.002321132674031112e-01
5.001678387951676852e-01
4.001233554370808299e-01
3.002910667770816722e-01
2.002484135153539957e-01
1.002326519645063141e-01
2.604985473903181437e-04
-9.980771689242778910e-02
-2.003080210490614799e-01
-2.997723643517502534e-01
-3.994082315706239950e-01
-4.989544381397285622e-01
-5.999112152679645371e-01
-7.000353313758448381e-01
-7.997789738081236832e-01
-9.001812903847695724e-01
-9.996527033146364039e-01
-1.097975340047882442e+00
-1.199674788099575284e+00
-1.298527000266920695e+00
-1.398037735925194092e+00
-1.499859618654541427e+00
-1.596896644953234468e+00
-1.706416486503883112e+00
-1.796994325271516590e+00
-1.903055244823059544e+00
-1.994991179327632924e+00
-2.003308868217907879e+00
