2.000173683058465102e+00
1.900175887727810098e+00
1.800180750898499271e+00
1.700175667898767840e+00
1.600166689407995557e+00
1.500167838795167574e+00
1.400175206335389833e+00
1.300160536951352253e+00
1.200221026191876206e+00
1.100163688966043996e+00
1.000217092972230271e+00
9.001321636888707234e-01
8.001532290682046300e-01
7.003748438443486712e-01
6.001994025696633095e-01
5.002227484872979746e-01
3.998813026919860181e-01
3.002910667770816722e-01
2.003031829815850318e-01
1.003705451175629093e-01
3.906892499100880116e-04
-9.943625420507606893e-02
-2.004802548774343440e-01
-2.998676433098590444e-01
-4.003461387565983021e-01
-5.004503740948510471e-01
-5.998420766095516887e-01
-6.996654319976700620e-01
-7.994504398592258143e-01
-9.019796137903325350e-01
-1.001666541333447791e+00
-1.100568020278541947e+00
-1.199777969625962060e+00
-1.304106989319845367e+00
-1.399909650886590473e+00
-1.502683255527142991e+00
-1.603329986311489597e+00
-1.702348896756817664e+00
-1.796287359392293226e+00
-1.898046822522800658e+00
-1.983133729171024928e+00
-1.999522538625544854e+00
