5.816020349182963317e-02
1.184631397753655863e-01
1.717849405541213015e-01
2.172996589764960296e-01
2.563809530316410457e-01
2.892544080541806784e-01
3.158864157084869673e-01
3.373594120013547748e-01
3.561788855533752352e-01
3.714188521101121632e-01
3.852307951122146412e-01
3.972967767296852748e-01
4.080023955506547062e-01
4.167569691687458833e-01
4.262509319805456443e-01
4.353665066126612415e-01
4.453862230321646853e-01
4.530735981516323951e-01
4.618735328350759839e-01
4.716730185000912456e-01
4.823732854585822682e-01
4.925369002881331837e-01
5.051092613035875756e-01
5.170770777356132886e-01
5.319385149847456473e-01
5.453194893517354647e-01
5.599305524475894913e-01
5.762952687709888000e-01
5.955513318417515745e-01
6.166435276173994895e-01
6.382096210738155140e-01
6.588219591356241356e-01
6.818289466480940142e-01
7.122876386784352531e-01
7.357824780452666413e-01
7.701890227359933228e-01
7.995679774800561468e-01
8.370894705455672602e-01
8.662046084463785878e-01
9.071801771903054146e-01
9.306485359733521756e-01
9.515997651279580749e-01
