5.211655054999812103e-02
1.137094384495047211e-01
1.686153222110173822e-01
2.157432826376050050e-01
2.560438987020313140e-01
2.890089115394632313e-01
3.166412001674935861e-01
3.396898899664771987e-01
3.589242153885114361e-01
3.746200544313715852e-01
3.891483576973774894e-01
4.014867017741693966e-01
4.120907777338019273e-01
4.224913492099662271e-01
4.329051836365738759e-01
4.413022866931671229e-01
4.499409887733376578e-01
4.589700516287486542e-01
4.685688527234652678e-01
4.794601356117189073e-01
4.902394852462872987e-01
5.009907561079945948e-01
5.138964869229236676e-01
5.256019021931644941e-01
5.402668918263006104e-01
5.541134569863741532e-01
5.718601681260016001e-01
5.888093387037204307e-01
6.084190513172854642e-01
6.290628406975063980e-01
6.503075231319364047e-01
6.718575434483571307e-01
7.000023971422538738e-01
7.290918609889364133e-01
7.563774320581695410e-01
7.945298707590272569e-01
8.215921266281173141e-01
8.723194668545866115e-01
8.975336254590436935e-01
9.506909396653309141e-01
9.790655569979990203e-01
9.881351569859079254e-01
