1.726261079311370850e-01
2.091965377330780029e-01
2.416336238384246826e-01
2.699690759181976318e-01
2.942747771739959717e-01
3.146768510341644287e-01
3.313334882259368896e-01
3.444646298885345459e-01
3.543086946010589600e-01
3.611842095851898193e-01
3.654138743877410889e-01
3.673717677593231201e-01
3.674544990062713623e-01
3.660773932933807373e-01
3.636630475521087646e-01
3.606301248073577881e-01
3.573982417583465576e-01
3.543705642223358154e-01
3.519091308116912842e-01
3.503647744655609131e-01
3.500492274761199951e-01
3.512339293956756592e-01
3.541756570339202881e-01
3.590116202831268311e-01
3.659391105175018311e-01
3.750672042369842529e-01
3.866784274578094482e-01
4.006092250347137451e-01
4.169261157512664795e-01
4.358401000499725342e-01
4.570548236370086670e-01
4.804455935955047607e-01
5.071642398834228516e-01
5.355782508850097656e-01
5.665910243988037109e-01
6.007995605468750000e-01
6.357033252716064453e-01
6.777603626251220703e-01
7.146468162536621094e-01
7.602286338806152344e-01
8.017923831939697266e-01
8.056464195251464844e-01
