2.279136478900909424e-01
2.798898518085479736e-01
3.256957232952117920e-01
3.659515082836151123e-01
4.012761712074279785e-01
4.322774708271026611e-01
4.595580101013183594e-01
4.836975038051605225e-01
5.052188038825988770e-01
5.246706008911132812e-01
5.424783229827880859e-01
5.591187477111816406e-01
5.749412775039672852e-01
5.902848243713378906e-01
6.055523157119750977e-01
6.209275722503662109e-01
6.367386579513549805e-01
6.530143022537231445e-01
6.701087951660156250e-01
6.881020069122314453e-01
7.071260213851928711e-01
7.272453904151916504e-01
7.488288879394531250e-01
7.713168859481811523e-01
7.953653335571289062e-01
8.206703662872314453e-01
8.471459150314331055e-01
8.751065731048583984e-01
9.044350385665893555e-01
9.360125064849853516e-01
9.681152105331420898e-01
1.001333713531494141e+00
1.036023139953613281e+00
1.073985576629638672e+00
1.110189080238342285e+00
1.150467395782470703e+00
1.191370964050292969e+00
1.233044147491455078e+00
1.273912429809570312e+00
1.319682836532592773e+00
1.359181404113769531e+00
1.366919994354248047e+00
