-2.000000000000000000e+00
-1.989999999999999991e+00
-1.979999999999999982e+00
-1.969999999999999973e+00
-1.959999999999999964e+00
-1.949999999999999956e+00
-1.939999999999999947e+00
-1.929999999999999938e+00
-1.919999999999999929e+00
-1.909999999999999920e+00
-1.899999999999999911e+00
-1.889999999999999902e+00
-1.879999999999999893e+00
-1.870000000000000107e+00
-1.859999999999999876e+00
-1.850000000000000089e+00
-1.840000000000000080e+00
-1.830000000000000071e+00
-1.820000000000000062e+00
-1.810000000000000053e+00
-1.800000000000000044e+00
-1.790000000000000036e+00
-1.780000000000000027e+00
-1.770000000000000018e+00
-1.760000000000000009e+00
-1.750000000000000000e+00
-1.739999999999999991e+00
-1.729999999999999982e+00
-1.719999999999999973e+00
-1.709999999999999964e+00
-1.699999999999999956e+00
-1.689999999999999947e+00
-1.679999999999999938e+00
-1.669999999999999929e+00
-1.659999999999999920e+00
-1.649999999999999911e+00
-1.640000000000000124e+00
-1.629999999999999893e+00
-1.620000000000000107e+00
-1.609999999999999876e+00
-1.600000000000000089e+00
-1.589999999999999858e+00
-1.580000000000000071e+00
-1.570000000000000062e+00
-1.560000000000000053e+00
-1.550000000000000044e+00
-1.540000000000000036e+00
-1.530000000000000027e+00
-1.520000000000000018e+00
-1.510000000000000009e+00
-1.500000000000000000e+00
-1.489999999999999991e+00
-1.479999999999999982e+00
-1.469999999999999973e+00
-1.459999999999999964e+00
-1.449999999999999956e+00
-1.439999999999999947e+00
-1.429999999999999938e+00
-1.419999999999999929e+00
-1.410000000000000142e+00
-1.399999999999999911e+00
-1.390000000000000124e+00
-1.379999999999999893e+00
-1.370000000000000107e+00
-1.359999999999999876e+00
-1.350000000000000089e+00
-1.339999999999999858e+00
-1.330000000000000071e+00
-1.319999999999999840e+00
-1.310000000000000053e+00
-1.299999999999999822e+00
-1.290000000000000036e+00
-1.280000000000000027e+00
-1.270000000000000018e+00
-1.260000000000000009e+00
-1.250000000000000000e+00
-1.239999999999999991e+00
-1.229999999999999982e+00
-1.219999999999999973e+00
-1.209999999999999964e+00
-1.199999999999999956e+00
-1.189999999999999947e+00
-1.179999999999999938e+00
-1.169999999999999929e+00
-1.160000000000000142e+00
-1.149999999999999911e+00
-1.140000000000000124e+00
-1.129999999999999893e+00
-1.120000000000000107e+00
-1.109999999999999876e+00
-1.100000000000000089e+00
-1.089999999999999858e+00
-1.080000000000000071e+00
-1.069999999999999840e+00
-1.060000000000000053e+00
-1.049999999999999822e+00
-1.040000000000000036e+00
-1.030000000000000027e+00
-1.020000000000000018e+00
-1.010000000000000009e+00
-1.000000000000000000e+00
-9.899999999999999911e-01
-9.799999999999999822e-01
-9.699999999999999734e-01
-9.599999999999999645e-01
-9.499999999999999556e-01
-9.399999999999999467e-01
-9.299999999999999378e-01
-9.199999999999999289e-01
-9.099999999999999201e-01
-8.999999999999999112e-01
-8.899999999999999023e-01
-8.799999999999998934e-01
-8.699999999999998845e-01
-8.599999999999998757e-01
-8.499999999999998668e-01
-8.400000000000000799e-01
-8.300000000000000711e-01
-8.200000000000000622e-01
-8.100000000000000533e-01
-8.000000000000000444e-01
-7.900000000000000355e-01
-7.800000000000000266e-01
-7.700000000000000178e-01
-7.600000000000000089e-01
-7.500000000000000000e-01
-7.399999999999999911e-01
-7.299999999999999822e-01
-7.199999999999999734e-01
-7.099999999999999645e-01
-6.999999999999999556e-01
-6.899999999999999467e-01
-6.799999999999999378e-01
-6.699999999999999289e-01
-6.599999999999999201e-01
-6.499999999999999112e-01
-6.399999999999999023e-01
-6.299999999999998934e-01
-6.199999999999998845e-01
-6.099999999999998757e-01
-5.999999999999998668e-01
-5.900000000000000799e-01
-5.800000000000000711e-01
-5.700000000000000622e-01
-5.600000000000000533e-01
-5.500000000000000444e-01
-5.400000000000000355e-01
-5.300000000000000266e-01
-5.200000000000000178e-01
-5.100000000000000089e-01
-5.000000000000000000e-01
-4.899999999999999911e-01
-4.799999999999999822e-01
-4.700000000000000289e-01
-4.599999999999999645e-01
-4.500000000000000111e-01
-4.399999999999998912e-01
-4.299999999999999378e-01
-4.199999999999999289e-01
-4.099999999999999201e-01
-3.999999999999999112e-01
-3.899999999999999023e-01
-3.799999999999998934e-01
-3.699999999999998845e-01
-3.599999999999998757e-01
-3.499999999999998668e-01
-3.399999999999998579e-01
-3.300000000000000711e-01
-3.200000000000000622e-01
-3.100000000000000533e-01
-3.000000000000000444e-01
-2.900000000000000355e-01
-2.800000000000000266e-01
-2.700000000000000733e-01
-2.600000000000000089e-01
-2.500000000000000000e-01
-2.399999999999999911e-01
-2.299999999999999545e-01
-2.199999999999999734e-01
-2.099999999999999922e-01
-1.999999999999999278e-01
-1.899999999999999190e-01
-1.799999999999999378e-01
-1.699999999999999012e-01
-1.599999999999998923e-01
-1.499999999999999389e-01
-1.399999999999999023e-01
-1.299999999999998934e-01
-1.199999999999998707e-01
-1.099999999999998757e-01
-9.999999999999988065e-02
-8.999999999999985789e-02
-8.000000000000007105e-02
-7.000000000000007605e-02
-6.000000000000008105e-02
-5.000000000000003747e-02
-4.000000000000004247e-02
-3.000000000000001624e-02
-2.000000000000002817e-02
-1.000000000000000541e-02
0.000000000000000000e+00
1.000000000000026909e-02
2.000000000000003164e-02
3.000000000000026951e-02
4.000000000000002859e-02
4.999999999999979461e-02
6.000000000000002554e-02
6.999999999999982625e-02
8.000000000000009881e-02
8.999999999999987177e-02
1.000000000000001027e-01
1.099999999999998757e-01
1.200000000000001205e-01
1.299999999999998934e-01
1.400000000000001243e-01
1.499999999999998834e-01
1.600000000000001144e-01
1.699999999999999289e-01
1.800000000000001321e-01
1.899999999999999745e-01
2.000000000000001499e-01
2.099999999999999367e-01
2.200000000000001676e-01
2.300000000000000100e-01
2.400000000000001854e-01
2.500000000000000000e-01
2.600000000000002309e-01
2.700000000000000178e-01
2.800000000000002487e-01
2.900000000000000355e-01
3.000000000000002665e-01
3.100000000000000533e-01
3.199999999999998401e-01
3.300000000000001266e-01
3.399999999999998024e-01
3.500000000000000333e-01
3.599999999999998757e-01
3.700000000000001621e-01
3.799999999999998934e-01
3.900000000000001243e-01
3.999999999999999112e-01
4.100000000000001976e-01
4.199999999999998734e-01
4.300000000000002154e-01
4.399999999999999467e-01
4.500000000000001776e-01
4.599999999999999090e-01
4.700000000000001954e-01
4.799999999999999822e-01
4.900000000000002132e-01
5.000000000000000000e-01
5.100000000000002309e-01
5.200000000000000178e-01
5.300000000000002487e-01
5.400000000000000355e-01
5.500000000000002665e-01
5.600000000000000533e-01
5.699999999999998401e-01
5.800000000000000711e-01
5.899999999999998579e-01
6.000000000000000888e-01
6.099999999999998757e-01
6.200000000000001066e-01
6.299999999999998934e-01
6.400000000000001243e-01
6.499999999999999112e-01
6.600000000000001421e-01
6.699999999999999289e-01
6.800000000000001599e-01
6.899999999999999467e-01
7.000000000000001776e-01
7.099999999999999645e-01
7.200000000000001954e-01
7.299999999999999822e-01
7.400000000000002132e-01
7.500000000000000000e-01
7.600000000000002309e-01
7.700000000000000178e-01
7.800000000000002487e-01
7.900000000000000355e-01
8.000000000000002665e-01
8.100000000000000533e-01
8.199999999999998401e-01
8.300000000000000711e-01
8.399999999999998579e-01
8.500000000000000888e-01
8.599999999999998757e-01
8.700000000000001066e-01
8.799999999999998934e-01
8.900000000000001243e-01
8.999999999999999112e-01
9.100000000000001421e-01
9.199999999999999289e-01
9.300000000000001599e-01
9.399999999999999467e-01
9.500000000000001776e-01
9.599999999999999645e-01
9.700000000000001954e-01
9.799999999999999822e-01
9.900000000000002132e-01
1.000000000000000000e+00
1.010000000000000231e+00
1.020000000000000018e+00
1.030000000000000249e+00
1.040000000000000036e+00
1.050000000000000266e+00
1.060000000000000053e+00
1.070000000000000284e+00
1.080000000000000071e+00
1.089999999999999858e+00
1.100000000000000089e+00
1.109999999999999876e+00
1.120000000000000107e+00
1.129999999999999893e+00
1.140000000000000124e+00
1.149999999999999911e+00
1.160000000000000142e+00
1.169999999999999929e+00
1.180000000000000160e+00
1.189999999999999947e+00
1.200000000000000178e+00
1.209999999999999964e+00
1.220000000000000195e+00
1.229999999999999982e+00
1.240000000000000213e+00
1.250000000000000000e+00
1.260000000000000231e+00
1.270000000000000018e+00
1.280000000000000249e+00
1.290000000000000036e+00
1.300000000000000266e+00
1.310000000000000053e+00
1.320000000000000284e+00
1.330000000000000071e+00
1.339999999999999858e+00
1.350000000000000089e+00
1.359999999999999876e+00
1.370000000000000107e+00
1.379999999999999893e+00
1.390000000000000124e+00
1.399999999999999911e+00
1.410000000000000142e+00
1.419999999999999929e+00
1.430000000000000160e+00
1.439999999999999947e+00
1.450000000000000178e+00
1.459999999999999964e+00
1.470000000000000195e+00
1.479999999999999982e+00
1.490000000000000213e+00
1.500000000000000000e+00
1.510000000000000231e+00
1.520000000000000018e+00
1.530000000000000249e+00
1.540000000000000036e+00
1.550000000000000266e+00
1.560000000000000053e+00
1.570000000000000284e+00
1.580000000000000071e+00
1.589999999999999858e+00
1.600000000000000089e+00
1.609999999999999876e+00
1.620000000000000107e+00
1.629999999999999893e+00
1.640000000000000124e+00
1.649999999999999911e+00
1.660000000000000142e+00
1.669999999999999929e+00
1.680000000000000160e+00
1.689999999999999947e+00
1.700000000000000178e+00
1.709999999999999964e+00
1.720000000000000195e+00
1.729999999999999982e+00
1.740000000000000213e+00
1.750000000000000000e+00
1.760000000000000231e+00
1.770000000000000018e+00
1.780000000000000249e+00
1.790000000000000036e+00
1.800000000000000266e+00
1.810000000000000053e+00
1.820000000000000284e+00
1.830000000000000071e+00
1.839999999999999858e+00
1.850000000000000089e+00
1.859999999999999876e+00
1.870000000000000107e+00
1.879999999999999893e+00
1.890000000000000124e+00
1.899999999999999911e+00
1.910000000000000142e+00
1.919999999999999929e+00
1.930000000000000160e+00
1.939999999999999947e+00
1.950000000000000178e+00
1.959999999999999964e+00
1.970000000000000195e+00
1.979999999999999982e+00
1.990000000000000213e+00
2.000000000000000000e+00
-2.000000000000000000e+00
-1.989999999999999991e+00
-1.979999999999999982e+00
-1.969999999999999973e+00
-1.959999999999999964e+00
-1.949999999999999956e+00
-1.939999999999999947e+00
-1.929999999999999938e+00
-1.919999999999999929e+00
-1.909999999999999920e+00
-1.899999999999999911e+00
-1.889999999999999902e+00
-1.879999999999999893e+00
-1.870000000000000107e+00
-1.859999999999999876e+00
-1.850000000000000089e+00
-1.840000000000000080e+00
-1.830000000000000071e+00
-1.820000000000000062e+00
-1.810000000000000053e+00
-1.800000000000000044e+00
-1.790000000000000036e+00
-1.780000000000000027e+00
-1.770000000000000018e+00
-1.760000000000000009e+00
-1.750000000000000000e+00
-1.739999999999999991e+00
-1.729999999999999982e+00
-1.719999999999999973e+00
-1.709999999999999964e+00
-1.699999999999999956e+00
-1.689999999999999947e+00
-1.679999999999999938e+00
-1.669999999999999929e+00
-1.659999999999999920e+00
-1.649999999999999911e+00
-1.640000000000000124e+00
-1.629999999999999893e+00
-1.620000000000000107e+00
-1.609999999999999876e+00
-1.600000000000000089e+00
-1.589999999999999858e+00
-1.580000000000000071e+00
-1.570000000000000062e+00
-1.560000000000000053e+00
-1.550000000000000044e+00
-1.540000000000000036e+00
-1.530000000000000027e+00
-1.520000000000000018e+00
-1.510000000000000009e+00
-1.500000000000000000e+00
-1.489999999999999991e+00
-1.479999999999999982e+00
-1.469999999999999973e+00
-1.459999999999999964e+00
-1.449999999999999956e+00
-1.439999999999999947e+00
-1.429999999999999938e+00
-1.419999999999999929e+00
-1.410000000000000142e+00
-1.399999999999999911e+00
-1.390000000000000124e+00
-1.379999999999999893e+00
-1.370000000000000107e+00
-1.359999999999999876e+00
-1.350000000000000089e+00
-1.339999999999999858e+00
-1.330000000000000071e+00
-1.319999999999999840e+00
-1.310000000000000053e+00
-1.299999999999999822e+00
-1.290000000000000036e+00
-1.280000000000000027e+00
-1.270000000000000018e+00
-1.260000000000000009e+00
-1.250000000000000000e+00
-1.239999999999999991e+00
-1.229999999999999982e+00
-1.219999999999999973e+00
-1.209999999999999964e+00
-1.199999999999999956e+00
-1.189999999999999947e+00
-1.179999999999999938e+00
-1.169999999999999929e+00
-1.160000000000000142e+00
-1.149999999999999911e+00
-1.140000000000000124e+00
-1.129999999999999893e+00
-1.120000000000000107e+00
-1.109999999999999876e+00
-1.100000000000000089e+00
-1.089999999999999858e+00
-1.080000000000000071e+00
-1.069999999999999840e+00
-1.060000000000000053e+00
-1.049999999999999822e+00
-1.040000000000000036e+00
-1.030000000000000027e+00
-1.020000000000000018e+00
-1.010000000000000009e+00
-1.000000000000000000e+00
-9.899999999999999911e-01
-9.799999999999999822e-01
-9.699999999999999734e-01
-9.599999999999999645e-01
-9.499999999999999556e-01
-9.399999999999999467e-01
-9.299999999999999378e-01
-9.199999999999999289e-01
-9.099999999999999201e-01
-8.999999999999999112e-01
-8.899999999999999023e-01
-8.799999999999998934e-01
-8.699999999999998845e-01
-8.599999999999998757e-01
-8.499999999999998668e-01
-8.400000000000000799e-01
-8.300000000000000711e-01
-8.200000000000000622e-01
-8.100000000000000533e-01
-8.000000000000000444e-01
-7.900000000000000355e-01
-7.800000000000000266e-01
-7.700000000000000178e-01
-7.600000000000000089e-01
-7.500000000000000000e-01
-7.399999999999999911e-01
-7.299999999999999822e-01
-7.199999999999999734e-01
-7.099999999999999645e-01
-6.999999999999999556e-01
-6.899999999999999467e-01
-6.799999999999999378e-01
-6.699999999999999289e-01
-6.599999999999999201e-01
-6.499999999999999112e-01
-6.399999999999999023e-01
-6.299999999999998934e-01
-6.199999999999998845e-01
-6.099999999999998757e-01
-5.999999999999998668e-01
-5.900000000000000799e-01
-5.800000000000000711e-01
-5.700000000000000622e-01
-5.600000000000000533e-01
-5.500000000000000444e-01
-5.400000000000000355e-01
-5.300000000000000266e-01
-5.200000000000000178e-01
-5.100000000000000089e-01
-5.000000000000000000e-01
-4.899999999999999911e-01
-4.799999999999999822e-01
-4.700000000000000289e-01
-4.599999999999999645e-01
-4.500000000000000111e-01
-4.399999999999998912e-01
-4.299999999999999378e-01
-4.199999999999999289e-01
-4.099999999999999201e-01
-3.999999999999999112e-01
-3.899999999999999023e-01
-3.799999999999998934e-01
-3.699999999999998845e-01
-3.599999999999998757e-01
-3.499999999999998668e-01
-3.399999999999998579e-01
-3.300000000000000711e-01
-3.200000000000000622e-01
-3.100000000000000533e-01
-3.000000000000000444e-01
-2.900000000000000355e-01
-2.800000000000000266e-01
-2.700000000000000733e-01
-2.600000000000000089e-01
-2.500000000000000000e-01
-2.399999999999999911e-01
-2.299999999999999545e-01
-2.199999999999999734e-01
-2.099999999999999922e-01
-1.999999999999999278e-01
-1.899999999999999190e-01
-1.799999999999999378e-01
-1.699999999999999012e-01
-1.599999999999998923e-01
-1.499999999999999389e-01
-1.399999999999999023e-01
-1.299999999999998934e-01
-1.199999999999998707e-01
-1.099999999999998757e-01
-9.999999999999988065e-02
-8.999999999999985789e-02
-8.000000000000007105e-02
-7.000000000000007605e-02
-6.000000000000008105e-02
-5.000000000000003747e-02
-4.000000000000004247e-02
-3.000000000000001624e-02
-2.000000000000002817e-02
-1.000000000000000541e-02
0.000000000000000000e+00
1.000000000000026909e-02
2.000000000000003164e-02
3.000000000000026951e-02
4.000000000000002859e-02
4.999999999999979461e-02
6.000000000000002554e-02
6.999999999999982625e-02
8.000000000000009881e-02
8.999999999999987177e-02
1.000000000000001027e-01
1.099999999999998757e-01
1.200000000000001205e-01
1.299999999999998934e-01
1.400000000000001243e-01
1.499999999999998834e-01
1.600000000000001144e-01
1.699999999999999289e-01
1.800000000000001321e-01
1.899999999999999745e-01
2.000000000000001499e-01
2.099999999999999367e-01
2.200000000000001676e-01
2.300000000000000100e-01
2.400000000000001854e-01
2.500000000000000000e-01
2.600000000000002309e-01
2.700000000000000178e-01
2.800000000000002487e-01
2.900000000000000355e-01
3.000000000000002665e-01
3.100000000000000533e-01
3.199999999999998401e-01
3.300000000000001266e-01
3.399999999999998024e-01
3.500000000000000333e-01
3.599999999999998757e-01
3.700000000000001621e-01
3.799999999999998934e-01
3.900000000000001243e-01
3.999999999999999112e-01
4.100000000000001976e-01
4.199999999999998734e-01
4.300000000000002154e-01
4.399999999999999467e-01
4.500000000000001776e-01
4.599999999999999090e-01
4.700000000000001954e-01
4.799999999999999822e-01
4.900000000000002132e-01
5.000000000000000000e-01
5.100000000000002309e-01
5.200000000000000178e-01
5.300000000000002487e-01
5.400000000000000355e-01
5.500000000000002665e-01
5.600000000000000533e-01
5.699999999999998401e-01
5.800000000000000711e-01
5.899999999999998579e-01
6.000000000000000888e-01
6.099999999999998757e-01
6.200000000000001066e-01
6.299999999999998934e-01
6.400000000000001243e-01
6.499999999999999112e-01
6.600000000000001421e-01
6.699999999999999289e-01
6.800000000000001599e-01
6.899999999999999467e-01
7.000000000000001776e-01
7.099999999999999645e-01
7.200000000000001954e-01
7.299999999999999822e-01
7.400000000000002132e-01
7.500000000000000000e-01
7.600000000000002309e-01
7.700000000000000178e-01
7.800000000000002487e-01
7.900000000000000355e-01
8.000000000000002665e-01
8.100000000000000533e-01
8.199999999999998401e-01
8.300000000000000711e-01
8.399999999999998579e-01
8.500000000000000888e-01
8.599999999999998757e-01
8.700000000000001066e-01
8.799999999999998934e-01
8.900000000000001243e-01
8.999999999999999112e-01
9.100000000000001421e-01
9.199999999999999289e-01
9.300000000000001599e-01
9.399999999999999467e-01
9.500000000000001776e-01
9.599999999999999645e-01
9.700000000000001954e-01
9.799999999999999822e-01
9.900000000000002132e-01
1.000000000000000000e+00
1.010000000000000231e+00
1.020000000000000018e+00
1.030000000000000249e+00
1.040000000000000036e+00
1.050000000000000266e+00
1.060000000000000053e+00
1.070000000000000284e+00
1.080000000000000071e+00
1.089999999999999858e+00
1.100000000000000089e+00
1.109999999999999876e+00
1.120000000000000107e+00
1.129999999999999893e+00
1.140000000000000124e+00
1.149999999999999911e+00
1.160000000000000142e+00
1.169999999999999929e+00
1.180000000000000160e+00
1.189999999999999947e+00
1.200000000000000178e+00
1.209999999999999964e+00
1.220000000000000195e+00
1.229999999999999982e+00
1.240000000000000213e+00
1.250000000000000000e+00
1.260000000000000231e+00
1.270000000000000018e+00
1.280000000000000249e+00
1.290000000000000036e+00
1.300000000000000266e+00
1.310000000000000053e+00
1.320000000000000284e+00
1.330000000000000071e+00
1.339999999999999858e+00
1.350000000000000089e+00
1.359999999999999876e+00
1.370000000000000107e+00
1.379999999999999893e+00
1.390000000000000124e+00
1.399999999999999911e+00
1.410000000000000142e+00
1.419999999999999929e+00
1.430000000000000160e+00
1.439999999999999947e+00
1.450000000000000178e+00
1.459999999999999964e+00
1.470000000000000195e+00
1.479999999999999982e+00
1.490000000000000213e+00
1.500000000000000000e+00
1.510000000000000231e+00
1.520000000000000018e+00
1.530000000000000249e+00
1.540000000000000036e+00
1.550000000000000266e+00
1.560000000000000053e+00
1.570000000000000284e+00
1.580000000000000071e+00
1.589999999999999858e+00
1.600000000000000089e+00
1.609999999999999876e+00
1.620000000000000107e+00
1.629999999999999893e+00
1.640000000000000124e+00
1.649999999999999911e+00
1.660000000000000142e+00
1.669999999999999929e+00
1.680000000000000160e+00
1.689999999999999947e+00
1.700000000000000178e+00
1.709999999999999964e+00
1.720000000000000195e+00
1.729999999999999982e+00
1.740000000000000213e+00
1.750000000000000000e+00
1.760000000000000231e+00
1.770000000000000018e+00
1.780000000000000249e+00
1.790000000000000036e+00
1.800000000000000266e+00
1.810000000000000053e+00
1.820000000000000284e+00
1.830000000000000071e+00
1.839999999999999858e+00
1.850000000000000089e+00
1.859999999999999876e+00
1.870000000000000107e+00
1.879999999999999893e+00
1.890000000000000124e+00
1.899999999999999911e+00
1.910000000000000142e+00
1.919999999999999929e+00
1.930000000000000160e+00
1.939999999999999947e+00
1.950000000000000178e+00
1.959999999999999964e+00
1.970000000000000195e+00
1.979999999999999982e+00
1.990000000000000213e+00
2.000000000000000000e+00
-2.000000000000000000e+00
-1.990453460620525084e+00
-1.980906921241050167e+00
-1.971360381861575251e+00
-1.961813842482100334e+00
-1.952267303102625196e+00
-1.942720763723150279e+00
-1.933174224343675363e+00
-1.923627684964200446e+00
-1.914081145584725530e+00
-1.904534606205250613e+00
-1.894988066825775697e+00
-1.885441527446300780e+00
-1.875894988066825864e+00
-1.866348448687350725e+00
-1.856801909307875809e+00
-1.847255369928400892e+00
-1.837708830548925976e+00
-1.828162291169451059e+00
-1.818615751789976143e+00
-1.809069212410501226e+00
-1.799522673031026310e+00
-1.789976133651551393e+00
-1.780429594272076255e+00
-1.770883054892601338e+00
-1.761336515513126422e+00
-1.751789976133651505e+00
-1.742243436754176589e+00
-1.732696897374701672e+00
-1.723150357995226756e+00
-1.713603818615751839e+00
-1.704057279236276923e+00
-1.694510739856801784e+00
-1.684964200477327090e+00
-1.675417661097851951e+00
-1.665871121718377035e+00
-1.656324582338902118e+00
-1.646778042959427202e+00
-1.637231503579952285e+00
-1.627684964200477369e+00
-1.618138424821002452e+00
-1.608591885441527314e+00
-1.599045346062052619e+00
-1.589498806682577481e+00
-1.579952267303102564e+00
-1.570405727923627648e+00
-1.560859188544152731e+00
-1.551312649164677815e+00
-1.541766109785202898e+00
-1.532219570405727982e+00
-1.522673031026252843e+00
-1.513126491646778149e+00
-1.503579952267303010e+00
-1.494033412887828094e+00
-1.484486873508353177e+00
-1.474940334128878261e+00
-1.465393794749403344e+00
-1.455847255369928428e+00
-1.446300715990453511e+00
-1.436754176610978373e+00
-1.427207637231503679e+00
-1.417661097852028540e+00
-1.408114558472553624e+00
-1.398568019093078707e+00
-1.389021479713603791e+00
-1.379474940334128874e+00
-1.369928400954653958e+00
-1.360381861575179041e+00
-1.350835322195703903e+00
-1.341288782816229208e+00
-1.331742243436754070e+00
-1.322195704057279153e+00
-1.312649164677804237e+00
-1.303102625298329320e+00
-1.293556085918854404e+00
-1.284009546539379487e+00
-1.274463007159904571e+00
-1.264916467780429432e+00
-1.255369928400954738e+00
-1.245823389021479599e+00
-1.236276849642004683e+00
-1.226730310262529766e+00
-1.217183770883054850e+00
-1.207637231503579933e+00
-1.198090692124105017e+00
-1.188544152744630100e+00
-1.178997613365154962e+00
-1.169451073985680267e+00
-1.159904534606205129e+00
-1.150357995226730434e+00
-1.140811455847255296e+00
-1.131264916467780379e+00
-1.121718377088305463e+00
-1.112171837708830546e+00
-1.102625298329355630e+00
-1.093078758949880491e+00
-1.083532219570405797e+00
-1.073985680190930658e+00
-1.064439140811455964e+00
-1.054892601431980825e+00
-1.045346062052505909e+00
-1.035799522673030992e+00
-1.026252983293556076e+00
-1.016706443914081159e+00
-1.007159904534606021e+00
-9.976133651551313264e-01
-9.880668257756561879e-01
-9.785202863961812714e-01
-9.689737470167063549e-01
-9.594272076372314384e-01
-9.498806682577565219e-01
-9.403341288782816054e-01
-9.307875894988066889e-01
-9.212410501193317724e-01
-9.116945107398568560e-01
-9.021479713603817174e-01
-8.926014319809068009e-01
-8.830548926014318845e-01
-8.735083532219569680e-01
-8.639618138424820515e-01
-8.544152744630071350e-01
-8.448687350835322185e-01
-8.353221957040573020e-01
-8.257756563245823855e-01
-8.162291169451072470e-01
-8.066825775656323305e-01
-7.971360381861574140e-01
-7.875894988066824975e-01
-7.780429594272075811e-01
-7.684964200477326646e-01
-7.589498806682577481e-01
-7.494033412887828316e-01
-7.398568019093079151e-01
-7.303102625298327766e-01
-7.207637231503578601e-01
-7.112171837708829436e-01
-7.016706443914080271e-01
-6.921241050119331106e-01
-6.825775656324581941e-01
-6.730310262529832777e-01
-6.634844868735083612e-01
-6.539379474940334447e-01
-6.443914081145583062e-01
-6.348448687350833897e-01
-6.252983293556084732e-01
-6.157517899761335567e-01
-6.062052505966586402e-01
-5.966587112171837237e-01
-5.871121718377088072e-01
-5.775656324582338907e-01
-5.680190930787589743e-01
-5.584725536992838357e-01
-5.489260143198089192e-01
-5.393794749403340028e-01
-5.298329355608590863e-01
-5.202863961813841698e-01
-5.107398568019092533e-01
-5.011933174224343368e-01
-4.916467780429594758e-01
-4.821002386634845038e-01
-4.725536992840093653e-01
-4.630071599045344488e-01
-4.534606205250595323e-01
-4.439140811455846158e-01
-4.343675417661096994e-01
-4.248210023866347829e-01
-4.152744630071598664e-01
-4.057279236276849499e-01
-3.961813842482100334e-01
-3.866348448687351169e-01
-3.770883054892599784e-01
-3.675417661097850619e-01
-3.579952267303101454e-01
-3.484486873508352289e-01
-3.389021479713603124e-01
-3.293556085918853960e-01
-3.198090692124104795e-01
-3.102625298329355630e-01
-3.007159904534606465e-01
-2.911694510739855080e-01
-2.816229116945105915e-01
-2.720763723150356750e-01
-2.625298329355608140e-01
-2.529832935560858975e-01
-2.434367541766108978e-01
-2.338902147971359813e-01
-2.243436754176610648e-01
-2.147971360381861761e-01
-2.052505966587110375e-01
-1.957040572792361488e-01
-1.861575178997612046e-01
-1.766109785202863158e-01
-1.670644391408113716e-01
-1.575178997613364551e-01
-1.479713603818615386e-01
-1.384248210023865944e-01
-1.288782816229116779e-01
-1.193317422434365532e-01
-1.097852028639616784e-01
-1.002386634844867480e-01
-9.069212410501184540e-02
-8.114558472553692892e-02
-7.159904534606197080e-02
-6.205250596658706125e-02
-5.250596658711215170e-02
-4.295942720763725603e-02
-3.341288782816209668e-02
-2.386634844868716632e-02
-1.431980906921228452e-02
-4.773269689737349823e-03
4.773269689737382783e-03
1.431980906921245973e-02
2.386634844868766245e-02
3.341288782816236036e-02
4.295942720763744338e-02
5.250596658711215864e-02
6.205250596658729023e-02
7.159904534606195692e-02
8.114558472553715096e-02
9.069212410501181765e-02
1.002386634844869562e-01
1.097852028639621086e-01
1.193317422434367753e-01
1.288782816229119554e-01
1.384248210023866499e-01
1.479713603818617884e-01
1.575178997613364273e-01
1.670644391408116214e-01
1.766109785202863158e-01
1.861575178997613988e-01
1.957040572792365929e-01
2.052505966587112873e-01
2.147971360381863981e-01
2.243436754176610926e-01
2.338902147971362311e-01
2.434367541766109255e-01
2.529832935560860641e-01
2.625298329355607585e-01
2.720763723150358970e-01
2.816229116945110356e-01
2.911694510739857300e-01
3.007159904534608685e-01
3.102625298329355630e-01
3.198090692124107015e-01
3.293556085918853404e-01
3.389021479713605345e-01
3.484486873508352289e-01
3.579952267303104230e-01
3.675417661097854505e-01
3.770883054892602004e-01
3.866348448687353945e-01
3.961813842482100889e-01
4.057279236276851719e-01
4.152744630071599219e-01
4.248210023866350049e-01
4.343675417661096994e-01
4.439140811455848379e-01
4.534606205250599764e-01
4.630071599045346153e-01
4.725536992840098094e-01
4.821002386634845038e-01
4.916467780429596424e-01
5.011933174224343368e-01
5.107398568019094753e-01
5.202863961813841698e-01
5.298329355608593083e-01
5.393794749403344468e-01
5.489260143198091413e-01
5.584725536992842798e-01
5.680190930787589743e-01
5.775656324582341128e-01
5.871121718377088072e-01
5.966587112171839458e-01
6.062052505966586402e-01
6.157517899761337787e-01
6.252983293556089173e-01
6.348448687350836117e-01
6.443914081145587502e-01
6.539379474940334447e-01
6.634844868735085832e-01
6.730310262529832777e-01
6.825775656324584162e-01
6.921241050119331106e-01
7.016706443914082492e-01
7.112171837708833877e-01
7.207637231503580821e-01
7.303102625298332207e-01
7.398568019093079151e-01
7.494033412887830536e-01
7.589498806682577481e-01
7.684964200477328866e-01
7.780429594272075811e-01
7.875894988066827196e-01
7.971360381861578581e-01
8.066825775656325526e-01
8.162291169451076911e-01
8.257756563245823855e-01
8.353221957040575241e-01
8.448687350835322185e-01
8.544152744630073570e-01
8.639618138424820515e-01
8.735083532219571900e-01
8.830548926014323285e-01
8.926014319809070230e-01
9.021479713603821615e-01
9.116945107398568560e-01
9.212410501193319945e-01
9.307875894988066889e-01
9.403341288782818275e-01
9.498806682577565219e-01
9.594272076372316604e-01
9.689737470167067990e-01
9.785202863961814934e-01
9.880668257756566319e-01
9.976133651551313264e-01
1.007159904534606465e+00
1.016706443914081159e+00
1.026252983293556298e+00
1.035799522673030992e+00
1.045346062052506131e+00
1.054892601431981269e+00
1.064439140811455964e+00
1.073985680190931102e+00
1.083532219570405797e+00
1.093078758949880935e+00
1.102625298329355630e+00
1.112171837708830768e+00
1.121718377088305463e+00
1.131264916467780601e+00
1.140811455847255296e+00
1.150357995226730434e+00
1.159904534606205573e+00
1.169451073985680267e+00
1.178997613365155406e+00
1.188544152744630100e+00
1.198090692124105239e+00
1.207637231503579933e+00
1.217183770883055072e+00
1.226730310262529766e+00
1.236276849642004905e+00
1.245823389021480043e+00
1.255369928400954738e+00
1.264916467780429876e+00
1.274463007159904571e+00
1.284009546539379709e+00
1.293556085918854404e+00
1.303102625298329542e+00
1.312649164677804237e+00
1.322195704057279375e+00
1.331742243436754514e+00
1.341288782816229208e+00
1.350835322195704347e+00
1.360381861575179041e+00
1.369928400954654180e+00
1.379474940334128874e+00
1.389021479713604013e+00
1.398568019093078707e+00
1.408114558472553846e+00
1.417661097852028984e+00
1.427207637231503679e+00
1.436754176610978817e+00
1.446300715990453511e+00
1.455847255369928650e+00
1.465393794749403344e+00
1.474940334128878483e+00
1.484486873508353177e+00
1.494033412887828316e+00
1.503579952267303455e+00
1.513126491646778149e+00
1.522673031026253287e+00
1.532219570405727982e+00
1.541766109785203120e+00
1.551312649164677815e+00
1.560859188544152953e+00
1.570405727923627648e+00
1.579952267303102786e+00
1.589498806682577925e+00
1.599045346062052619e+00
1.608591885441527758e+00
1.618138424821002452e+00
1.627684964200477591e+00
1.637231503579952285e+00
1.646778042959427424e+00
1.656324582338902118e+00
1.665871121718377257e+00
1.675417661097852395e+00
1.684964200477327090e+00
1.694510739856802228e+00
1.704057279236276923e+00
1.713603818615752061e+00
1.723150357995226756e+00
1.732696897374701894e+00
1.742243436754176589e+00
1.751789976133651727e+00
1.761336515513126866e+00
1.770883054892601560e+00
1.780429594272076699e+00
1.789976133651551393e+00
1.799522673031026532e+00
1.809069212410501226e+00
1.818615751789976365e+00
1.828162291169451059e+00
1.837708830548926198e+00
1.847255369928401336e+00
1.856801909307876031e+00
1.866348448687351169e+00
1.875894988066825864e+00
1.885441527446301002e+00
1.894988066825775697e+00
1.904534606205250835e+00
1.914081145584725530e+00
1.923627684964200668e+00
1.933174224343675807e+00
1.942720763723150501e+00
1.952267303102625640e+00
1.961813842482100334e+00
1.971360381861575473e+00
1.980906921241050167e+00
1.990453460620525306e+00
2.000000000000000000e+00
