-5.320261716842651367e-01
-5.211184024810791016e-01
-5.110051631927490234e-01
-5.016756057739257812e-01
-4.931040108203887939e-01
-4.852518141269683838e-01
-4.780574142932891846e-01
-4.714423716068267822e-01
-4.653214514255523682e-01
-4.595667421817779541e-01
-4.540596306324005127e-01
-4.486474096775054932e-01
-4.431639015674591064e-01
-4.374251663684844971e-01
-4.312482178211212158e-01
-4.244523346424102783e-01
-4.168081581592559814e-01
-4.081663191318511963e-01
-3.982719480991363525e-01
-3.870481550693511963e-01
-3.741119205951690674e-01
-3.594454824924468994e-01
-3.429104387760162354e-01
-3.244799673557281494e-01
-3.038327991962432861e-01
-2.810149490833282471e-01
-2.554712593555450439e-01
-2.276432812213897705e-01
-1.971133053302764893e-01
-1.646933853626251221e-01
-1.289856731891632080e-01
-9.129467606544494629e-02
-5.033078789710998535e-02
-8.705645799636840820e-03
3.800472617149353027e-02
8.736458420753479004e-02
1.371869146823883057e-01
1.936867535114288330e-01
2.530680000782012939e-01
3.096409142017364502e-01
3.676891624927520752e-01
3.665901124477386475e-01
