2.000173683058465102e+00
1.900181352923170364e+00
1.800180750898499271e+00
1.700175667898767840e+00
1.600188498456228903e+00
1.500167838795167574e+00
1.400175206335389833e+00
1.300138778165711662e+00
1.200166246363107536e+00
1.100163688966043996e+00
1.000217092972230271e+00
9.001594917290702824e-01
8.001807508984991602e-01
7.001410192774194519e-01
6.002866256225818375e-01
5.001678387951676852e-01
4.004689112174880106e-01
3.001605369513523081e-01
2.003031829815850318e-01
1.002326519645063141e-01
-2.389276761823859875e-04
-9.926701630121037567e-02
-1.991661177080773504e-01
-3.004484306198472177e-01
-4.004553293042402151e-01
-5.012209367134062843e-01
-5.999976540720440843e-01
-6.996436830189287637e-01
-7.998885403761984980e-01
-9.007338279680831006e-01
-1.000656280284081490e+00
-1.099136038685951666e+00
-1.200811135423126785e+00
-1.303669827016561866e+00
-1.403194053456287449e+00
-1.499242245528962680e+00
-1.603765771214200164e+00
-1.696048366056549517e+00
-1.795445939864756646e+00
-1.902187592634710933e+00
-1.985101613053794178e+00
-1.995635628892248992e+00
