-1.896397671144488817e-01
-1.409157676243392998e-01
-9.740430416264309055e-02
-5.910019030511398652e-02
-2.607359436002341935e-02
2.727472689829793864e-03
2.905895008449958794e-02
5.986622041093946078e-02
8.586117378845034565e-02
1.091396439040161898e-01
1.294965430166594988e-01
1.513392002963623861e-01
1.684974835230326762e-01
1.894060855292286072e-01
2.077420526069452267e-01
2.273209825488445579e-01
2.485127322208998124e-01
2.714698586157451299e-01
2.951270852521912236e-01
3.207277266441732611e-01
3.476422047324266851e-01
3.787611753163732109e-01
4.089349586788016966e-01
4.453083464235848554e-01
4.844422076424070300e-01
5.239804546849925471e-01
5.658478186735176330e-01
6.151817332770176394e-01
6.638422129737939770e-01
7.131628085403290962e-01
7.657057996869476302e-01
8.284665473526783286e-01
8.863271289092359284e-01
9.564133726560998250e-01
1.017909395896688940e+00
1.071513805095089200e+00
1.154697793596387800e+00
1.228785200980649028e+00
1.300204051252466186e+00
1.368435654101805454e+00
1.475976104139765654e+00
1.465977368285822813e+00
