-3.448724150657653809e-01
-2.874321341514587402e-01
-2.371653914451599121e-01
-1.934348940849304199e-01
-1.556064486503601074e-01
-1.229934096336364746e-01
-9.495013952255249023e-02
-7.079380750656127930e-02
-4.991167783737182617e-02
-3.166288137435913086e-02
-1.547783613204956055e-02
-8.231997489929199219e-04
1.283746957778930664e-02
2.597028017044067383e-02
3.898221254348754883e-02
5.226999521255493164e-02
6.611829996109008789e-02
8.101397752761840820e-02
9.701091051101684570e-02
1.146052479743957520e-01
1.336103081703186035e-01
1.544752717018127441e-01
1.775510907173156738e-01
2.025564312934875488e-01
2.295523285865783691e-01
2.595432400703430176e-01
2.917240262031555176e-01
3.260985016822814941e-01
3.636325001716613770e-01
4.038670659065246582e-01
4.458139538764953613e-01
4.923196434974670410e-01
5.392788052558898926e-01
5.917270779609680176e-01
6.450985074043273926e-01
7.018495202064514160e-01
7.634776234626770020e-01
8.249796032905578613e-01
8.855145573616027832e-01
9.547243714332580566e-01
1.020125627517700195e+00
1.014051914215087891e+00
