-1.277469396591186523e-01
-7.805082201957702637e-02
-3.470346331596374512e-02
2.604275941848754883e-03
3.429809212684631348e-02
6.095370650291442871e-02
8.318904042243957520e-02
1.017008125782012939e-01
1.171591579914093018e-01
1.302683055400848389e-01
1.416711509227752686e-01
1.519658267498016357e-01
1.617294847965240479e-01
1.714570224285125732e-01
1.815734803676605225e-01
1.924656927585601807e-01
2.044048607349395752e-01
2.178213894367218018e-01
2.327457964420318604e-01
2.496057450771331787e-01
2.681722342967987061e-01
2.888205945491790771e-01
3.118500113487243652e-01
3.369184434413909912e-01
3.640280663967132568e-01
3.941398561000823975e-01
4.263943731784820557e-01
4.607512354850769043e-01
4.981366991996765137e-01
5.380488038063049316e-01
5.794745683670043945e-01
6.251842379570007324e-01
6.711061000823974609e-01
7.221225500106811523e-01
7.737348675727844238e-01
8.282825350761413574e-01
8.871121406555175781e-01
9.453886151313781738e-01
1.002311587333679199e+00
1.066828966140747070e+00
1.127220630645751953e+00
1.121634721755981445e+00
