-7.454553246498107910e-02
-1.952841877937316895e-02
2.868285775184631348e-02
7.039305567741394043e-02
1.060489714145660400e-01
1.362269818782806396e-01
1.615431606769561768e-01
1.826944649219512939e-01
2.003503143787384033e-01
2.152089178562164307e-01
2.279103696346282959e-01
2.390823066234588623e-01
2.492602169513702393e-01
2.589581906795501709e-01
2.685959041118621826e-01
2.786046564579010010e-01
2.892450988292694092e-01
3.009158670902252197e-01
3.137382268905639648e-01
3.279971182346343994e-01
3.439057171344757080e-01
3.612915575504302979e-01
3.806684613227844238e-01
4.023075401782989502e-01
4.257385432720184326e-01
4.515063762664794922e-01
4.789428412914276123e-01
5.088733434677124023e-01
5.413323640823364258e-01
5.764254331588745117e-01
6.136707067489624023e-01
6.528421640396118164e-01
6.959058046340942383e-01
7.422313094139099121e-01
7.897430658340454102e-01
8.381360769271850586e-01
8.936632871627807617e-01
9.451807737350463867e-01
1.003290176391601562e+00
1.068703174591064453e+00
1.121641278266906738e+00
1.128499269485473633e+00
