2.000165000555002681e+00
1.900169875933478192e+00
1.800179374848406066e+00
1.700185195785039349e+00
1.600156874978973631e+00
1.500132143772025195e+00
1.400138911356590077e+00
1.300230157740520864e+00
1.200130635768741350e+00
1.100205068079209925e+00
1.000217092972230271e+00
9.001851785190023714e-01
8.002117108729843720e-01
7.004951711252080937e-01
6.002735432813480765e-01
5.000827150499477236e-01
4.001579233904483668e-01
3.003215180922671479e-01
2.001032410167639108e-01
1.000981639727198391e-01
-1.898281690682730120e-04
-9.937728641708439004e-02
-1.998605325010061329e-01
-2.996909607114125462e-01
-3.998245868412880766e-01
-5.000257732567122693e-01
-6.026632108000690158e-01
-6.993871272897140834e-01
-7.998091018588717738e-01
-9.000605164383256307e-01
-9.993924129371096754e-01
-1.099752523663111381e+00
-1.199288419150914109e+00
-1.295759372112901486e+00
-1.398577803921039253e+00
-1.502208151801696312e+00
-1.592495225017362070e+00
-1.700248710733627489e+00
-1.795399844620065632e+00
-1.897827086512343220e+00
-2.015153271419273029e+00
-2.012547360406019337e+00
