-1.563281647023400667e-01
-1.222095376196775524e-01
-9.416311985243268345e-02
-7.103757880019456739e-02
-5.319710025805292342e-02
-3.905760554741623952e-02
-2.933612082364974241e-02
-2.123488066774998489e-02
-1.580629891554126421e-02
-1.159757786126660445e-02
-8.514311544817045746e-03
-6.044249707155736548e-03
-4.582884750691892939e-03
-2.538909396240068318e-03
-8.385631099893521134e-04
-2.802103183729512956e-04
1.201332636250858473e-03
1.590943150322827798e-03
4.020273253241627744e-03
4.050392701933508595e-03
5.939435213252822372e-03
4.592185888238031234e-03
7.363654312278314178e-03
8.059095637702243936e-03
9.667564037406102539e-03
8.365930205775050366e-03
1.266009763564556606e-02
9.340395866311171705e-03
9.676058628845195936e-03
1.333869278029921855e-02
1.081706981508907990e-02
1.157044359727816066e-02
9.731269423659804144e-03
4.665233247877109864e-03
1.143087182551194743e-02
1.339343994052842775e-02
9.905349815465572597e-03
4.506232085120688916e-03
-4.055645156303848420e-03
-8.669351696631383275e-03
3.658676843486718001e-03
6.821034483982869531e-03
