2.800700254738330841e-02
4.510965943336486816e-02
5.775243043899536133e-02
6.594502925872802734e-02
6.979784369468688965e-02
6.952416896820068359e-02
6.544890999794006348e-02
5.799776315689086914e-02
4.764550924301147461e-02
3.498804569244384766e-02
2.059070952236652374e-02
5.050735548138618469e-03
-1.104390434920787811e-02
-2.713647298514842987e-02
-4.288938641548156738e-02
-5.782876163721084595e-02
-7.161356508731842041e-02
-8.403856307268142700e-02
-9.498231112957000732e-02
-1.042532473802566528e-01
-1.118108332157135010e-01
-1.175144910812377930e-01
-1.214518696069717407e-01
-1.234874427318572998e-01
-1.236052960157394409e-01
-1.217378079891204834e-01
-1.176883280277252197e-01
-1.118081361055374146e-01
-1.034783124923706055e-01
-9.278573095798492432e-02
-7.972301542758941650e-02
-6.390559673309326172e-02
-4.549668729305267334e-02
-2.496494166553020477e-02
-6.077997386455535889e-05
2.830113656818866730e-02
5.576704442501068115e-02
9.202623367309570312e-02
1.273120790719985962e-01
1.688735336065292358e-01
2.212654203176498413e-01
2.200441211462020874e-01
