2.000165000555002681e+00
1.900172062050136557e+00
1.800176622735139453e+00
1.700175667898767840e+00
1.600166689407995557e+00
1.500178821289005038e+00
1.400190760397804768e+00
1.300177943194993135e+00
1.200136114511779706e+00
1.100194723670527397e+00
1.000178024245103270e+00
9.001862715401933723e-01
8.000596417972172247e-01
7.001748017169232563e-01
6.001132526108235998e-01
5.002049035988460624e-01
4.001302692478745926e-01
3.003367429492171392e-01
2.001635071902819751e-01
9.952180804445909246e-02
5.121653704704603799e-04
-9.950123724411967518e-02
-2.003190419684413304e-01
-2.994321292656539346e-01
-4.001180191198486225e-01
-5.006538899057656478e-01
-6.004508748870127643e-01
-7.003162301182010996e-01
-8.003956456276740683e-01
-8.990783196791535259e-01
-9.997612036979182104e-01
-1.097856176292052899e+00
-1.199666534636385062e+00
-1.299611303835384035e+00
-1.397606815503705580e+00
-1.500383014869289378e+00
-1.603082655073959195e+00
-1.699730685469643676e+00
-1.796640698477700138e+00
-1.901775198336697947e+00
-2.004360857288742359e+00
-1.998746699096056068e+00
