-2.643292560546339209e-01
-2.329243187625382183e-01
-2.032883238004687398e-01
-1.775527276463546855e-01
-1.538825652734739369e-01
-1.331481496956779531e-01
-1.138088721289721855e-01
-9.627857379759605094e-02
-7.951665087058019943e-02
-6.344956520868960670e-02
-4.774821960268340465e-02
-3.264487836899305356e-02
-1.683711727150912635e-02
-3.445321492085126657e-04
1.645668125346117644e-02
3.369711411242348048e-02
5.311687492293010876e-02
7.079491166491119758e-02
9.292756932578016826e-02
1.157436083599578391e-01
1.389875535502333170e-01
1.648968703272439829e-01
1.944671635616024574e-01
2.232934133546296829e-01
2.573953513284677475e-01
2.922937381219325448e-01
3.272158491063631436e-01
3.676838479568202422e-01
4.101054550387587261e-01
4.522757002474575017e-01
4.989057496094438382e-01
5.461637243259633845e-01
5.997324614424394129e-01
6.536446629809535835e-01
7.091774939091092245e-01
7.712529967963770439e-01
8.357907329751813608e-01
8.952036860486298764e-01
9.579255891636723197e-01
1.032663074353324939e+00
1.105891515206003595e+00
1.100291261904321027e+00
