-5.060997009277343750e-01
-4.720971584320068359e-01
-4.400715231895446777e-01
-4.099371433258056641e-01
-3.815877437591552734e-01
-3.549015522003173828e-01
-3.297211527824401855e-01
-3.058716654777526855e-01
-2.831637263298034668e-01
-2.614223361015319824e-01
-2.403960227966308594e-01
-2.198807001113891602e-01
-1.996183395385742188e-01
-1.794561743736267090e-01
-1.590838432312011719e-01
-1.383510828018188477e-01
-1.169812679290771484e-01
-9.487509727478027344e-02
-7.170116901397705078e-02
-4.725754261016845703e-02
-2.192437648773193359e-02
5.093038082122802734e-03
3.389877080917358398e-02
6.385338306427001953e-02
9.602886438369750977e-02
1.299817562103271484e-01
1.655424833297729492e-01
2.030220031738281250e-01
2.425101399421691895e-01
2.833542227745056152e-01
3.269851207733154297e-01
3.713948130607604980e-01
4.194591045379638672e-01
4.685788154602050781e-01
5.185784697532653809e-01
5.729406476020812988e-01
6.291911005973815918e-01
6.838478446006774902e-01
7.402878403663635254e-01
8.033170104026794434e-01
8.665686249732971191e-01
8.630641102790832520e-01
