-2.856367052961075736e-01
-2.634680508434727453e-01
-2.434247428796408041e-01
-2.241056970024429273e-01
-2.066357401054477183e-01
-1.898212679337608066e-01
-1.745868658188354516e-01
-1.587782239733961098e-01
-1.432771499161724638e-01
-1.282578159859519007e-01
-1.138026636850262702e-01
-9.808963738002862698e-02
-8.228973237821968212e-02
-6.555205105102994423e-02
-4.817696468408801808e-02
-2.982520170869160450e-02
-1.004765273281332805e-02
1.169728811414253757e-02
3.438778358956656733e-02
5.827414668595121833e-02
8.296479377775162201e-02
1.114641515866539589e-01
1.403194516701281314e-01
1.710825773575260222e-01
2.050960475784839865e-01
2.422183202476123620e-01
2.802595886861365404e-01
3.219917475472645063e-01
3.659370228236173417e-01
4.108278278453837973e-01
4.612433375807726277e-01
5.125243073235760116e-01
5.683542872200303409e-01
6.215916758592178182e-01
6.839920864455539817e-01
7.381778342244385005e-01
8.049908234762879200e-01
8.710472613054994762e-01
9.475709490249123457e-01
1.008302024212001324e+00
1.079253622430077719e+00
1.085147812126904476e+00
-2.733053846528984421e-01
-2.516646480715044598e-01
-2.308812595116755684e-01
-2.115275877089977385e-01
-1.932842743562568077e-01
-1.768388887105323271e-01
-1.607545604327333677e-01
-1.451355049263312880e-01
-1.295024564105835829e-01
-1.145991976398776091e-01
-9.886874864462806556e-02
-8.287801521036930463e-02
-6.678613039243554150e-02
-4.951831080761295856e-02
-3.179733185715036270e-02
-1.331334205754512723e-02
6.037954997317176650e-03
2.816441942446987201e-02
5.142266608903447306e-02
7.510879641650010374e-02
1.011625822148416176e-01
1.283992687178064640e-01
1.585434104406709954e-01
1.906117978136049329e-01
2.248954708494826094e-01
2.600952496637106703e-01
2.992457280349395399e-01
3.431130548459377372e-01
3.863384163575109276e-01
4.312994194693514083e-01
4.830735416070453536e-01
5.326906947806520076e-01
5.850205718638741281e-01
6.419497890641437943e-01
6.922563001999234578e-01
7.570238338683494828e-01
8.216445175422171232e-01
8.944489896298938314e-01
9.677444874453210444e-01
1.029627239047412823e+00
1.107583031191321732e+00
1.158121150337494853e+00
-2.881168814666854594e-01
-2.668749895235965619e-01
-2.470531465916054603e-01
-2.278177007027147039e-01
-2.105603154328206938e-01
-1.933249411721210953e-01
-1.773939227430581245e-01
-1.609369617906242778e-01
-1.449050488413781423e-01
-1.288826120219918048e-01
-1.129625208957912991e-01
-9.575524055954488800e-02
-7.798077960185627322e-02
-5.838919784636623783e-02
-3.733712933196239175e-02
-1.517126040049728355e-02
8.259414991275255968e-03
3.506934442110447997e-02
6.284511327705044614e-02
9.349172701093187710e-02
1.254487330602624406e-01
1.606185723994738024e-01
1.979693679161718955e-01
2.368394494739140821e-01
2.798949800116380948e-01
3.265611439641931679e-01
3.730224027881572924e-01
4.255831247809459539e-01
4.803806780124688647e-01
5.368991795385020804e-01
5.950661235236597291e-01
6.572566915239871355e-01
7.226832713756247140e-01
7.861620282341588162e-01
8.543849972566027740e-01
9.232232880886412918e-01
1.004536317851322913e+00
1.070628844051427775e+00
1.156791368003929010e+00
1.225490200071284175e+00
1.320457868916649069e+00
1.314246535288421835e+00
-2.895356765634385376e-01
-2.687900983612635519e-01
-2.484976459612192323e-01
-2.296709286344754408e-01
-2.122562283535333605e-01
-1.957787616526844576e-01
-1.795226770390155324e-01
-1.634923292114117133e-01
-1.469043791041458047e-01
-1.309796100743416125e-01
-1.146274703636149250e-01
-9.684487372109529257e-02
-7.903187443629448861e-02
-5.904048184194191085e-02
-3.773486961793830197e-02
-1.547718714047840484e-02
8.940661377087074160e-03
3.526960009943625601e-02
6.393352416303836605e-02
9.426144272050208939e-02
1.272020175903533223e-01
1.624747904381180497e-01
2.004948217386468834e-01
2.407239293188457308e-01
2.858047638486316822e-01
3.329028056857912254e-01
3.809886564321057767e-01
4.337858297437992006e-01
4.885930158510193855e-01
5.455421410420082662e-01
6.057143616383673379e-01
6.671913634681723160e-01
7.308791335224729124e-01
8.003664776479523235e-01
8.748527519936466490e-01
9.433658902939728863e-01
1.018908444316327433e+00
1.085932445550636061e+00
1.162205831177009818e+00
1.252780238095083876e+00
1.317122737714538250e+00
1.337519159846975336e+00
-2.689675523699334159e-01
-2.476595584981891585e-01
-2.268940438708609286e-01
-2.077834645601409347e-01
-1.899961182207273169e-01
-1.728699132733123311e-01
-1.570102954338450374e-01
-1.412042275839023309e-01
-1.257153700819843567e-01
-1.092828452810561540e-01
-9.274991711867158761e-02
-7.604138298385333672e-02
-5.745623404631999137e-02
-3.822307266341749832e-02
-1.737152576274804058e-02
5.480809979401196977e-03
2.978947083185561409e-02
5.583685101840452081e-02
8.353845123013947660e-02
1.142105282499929347e-01
1.467789893078330354e-01
1.826143477363496581e-01
2.192438722453156075e-01
2.616672287741850234e-01
3.053728686412967019e-01
3.496465695150799968e-01
4.003479979672956990e-01
4.517250468066951741e-01
5.069918187236149842e-01
5.645950566248384428e-01
6.188635949075701470e-01
6.866094601334905567e-01
7.497981324479503495e-01
8.156175900271440682e-01
8.912976653910456015e-01
9.717164155372083334e-01
1.048364105279886216e+00
1.111732856611097997e+00
1.182157766334781313e+00
1.257174404762535724e+00
1.339868640584651382e+00
1.334574371754928990e+00
-2.957550815769788288e-01
-2.741536800566657939e-01
-2.537083905814907503e-01
-2.347413503982711258e-01
-2.170331634218838068e-01
-2.001771690066801723e-01
-1.834604322001537613e-01
-1.677146787651329629e-01
-1.521744872959133743e-01
-1.360766819817923190e-01
-1.202276759953128243e-01
-1.031432272627956365e-01
-8.657824885518239366e-02
-6.892370304932356195e-02
-4.982019838805338413e-02
-2.973682884532567391e-02
-8.122970677910130999e-03
1.410032151962054524e-02
3.897762233269189136e-02
6.486962505980649329e-02
9.194819087855947426e-02
1.219207855630376480e-01
1.544544061395641821e-01
1.882533270265042136e-01
2.237295093648768718e-01
2.655960230875916150e-01
3.041888296148432813e-01
3.501704588229461179e-01
3.962167882909718442e-01
4.451213855675014708e-01
4.984621857062330186e-01
5.506685412043986760e-01
6.107985191927677304e-01
6.763094320004560123e-01
7.313550373698087803e-01
7.841106769256607212e-01
8.589159873510280319e-01
9.357641390144627591e-01
9.761160298499884647e-01
1.097257309693419947e+00
1.135927335005468386e+00
1.145910834132373823e+00
