1.263684666882899654e-01
1.622745810564222291e-01
1.950773108972697900e-01
2.238151196485231031e-01
2.493891603703643767e-01
2.714535873765939189e-01
2.905087356681301247e-01
3.075537973776261702e-01
3.226203149078182841e-01
3.361714427672005123e-01
3.490034565687202828e-01
3.600099236873565145e-01
3.713763789542252614e-01
3.832604786115781370e-01
3.947562805954459297e-01
4.070848357577676047e-01
4.194022070855036310e-01
4.334465921686532219e-01
4.475657664849299056e-01
4.622392267594220838e-01
4.782460671987999179e-01
4.948389035990452545e-01
5.136410305303376056e-01
5.343650282387133466e-01
5.544188918928550924e-01
5.795641081610417578e-01
6.036173984336830056e-01
6.326657844697707311e-01
6.604252710500057022e-01
6.923683150813292331e-01
7.252384441780452828e-01
7.608671059979409401e-01
7.984261904632420359e-01
8.366177666109364530e-01
8.853544341272172602e-01
9.249555348557395584e-01
9.766887524579820345e-01
1.040562785081311725e+00
1.072962717299325464e+00
1.128796543960155052e+00
1.186037642052334862e+00
1.202627247273678979e+00
4.501798004783910678e-01
4.454142551930608818e-01
4.350619953089128744e-01
4.251264705087737239e-01
4.165106987851230347e-01
4.074996769414478970e-01
3.982664753863233154e-01
3.915278850784781328e-01
3.823070760457842332e-01
3.754898614152977765e-01
3.666806555445840665e-01
3.591864005344409527e-01
3.502867928962084543e-01
3.416857293582584720e-01
3.315447122552303005e-01
3.239015087485960231e-01
3.176267331394305171e-01
3.101641914880211015e-01
3.003845890252319073e-01
2.924244386170992138e-01
2.867191227497273842e-01
2.789661246647783810e-01
2.688048876171637014e-01
2.629420632362804433e-01
2.541999219842533964e-01
2.474061050809839291e-01
2.395171975704924738e-01
2.309595557485690509e-01
2.247841919212118511e-01
2.178890966885918268e-01
2.103987886522441786e-01
1.992668698969243535e-01
1.927903971206526845e-01
1.860829155465769658e-01
1.788676408877313828e-01
1.714397539289302941e-01
1.640165936082745302e-01
1.557458423432295791e-01
1.482632296368789626e-01
1.411925698343795554e-01
1.341420309818705803e-01
1.283217092065898346e-01
1.209685650193765838e-01
1.144608565074875517e-01
1.055238094811765670e-01
9.913829757596569203e-02
9.208522610066595393e-02
8.602864387999181739e-02
7.827189539519996409e-02
7.110104767312008800e-02
6.473120927599423924e-02
5.759384224905011312e-02
5.128375606094251471e-02
4.238647642636631657e-02
3.715946420819897511e-02
3.080609434710789366e-02
2.401746104972198037e-02
1.485642004450578486e-02
8.868329666380150161e-03
3.762020828246101945e-03
-2.775304609353199982e-03
-9.276756045352212154e-03
-1.653338941863659664e-02
-2.386515781379250703e-02
-2.981310751794605252e-02
-3.669819344380852166e-02
-4.169658044808965958e-02
-4.825897887163953237e-02
-5.545021479759405097e-02
-6.051219743086243968e-02
-6.654105863695515544e-02
-7.585412487528865599e-02
-8.206618382489669350e-02
-8.846794043765807136e-02
-9.417444835194049846e-02
-9.950942907359960898e-02
-1.053959803384579702e-01
-1.119289527835503617e-01
-1.181852566020178685e-01
-1.237232564387159839e-01
-1.288364514763106761e-01
-1.353121519756027569e-01
-1.413052338513817174e-01
-1.471937980793988909e-01
-1.544387528416464594e-01
-1.614140833241498318e-01
-1.667559638650674136e-01
-1.738824181587001749e-01
-1.803336896197850481e-01
-1.855912389846021693e-01
