1.185551185675665753e+00
1.180025165815068000e+00
1.174519120452758081e+00
1.169033053031039548e+00
1.163566966816492965e+00
1.158120864904635061e+00
1.152694750224411369e+00
1.147288625542524754e+00
1.141902493467589652e+00
1.136536356454116881e+00
1.131190216806318594e+00
1.125864076681734938e+00
1.120557938094678629e+00
1.115271802919493238e+00
1.110005672893625617e+00
1.104759549620506931e+00
1.099533434572242507e+00
1.094327329092107171e+00
1.089141234396845181e+00
1.083975151578771001e+00
1.078829081607671547e+00
1.073703025332508609e+00
1.068596983482915652e+00
1.063510956670496554e+00
1.058444945389914071e+00
1.053398950019778457e+00
1.048372970823326478e+00
1.043367007948896141e+00
1.038381061430193597e+00
1.033415131186353975e+00
1.028469217021794613e+00
1.023543318625861787e+00
1.018637435572270045e+00
1.013751567318336377e+00
1.008885713204008772e+00
1.004039872450688486e+00
9.992140441598498235e-01
9.944082273114563941e-01
9.896224207621762137e-01
9.848566232433942913e-01
9.801108333590305977e-01
9.753850495831548617e-01
9.706792702574129628e-01
9.659934935882528162e-01
9.613277176439648519e-01
9.566819403515298692e-01
9.520561594932812621e-01
9.474503727033831701e-01
9.428645774641279953e-01
9.382987711020532862e-01
9.337529507838852050e-01
9.292271135123081338e-01
9.247212561215651938e-01
9.202353752728931191e-01
9.157694674497947052e-01
9.113235289531517180e-01
9.068975558961839267e-01
9.024915441992559240e-01
8.981054895845369535e-01
8.937393875705180735e-01
8.893932334663892103e-01
8.850670223662838731e-01
8.807607491433904201e-01
8.764744084439413108e-01
8.722079946810777917e-01
8.679615020286013394e-01
8.637349244146114158e-01
8.595282555150378645e-01
8.553414887470708328e-01
8.511746172624957696e-01
8.470276339409340549e-01
8.429005313830015833e-01
8.387933019033820825e-01
8.347059375238287116e-01
8.306384299660927173e-01
8.265907706447892522e-01
8.225629506602035734e-01
8.185549607910433956e-01
8.145667914871435045e-01
8.105984328621287371e-01
8.066498746860394364e-01
8.027211063779265965e-01
7.988121169984224723e-01
7.949228952422906502e-01
7.910534294309643499e-01
7.872037075050742905e-01
7.833737170169793318e-01
7.795634451232953399e-01
7.757728785774384850e-01
7.720020037221816400e-01
7.682508064822334282e-01
7.645192723568433601e-01
7.608073864124409447e-01
7.571151332753124352e-01
7.534424971243232072e-01
7.497894616836890958e-01
7.461560102158041330e-01
7.425421255141290144e-01
7.389477898961469560e-01
7.353729851963914932e-01
7.318176927595523296e-01
7.282818934336641181e-01
7.247655675633837280e-01
7.212686949833609917e-01
7.177912550117084844e-01
7.143332264435754420e-01
7.108945875448299256e-01
7.074753160458548962e-01
7.040753891354634142e-01
7.006947834549367427e-01
6.973334750921896807e-01
6.939914395760693466e-01
6.906686518707904066e-01
6.873650863705100811e-01
6.840807168940508110e-01
6.808155166797695834e-01
6.775694583805818016e-01
6.743425140591408073e-01
6.711346551831799401e-01
6.679458526210164671e-01
6.647760766372234897e-01
6.616252968884728247e-01
6.584934824195515235e-01
6.553806016595536965e-01
6.522866224182531925e-01
6.492115118826569109e-01
6.461552366137434111e-01
6.431177625433871503e-01
6.400990549714719036e-01
6.370990785631951425e-01
6.341177973465637052e-01
6.311551747100848653e-01
6.282111734006518011e-01
6.252857555216260188e-01
6.223788825311177275e-01
6.194905152404647231e-01
6.166206138129098902e-01
6.137691377624800992e-01
6.109360459530635001e-01
6.081212965976884322e-01
6.053248472580016193e-01
6.025466548439472048e-01
5.997866756136442934e-01
5.970448651734646672e-01
5.943211784783073437e-01
5.916155698320709755e-01
5.889279928883216497e-01
5.862584006511553092e-01
5.836067454762523532e-01
5.809729790721240850e-01
5.783570525015468977e-01
5.757589161831836444e-01
5.731785198933890824e-01
5.706158127681967285e-01
5.680707433054835720e-01
5.655432593673119790e-01
5.630333081824414609e-01
5.605408363490106405e-01
5.580657898373839743e-01
5.556081139931585700e-01
5.531677535403283219e-01
5.507446525846008134e-01
5.483387546168605464e-01
5.459500025167766113e-01
5.435783385565474690e-01
5.412237044047779611e-01
5.388860411304828846e-01
5.365652892072142466e-01
5.342613885172996513e-01
5.319742783561934862e-01
5.297038974369275843e-01
5.274501838946598076e-01
5.252130752913095613e-01
5.229925086202760198e-01
5.207884203112288501e-01
5.186007462349671027e-01
5.164294217083340577e-01
5.142743814991831419e-01
5.121355598313842572e-01
5.100128903898630828e-01
5.079063063256623600e-01
5.058157402610180542e-01
5.037411242944374035e-01
5.016823900057723051e-01
4.996394684612749382e-01
4.976122902186254082e-01
4.956007853319207013e-01
4.936048833566138438e-01
4.916245133543898360e-01
4.896596038979670884e-01
4.877100830758123173e-01
4.857758784967536880e-01
4.838569172944817143e-01
4.819531261319208726e-01
4.800644312054587748e-01
4.781907582490194653e-01
4.763320325379620801e-01
4.744881788927928223e-01
4.726591216826694919e-01
4.708447848286858028e-01
4.690450918069151154e-01
4.672599656511952637e-01
4.654893289556376601e-01
4.637331038768384150e-01
4.619912121357744872e-01
4.602635750193592168e-01
4.585501133816413111e-01
4.568507476446190263e-01
4.551653977986505617e-01
4.534939834024337979e-01
4.518364235825313435e-01
4.501926370324144111e-01
4.485625420109980999e-01
4.469460563406419951e-01
4.453430974045826107e-01
4.437535821437724182e-01
4.421774270530893225e-01
4.406145481768877770e-01
4.390648611038540094e-01
4.375282809611321100e-01
4.360047224076829542e-01
4.344940996268384925e-01
4.329963263180106048e-01
4.315113156875131639e-01
4.300389804384541770e-01
4.285792327596534834e-01
4.271319843135372163e-01
4.256971462229624525e-01
4.242746290569195389e-01
4.228643428150598016e-01
4.214661969109919082e-01
4.200801001542924240e-01
4.187059607311660048e-01
4.173436861836972711e-01
4.159931833876248652e-01
4.146543585285725197e-01
4.133271170766663616e-01
4.120113637594606804e-01
4.107070025331004404e-01
4.094139365516359375e-01
4.081320681344081103e-01
4.068612987314155216e-01
4.056015288865734147e-01
4.043526581987689217e-01
4.031145852806128360e-01
4.018872077147871980e-01
4.006704220078778356e-01
3.994641235415820613e-01
3.982682065211738398e-01
3.970825639211054692e-01
3.959070874276164331e-01
3.947416673782222496e-01
3.935861926979402625e-01
3.924405508321123781e-01
3.913046276756761421e-01
3.901783074987254518e-01
3.890614728682045831e-01
3.879540045655628933e-01
3.868557815001978928e-01
3.857666806185059971e-01
3.846865768083496673e-01
3.836153427987472053e-01
3.825528490545812565e-01
3.814989636661135219e-01
3.804535522330890762e-01
3.794164777431998647e-01
3.783876004446752317e-01
3.773667777127517331e-01
3.763538639097741001e-01
3.753487102386611207e-01
3.743511645894703199e-01
3.733610713787798852e-01
3.723782713815996792e-01
3.714026015555155769e-01
3.704338948567575396e-01
3.694719800478801219e-01
3.685166814967259508e-01
3.675678189663418305e-01
3.666252073955039714e-01
3.656886566695013996e-01
3.647579713808177249e-01
3.638329505793448937e-01
3.629133875117541708e-01
3.619990693496408785e-01
3.610897769060580353e-01
3.601852843400416559e-01
3.592853588487324168e-01
3.583897603466886239e-01
3.574982411319886366e-01
3.566105455387132972e-01
3.557264095754054667e-01
3.548455605490996589e-01
3.539677166745233694e-01
3.530925866680734160e-01
3.522198693261827107e-01
3.513492530876980990e-01
3.504804155799104426e-01
3.496130231478886130e-01
3.487467303667940999e-01
3.478811795368713655e-01
3.470160001608469380e-01
3.461508084034916610e-01
3.452852065331494802e-01
3.444187823450721719e-01
3.435511085664536557e-01
3.426817422431135962e-01
3.418102241078392889e-01
3.409360779304747013e-01
3.400588098499141565e-01
3.391779076882558974e-01
3.382928402474645324e-01
3.374030565889968303e-01
3.365079852969717344e-01
3.356070337255876446e-01
3.346995872316382292e-01
3.337850083931314105e-01
3.328626362151835272e-01
3.319317853245493111e-01
3.309917451543381572e-01
3.300417791206876617e-01
3.290811237933890521e-01
3.281089880627099942e-01
3.271245523049132187e-01
3.261269675492595166e-01
3.251153546495667013e-01
3.240888034637188220e-01
3.230463720448398246e-01
3.219870858481967968e-01
3.209099369582510963e-01
3.198138833406554693e-01
3.186978481243752936e-01
3.175607189195132074e-01
3.164013471768187813e-01
3.152185475952815064e-01
3.140110975846128749e-01
3.127777367898447736e-01
3.115171666856777488e-01
3.102280502486109981e-01
3.089090117152760717e-01
3.075586364357577041e-01
3.061754708310227002e-01
3.047580224638835045e-01
3.033047602331812032e-01
3.018141147010814929e-01
3.002844785635337965e-01
2.987142072740107124e-01
2.971016198306634659e-01
2.954449997369231751e-01
2.937425961454014356e-01
2.919926251946353690e-01
2.901932715478074409e-01
2.883426901420123589e-01
2.864390081559589074e-01
2.844803272031405927e-01
2.824647257565256475e-01
2.803902618096434929e-01
2.782549757776275889e-01
2.760568936402710838e-01
2.737940303274988274e-01
2.714643933458220082e-01
2.690659866423661950e-01
2.665968147009226685e-01
2.640548868622125678e-01
2.614382218581670081e-01
2.587448525475466998e-01
2.559728308376771344e-01
2.531202327744850322e-01
2.501851637804237138e-01
2.471657640173087478e-01
2.440602138485804817e-01
2.408667393731208917e-01
2.375836180005192755e-01
2.342091840356302634e-01
2.307418342384832677e-01
2.271800333240793224e-01
2.235223193654330143e-01
2.197673090623945003e-01
2.159137028383654178e-01
2.119602897270282393e-01
2.079059520116673665e-01
2.037496695805722513e-01
1.994905239634109373e-01
1.951277020153095176e-01
1.906604992176983149e-01
1.860883225677220087e-01
1.814106930311766563e-01
1.766272475374548456e-01
1.717377404988200129e-01
1.667420448404513811e-01
1.616401525320041443e-01
1.564321746159019477e-01
1.511183407320994543e-01
1.456989981435984904e-01
1.401746102714656883e-01
1.345457547524394060e-01
1.288131210363477608e-01
1.229775075444369120e-01
1.170398184132697555e-01
1.110010598520546482e-01
1.048623361440564478e-01
9.862484532511436863e-02
1.183709495462687444e+00
1.093101306079475865e+00
1.003877233439725236e+00
9.162782272237770531e-01
8.305728963693665978e-01
7.470550247958147594e-01
6.660385891608076037e-01
5.878498302910351025e-01
5.128161789996147357e-01
4.412522503568696575e-01
3.734436715510328075e-01
3.096301070804570177e-01
2.499893393893643512e-01
1.946244755091834089e-01
1.435561442887618722e-01
9.672090156539255024e-02
5.397609920753537738e-02
1.511044416140466112e-02
-2.014135182247612371e-02
-5.208185882820909329e-02
-8.103415918267418971e-02
-1.073266508518106871e-01
-1.312804834983957170e-01
-1.532000971129642009e-01
-1.733668455487904214e-01
-1.920353580862280696e-01
-2.094321218670843476e-01
-2.257557244001156260e-01
-2.411782351110393907e-01
-2.558472884188257024e-01
-2.698885285248330268e-01
-2.834081695265169842e-01
-2.964955042251253836e-01
-3.092252579526409417e-01
-3.216597304409486990e-01
-3.338507015158272417e-01
-3.458410981046720623e-01
-3.576664334801943901e-01
-3.693560371947497423e-01
-3.809340976681087620e-01
-3.924205402825783895e-01
-4.038317631243488748e-01
