-6.358851790428161621e-01
-6.257351040840148926e-01
-6.156635284423828125e-01
-6.062237620353698730e-01
-5.968559980392456055e-01
-5.877607464790344238e-01
-5.790904164314270020e-01
-5.705046653747558594e-01
-5.616146922111511230e-01
-5.526801943778991699e-01
-5.439538955688476562e-01
-5.357223153114318848e-01
-5.265303850173950195e-01
-5.159684419631958008e-01
-5.063911080360412598e-01
-4.959869384765625000e-01
-4.847275614738464355e-01
-4.729292988777160645e-01
-4.584572315216064453e-01
-4.446411728858947754e-01
-4.285327196121215820e-01
-4.106231331825256348e-01
-3.927364349365234375e-01
-3.715146183967590332e-01
-3.488849699497222900e-01
-3.243451714515686035e-01
-2.990497052669525146e-01
-2.699362933635711670e-01
-2.391325980424880981e-01
-2.062281519174575806e-01
-1.708019822835922241e-01
-1.342290788888931274e-01
-9.212240576744079590e-02
-5.139506980776786804e-02
-3.662224858999252319e-03
4.518951103091239929e-02
1.017051786184310913e-01
1.566721946001052856e-01
2.166495323181152344e-01
2.844212353229522705e-01
3.742140233516693115e-01
3.716593980789184570e-01
