2.000173683058465102e+00
1.900170422463674402e+00
1.800166990201363948e+00
1.700175667898767840e+00
1.600166689407995557e+00
1.500167838795167574e+00
1.400175206335389833e+00
1.300182294646900605e+00
1.200193637141200087e+00
1.100163688966043996e+00
1.000130268805227152e+00
9.001649571307617226e-01
8.000912985724508708e-01
7.000717137406737844e-01
6.001448792645179831e-01
5.002090217151078377e-01
4.002788895640940758e-01
3.000734952671440525e-01
2.003579455416352739e-01
9.971516235102365067e-02
2.170929722301843815e-04
-9.961648318172314220e-02
-2.001083153431347239e-01
-2.996511304470977910e-01
-3.994844971748068851e-01
-5.010970040481351750e-01
-6.007417388330787977e-01
-6.987963212775538668e-01
-7.973754764210220225e-01
-8.980124814417006496e-01
-1.002360278239697422e+00
-1.104317838943996710e+00
-1.197657363430877586e+00
-1.295043439504750316e+00
-1.392974121565214052e+00
-1.484921324924077357e+00
-1.587102857531549338e+00
-1.685395526786565235e+00
-1.802664296869938232e+00
-1.872603609223393084e+00
-2.003681001195930733e+00
-2.022601094042496772e+00
2.000173683058465102e+00
1.900170422463674402e+00
1.800173870604432791e+00
1.700184329622197676e+00
1.600155784473169085e+00
1.500181566869070116e+00
1.400175206335389833e+00
1.300160536951352253e+00
1.200138853857380505e+00
1.100129203359808239e+00
1.000217092972230271e+00
9.001922831075721554e-01
8.001050616680598360e-01
7.001843296221976765e-01
6.001775940690107225e-01
5.001266519695970469e-01
4.002270510439016049e-01
3.000952573237168353e-01
2.002757991118509773e-01
1.001636889660440927e-01
5.208409361856700635e-04
-1.004311768594306348e-01
-1.994547494080476102e-01
-2.995385864019604050e-01
-4.006082422062435811e-01
-5.002991741027892347e-01
-6.001014033515396084e-01
-7.009069276382947633e-01
-7.996694348752261261e-01
-8.999397760688475634e-01
-9.998263169415350093e-01
-1.098776053788850682e+00
-1.203273066149104897e+00
-1.299400110679175935e+00
-1.397918294490792412e+00
-1.492117154329321016e+00
-1.593902855525895612e+00
-1.720150617603176668e+00
-1.801260459895583699e+00
-1.868862726221393045e+00
-2.000843349608772304e+00
-1.989700043360187909e+00
2.000173683058465102e+00
1.900175887727810098e+00
1.800173870604432791e+00
1.700167006002581749e+00
1.600188498456228903e+00
1.500167838795167574e+00
1.400175206335389833e+00
1.300160536951352253e+00
1.200166246363107536e+00
1.100198171834131822e+00
1.000130268805227152e+00
9.001813529231704747e-01
8.002082709848086228e-01
7.002103137560209412e-01
6.001666894079954462e-01
5.001952945090409886e-01
4.001579233904483668e-01
3.001387781657116616e-01
2.002210261918763445e-01
1.000257301078625594e-01
-3.474494836871280291e-05
-9.985690488869411463e-02
-2.004251326204156414e-01
-2.997290626435631378e-01
-3.993428717106777270e-01
-4.991599953822120073e-01
-6.001532872870776192e-01
-6.993610453646017522e-01
-7.995599235635688640e-01
-8.999052849850106561e-01
-9.994791590638143486e-01
-1.099305225547601905e+00
-1.201238896238651765e+00
-1.303381540767775126e+00
-1.397007277862655883e+00
-1.502738533893144268e+00
-1.602668429608871348e+00
-1.704410911000180384e+00
-1.800875885376674868e+00
-1.906158233087871912e+00
-2.005524470929688885e+00
-2.002294784000580474e+00
2.000173683058465102e+00
1.900175887727810098e+00
1.800166990201363948e+00
1.700167006002581749e+00
1.600166689407995557e+00
1.500167838795167574e+00
1.400157923390448422e+00
1.300204051252466186e+00
1.200166246363107536e+00
1.100232651964506259e+00
1.000173683058464880e+00
9.001485607193440153e-01
8.001601096892889675e-01
7.002449568496201815e-01
6.001339737820283737e-01
5.002776512378408480e-01
4.004689112174880106e-01
3.000299678823015181e-01
2.004127011972462735e-01
1.003705451175629093e-01
3.906892499100880116e-04
-9.960555808406952594e-02
-1.998123689164334749e-01
-3.000409313505841280e-01
-3.992230708422156438e-01
-4.993382237254834766e-01
-6.007590583075442803e-01
-7.007542719650604601e-01
-8.001077564736807091e-01
-8.995949884341111202e-01
-9.966687414386732335e-01
-1.101598466431147338e+00
-1.198610011984001744e+00
-1.299339541431828282e+00
-1.400160577806433659e+00
-1.506123889147177097e+00
-1.596759334915524686e+00
-1.704257018904448584e+00
-1.800546520905169867e+00
-1.906228218501270222e+00
-2.003063872382031985e+00
-1.982299028775883265e+00
2.000173683058465102e+00
1.900170422463674402e+00
1.800173870604432791e+00
1.700175667898767840e+00
1.600166689407995557e+00
1.500181566869070116e+00
1.400175206335389833e+00
1.300182294646900605e+00
1.200166246363107536e+00
1.100163688966043996e+00
1.000173683058464880e+00
9.001704224636744023e-01
8.001601096892889675e-01
7.001929911728786982e-01
6.002757236989206824e-01
5.001266519695970469e-01
4.001579233904483668e-01
3.001387781657116616e-01
2.000018654066017809e-01
9.988772741146677292e-02
3.038997848124583463e-04
-9.961648318172314220e-02
-2.001909410494251140e-01
-2.995212745217874506e-01
-4.002806376029016677e-01
-5.003129173815962227e-01
-6.001705833097765730e-01
-6.989917196030002167e-01
-7.988214436166747312e-01
-9.012524711751820350e-01
-9.995659225206814380e-01
-1.097942689191533372e+00
-1.199179857725855891e+00
-1.296734422319888225e+00
-1.403216033034302201e+00
-1.502614167462553052e+00
-1.591861834387464869e+00
-1.713521075069231792e+00
-1.793740964790717207e+00
-1.907770757837143449e+00
-2.026821327678988371e+00
-2.010398917568625876e+00
2.000173683058465102e+00
1.900181352923170364e+00
1.800187631083566497e+00
1.700167006002581749e+00
1.600177594069010834e+00
1.500209021715107838e+00
1.400157923390448422e+00
1.300204051252466186e+00
1.200138853857380505e+00
1.100232651964506259e+00
1.000173683058464880e+00
9.001540262585983054e-01
8.001738706044327909e-01
6.999677346938125710e-01
6.002321132674031112e-01
5.002639262008830023e-01
4.002788895640940758e-01
3.001605369513523081e-01
2.000292665537702907e-01
1.002671293576021111e-01
1.736830584648996938e-04
-9.989516607105769497e-02
-1.992623069624912258e-01
-3.001796115838795131e-01
-3.988312261703071404e-01
-4.983383495259153806e-01
-5.998593602423030191e-01
-7.004709108536132378e-01
-8.000529420747812814e-01
-8.992160379241329604e-01
-1.000260654893432077e+00
-1.099021465666939701e+00
-1.202656273837642953e+00
-1.301655830427173477e+00
-1.396249554439884744e+00
-1.502627984196250210e+00
-1.596484845010655462e+00
-1.705952838656284332e+00
-1.803519832299852022e+00
-1.900008766455315579e+00
-2.012275654304711558e+00
-2.006193564526957740e+00
2.000173683058465102e+00
1.900170422463674402e+00
1.800180750898499271e+00
1.700184329622197676e+00
1.600166689407995557e+00
1.500181566869070116e+00
1.400175206335389833e+00
1.300160536951352253e+00
1.200138853857380505e+00
1.100163688966043996e+00
1.000217092972230271e+00
9.001977480966170120e-01
8.002908207820355058e-01
7.001410192774194519e-01
6.002212099752366470e-01
5.001266519695970469e-01
4.001924885925759456e-01
3.001170182898695860e-01
2.001114596238014187e-01
1.001292033598082248e-01
-2.954207021203546549e-04
-9.911966926112053544e-02
-2.004664736572608352e-01
-3.001189335327579255e-01
-4.009470267813319277e-01
-4.999282698745359799e-01
-5.998247936646101675e-01
-6.997306854696436762e-01
-7.990948083150082315e-01
-9.003538828767693181e-01
-9.992623262259667793e-01
-1.099190607891901594e+00
-1.199956875697247183e+00
-1.302326125413991509e+00
-1.400673792792286321e+00
-1.498269949153779645e+00
-1.597807422121177101e+00
-1.697755679049839816e+00
-1.791289980093598855e+00
-1.904029077656285374e+00
-1.998309545767847251e+00
-2.001326622298790436e+00
