-2.758849859237670898e-01
-2.510741949081420898e-01
-2.289334386587142944e-01
-2.090643495321273804e-01
-1.910701841115951538e-01
-1.745782941579818726e-01
-1.592339128255844116e-01
-1.447230428457260132e-01
-1.307667344808578491e-01
-1.170884221792221069e-01
-1.034763902425765991e-01
-8.974252641201019287e-02
-7.569943368434906006e-02
-6.119738519191741943e-02
-4.610429704189300537e-02
-3.027091920375823975e-02
-1.359330117702484131e-02
4.078522324562072754e-03
2.280057966709136963e-02
4.269947111606597900e-02
6.392540037631988525e-02
8.641304075717926025e-02
1.105297952890396118e-01
1.364437490701675415e-01
1.637040525674819946e-01
1.932448297739028931e-01
2.239707857370376587e-01
2.568141222000122070e-01
2.920452356338500977e-01
3.295179605484008789e-01
3.680623769760131836e-01
4.086424112319946289e-01
4.531522989273071289e-01
4.996186494827270508e-01
5.455259084701538086e-01
5.949169397354125977e-01
6.461764574050903320e-01
6.993478536605834961e-01
7.594809532165527344e-01
8.173063993453979492e-01
8.746596574783325195e-01
8.770295381546020508e-01
