-1.535230278968811035e-01
-7.861220836639404297e-02
-1.367658376693725586e-02
4.131138324737548828e-02
8.675295114517211914e-02
1.233905553817749023e-01
1.522521972656250000e-01
1.745193600654602051e-01
1.914515495300292969e-01
2.042935490608215332e-01
2.141952812671661377e-01
2.221763730049133301e-01
2.290661036968231201e-01
2.355400919914245605e-01
2.421305477619171143e-01
2.492140531539916992e-01
2.570452988147735596e-01
2.658315002918243408e-01
2.756715118885040283e-01
2.866653501987457275e-01
2.988771498203277588e-01
3.123959302902221680e-01
3.269998431205749512e-01
3.431624770164489746e-01
3.607560098171234131e-01
3.792764544486999512e-01
3.994839787483215332e-01
4.211540818214416504e-01
4.440687894821166992e-01
4.686226248741149902e-01
4.940185546875000000e-01
5.224357247352600098e-01
5.504838228225708008e-01
5.813487768173217773e-01
6.132938861846923828e-01
6.465247869491577148e-01
6.837352514266967773e-01
7.176873087882995605e-01
7.526625990867614746e-01
7.947200536727905273e-01
8.357672095298767090e-01
8.330598473548889160e-01
