-8.042137768847776869e-01
-8.013429130455773652e-01
-7.936626427287765129e-01
-7.849972927850477067e-01
-7.750605430189840828e-01
-7.657485374524890531e-01
-7.567039329680341764e-01
-7.469601897764135412e-01
-7.370034183985059162e-01
-7.236071369304649670e-01
-7.107455919458193216e-01
-6.960526799044645108e-01
-6.795089087743125811e-01
-6.607056088900216118e-01
-6.428010290267212046e-01
-6.235234167119318993e-01
-5.993515083777539720e-01
-5.740518972055632663e-01
-5.477258326368472652e-01
-5.200836643494364253e-01
-4.886648640899387552e-01
-4.531576287128009084e-01
-4.197663418593393647e-01
-3.800118594601782362e-01
-3.386568711818553901e-01
-2.938833079340520960e-01
-2.464215368402127293e-01
-1.968830783316928845e-01
-1.442156241010215945e-01
-8.929237220171115652e-02
-3.128315580108248506e-02
2.851838591439372073e-02
9.056487888231792849e-02
1.553998102938845549e-01
2.210985096971283537e-01
2.911623116395529731e-01
3.642450993107563817e-01
4.367047789238103217e-01
5.116053235289789169e-01
5.788660380772776559e-01
6.720738324700505917e-01
6.709227504425649968e-01
