2.009481191635131836e-03
3.809818625450134277e-02
7.063230872154235840e-02
9.983047842979431152e-02
1.259351670742034912e-01
1.492386758327484131e-01
1.700528562068939209e-01
1.887176930904388428e-01
2.055834233760833740e-01
2.210393846035003662e-01
2.354749143123626709e-01
2.492536008358001709e-01
2.627781331539154053e-01
2.764092385768890381e-01
2.905548512935638428e-01
3.054858148097991943e-01
3.215912282466888428e-01
3.390663564205169678e-01
3.582411706447601318e-01
3.794592320919036865e-01
4.026218354701995850e-01
4.281588494777679443e-01
4.561594426631927490e-01
4.865194261074066162e-01
5.196365118026733398e-01
5.555335283279418945e-01
5.938402414321899414e-01
6.351929903030395508e-01
6.787310838699340820e-01
7.245193719863891602e-01
7.735351324081420898e-01
8.247677087783813477e-01
8.794234991073608398e-01
9.347168207168579102e-01
9.930144548416137695e-01
1.053309321403503418e+00
1.120211720466613770e+00
1.187551617622375488e+00
1.252110481262207031e+00
1.323278784751892090e+00
1.394566059112548828e+00
1.376712799072265625e+00
