4.417169570922851562e+00
4.428767204284667969e+00
4.440236091613769531e+00
4.451563835144042969e+00
4.462730407714843750e+00
4.473723411560058594e+00
4.484521865844726562e+00
4.495108127593994141e+00
4.505451202392578125e+00
4.515536308288574219e+00
4.525338172912597656e+00
4.534810066223144531e+00
4.543934345245361328e+00
4.552663326263427734e+00
4.560988426208496094e+00
4.568826198577880859e+00
4.576169490814208984e+00
4.582925796508789062e+00
4.589075088500976562e+00
4.594583034515380859e+00
4.599314212799072266e+00
4.603264808654785156e+00
4.606346130371093750e+00
4.608465671539306641e+00
4.609568595886230469e+00
4.609553337097167969e+00
4.608337402343750000e+00
4.605803966522216797e+00
4.601909637451171875e+00
4.596580982208251953e+00
4.589581012725830078e+00
4.580925464630126953e+00
4.570263862609863281e+00
4.558039665222167969e+00
4.543645381927490234e+00
4.527177333831787109e+00
4.507074832916259766e+00
4.484943866729736328e+00
4.461980819702148438e+00
4.434734344482421875e+00
4.405466079711914062e+00
4.412977218627929688e+00
