6.564856767654418945e-01
7.475124597549438477e-01
8.377182483673095703e-01
9.264860153198242188e-01
1.013180732727050781e+00
1.097277522087097168e+00
1.178365349769592285e+00
1.256197333335876465e+00
1.330671668052673340e+00
1.401964664459228516e+00
1.470373749732971191e+00
1.536165952682495117e+00
1.599882960319519043e+00
1.661943554878234863e+00
1.723050236701965332e+00
1.783366560935974121e+00
1.843615531921386719e+00
1.903823137283325195e+00
1.964579463005065918e+00
2.026470184326171875e+00
2.088868618011474609e+00
2.152688503265380859e+00
2.217910766601562500e+00
2.284164905548095703e+00
2.352205753326416016e+00
2.421943664550781250e+00
2.492628097534179688e+00
2.565372467041015625e+00
2.638642787933349609e+00
2.712600708007812500e+00
2.788769721984863281e+00
2.865512847900390625e+00
2.944550991058349609e+00
3.021872043609619141e+00
3.100805759429931641e+00
3.179902076721191406e+00
3.264887809753417969e+00
3.347686290740966797e+00
3.424644947052001953e+00
3.506880760192871094e+00
3.586647033691406250e+00
3.566908836364746094e+00
