-7.193955779075622559e-02
-4.292413592338562012e-02
-1.440307497978210449e-02
1.360586285591125488e-02
4.108360409736633301e-02
6.804367899894714355e-02
9.450861811637878418e-02
1.205215156078338623e-01
1.461311280727386475e-01
1.714421212673187256e-01
1.965723931789398193e-01
2.216058671474456787e-01
2.467196285724639893e-01
2.720445096492767334e-01
2.978379726409912109e-01
3.241455852985382080e-01
3.512666523456573486e-01
3.792047500610351562e-01
4.082247018814086914e-01
4.386129379272460938e-01
4.700508713722229004e-01
5.029782056808471680e-01
5.373638868331909180e-01
5.729691386222839355e-01
6.101499199867248535e-01
6.488051414489746094e-01
6.884514093399047852e-01
7.296546697616577148e-01
7.714915275573730469e-01
8.140093088150024414e-01
8.580647706985473633e-01
9.027158021926879883e-01
9.489923715591430664e-01
9.945808649063110352e-01
1.041500926017761230e+00
1.088975071907043457e+00
1.140598654747009277e+00
1.191629171371459961e+00
1.239836812019348145e+00
1.292333245277404785e+00
1.344392538070678711e+00
1.331395387649536133e+00
