-9.945439131005377048e-03
3.003270493617129708e-02
6.658679647069445928e-02
9.788174471386815179e-02
1.240801568796999627e-01
1.474908207933136317e-01
1.679373127005779065e-01
1.852304161675628336e-01
2.008231487109303215e-01
2.156639956484476539e-01
2.297074334600716639e-01
2.435093126267751928e-01
2.576305838771578705e-01
2.743657064474253060e-01
2.958528706439485512e-01
3.190227334304141515e-01
3.417114350373392506e-01
3.646447853299121800e-01
3.890242507636952896e-01
4.161576896321848573e-01
4.436384311664543501e-01
4.748715832276931281e-01
5.078963320298728323e-01
5.430120463770352623e-01
5.815286925457092693e-01
6.239208932516294714e-01
6.663026519003996118e-01
7.137676639043045723e-01
7.620405299789790865e-01
8.123785111541942383e-01
8.688383290436099138e-01
9.260490443937400284e-01
9.891204121215406708e-01
1.049605612594973092e+00
1.114544267205864303e+00
1.182357579764532485e+00
1.258876629372131184e+00
1.337239562543717231e+00
1.410000712543461709e+00
1.490913158310898767e+00
1.570461210112099382e+00
1.549934646225660462e+00
