-1.402217149734497070e-02
2.459001541137695312e-02
5.846130847930908203e-02
8.801507949829101562e-02
1.137382984161376953e-01
1.361854076385498047e-01
1.559374332427978516e-01
1.735880374908447266e-01
1.897212266921997070e-01
2.049245834350585938e-01
2.197481393814086914e-01
2.346752882003784180e-01
2.501820325851440430e-01
2.666594982147216797e-01
2.845172882080078125e-01
3.039640188217163086e-01
3.253380060195922852e-01
3.487063646316528320e-01
3.743109703063964844e-01
4.024215936660766602e-01
4.327269792556762695e-01
4.656375646591186523e-01
5.011314153671264648e-01
5.389810800552368164e-01
5.796037912368774414e-01
6.229785680770874023e-01
6.686371564865112305e-01
7.173385620117187500e-01
7.680922746658325195e-01
8.210185766220092773e-01
8.772855997085571289e-01
9.357820749282836914e-01
9.979368448257446289e-01
1.060643315315246582e+00
1.126642823219299316e+00
1.194850087165832520e+00
1.270531535148620605e+00
1.346763491630554199e+00
1.419942259788513184e+00
1.500757098197937012e+00
1.581896424293518066e+00
1.561557650566101074e+00
