4.760643839836120605e-02
7.980725169181823730e-02
1.102702915668487549e-01
1.390949785709381104e-01
1.664237082004547119e-01
1.924572885036468506e-01
2.174224555492401123e-01
2.415656745433807373e-01
2.651300132274627686e-01
2.883875668048858643e-01
3.115924000740051270e-01
3.349300622940063477e-01
3.586311042308807373e-01
3.828439116477966309e-01
4.078022837638854980e-01
4.335033595561981201e-01
4.601689279079437256e-01
4.877163171768188477e-01
5.163204669952392578e-01
5.461806058883666992e-01
5.769190788269042969e-01
6.089253425598144531e-01
6.421487331390380859e-01
6.763715744018554688e-01
7.119684219360351562e-01
7.488955259323120117e-01
7.867553234100341797e-01
8.261523246765136719e-01
8.662629127502441406e-01
9.071711301803588867e-01
9.497216939926147461e-01
9.930049180984497070e-01
1.037997126579284668e+00
1.082412123680114746e+00
1.128193140029907227e+00
1.174620270729064941e+00
1.225423097610473633e+00
1.276414990425109863e+00
1.325619339942932129e+00
1.377858400344848633e+00
1.418971061706542969e+00
1.409584522247314453e+00
