-6.180709600448608398e-02
-2.606135606765747070e-02
7.442355155944824219e-03
3.883689641952514648e-02
6.829458475112915039e-02
9.604805707931518555e-02
1.223582029342651367e-01
1.475092768669128418e-01
1.717876195907592773e-01
1.955156326293945312e-01
2.190037965774536133e-01
2.424976229667663574e-01
2.662927508354187012e-01
2.906013131141662598e-01
3.157171607017517090e-01
3.416904509067535400e-01
3.687900304794311523e-01
3.969620466232299805e-01
4.264013767242431641e-01
4.573171138763427734e-01
4.893056452274322510e-01
5.227441787719726562e-01
5.575436353683471680e-01
5.934313535690307617e-01
6.307543516159057617e-01
6.694246530532836914e-01
7.089941501617431641e-01
7.500852346420288086e-01
7.918519973754882812e-01
8.344264030456542969e-01
8.787674903869628906e-01
9.240379333496093750e-01
9.714044332504272461e-01
1.018606781959533691e+00
1.067836761474609375e+00
1.118397116661071777e+00
1.174307584762573242e+00
1.230579853057861328e+00
1.284670472145080566e+00
1.344577908515930176e+00
1.404952764511108398e+00
1.389795780181884766e+00
