2.000165000555002681e+00
1.900172608577581856e+00
1.800175934704097758e+00
1.700173935533351166e+00
1.600165598926834409e+00
1.500174702886361899e+00
1.400173478071845556e+00
1.300151833567913195e+00
1.200179941968094521e+00
1.100180930742329366e+00
1.000108560051034656e+00
9.001545728087406717e-01
8.001594216320859765e-01
7.001678721999746724e-01
6.002059449063136265e-01
5.002872585056347132e-01
4.000593974689129473e-01
3.003389178852122199e-01
2.000539261081563658e-01
9.989117801337847602e-02
4.340774793185928982e-04
-9.970170837694794508e-02
-1.993269031326004581e-01
-3.001232673981290566e-01
-3.988529860461492160e-01
-4.981058322007059225e-01
-6.006291790815641018e-01
-6.993371383091852023e-01
-8.004367882327640960e-01
-8.975457121295220553e-01
-1.004676380861707630e+00
-1.099286666350919539e+00
-1.200967012345315776e+00
-1.299770632200525355e+00
-1.404906293291813935e+00
-1.498421812571216982e+00
-1.599206516856014781e+00
-1.706602084327604851e+00
-1.802766320634183739e+00
-1.904290296952752648e+00
-1.974825262297187134e+00
-1.987204941854587403e+00
2.000160659238177541e+00
1.900180259889600265e+00
1.800164926059187209e+00
1.700167872199974672e+00
1.600184136734196239e+00
1.500184312431777744e+00
1.400156195058125608e+00
1.300127898364072720e+00
1.200179941968094521e+00
1.100146446505221753e+00
1.000156317877955114e+00
9.002562191751899423e-01
8.001821269442325191e-01
7.001522803825713792e-01
5.999529027579084683e-01
5.001554831576213722e-01
4.000680409880206234e-01
2.999842594325314860e-01
2.002894912625497181e-01
1.004567061101882125e-01
1.302863902847818206e-05
-9.927574954687334863e-02
-1.987067643983698728e-01
-2.993767472544370811e-01
-4.004618816101779832e-01
-4.992532133922333304e-01
-5.985443142140134398e-01
-6.994588606614310367e-01
-8.009088355662588032e-01
-9.015674168424572255e-01
-1.002482560585275184e+00
-1.103393875268339874e+00
-1.201714066452763241e+00
-1.292054449179874220e+00
-1.407332578295673819e+00
-1.500865757654366472e+00
-1.591290368537955802e+00
-1.671738671256437048e+00
-1.801491368175575092e+00
-1.903632324994707581e+00
-1.988742598034588083e+00
-1.998499934711631898e+00
2.000165000555002681e+00
1.900174248155790835e+00
1.800167678246576086e+00
1.700171336972269742e+00
1.600175413158711812e+00
1.500160974595483587e+00
1.400180391084757447e+00
1.300182294646900605e+00
1.200174463777927025e+00
1.100194723670527397e+00
1.000169341828431646e+00
9.001731551043392621e-01
8.001986391529648524e-01
7.001843296221976765e-01
6.001983121706396807e-01
5.001142951602172149e-01
4.002840730758125964e-01
3.002345086692941867e-01
2.002210261918763445e-01
9.985321988438150553e-02
3.169193103097899954e-04
-1.005105407905951126e-01
-1.993537064915879287e-01
-3.000695305240573263e-01
-3.994343782690542577e-01
-4.989105985170314561e-01
-6.006153275896891630e-01
-7.007717156121650026e-01
-8.001899910461932608e-01
-9.001226245587677921e-01
-1.002316614316201449e+00
-1.097246178434206243e+00
-1.201692644978284097e+00
-1.303448790444601713e+00
-1.401015908873274096e+00
-1.499129840897593935e+00
-1.593655722039213130e+00
-1.696546899043368084e+00
-1.798365307838877492e+00
-1.902614260890086673e+00
-2.017351185424035354e+00
-1.991055084191538649e+00
2.000165000555002681e+00
1.900163317517476136e+00
1.800174558638744537e+00
1.700179132608869992e+00
1.600162327466922996e+00
1.500160974595483587e+00
1.400182119320791729e+00
1.300158361121844131e+00
1.200174463777927025e+00
1.100132652043660730e+00
1.000217092972230271e+00
9.001769807723840611e-01
8.001504767892474446e-01
7.002033848056766763e-01
6.000467200622736641e-01
5.002433378321246016e-01
4.002028576167879215e-01
3.001779431949931909e-01
2.001936371412000870e-01
1.004808281252412006e-01
-2.906402383965962961e-04
-9.945864222146649780e-02
-1.994279398124599589e-01
-3.000981315809681527e-01
-4.005678242761459562e-01
-4.995563101829588737e-01
-5.983599739395377703e-01
-7.001180578665748833e-01
-8.010434081254161898e-01
-8.998914893184253305e-01
-1.000081655038411954e+00
-1.100521488677987048e+00
-1.201389402633208814e+00
-1.298623733944783032e+00
-1.399839853520042254e+00
-1.498345190155675688e+00
-1.598518467403372778e+00
-1.709293309274785733e+00
-1.796665171057619803e+00
-1.895707545398290117e+00
-2.004803708402820739e+00
-1.992935343621668354e+00
2.000165000555002681e+00
1.900176980772384061e+00
1.800177998793952794e+00
1.700179132608869992e+00
1.600178684520053185e+00
1.500196667249172888e+00
1.400159651715892961e+00
1.300201875640955684e+00
1.200177202881648419e+00
1.100142997930908084e+00
1.000173683058464880e+00
9.001348965702749005e-01
8.001656141076695095e-01
7.002674733786591332e-01
6.001274303610864003e-01
5.001088031320812810e-01
4.002080420360580870e-01
3.000582611786847265e-01
2.001689855186567224e-01
9.975313254789114348e-02
2.214337249691483180e-04
-1.004191367024621917e-01
-1.993131584619501906e-01
-3.002012843711358014e-01
-3.992949473975472841e-01
-4.998115692567047796e-01
-5.996623675921467500e-01
-6.992371776065935407e-01
-8.000063552746826678e-01
-9.006750874611663127e-01
-9.995398916635421793e-01
-1.099879314600823887e+00
-1.200283913762907329e+00
-1.300408530828594644e+00
-1.400167125666859524e+00
-1.500104066464343688e+00
-1.597644029048624903e+00
-1.694945428176501068e+00
-1.806505295507521147e+00
-1.895881785914931505e+00
-2.010442512008462135e+00
-1.986227730418663517e+00
2.000165000555002681e+00
1.900176434250441027e+00
1.800174558638744537e+00
1.700176534078884583e+00
1.600169960835049698e+00
1.500170584444664001e+00
1.400170021524124175e+00
1.300162712769959539e+00
1.200188159123781961e+00
1.100160240528644362e+00
1.000117243682928869e+00
9.001747946804850020e-01
8.001862550552728548e-01
7.002094476432735304e-01
6.001983121706396807e-01
5.001829396525935278e-01
4.001890321961565911e-01
3.000996096041774752e-01
2.000594058189872904e-01
1.000395279659407610e-01
3.212590654088892509e-04
-1.001187881041452343e-01
-1.997765937110148327e-01
-2.999690084203077145e-01
-4.002337011856412774e-01
-5.005466196866629192e-01
-6.003643458390754972e-01
-6.994175581821978627e-01
-7.999460738918436897e-01
-8.998914893184253305e-01
-9.988073293463155533e-01
-1.100558713559579571e+00
-1.200031212197407493e+00
-1.299268599626905107e+00
-1.400720776799169842e+00
-1.500528743892492356e+00
-1.596316805576839304e+00
-1.698063276070166605e+00
-1.796053769889662810e+00
-1.892450870255313777e+00
-1.994677892815216458e+00
-2.000323669971058038e+00
2.000165000555002681e+00
1.900176980772384061e+00
1.800172494532539469e+00
1.700164407400037714e+00
1.600185227168811286e+00
1.500188430743295331e+00
1.400154466718924740e+00
1.300193173085924414e+00
1.200141593185703126e+00
1.100194723670527397e+00
1.000112901888685180e+00
9.002360010945130719e-01
8.001993271480378755e-01
7.002726693349650144e-01
6.000838050351460229e-01
5.002433378321246016e-01
4.002201387736796789e-01
3.000082025538130526e-01
2.004181763831301977e-01
9.908990282642782255e-02
3.820110838395762579e-04
-9.964980642709510283e-02
-1.989312306512022177e-01
-2.998910331586187028e-01
-3.988486339837594152e-01
-5.014330813404097587e-01
-6.000460673181579052e-01
-6.990308098199684572e-01
-7.998392319998202105e-01
-9.002779337298927320e-01
-1.000516248556897025e+00
-1.095981615847816171e+00
-1.203154490858185710e+00
-1.299455495670008842e+00
-1.399742810199391396e+00
-1.501434459241620001e+00
-1.599619179393199975e+00
-1.688916104495731929e+00
-1.804330003473295418e+00
-1.903343689057590993e+00
-1.995824848972912235e+00
-2.009821481869366266e+00
2.000169341828431868e+00
1.900173701630408996e+00
1.800176622735139453e+00
1.700160076361244110e+00
1.600165598926834409e+00
1.500160974595483587e+00
1.400164836650959144e+00
1.300180118926396844e+00
1.200188159123781961e+00
1.100163688966043996e+00
1.000195388557727494e+00
9.002256184710901721e-01
8.002385410657097964e-01
7.000439884289044734e-01
6.001274303610864003e-01
5.000525058390163924e-01
4.001164415162200561e-01
3.000582611786847265e-01
2.001717246569298114e-01
9.998088404138766316e-02
2.170929722301843815e-04
-9.942915580670891318e-02
-2.002970004093480583e-01
-3.000010689780993611e-01
-4.000820111806828727e-01
-5.000175326874375381e-01
-5.992341305569875987e-01
-6.986292169092964688e-01
-8.000502015364356900e-01
-8.990989746320449116e-01
-9.982879159408185599e-01
-1.099347805525272559e+00
-1.198065581315079786e+00
-1.300151871994290609e+00
-1.395825806069201036e+00
-1.505624139207814238e+00
-1.598198094684656123e+00
-1.680552471633922407e+00
-1.782313432303008538e+00
-1.891901992376118002e+00
-2.028302125633720809e+00
-2.011812180106927972e+00
2.000165000555002681e+00
1.900170968993182941e+00
1.800175246671966267e+00
1.700180864953555915e+00
1.600173232237461107e+00
1.500166465963910012e+00
1.400168293239946848e+00
1.300197524385238168e+00
1.200158028792800868e+00
1.100115408350534896e+00
1.000130268805227152e+00
9.000906217740708426e-01
8.000823523264074533e-01
7.001739355333512771e-01
6.000663536776774665e-01
5.002254937896731812e-01
3.997982821134231091e-01
3.000843764317397411e-01
2.000265265168496287e-01
1.001498950521518549e-01
6.682990438438566249e-04
-1.002806988835295288e-01
-2.001034959954720305e-01
-2.995922576164224971e-01
-3.995389808072381532e-01
-4.989599184037374346e-01
-6.013847543123882478e-01
-6.996850070098161734e-01
-7.991440322395639839e-01
-9.003987681619599615e-01
-9.988939586752625388e-01
-1.102206369470400960e+00
-1.196837293744813735e+00
-1.300428480266008435e+00
-1.397215341815805978e+00
-1.496398596218209809e+00
-1.607288980750084972e+00
-1.699748088051491912e+00
-1.802838027350098793e+00
-1.890934675891760008e+00
-2.015014331644539691e+00
-1.998032765303580538e+00
2.000169341828431868e+00
1.900171515522003585e+00
1.800169742375671955e+00
1.700170470781787291e+00
1.600181955856752936e+00
1.500166465963910012e+00
1.400173478071845556e+00
1.300154009430124713e+00
1.200179941968094521e+00
1.100156792063862632e+00
1.000086850211648892e+00
9.001906435974486032e-01
8.002068950219093368e-01
7.001340892214197309e-01
6.001383360078857976e-01
5.001952945090409886e-01
4.000732270169133908e-01
3.000560848367100353e-01
2.000922826321071823e-01
9.943546135634617755e-02
3.474216888406794497e-05
-9.984105481488182721e-02
-2.001923182777200494e-01
-2.998130718944596595e-01
-3.996555987504364360e-01
-4.997058792903434910e-01
-5.997971423832121340e-01
-6.991068286487791550e-01
-8.003051456137524333e-01
-9.004229390832916291e-01
-9.991409471078197546e-01
-1.100936069256547967e+00
-1.200365195106211091e+00
-1.296900441800070913e+00
-1.402371718125048350e+00
-1.500615379599078869e+00
-1.601121193482430760e+00
-1.699537128764130101e+00
-1.799425809828959055e+00
-1.904656268127474572e+00
-1.994845236944248645e+00
-1.994686472997015070e+00
2.000169341828431868e+00
1.900169329402594087e+00
1.800171118456285857e+00
1.700172203161024465e+00
1.600169960835049698e+00
1.500170584444664001e+00
1.400182119320791729e+00
1.300169240160376605e+00
1.200174463777927025e+00
1.100187827261185136e+00
1.000151976474334292e+00
9.002092243497721302e-01
8.001470364160228055e-01
7.000708473514721808e-01
6.001917697190057854e-01
5.001664659639101229e-01
4.001510100198880648e-01
3.000713190015094622e-01
2.000566659722143315e-01
9.998433390322389314e-02
2.170929722301843815e-04
-9.964488972190035931e-02
-1.996465894145409425e-01
-2.999950032856349980e-01
-3.995455193024755047e-01
-4.996153083576963527e-01
-5.988494228056562285e-01
-7.005537203651431843e-01
-7.994504398592258143e-01
-8.992780253850802819e-01
-1.000748934785078426e+00
-1.102437782857070836e+00
-1.200780794209203250e+00
-1.300443226091359650e+00
-1.399766796418435488e+00
-1.493243393204241709e+00
-1.604713805060908216e+00
-1.694227440214407521e+00
-1.792150288869473362e+00
-1.910448117113545896e+00
-1.997410653451045626e+00
-1.989182930184910880e+00
2.000169341828431868e+00
1.900169329402594087e+00
1.800168366290697985e+00
1.700173069348051680e+00
1.600175413158711812e+00
1.500174702886361899e+00
1.400176934592056499e+00
1.300177943194993135e+00
1.200177202881648419e+00
1.100108510681574669e+00
1.000160659238177763e+00
9.002174214877886049e-01
8.001621738543572837e-01
7.003592594558980533e-01
6.001470603281549021e-01
5.002735337722973297e-01
4.001008847918321454e-01
3.004215573830721353e-01
2.001963761239978490e-01
1.004980573157390061e-01
3.474216888406794497e-05
-9.905747107316051348e-02
-2.001771690066801723e-01
-2.993542503295645862e-01
-3.993722824304002939e-01
-4.998719750732853462e-01
-6.000668175044319153e-01
-7.008851163994631595e-01
-8.004477602524175950e-01
-9.023020234673347906e-01
-9.987380383226606151e-01
-1.099359270078733575e+00
-1.203166970943301273e+00
-1.301479288482707553e+00
-1.405401954296136680e+00
-1.509269191651076314e+00
-1.605501039686888953e+00
-1.698371091106138930e+00
-1.787168092999214419e+00
-1.899570863547697330e+00
-1.973348270544325267e+00
-1.998426365452555142e+00
2.000169341828431868e+00
1.900169875933478192e+00
1.800169742375671955e+00
1.700181731123307616e+00
1.600166689407995557e+00
1.500141754259173510e+00
1.400168293239946848e+00
1.300164888577665767e+00
1.200185420089161070e+00
1.100208516160684269e+00
1.000199729527405212e+00
9.001911901015108297e-01
8.002055190546507601e-01
7.001652736026132695e-01
6.001743226994554758e-01
5.002405926425447236e-01
4.002754338552437785e-01
3.001561852814350617e-01
2.000594058189872904e-01
9.983596509259146101e-02
-1.333488760442417176e-04
-9.929539999173903064e-02
-1.995578786637433322e-01
-2.994338600673082662e-01
-4.002839124259705006e-01
-5.013573035054970095e-01
-5.990287956755584453e-01
-6.998438147185649383e-01
-7.995571861345542874e-01
-9.007027290629771032e-01
-9.978685103245409360e-01
-1.098700276811764187e+00
-1.200355550761605716e+00
-1.298474324022010018e+00
-1.398124623060183369e+00
-1.500765313953439373e+00
-1.600968678707802351e+00
-1.693332692997763012e+00
-1.805527285781692637e+00
-1.901750952039374942e+00
-1.996509309598623272e+00
-1.995622730524777788e+00
2.000160659238177541e+00
1.900166596737857150e+00
1.800171806494957671e+00
1.700162674989703193e+00
1.600171051305258052e+00
1.500174702886361899e+00
1.400175206335389833e+00
1.300195348741030932e+00
1.200168985518656806e+00
1.100174034113956090e+00
1.000121585433766391e+00
9.001917366048853841e-01
8.002756878271346519e-01
7.001375542632425342e-01
6.001143432234300468e-01
5.002035308847477824e-01
3.997930928002790263e-01
3.002584379984206686e-01
2.000731047935837281e-01
1.001947236705273414e-01
4.557699686167853239e-04
-9.955202907789498235e-02
-1.997332546213507753e-01
-2.997126091264170067e-01
-3.985810659288826496e-01
-4.995261281693069155e-01
-5.985994592184559204e-01
-7.000005038830161563e-01
-8.001680603042856665e-01
-9.000570662476061745e-01
-9.990759365321456587e-01
-1.099883687362410933e+00
-1.198275318861728778e+00
-1.300065197194895550e+00
-1.402217086676572411e+00
-1.501656358367489563e+00
-1.599546632886091224e+00
-1.699843814718565049e+00
-1.792093778826237660e+00
-1.896233896730666668e+00
-1.994798030789024068e+00
-2.007968567759357725e+00
2.000165000555002681e+00
1.900163317517476136e+00
1.800166302155061793e+00
1.700167006002581749e+00
1.600174322699455587e+00
1.500182939652593639e+00
1.400170021524124175e+00
1.300147481810785877e+00
1.200201854037771687e+00
1.100170585758699637e+00
1.000182365388348149e+00
9.001977480966170120e-01
8.001786868217243276e-01
7.001626749897031932e-01
6.001645084429354515e-01
5.002652987240978621e-01
4.002028576167879215e-01
3.001714159353812139e-01
2.002812760239318368e-01
1.002050680792098691e-01
4.731231799591077724e-04
-9.927465788156132620e-02
-2.000380958503375217e-01
-2.991501007518991839e-01
-4.008289686069462232e-01
-5.004847450720287805e-01
-5.999578900854007912e-01
-7.003053391848508280e-01
-8.004614756668045894e-01
-8.998087245204546836e-01
-9.998349994449970968e-01
-1.100378093221251685e+00
-1.199366765137560131e+00
-1.295825451719378352e+00
-1.403597555895675031e+00
-1.502308929796121406e+00
-1.597680142225214484e+00
-1.693433447680216863e+00
-1.800335310189691063e+00
-1.904098720774122899e+00
-1.996892906784106803e+00
-1.992499729448652834e+00
2.000169341828431868e+00
1.900172608577581856e+00
1.800179374848406066e+00
1.700176534078884583e+00
1.600172141772728596e+00
1.500167838795167574e+00
1.400164836650959144e+00
1.300169240160376605e+00
1.200174463777927025e+00
1.100180930742329366e+00
1.000178024245103270e+00
9.001846320073751961e-01
8.002020791174312420e-01
7.001938573184457448e-01
6.001176150448165325e-01
5.001705844446640015e-01
3.998415239784388620e-01
3.001801189263968994e-01
2.001799419680944936e-01
1.002809195484997695e-01
2.604985473903181437e-04
-9.986565000463015762e-02
-1.995956988609808580e-01
-3.000417979645347288e-01
-3.995575067994204255e-01
-4.992929742186825726e-01
-5.997176547545526315e-01
-6.993023667595168469e-01
-8.001022747224527665e-01
-9.000915693882923785e-01
-1.000471900095503797e+00
-1.099391481634325540e+00
-1.199058960485720693e+00
-1.299022123689427932e+00
-1.401600205787733922e+00
-1.503012265466748598e+00
-1.597298526198037916e+00
-1.699567570169358666e+00
-1.795874588696980467e+00
-1.895700713861105502e+00
-2.008059698660352055e+00
-2.018794094000257555e+00
2.000169341828431868e+00
1.900173155104339262e+00
1.800169742375671955e+00
1.700166139803461318e+00
1.600179774968357727e+00
1.500162347444099709e+00
1.400166564948891912e+00
1.300167064374471604e+00
1.200185420089161070e+00
1.100149895052151772e+00
1.000230115100292361e+00
9.001392691447517302e-01
8.002351013900406151e-01
7.002778652291065109e-01
6.003563914543336155e-01
5.002254937896731812e-01
3.996339237489079377e-01
3.002584379984206686e-01
2.002429361888238557e-01
1.005015030718188068e-01
-2.667387090548037831e-04
-1.000728514439375993e-01
-2.004271995787970384e-01
-2.991284803575799400e-01
-4.008650385332195309e-01
-5.005493698741497743e-01
-5.999751783278916006e-01
-7.004273332415051900e-01
-8.000090955363573508e-01
-8.996846068898644022e-01
-1.000785044943471647e+00
-1.100655075130757998e+00
-1.203094868734382983e+00
-1.297704770808105090e+00
-1.397256532958987885e+00
-1.493186606246716064e+00
-1.595137217399218432e+00
-1.706633025010979354e+00
-1.786548653965198241e+00
-1.898160167360488204e+00
-2.011535135588319978e+00
-2.026538699318448877e+00
2.000169341828431868e+00
1.900166050202846568e+00
1.800175934704097758e+00
1.700177400257274041e+00
1.600176503615230450e+00
1.500169211622085497e+00
1.400166564948891912e+00
1.300206226853077851e+00
1.200168985518656806e+00
1.100125754648569654e+00
1.000191047544659151e+00
9.001348965702749005e-01
8.000864813859426272e-01
7.002198408822437603e-01
6.002659117336351935e-01
5.001966672491728882e-01
3.999262655464876914e-01
3.000669664375240075e-01
2.002566293756261606e-01
9.990843061170759376e-02
-2.219812012810700190e-04
-9.991757775761252180e-02
-1.995427515069920776e-01
-3.000643305342517442e-01
-4.003537812014107411e-01
-5.003720184367334012e-01
-6.018116459043355571e-01
-6.989222345702983397e-01
-8.008347011549402650e-01
-8.995053884676801337e-01
-9.992536551638446785e-01
-1.097986768427560822e+00
-1.199817873055767370e+00
-1.299007426035828638e+00
-1.400336312953734508e+00
-1.504429300329850117e+00
-1.597576969686623327e+00
-1.704536263428839904e+00
-1.796078209417449223e+00
-1.898009047482936307e+00
-2.005917878751220407e+00
-1.998478295400531346e+00
2.000160659238177541e+00
1.900176434250441027e+00
1.800171118456285857e+00
1.700180864953555915e+00
1.600165598926834409e+00
1.500178821289005038e+00
1.400175206335389833e+00
1.300210578021605334e+00
1.200188159123781961e+00
1.100153343571698583e+00
1.000221433724969078e+00
9.001332568434960990e-01
8.002158387028306397e-01
7.002432247605702154e-01
6.001994025696633095e-01
5.002172578304853179e-01
4.001665649488918564e-01
3.001648885776658227e-01
1.999306143319675433e-01
9.988082612539410376e-02
-5.385585488802350888e-05
-9.992523079352420845e-02
-2.002322597982301167e-01
-2.995342583672210846e-01
-4.001496649251017335e-01
-5.000079188875699021e-01
-5.999699917828825724e-01
-6.992762899241208308e-01
-7.981196846806618561e-01
-8.993365772232284616e-01
-9.987943364372510180e-01
-1.099406769310261600e+00
-1.203313292022629932e+00
-1.294362898082594748e+00
-1.391896699978898644e+00
-1.496559344110160561e+00
-1.590995603115540336e+00
-1.702434254022201721e+00
-1.789339103190183744e+00
-1.870842025320486268e+00
-2.027392687580994668e+00
-1.996707531007918091e+00
2.000165000555002681e+00
1.900175887727810098e+00
1.800173182569031027e+00
1.700182597291331810e+00
1.600167779886418229e+00
1.500155483157621372e+00
1.400163108346148322e+00
1.300195348741030932e+00
1.200138853857380505e+00
1.100160240528644362e+00
1.000178024245103270e+00
9.001534797077680450e-01
8.002426686405529344e-01
7.002120459763340188e-01
6.001830462968434921e-01
5.001788212890049268e-01
4.001440965392746296e-01
3.002627886438822280e-01
2.000731047935837281e-01
1.002429954698295239e-01
2.561581850868880185e-04
-9.989407284763907047e-02
-1.995345005526597826e-01
-2.995948547789146765e-01
-3.990847963844663115e-01
-4.991682196959490447e-01
-5.993808577904886636e-01
-6.998285840646187861e-01
-7.999844338037097602e-01
-9.001571329084271378e-01
-1.000241534884860117e+00
-1.099631778780169711e+00
-1.199815808995342570e+00
-1.298988406281270658e+00
-1.403032537683706282e+00
-1.496220208477055724e+00
-1.604948076877607210e+00
-1.698867957122849548e+00
-1.799926895206416244e+00
-1.909248310355097011e+00
-2.001606818341298499e+00
-2.021150518304239529e+00
