-2.325057388072516995e-01
-2.070259060133148032e-01
-1.845444556940311343e-01
-1.662767620075848163e-01
-1.498624750792090510e-01
-1.365891000595507720e-01
-1.251217579092039900e-01
-1.147337922787547149e-01
-1.041626964043119857e-01
-9.535693332253500354e-02
-8.532001179878054287e-02
-7.617799783925711943e-02
-6.568136369227513260e-02
-5.596468408593421179e-02
-4.482524126572905859e-02
-3.145354635864754805e-02
-1.945943609960363446e-02
-3.916266143209590732e-03
1.083401392503246033e-02
3.011780469915777483e-02
4.676432007897884241e-02
6.600521190435798546e-02
8.731280828828726082e-02
1.120752145760888635e-01
1.357367435094736230e-01
1.638855892045543716e-01
1.975920354595197270e-01
2.279792071956922017e-01
2.643218777630057525e-01
2.985998460142742505e-01
3.463764491935920065e-01
3.828218136231331115e-01
4.306151677413814216e-01
4.768678423527571986e-01
5.298139144033459091e-01
5.735874816315053026e-01
6.313686742228725723e-01
6.960058406818576682e-01
7.521767955397413719e-01
8.172988941008720865e-01
8.560524591077873779e-01
8.748996757872737895e-01
-2.382172010813711771e-01
-2.119179304734333524e-01
-1.892232743079264590e-01
-1.695884210002954751e-01
-1.537024834740699231e-01
-1.397584474654528786e-01
-1.275022554017012089e-01
-1.151491495576080770e-01
-1.059537933480051430e-01
-9.623737771889258330e-02
-8.594311664459110267e-02
-7.540751445240929940e-02
-6.585619901861879122e-02
-5.434631290843062318e-02
-4.181276416225620379e-02
-2.990103065676450594e-02
-1.620643123057136092e-02
-1.112348585868655872e-03
1.466751878559505347e-02
3.274766030463139438e-02
5.252080510014019155e-02
7.327833563583480148e-02
9.502281773199068582e-02
1.202678431635554046e-01
1.486057392729944748e-01
1.759493663478552128e-01
2.059861480588599247e-01
2.421238278577753922e-01
2.796372905767406936e-01
3.181718950137963353e-01
3.612139316530058042e-01
4.054197895270076346e-01
4.497282587588877778e-01
4.898910109639402766e-01
5.565075358653749360e-01
6.056616031421042656e-01
6.506493833067300558e-01
6.923833070070439799e-01
7.836041843412179242e-01
8.510931630689481109e-01
9.014970083909018550e-01
9.192800185222045339e-01
-2.361035206853479840e-01
-2.091436604839535529e-01
-1.865017420696243322e-01
-1.673895508955379752e-01
-1.507704395685747212e-01
-1.367062921313953461e-01
-1.239346512611835677e-01
-1.133852084127611459e-01
-1.029488680816200291e-01
-9.248061653354248957e-02
-8.155602168065138879e-02
-7.204429873000318951e-02
-6.087678482605059921e-02
-4.914902744373249310e-02
-3.583657597872164785e-02
-2.244465927117189619e-02
-7.946893806617286865e-03
7.905597021912418379e-03
2.608771056873399052e-02
4.592509588494282646e-02
6.509398935715234036e-02
8.816799487819280967e-02
1.111818322676384058e-01
1.390916075238226302e-01
1.671429910888948267e-01
1.978950290596610817e-01
2.330113485276934515e-01
2.693074229380398310e-01
3.081437872648600251e-01
3.492814137546556008e-01
3.961574853691722242e-01
4.378836837900404455e-01
4.902998777570018452e-01
5.465093498396331739e-01
5.995468547757711875e-01
6.531806643455106975e-01
7.053530306421054163e-01
7.698586239130209563e-01
8.370452305575591945e-01
9.098794902347059343e-01
9.943167126547411971e-01
9.741993305292557803e-01
-2.422859593668223177e-01
-2.173002547855044375e-01
-1.952235698359320593e-01
-1.770575527337547306e-01
-1.608325433625834300e-01
-1.478885810715365456e-01
-1.358106058228903124e-01
-1.246759232187510114e-01
-1.144799070138973335e-01
-1.040854218683922722e-01
-9.389132447710320239e-02
-8.413603967788789439e-02
-7.183723385307301534e-02
-6.001375758482503653e-02
-4.697134951134074310e-02
-3.294884496560921555e-02
-1.614287208135713192e-02
-2.510947839252032805e-04
1.786355105020562620e-02
3.734281846555326245e-02
6.004023630281369456e-02
8.290738633471063379e-02
1.072574680093072580e-01
1.375914523814144030e-01
1.678635521946340303e-01
2.011102313384408313e-01
2.338841087658857232e-01
2.742363847813455435e-01
3.153677898867484619e-01
3.576509389686272078e-01
4.038168936415119648e-01
4.520794470670032039e-01
5.054647277364040514e-01
5.553871055618920805e-01
6.144637594258232083e-01
6.701781052748977396e-01
7.348774038107749318e-01
8.070883274543216857e-01
8.608259392708661473e-01
9.266988951842196620e-01
1.009480640977425736e+00
1.005017406876179242e+00
-2.656170692041226467e-01
-2.421168021416809368e-01
-2.217380186410704002e-01
-2.041512529843671209e-01
-1.892944528420355821e-01
-1.762558878634526704e-01
-1.658445321987949972e-01
-1.547586664488484753e-01
-1.442804003955328040e-01
-1.342418179323427718e-01
-1.243745204429244078e-01
-1.132589226494385704e-01
-1.025560106729673238e-01
-8.961414910970613712e-02
-7.605690523514863077e-02
-6.214974415246243833e-02
-4.420308860329583145e-02
-2.669707785202440897e-02
-7.488013839602538496e-03
1.485222313128239414e-02
3.705180716725191281e-02
6.352475167794680022e-02
8.877022723666291859e-02
1.201361260162301103e-01
1.513483955088187338e-01
1.858508389850682396e-01
2.243517450134169255e-01
2.639838382403248418e-01
3.069265892165924936e-01
3.530714289207479983e-01
3.995906612075662001e-01
4.513734292565185768e-01
5.055149037575134008e-01
5.602785472350784168e-01
6.187612189495019788e-01
6.797475940970056918e-01
7.398665208374091140e-01
8.044195539574181542e-01
8.850336792242140538e-01
9.438203618181437715e-01
1.027206858430935066e+00
1.013410283832240522e+00
-2.504283147848282431e-01
-2.265726909963293734e-01
-2.050702154686639689e-01
-1.866018405214918963e-01
-1.705579183597878412e-01
-1.567441681439709633e-01
-1.444305732641539830e-01
-1.322579975230391003e-01
-1.208335605501852511e-01
-1.099379674382621602e-01
-9.897946313210204128e-02
-8.699882633978713031e-02
-7.445844295063770713e-02
-6.056511852739793200e-02
-4.559538421206715819e-02
-2.956292636022428075e-02
-1.194206373775458935e-02
7.905597021912418379e-03
2.940812996404390534e-02
5.301310223026096946e-02
7.824650770736042704e-02
1.068399831974615188e-01
1.355969232342899844e-01
1.689921912936999948e-01
2.046977526920497337e-01
2.433679871318066290e-01
2.835567539155096073e-01
3.265263351288180682e-01
3.733185036869654527e-01
4.219393884669159767e-01
4.716480970863788924e-01
5.277767887016134862e-01
5.852034607464007276e-01
6.427058378174440589e-01
7.070231315968936725e-01
7.693027214667628177e-01
8.327713261055588179e-01
9.023989092131746714e-01
9.717321749101491823e-01
1.040800061256529130e+00
1.117049118756159087e+00
1.129722108695877747e+00
-2.367487553258778021e-01
-2.118464828329162941e-01
-1.887998018287957713e-01
-1.695223247368781994e-01
-1.523650388742268935e-01
-1.372438771019581782e-01
-1.235604486155378462e-01
-1.112113480973114799e-01
-9.936691328251226474e-02
-8.723183075731212599e-02
-7.482925773305455774e-02
-6.293720211235197259e-02
-4.910331458981834901e-02
-3.544716677181401071e-02
-1.942809767439938537e-02
-2.238030314918804803e-03
1.608855706790810955e-02
3.566583413139542968e-02
5.747591582625405371e-02
8.380351174840745820e-02
1.076982763189791442e-01
1.369075588248295505e-01
1.670217957902565276e-01
2.023738705624652801e-01
2.374884425012840083e-01
2.801160605536225923e-01
3.192955661487169028e-01
3.635837780361063643e-01
4.126218028670241011e-01
4.626614897743857591e-01
5.142209127553963866e-01
5.650185635445079679e-01
6.300554629839929532e-01
6.869283814857252146e-01
7.491586754010697291e-01
8.177167182780975541e-01
8.815238826167471897e-01
9.420085493585803604e-01
1.028798912964596468e+00
1.099860121609149921e+00
1.164947372621841559e+00
1.185338133014464335e+00
-2.060350947193691773e-01
-1.800844411041159776e-01
-1.551508199692220036e-01
-1.351935567624530654e-01
-1.166122849950916446e-01
-1.003053189847410015e-01
-8.701262266374720777e-02
-7.510951282926831007e-02
-6.327971517044295169e-02
-5.144424915018541711e-02
-3.939795503633349016e-02
-2.828173038923449331e-02
-1.445228171543861719e-02
-1.623383019698820427e-03
1.304799611523166196e-02
2.993542764112839399e-02
4.762138568799519078e-02
6.797423082787520943e-02
8.855776998520653587e-02
1.124541786534256765e-01
1.376325783034721417e-01
1.633850267621876629e-01
1.962812212888850882e-01
2.272334869933338442e-01
2.626907161929906143e-01
3.001822946469007158e-01
3.401584574201045874e-01
3.830663700734553978e-01
4.309292523849695966e-01
4.794025368739815440e-01
5.309510563177054498e-01
5.858057719162004240e-01
6.437624942855202370e-01
7.031855865786258430e-01
7.600543835339246268e-01
8.359935209316250448e-01
8.953042869129089754e-01
9.500726297501574935e-01
1.020033780720013272e+00
1.102543466086773893e+00
1.209506971977756917e+00
1.200823148710930210e+00
-1.958339790205036179e-01
-1.693215308102061223e-01
-1.449274826133435390e-01
-1.234242449927312468e-01
-1.054408226231389745e-01
-8.913503912680398322e-02
-7.523550589555913493e-02
-6.105669409897421240e-02
-4.852891004364576211e-02
-3.660604859901310515e-02
-2.420252705309526922e-02
-1.134028422241647668e-02
2.092592794356974185e-03
1.751747473399768371e-02
3.343984016989822589e-02
5.053828541647176209e-02
7.049225198176793661e-02
9.081511653427457031e-02
1.149910756982530924e-01
1.402597139932995618e-01
1.666609656985227894e-01
1.989510982312271969e-01
2.315001734722701987e-01
2.650490704503380979e-01
3.043849572566438844e-01
3.444610479084114774e-01
3.905571417892245156e-01
4.358459579700934561e-01
4.842784800765419506e-01
5.392367329365111983e-01
5.907649518370383657e-01
6.522985692703339167e-01
7.056909860401171519e-01
7.725673950717699690e-01
8.338321316876914358e-01
8.994133656851970304e-01
9.799096812028790238e-01
1.040910745789762171e+00
1.115580559297867813e+00
1.178029670682596342e+00
1.279192245362043456e+00
1.266081102615512544e+00
-1.700019113026206008e-01
-1.409800535644235853e-01
-1.156380142431755742e-01
-9.236617404082692051e-02
-7.282526753784163143e-02
-5.539100601010908675e-02
-4.054360141485956887e-02
-2.618336589757262398e-02
-1.354313141358795200e-02
-8.481361603092647632e-04
1.078741603187429940e-02
2.409553055294953380e-02
3.686434048558687171e-02
5.254004593402252649e-02
6.740193982885778201e-02
8.506570036133785651e-02
1.047021567446892176e-01
1.268940820203397768e-01
1.462117843956668439e-01
1.713987813708849062e-01
1.966514096677446644e-01
2.251153569707302904e-01
2.571431749862166938e-01
2.913755113588135659e-01
3.281450618764251148e-01
3.674286080107295183e-01
4.105916698831192369e-01
4.560804589699147260e-01
5.062221753690882009e-01
5.568016524642293019e-01
6.093905524294200848e-01
6.690526896629594988e-01
7.256143817364282267e-01
7.869827004234813961e-01
8.546527315666857527e-01
9.207169433931532421e-01
9.891435677016108263e-01
1.060490084612367490e+00
1.131525637104528803e+00
1.213052666861850204e+00
1.277570252101579040e+00
1.282164242568351487e+00
-1.888192550639928580e-01
-1.607224908718782874e-01
-1.358747342719155149e-01
-1.139104774588539926e-01
-9.487847373277689955e-02
-7.813308274305584555e-02
-6.364210873380674038e-02
-5.111338342087564518e-02
-3.885760830379409586e-02
-2.673494949768649709e-02
-1.433331568173077351e-02
-2.538909396240068318e-03
1.121931393961181703e-02
2.446514290028302049e-02
3.917211602382898727e-02
5.596285909851377721e-02
7.379164280801349396e-02
9.412858925417175171e-02
1.163154597653445477e-01
1.391262866422859901e-01
1.650008392393832179e-01
1.928572579447249136e-01
2.243595173202074244e-01
2.591373670566797793e-01
2.936873253026742181e-01
3.337957793864399503e-01
3.738201268922400344e-01
4.219278818218736293e-01
4.685363698544600664e-01
5.190374097391656782e-01
5.723499033576631145e-01
6.305153353640761127e-01
6.891027645864858941e-01
7.479118520063473552e-01
8.125149593324488828e-01
8.701662074128260205e-01
9.511003895207753578e-01
1.010138762761047415e+00
1.082875091312927252e+00
1.173431036581283671e+00
1.236645569691665392e+00
1.237551277912180669e+00
-2.766584581451157487e-01
-2.523707108790484988e-01
-2.322528567697869639e-01
-2.145149858358977035e-01
-2.001620202640661539e-01
-1.880217164900200577e-01
-1.764168848133695344e-01
-1.654623132691075138e-01
-1.557732836944258625e-01
-1.463042212529484243e-01
-1.365938585124795990e-01
-1.258343059945182807e-01
-1.162153902859053428e-01
-1.047106359190971142e-01
-9.263002817170878922e-02
-7.978011656030158105e-02
-6.618079102790543067e-02
-5.162713984287629898e-02
-3.567718714577904765e-02
-1.840018018735788824e-02
1.127700277034942439e-03
2.043586880627693697e-02
4.442607638099146938e-02
6.801879327635632078e-02
9.388725138377522483e-02
1.248855322754348629e-01
1.562946783513852189e-01
1.901215048217164139e-01
2.263549817014770815e-01
2.647234009019999723e-01
3.030858493159983569e-01
3.491861897177905294e-01
4.000040748726488848e-01
4.454344995173806776e-01
5.053168781873736970e-01
5.650422109729337228e-01
6.198568503248802486e-01
6.735728755262271328e-01
7.263073782910896004e-01
8.023974017187862628e-01
8.423920380646978678e-01
8.731095078212962601e-01
-2.863062176902092526e-01
-2.626347873685668799e-01
-2.413651154037567970e-01
-2.235501694883190726e-01
-2.083465377214063774e-01
-1.948771901117171690e-01
-1.825714845085509852e-01
-1.722450741108143002e-01
-1.616295262397065835e-01
-1.516963182999707671e-01
-1.412378937296200898e-01
-1.308122988323572322e-01
-1.195036728366373480e-01
-1.067160582335939800e-01
-9.431419081479380795e-02
-7.973889058810761099e-02
-6.524508775396313520e-02
-4.749476073860130904e-02
-2.874503130622213867e-02
-8.366853277962603072e-03
1.323760296474120815e-02
3.665683620390217806e-02
6.373106111323813272e-02
9.251011168398207141e-02
1.250972251717910322e-01
1.609664686662183597e-01
1.957945238242909114e-01
2.371867059137553191e-01
2.791328715271453875e-01
3.260346183215293014e-01
3.731879499127187527e-01
4.257835747848763286e-01
4.812247099397799488e-01
5.356978388665354363e-01
5.974373841630090665e-01
6.626794627806932292e-01
7.273622973414097803e-01
7.879016296010946663e-01
8.703734684806107014e-01
9.382089032928874195e-01
1.005660888846243051e+00
1.011557757107740319e+00
-2.902612201893901567e-01
-2.669552865474364434e-01
-2.453428744957727725e-01
-2.271775295048239496e-01
-2.110246196751179859e-01
-1.973576088013059560e-01
-1.852351559531142666e-01
-1.735889113571318920e-01
-1.624197679877522893e-01
-1.521307154097401304e-01
-1.413359011170020885e-01
-1.297213675295473823e-01
-1.185702611225179504e-01
-1.058917171529846907e-01
-9.130378306798540844e-02
-7.746241370289015660e-02
-6.055363510012879563e-02
-4.323386527196310114e-02
-2.279969184101226370e-02
-1.172439082200819882e-03
2.122652271596772722e-02
4.655759211817773330e-02
7.574399149851528124e-02
1.061228740066541831e-01
1.382963811096932782e-01
1.739958078414494957e-01
2.113501811830009181e-01
2.546278233645656863e-01
2.998079103346712460e-01
3.455913134604363668e-01
3.952669684310144982e-01
4.478120824180247816e-01
5.005026799780644131e-01
5.605772893100435805e-01
6.221590848674142249e-01
6.847304917153150816e-01
7.458559748758690766e-01
8.130649991612676208e-01
8.731013643998601914e-01
9.481248077585983092e-01
1.020286683677438688e+00
1.034844948381839158e+00
-3.014262529522783729e-01
-2.769443257476086884e-01
-2.565866687592112116e-01
-2.382938736512262012e-01
-2.221948754453750008e-01
-2.090304993564402469e-01
-1.972112285456699421e-01
-1.861369117264062290e-01
-1.756177020543224498e-01
-1.659571633243612510e-01
-1.557533908160750602e-01
-1.455184536582592725e-01
-1.344720102479119439e-01
-1.226240462556586197e-01
-1.102463061388261334e-01
-9.708865334917751722e-02
-8.174680355185812153e-02
-6.541621322523996640e-02
-4.820996261337656685e-02
-2.808848663274438398e-02
-8.946346850223505301e-03
1.438191201357387657e-02
4.091074578976216375e-02
6.673207100186721863e-02
9.898963940117731786e-02
1.302082875187757782e-01
1.652651052684885880e-01
2.039082124728197609e-01
2.453324969398853195e-01
2.868021509067288366e-01
3.334573508179514145e-01
3.822962708189555636e-01
4.317817724291240777e-01
4.834303806341569421e-01
5.455829481395801928e-01
6.056196071047796892e-01
6.619243198787004845e-01
7.231222292049230838e-01
7.966943373086610158e-01
8.709648479933332910e-01
9.323464003080325080e-01
9.312549151959677030e-01
-3.042653506181977607e-01
-2.795520900837077383e-01
-2.576590711419551871e-01
-2.385796357683616919e-01
-2.229031927646486222e-01
-2.079881339797425566e-01
-1.956874298132252332e-01
-1.833776163722291574e-01
-1.722166643317111501e-01
-1.611590916996298306e-01
-1.497067341970852727e-01
-1.379730309487719186e-01
-1.244884619678299081e-01
-1.120992631349334856e-01
-9.783713488613766940e-02
-8.258167318071200913e-02
-6.534099047962736717e-02
-4.841868406475488551e-02
-2.861559121085998497e-02
-7.365639346603283615e-03
1.617643323584337656e-02
4.055091786893707390e-02
6.929430967449660972e-02
9.930072623346300476e-02
1.314646774138507890e-01
1.656241305664750696e-01
2.036039515044921200e-01
2.444329934096290402e-01
2.893191067537304040e-01
3.350545116005070323e-01
3.849301784159938622e-01
4.348290834387795734e-01
4.882601496335720048e-01
5.460155148623061505e-01
6.095720003323076286e-01
6.710209519884356988e-01
7.304843023463399865e-01
7.973430336286257969e-01
8.618318037195837888e-01
9.325808030458420106e-01
1.018654737258263498e+00
1.030704943668677931e+00
-2.974264456692307101e-01
-2.717387690937956846e-01
-2.478385734455831046e-01
-2.268288756631001712e-01
-2.086560830126255039e-01
-1.921829750324500763e-01
-1.770209922771777689e-01
-1.630021744310344023e-01
-1.498747405130639032e-01
-1.369110079488428111e-01
-1.234496356491097541e-01
-1.088725001289680000e-01
-9.435466517594226499e-02
-7.944363916539548542e-02
-6.282275650286550661e-02
-4.501837159759893014e-02
-2.425579567502220840e-02
-5.737852647630570582e-03
1.609692699287876283e-02
4.073680028419854326e-02
6.785909000114187517e-02
9.668759729003816028e-02
1.280727788928494038e-01
1.602163450145361323e-01
1.989291229628517288e-01
2.380461031287953999e-01
2.794182483880850998e-01
3.251296347494281869e-01
3.726579768344510102e-01
4.245239311210405320e-01
4.789933660262979398e-01
5.351864827082589704e-01
5.977226026410229487e-01
6.558718880943088525e-01
7.194746468032440223e-01
7.840028556436883234e-01
8.580659550431239957e-01
9.373894903734810713e-01
9.913080521175676729e-01
1.078355301636109820e+00
1.168075948546515086e+00
1.188529142828933516e+00
-2.770256845431246506e-01
-2.499438770937255361e-01
-2.251860638050099117e-01
-2.030012923718360340e-01
-1.839185232601585618e-01
-1.666616110606023715e-01
-1.505750577371047227e-01
-1.356360818934505275e-01
-1.210315016293580237e-01
-1.083315489868662274e-01
-9.466887449122526887e-02
-7.968671142466381141e-02
-6.543287505893170819e-02
-4.997999157097132716e-02
-3.249508097186920574e-02
-1.554695061109337070e-02
3.654370310404924521e-03
2.453081884258807160e-02
4.583913024938266606e-02
6.991587740929713912e-02
9.678839352560124343e-02
1.271598919312773579e-01
1.573630688904573693e-01
1.924308437298441754e-01
2.302010473325126483e-01
2.688890736085886024e-01
3.130357841017900045e-01
3.568343841334609690e-01
4.071766790224630173e-01
4.572443628991929021e-01
5.125109639183395016e-01
5.671028611598982749e-01
6.291291541547051613e-01
6.935167839481104490e-01
7.560142646811693901e-01
8.275069070826877038e-01
8.875762316877980895e-01
9.687812484227937837e-01
1.034054632540655438e+00
1.109413166316237209e+00
1.192372283598511773e+00
1.184293855248955252e+00
-2.857012623971355025e-01
-2.611021661409327899e-01
-2.406502508654470296e-01
-2.233452981759664058e-01
-2.085641088797371423e-01
-1.964800664226867000e-01
-1.853336319576631974e-01
-1.756352721676431028e-01
-1.657427438824184418e-01
-1.564277699593321913e-01
-1.466334140952374465e-01
-1.371723988875564459e-01
-1.268073216896816457e-01
-1.157746321651726279e-01
-1.051878841697940492e-01
-9.217281864112356060e-02
-7.923353825129980654e-02
-6.551922389152947668e-02
-5.044411478622706779e-02
-3.249929331758956430e-02
-1.529360523750864474e-02
4.506232085120688916e-03
2.662313743048388623e-02
4.948162144980250421e-02
7.704069834246102255e-02
1.056157651033868272e-01
1.347793451595956926e-01
1.657279255409807306e-01
2.034626149923363936e-01
2.430752723323241216e-01
2.829957579913247034e-01
3.278573205609207619e-01
3.782288748098854847e-01
4.178618017018056463e-01
4.705677729511706375e-01
5.297485150773906248e-01
5.829015831312895912e-01
6.545788722978292951e-01
7.053247844867428507e-01
7.512359804045004585e-01
8.728115918997306766e-01
8.516942594084175866e-01
-3.070509058059586738e-01
-2.833982435540494116e-01
-2.624265223864689633e-01
-2.451213537429747236e-01
-2.311644025634157773e-01
-2.184255592461986362e-01
-2.079671018533065519e-01
-1.977155589702749017e-01
-1.889259279453479601e-01
-1.805797902056621163e-01
-1.712801826923282811e-01
-1.622392668853264441e-01
-1.528451800986710407e-01
-1.436657176222738974e-01
-1.322939219712263581e-01
-1.217511604680228537e-01
-1.089243999319989969e-01
-9.806133238129835505e-02
-8.266414524635136429e-02
-6.784192382607426297e-02
-5.019200314057602891e-02
-3.060039729439549203e-02
-1.151105311069722595e-02
1.092295965803338244e-02
3.728303753899137041e-02
6.407594160243815229e-02
9.232054468297873351e-02
1.249702218169128770e-01
1.593897097810527408e-01
1.978372011504374306e-01
2.379682746009502414e-01
2.792630266349627743e-01
3.243812409108041139e-01
3.728567925352287982e-01
4.278981362976646552e-01
4.751625190830907619e-01
5.400866024845373259e-01
5.918945409156156634e-01
6.550384971497102971e-01
7.263473408262711706e-01
7.891603147458269296e-01
8.092653719845303018e-01
