-2.481844425201416016e-01
-1.530033051967620850e-01
-5.741015076637268066e-02
3.428563475608825684e-02
1.179853975772857666e-01
1.907376348972320557e-01
2.513058483600616455e-01
3.000604808330535889e-01
3.381989896297454834e-01
3.675047457218170166e-01
3.896885216236114502e-01
4.063648283481597900e-01
4.188975989818572998e-01
4.283794462680816650e-01
4.356931149959564209e-01
4.415373504161834717e-01
4.464699327945709229e-01
4.509195387363433838e-01
4.552661478519439697e-01
4.597910940647125244e-01
4.647805988788604736e-01
4.703772366046905518e-01
4.770089685916900635e-01
4.845073521137237549e-01
4.932281076908111572e-01
5.035647153854370117e-01
5.152240991592407227e-01
5.284787416458129883e-01
5.436435937881469727e-01
5.606310367584228516e-01
5.797351598739624023e-01
6.018888950347900391e-01
6.244956254959106445e-01
6.476119756698608398e-01
6.776189804077148438e-01
7.088969945907592773e-01
7.421535253524780273e-01
7.767965793609619141e-01
8.134167194366455078e-01
8.600194454193115234e-01
8.925578594207763672e-01
8.869714736938476562e-01
