1.290660649538040161e-01
2.062415629625320435e-01
2.869326472282409668e-01
3.715922236442565918e-01
4.600675702095031738e-01
5.509117841720581055e-01
6.410514116287231445e-01
7.260767817497253418e-01
8.014925122261047363e-01
8.640429377555847168e-01
9.130606055259704590e-01
9.498741030693054199e-01
9.774079918861389160e-01
9.985856413841247559e-01
1.015975713729858398e+00
1.031239032745361328e+00
1.045282959938049316e+00
1.058475017547607422e+00
1.070944309234619141e+00
1.082529067993164062e+00
1.093371629714965820e+00
1.103278636932373047e+00
1.112337350845336914e+00
1.120805740356445312e+00
1.128762960433959961e+00
1.136445283889770508e+00
1.144329071044921875e+00
1.152231693267822266e+00
1.160937309265136719e+00
1.170271158218383789e+00
1.180528283119201660e+00
1.192111730575561523e+00
1.203926324844360352e+00
1.217743873596191406e+00
1.232819676399230957e+00
1.250387430191040039e+00
1.266226291656494141e+00
1.285094738006591797e+00
1.309628367424011230e+00
1.331912517547607422e+00
1.347059607505798340e+00
1.349487543106079102e+00
