5.922317504882812500e-02
1.365956664085388184e-01
2.211611270904541016e-01
3.118376433849334717e-01
4.066659212112426758e-01
5.026990175247192383e-01
5.962787866592407227e-01
6.835386753082275391e-01
7.611926794052124023e-01
8.269627690315246582e-01
8.802861571311950684e-01
9.216659069061279297e-01
9.528359174728393555e-01
9.756984710693359375e-01
9.923442602157592773e-01
1.004503965377807617e+00
1.013571739196777344e+00
1.020617008209228516e+00
1.026460170745849609e+00
1.031626224517822266e+00
1.036626100540161133e+00
1.041683673858642578e+00
1.047029256820678711e+00
1.052912473678588867e+00
1.059398412704467773e+00
1.066590785980224609e+00
1.074829101562500000e+00
1.083749651908874512e+00
1.094067335128784180e+00
1.105434775352478027e+00
1.118082523345947266e+00
1.132430195808410645e+00
1.147085189819335938e+00
1.164250373840332031e+00
1.183045268058776855e+00
1.205099582672119141e+00
1.225175380706787109e+00
1.249382495880126953e+00
1.281397819519042969e+00
1.311048269271850586e+00
1.331520080566406250e+00
1.334825515747070312e+00
