2.000173683058465102e+00
1.900170422463674402e+00
1.800173870604432791e+00
1.700175667898767840e+00
1.600166689407995557e+00
1.500181566869070116e+00
1.400157923390448422e+00
1.300182294646900605e+00
1.200166246363107536e+00
1.100163688966043996e+00
1.000173683058464880e+00
9.001649571307617226e-01
8.001807508984991602e-01
7.002103137560209412e-01
5.999485386690789346e-01
5.002913758410592049e-01
4.000369235141130186e-01
3.002040512524661309e-01
2.000566659722143315e-01
1.005083945019620284e-01
2.604985473903181437e-04
-9.975853446654080192e-02
-2.007490761154814285e-01
-3.000669305213717886e-01
-4.000405511910713474e-01
-4.990914654904908820e-01
-5.997902298379383934e-01
-6.996436830189287637e-01
-8.005739584060098668e-01
-8.988718241612432269e-01
-1.001779906826737232e+00
-1.098934192221400430e+00
-1.201991950339941662e+00
-1.295094844426619263e+00
-1.396444271375277379e+00
-1.501524032198914727e+00
-1.593885807321536063e+00
-1.689412885109645268e+00
-1.796178697483450160e+00
-1.913391055427052345e+00
-1.978438607962645257e+00
-2.002513136552191320e+00
