-1.570227083744575244e-02
2.040272098387815175e-02
5.453645265495121047e-02
8.357427967399126689e-02
1.092747382302951126e-01
1.314903456949482741e-01
1.506029517930096429e-01
1.672877899009315716e-01
1.826428681423295786e-01
1.960655931163038379e-01
2.102917602537225095e-01
2.234959409623945292e-01
2.368897937018616395e-01
2.515165522916792407e-01
2.666314588099167326e-01
2.835273648616936648e-01
3.006606883765214344e-01
3.199800171649559988e-01
3.411574374454374170e-01
3.668337082390027426e-01
3.939961332583457598e-01
4.255668239652585227e-01
4.618135536226196103e-01
4.974134646862062858e-01
5.376806022891659209e-01
5.785475286331522859e-01
6.249521046631218990e-01
6.733250833408107594e-01
7.245707619382825149e-01
7.757997052798497606e-01
8.353861416778197713e-01
8.908511876083980985e-01
9.561636263062925911e-01
1.012246519985071203e+00
1.082641778157131363e+00
1.154667377622575541e+00
1.220604887826681528e+00
1.285737290146654388e+00
1.369364308781235717e+00
1.464474643455456082e+00
1.511067457710023154e+00
1.537277462892570945e+00
