1.483317464590072632e-01
1.871627420186996460e-01
2.239445298910140991e-01
2.587901353836059570e-01
2.918559312820434570e-01
3.233155012130737305e-01
3.533741235733032227e-01
3.822675943374633789e-01
4.102524518966674805e-01
4.375997781753540039e-01
4.645789861679077148e-01
4.915033578872680664e-01
5.185714960098266602e-01
5.461323261260986328e-01
5.744322538375854492e-01
6.037111282348632812e-01
6.342191696166992188e-01
6.659201383590698242e-01
6.993128061294555664e-01
7.344357967376708984e-01
7.716323137283325195e-01
8.105101585388183594e-01
8.517717123031616211e-01
8.949822187423706055e-01
9.406882524490356445e-01
9.883527755737304688e-01
1.038770914077758789e+00
1.091292858123779297e+00
1.146719932556152344e+00
1.203876495361328125e+00
1.263142347335815430e+00
1.327768087387084961e+00
1.392622113227844238e+00
1.460839390754699707e+00
1.533719182014465332e+00
1.603865027427673340e+00
1.680247426033020020e+00
1.759315371513366699e+00
1.843797087669372559e+00
1.942874312400817871e+00
2.009684562683105469e+00
2.039242744445800781e+00
