5.941790342330932617e-01
6.220768690109252930e-01
6.481083631515502930e-01
6.725283861160278320e-01
6.956266164779663086e-01
7.177001237869262695e-01
7.390826940536499023e-01
7.601002454757690430e-01
7.810970544815063477e-01
8.023930788040161133e-01
8.243094682693481445e-01
8.471544981002807617e-01
8.712083101272583008e-01
8.967140913009643555e-01
9.238921403884887695e-01
9.530252218246459961e-01
9.841576814651489258e-01
1.017495989799499512e+00
1.053175330162048340e+00
1.091228365898132324e+00
1.131496787071228027e+00
1.174355864524841309e+00
1.219994425773620605e+00
1.267525553703308105e+00
1.318221449851989746e+00
1.370996832847595215e+00
1.426085829734802246e+00
1.482940196990966797e+00
1.542701959609985352e+00
1.606429219245910645e+00
1.669871687889099121e+00
1.735574960708618164e+00
1.805513620376586914e+00
1.875156998634338379e+00
1.953725695610046387e+00
2.029529094696044922e+00
2.099672317504882812e+00
2.198588609695434570e+00
2.265981435775756836e+00
2.364901781082153320e+00
2.472321748733520508e+00
2.457242012023925781e+00
