-1.695744097232818604e-01
-1.133190691471099854e-01
-6.600320339202880859e-02
-2.586299180984497070e-02
8.610904216766357422e-03
3.871214389801025391e-02
6.551283597946166992e-02
8.990561962127685547e-02
1.126234531402587891e-01
1.343041062355041504e-01
1.554830074310302734e-01
1.765707135200500488e-01
1.979767680168151855e-01
2.200072407722473145e-01
2.430235743522644043e-01
2.671576142311096191e-01
2.927363514900207520e-01
3.197818994522094727e-01
3.485508561134338379e-01
3.793226182460784912e-01
4.117577373981475830e-01
4.462970793247222900e-01
4.829129874706268311e-01
5.213620662689208984e-01
5.620596408843994141e-01
6.049513816833496094e-01
6.495622992515563965e-01
6.966032385826110840e-01
7.450988292694091797e-01
7.951564788818359375e-01
8.478641510009765625e-01
9.021651744842529297e-01
9.593690633773803711e-01
1.016620516777038574e+00
1.076430439949035645e+00
1.137794971466064453e+00
1.205380916595458984e+00
1.272928237915039062e+00
1.337252974510192871e+00
1.407659769058227539e+00
1.477606296539306641e+00
1.460147619247436523e+00
