-1.479496061801910400e-01
-8.765172958374023438e-02
-3.726035356521606445e-02
4.896104335784912109e-03
4.029893875122070312e-02
7.022029161453247070e-02
9.577739238739013672e-02
1.179010868072509766e-01
1.374000310897827148e-01
1.549553275108337402e-01
1.711545586585998535e-01
1.865129470825195312e-01
2.014728784561157227e-01
2.164168357849121094e-01
2.316863536834716797e-01
2.476321458816528320e-01
2.644655108451843262e-01
2.824692726135253906e-01
3.018843829631805420e-01
3.228902816772460938e-01
3.455508351325988770e-01
3.702286183834075928e-01
3.971872031688690186e-01
4.260384738445281982e-01
4.576939344406127930e-01
4.916173815727233887e-01
5.280628204345703125e-01
5.667560100555419922e-01
6.085671186447143555e-01
6.543725728988647461e-01
7.011454105377197266e-01
7.507218718528747559e-01
8.046395778656005859e-01
8.593592643737792969e-01
9.221311807632446289e-01
9.835225343704223633e-01
1.040863156318664551e+00
1.122235298156738281e+00
1.177789092063903809e+00
1.259130954742431641e+00
1.346700191497802734e+00
1.334475278854370117e+00
