-1.471749842166900635e-01
-8.922529220581054688e-02
-4.070794582366943359e-02
5.298852920532226562e-05
3.454220294952392578e-02
6.402105093002319336e-02
8.956199884414672852e-02
1.120815277099609375e-01
1.323504447937011719e-01
1.510229706764221191e-01
1.686548590660095215e-01
1.857402324676513672e-01
2.026487588882446289e-01
2.197846174240112305e-01
2.374539971351623535e-01
2.559320926666259766e-01
2.754800915718078613e-01
2.961551547050476074e-01
3.183487057685852051e-01
3.421559929847717285e-01
3.678634464740753174e-01
3.952498435974121094e-01
4.248544871807098389e-01
4.564082324504852295e-01
4.903510510921478271e-01
5.263147354125976562e-01
5.649303197860717773e-01
6.057221889495849609e-01
6.493263244628906250e-01
6.948119401931762695e-01
7.424525618553161621e-01
7.948427200317382812e-01
8.477664589881896973e-01
9.036759138107299805e-01
9.635183811187744141e-01
1.021065950393676758e+00
1.083486437797546387e+00
1.147633194923400879e+00
1.215416669845581055e+00
1.293609738349914551e+00
1.345381855964660645e+00
1.368013024330139160e+00
