4.845814704895019531e-01
5.704320669174194336e-01
6.480003595352172852e-01
7.151144742965698242e-01
7.711582183837890625e-01
8.167932033538818359e-01
8.532949686050415039e-01
8.821136951446533203e-01
9.046474695205688477e-01
9.220618009567260742e-01
9.352263212203979492e-01
9.448462724685668945e-01
9.514352083206176758e-01
9.554027318954467773e-01
9.570485353469848633e-01
9.566553831100463867e-01
9.544407129287719727e-01
9.506574869155883789e-01
9.454609155654907227e-01
9.391268491744995117e-01
9.316905736923217773e-01
9.234098196029663086e-01
9.146238565444946289e-01
9.052599668502807617e-01
8.953641653060913086e-01
8.857194185256958008e-01
8.756653070449829102e-01
8.656443357467651367e-01
8.559619188308715820e-01
8.469766378402709961e-01
8.382741212844848633e-01
8.299525976181030273e-01
8.234001398086547852e-01
8.174985647201538086e-01
8.128830194473266602e-01
8.104962110519409180e-01
8.093789815902709961e-01
8.107553720474243164e-01
8.140307664871215820e-01
8.217576742172241211e-01
8.353904485702514648e-01
8.286749124526977539e-01
