2.459394037723541260e-01
3.138206005096435547e-01
3.787948787212371826e-01
4.398452639579772949e-01
4.956873655319213867e-01
5.450085997581481934e-01
5.866140127182006836e-01
6.197549104690551758e-01
6.444780826568603516e-01
6.616299152374267578e-01
6.726425290107727051e-01
6.792529225349426270e-01
6.830596923828125000e-01
6.853184103965759277e-01
6.868444681167602539e-01
6.881313323974609375e-01
6.894077062606811523e-01
6.907525658607482910e-01
6.922096014022827148e-01
6.937671303749084473e-01
6.954739689826965332e-01
6.973416209220886230e-01
6.993839740753173828e-01
7.017183303833007812e-01
7.044621706008911133e-01
7.075132131576538086e-01
7.112128734588623047e-01
7.155805826187133789e-01
7.206381559371948242e-01
7.263042926788330078e-01
7.330155372619628906e-01
7.410782575607299805e-01
7.492239475250244141e-01
7.590188384056091309e-01
7.703448534011840820e-01
7.802067995071411133e-01
7.958095073699951172e-01
8.094880580902099609e-01
8.229422569274902344e-01
8.422344923019409180e-01
8.654351234436035156e-01
8.549637794494628906e-01
