2.000169341828431868e+00
1.900173701630408996e+00
1.800169054333730090e+00
1.700166139803461318e+00
1.600176503615230450e+00
1.500180194081207175e+00
1.400171749801423671e+00
1.300184470356504640e+00
1.200141593185703126e+00
1.100111959529748829e+00
1.000191047544659151e+00
9.001184990238861872e-01
8.002158387028306397e-01
7.002475549702426028e-01
6.000772608582730649e-01
5.001280249267145983e-01
4.002633386577219565e-01
3.003041176021800651e-01
1.996838856919523342e-01
1.004877198834618346e-01
4.167227077164003071e-04
-9.930031274188365342e-02
-1.995482522303015371e-01
-3.003001259938827272e-01
-4.000361872118725626e-01
-5.005672465173344188e-01
-5.998956581101460017e-01
-7.003641534698165083e-01
-7.992397614003331485e-01
-8.973056586357305298e-01
-9.999652578311160056e-01
-1.100905386592412105e+00
-1.200185432179919465e+00
-1.300003668586518391e+00
-1.399839853520042254e+00
-1.498267213362957984e+00
-1.598925302286313466e+00
-1.692923483457065004e+00
-1.787950965633290812e+00
-1.894190170276726759e+00
-1.986370805003405238e+00
-2.020074399103162222e+00
2.000165000555002681e+00
1.900176434250441027e+00
1.800182814965464173e+00
1.700174801716923367e+00
1.600177594069010834e+00
1.500167838795167574e+00
1.400189032196156536e+00
1.300156185281435173e+00
1.200207331882451545e+00
1.100194723670527397e+00
1.000169341828431646e+00
9.002053989657492483e-01
8.002007031349144262e-01
7.002648753771940626e-01
6.002059449063136265e-01
5.001980399849658143e-01
4.002253229866600814e-01
3.001714159353812139e-01
2.001114596238014187e-01
9.994638391570395686e-02
3.299384455122228140e-04
-9.944171459046255435e-02
-1.999582521834764315e-01
-2.994027066928440783e-01
-4.001682169865284910e-01
-4.999873186044534457e-01
-5.992151459489634124e-01
-6.996806569308676726e-01
-7.977978557524690872e-01
-8.985141310173065943e-01
-9.983398293356032793e-01
-1.099901178849051142e+00
-1.202409801978294057e+00
-1.294032855875662857e+00
-1.394575350757590648e+00
-1.514376513708991512e+00
-1.598215313014181849e+00
-1.702865674230058080e+00
-1.795985889527735857e+00
-1.881497188362916351e+00
-1.993760791437042545e+00
-1.979232792047091127e+00
3.006150462638729204e-01
3.014315323776288191e-01
3.011754599515107933e-01
3.016224034054152958e-01
3.009974223563241513e-01
3.011342138339577756e-01
3.010886214618858081e-01
3.020255595268874216e-01
3.004780911383626019e-01
3.001409540933330233e-01
3.015009497304417252e-01
3.016245719123915592e-01
3.013621039274166913e-01
3.006737280991478856e-01
3.016224034054152958e-01
3.013490848572612513e-01
3.017915144422801954e-01
3.005215736352353506e-01
3.004259063947625208e-01
3.007823772313368837e-01
3.009865640441736767e-01
3.017394872904118897e-01
3.011732892008758267e-01
3.004237318943611679e-01
3.002366841173350620e-01
3.011624352849460173e-01
3.016289088938610696e-01
3.018023526478000318e-01
3.017308154924451813e-01
3.011667768838694470e-01
3.010321671309620362e-01
3.009670183981431046e-01
3.013794620805449465e-01
3.020017273697929716e-01
3.015573431607236343e-01
3.010799366578479908e-01
3.004780911383626019e-01
3.002888916014356258e-01
2.998144430598622123e-01
3.025452085833308380e-01
3.012601107642735032e-01
3.011342138339577756e-01
3.011016483423117895e-01
3.013338954487936316e-01
3.010039372133057056e-01
2.997534671362748204e-01
2.999429000227670783e-01
3.008475536660797922e-01
3.018066878542755571e-01
3.016831175082432259e-01
3.024196836910910680e-01
3.013859712091067067e-01
2.990276320719855163e-01
3.000277913985380795e-01
3.016419195784141305e-01
3.020905496726490336e-01
2.999842594325314860e-01
3.006041783871540862e-01
3.013621039274166913e-01
3.011798014202304863e-01
3.007215370660651921e-01
3.020255595268874216e-01
3.015009497304417252e-01
3.022984528080251976e-01
3.012470886362113576e-01
3.003824143179452677e-01
3.011450684552140489e-01
3.029734514661503453e-01
3.014206849138912903e-01
3.011863135419362014e-01
2.999494307177529850e-01
3.011103327121855133e-01
3.008258292746259221e-01
3.015183023350920255e-01
3.022140041623328499e-01
3.013946498954353514e-01
3.022140041623328499e-01
3.026187752766687500e-01
3.010321671309620362e-01
3.017308154924451813e-01
3.011819721383154902e-01
3.003693658455362514e-01
3.004628712358699549e-01
3.013252155482866734e-01
3.019410577952044705e-01
3.021187090491274096e-01
3.005367914806704177e-01
3.004150337838775719e-01
3.001126661838673937e-01
3.009322684108246548e-01
