1.420815318427749219e+00
1.414170763818313636e+00
1.407547335447197012e+00
1.400945077984613985e+00
1.394364035428814486e+00
1.387804251106249165e+00
1.381265767671869371e+00
1.374748627109554366e+00
1.368252870732663995e+00
1.361778539184715475e+00
1.355325672440175655e+00
1.348894309805373837e+00
1.342484489919520074e+00
1.336096250755838044e+00
1.329729629622797837e+00
1.323384663165452224e+00
1.317061387366867731e+00
1.310759837549651419e+00
1.304480048377562706e+00
1.298222053857214453e+00
1.291985887339849981e+00
1.285771581523202256e+00
1.279579168453419014e+00
1.273408679527062048e+00
1.267260145493165124e+00
1.261133596455355388e+00
1.255029061874027185e+00
1.248946570568567171e+00
1.242886150719626492e+00
1.236847829871433158e+00
1.230831634934144159e+00
1.224837592186227342e+00
1.218865727276874811e+00
1.212916065228438756e+00
1.206988630438887267e+00
1.201083446684275025e+00
1.195200537121225537e+00
1.189339924289418926e+00
1.183501630114083492e+00
1.177685675908483054e+00
1.171892082376398969e+00
1.166120869614601041e+00
1.160372057115305555e+00
1.154645663768610220e+00
1.148941707864911121e+00
1.143260207097289483e+00
1.137601178563867554e+00
1.131964638770132314e+00
1.126350603631217195e+00
1.120759088474144960e+00
1.115190108040021943e+00
1.109643676486185671e+00
1.104119807388296737e+00
1.098618513742377623e+00
1.093139807966790000e+00
1.087683701904150091e+00
1.082250206823180072e+00
1.076839333420488876e+00
1.071451091822283042e+00
1.066085491586004075e+00
1.060742541701888531e+00
1.055422250594449940e+00
1.050124626123879246e+00
1.044849675587362636e+00
1.039597405720311674e+00
1.034367822697511263e+00
1.029160932134171480e+00
1.023976739086896126e+00
1.018815248054552702e+00
1.013676462979053561e+00
1.008560387246039358e+00
1.003467023685468806e+00
9.983963745721093908e-01
9.933484416259324989e-01
9.883232260124098500e-01
9.833207283427103373e-01
9.783409486737991712e-01
9.733838865084372127e-01
9.684495407950803880e-01
9.635379099276812909e-01
9.586489917453907550e-01
9.537827835321618375e-01
9.489392820162545483e-01
9.441184833696447676e-01
9.393203832073355741e-01
9.345449765865735392e-01
9.297922580059713171e-01
9.250622214045350900e-01
9.203548601606034163e-01
9.156701670906922663e-01
9.110081344482553467e-01
9.063687539223544976e-01
9.017520166362474887e-01
8.971579131458916612e-01
8.925864334383686316e-01
8.880375669302293939e-01
8.835113024657645919e-01
8.790076283152007397e-01
8.745265321728271646e-01
8.700680011550544490e-01
8.656320217984075915e-01
8.612185800574583272e-01
8.568276613026984956e-01
8.524592503183566761e-01
8.481133313001644192e-01
8.437898878530717406e-01
8.394889029889189835e-01
8.352103591240649383e-01
8.309542380769775471e-01
8.267205210657903036e-01
8.225091887058272322e-01
8.183202210071007787e-01
8.141535973717862751e-01
8.100092965916777521e-01
8.058872968456284314e-01
8.017875756969785606e-01
7.977101100909774756e-01
7.936548763522009997e-01
7.896218501819712854e-01
7.856110066557802085e-01
7.816223202207219778e-01
7.776557646929402878e-01
7.737113132550906824e-01
7.697889384538260105e-01
7.658886121973070837e-01
7.620103057527423118e-01
7.581539897439621978e-01
7.543196341490309154e-01
7.505072082979002968e-01
7.467166808701088954e-01
7.429480198925322298e-01
7.392011927371848756e-01
7.354761661190827304e-01
7.317729060941635666e-01
7.280913780572755289e-01
7.244315467402325792e-01
7.207933762099433261e-01
7.171768298666146846e-01
7.135818704420360259e-01
7.100084599979450406e-01
7.064565599244786442e-01
7.029261309387155876e-01
6.994171330833067746e-01
6.959295257252042788e-01
6.924632675544851734e-01
6.890183165832765022e-01
6.855946301447830571e-01
6.821921648924190729e-01
6.788108767990487236e-01
6.754507211563334224e-01
6.721116525741931413e-01
6.687936249803775324e-01
6.654965916201538434e-01
6.622205050561088546e-01
6.589653171680691646e-01
6.557309791531380494e-01
6.525174415258523375e-01
6.493246541184582998e-01
6.461525660813072225e-01
6.430011258833711052e-01
6.398702813128791522e-01
6.367599794780731681e-01
6.336701668080837457e-01
6.306007890539239158e-01
6.275517912896015904e-01
6.245231179133495791e-01
6.215147126489689589e-01
6.185265185472890170e-01
6.155584779877366630e-01
6.126105326800175277e-01
6.096826236659035336e-01
6.067746913211254922e-01
6.038866753573675084e-01
6.010185148243595288e-01
5.981701481120655917e-01
5.953415129529618932e-01
5.925325464244033391e-01
5.897431849510704760e-01
5.869733643074964702e-01
5.842230196206642523e-01
5.814920853726713856e-01
5.787804954034564409e-01
5.760881829135796606e-01
5.734150804670515855e-01
5.707611199942038693e-01
5.681262327945933999e-01
5.655103495399318447e-01
5.629134002770351808e-01
5.603353144307802181e-01
5.577760208070633441e-01
5.552354475957488322e-01
5.527135223735991643e-01
5.502101721071748219e-01
5.477253231556934443e-01
5.452589012738392471e-01
5.428108316145054957e-01
5.403810387314632591e-01
5.379694465819386817e-01
5.355759785290890029e-01
5.332005573443601154e-01
5.308431052097128955e-01
5.285035437197002084e-01
5.261817938833825981e-01
5.238777761260611232e-01
5.215914102908129069e-01
5.193226156398101923e-01
5.170713108554030324e-01
5.148374140409475164e-01
5.126208427213561070e-01
5.104215138433519927e-01
5.082393437754011423e-01
5.060742483073020770e-01
5.039261426494056062e-01
5.017949414314430978e-01
4.996805587009325866e-01
4.975829079211380179e-01
4.955019019685515946e-01
4.934374531298701960e-01
4.913894730984332271e-01
4.893578729700913121e-01
4.873425632384699169e-01
4.853434537895949252e-01
4.833604538958407582e-01
4.813934722091655072e-01
4.794424167535913384e-01
4.775071949168890328e-01
4.755877134414236984e-01
4.736838784141164660e-01
4.717955952554745980e-01
4.699227687076414917e-01
4.680653028214156186e-01
4.662231009421852201e-01
4.643960656947212495e-01
4.625840989667744929e-01
4.607871018914134198e-01
4.590049748280403130e-01
4.572376173420220069e-01
4.554849281828638463e-01
4.537468052608596425e-01
4.520231456221385224e-01
4.503138454220355635e-01
4.486187998967026691e-01
4.469379033328775286e-01
4.452710490357206785e-01
4.436181292946318466e-01
4.419790353469476574e-01
4.403536573394244980e-01
4.387418842873986313e-01
4.371436040315207494e-01
4.355587031919493923e-01
4.339870671198858276e-01
4.324285798463307628e-01
4.308831240279348274e-01
4.293505808898085974e-01
4.278308301651584933e-01
4.263237500316012785e-01
4.248292170440108872e-01
4.233471060637394312e-01
4.218772901840542322e-01
4.204196406516207407e-01
4.189740267838569232e-01
4.175403158819782079e-01
4.161183731395443064e-01
4.147080615463125119e-01
4.133092417871929158e-01
4.119217721360953766e-01
4.105455083444503050e-01
4.091803035241737274e-01
4.078260080248438668e-01
4.064824693048451065e-01
4.051495317962255371e-01
4.038270367630092395e-01
4.025148221526924086e-01
4.012127224406443760e-01
3.999205684671269800e-01
3.986381872666336368e-01
3.973654018892441853e-01
3.961020312136791510e-01
3.948478897517291863e-01
3.936027874437283414e-01
3.923665294447278851e-01
3.911389159010206784e-01
3.899197417166582191e-01
3.887087963095933185e-01
3.875058633570746536e-01
3.863107205299120550e-01
3.851231392152258404e-01
3.839428842272865072e-01
3.827697135060472711e-01
3.816033778029684909e-01
3.804436203537305827e-01
3.792901765374268042e-01
3.781427735218350072e-01
3.770011298943604094e-01
3.758649552782534764e-01
3.747339499337049018e-01
3.736078043434334361e-01
3.724861987823911980e-01
3.713688028712229250e-01
3.702552751131347741e-01
3.691452624138462646e-01
3.680383995843261036e-01
3.669343088260370589e-01
3.658325991984510139e-01
3.647328660686324220e-01
3.636346905427320642e-01
3.625376388792824200e-01
3.614412618842424707e-01
3.603450942878043683e-01
3.592486541030411318e-01
3.581514419665609017e-01
3.570529404614137814e-01
3.559526134226000949e-01
3.548499052256346986e-01
3.537442400587405000e-01
3.526350211793748413e-01
3.515216301559338508e-01
3.504034260956375713e-01
3.492797448597602661e-01
3.481498982675635956e-01
3.470131732904763733e-01
3.458688312382851016e-01
3.447161069393252508e-01
3.435542079169052188e-01
3.423823135644597504e-01
3.411995743222051569e-01
3.400051108583631021e-01
3.387980132583288673e-01
3.375773402254919064e-01
3.363421182977536783e-01
3.350913410841492301e-01
3.338239685263499346e-01
3.325389261902070848e-01
3.312351045928958460e-01
3.299113585716150210e-01
3.285665067002144779e-01
3.271993307605310930e-01
3.258085752756232911e-01
3.243929471125064357e-01
3.229511151623816745e-01
3.214817101067380389e-01
3.199833242780628084e-01
3.184545116242344376e-01
3.168937877859658858e-01
3.152996302969217624e-01
3.136704789163430318e-01
3.120047361041468070e-01
3.103007676485544653e-01
3.085569034562868906e-01
3.067714385152746637e-01
3.049426340396377277e-01
3.030687188063740378e-01
3.011478906927794186e-01
2.991783184230542569e-01
2.971581435318597642e-01
2.950854825517316149e-01
2.929584294302655656e-01
2.907750581818128732e-01
2.885334257771046684e-01
2.862315752727169760e-01
2.838675391806316783e-01
2.814393430763181270e-01
2.789450094417794679e-01
2.763825617378803945e-01
2.737500286980097397e-01
2.710454488327654898e-01
2.682668751328723955e-01
2.654123799550203722e-01
2.624800600727303368e-01
2.594680418717900117e-01
2.563744866672483247e-01
2.531975961164940614e-01
2.499356177005787050e-01
2.465868502437456866e-01
2.431496494391242047e-01
2.396224333467886769e-01
2.360036878289140660e-01
2.322919718856178706e-01
2.284859228542998610e-01
2.245842614349200517e-01
2.205857965036939483e-01
2.164894296781928462e-01
2.122941595977837492e-01
2.079990858847780566e-01
2.036034127535327753e-01
1.991064522371022993e-01
1.945076270037945088e-01
1.898064727391572393e-01
1.850026400724518461e-01
1.800958960305045486e-01
1.750861250059326801e-01
1.699733292310320054e-01
1.647576287530542749e-01
1.594392609110881487e-01
1.540185793192646313e-01
1.484960523654157150e-01
1.428722612386099100e-01
1.371478975030497038e-01
1.313237602396421788e-01
1.254007527800349298e-01
1.193798790610507976e-01
1.478477983009871544e+00
1.472715961544905028e+00
1.466973568509169379e+00
1.461250808341885588e+00
1.455547685276284531e+00
1.449864203346262093e+00
1.444200366392914381e+00
1.438556178070946379e+00
1.432931641854954030e+00
1.427326761045569103e+00
1.421741538775467939e+00
1.416175978015237646e+00
1.410630081579091977e+00
1.405103852130439313e+00
1.399597292187291897e+00
1.394110404127520741e+00
1.388643190193939558e+00
1.383195652499229711e+00
1.377767793030689303e+00
1.372359613654810628e+00
1.366971116121679097e+00
1.361602302069192971e+00
1.356253173027097247e+00
1.350923730420834357e+00
1.345613975575201682e+00
1.340323909717820561e+00
1.335053533982407448e+00
1.329802849411851673e+00
1.324571856961090699e+00
1.319360557499786202e+00
1.314168951814797426e+00
1.308997040612446261e+00
1.303844824520580703e+00
1.298712304090425151e+00
1.293599479798225316e+00
1.288506352046679737e+00
1.283432921166160146e+00
1.278379187415720875e+00
1.273345150983893115e+00
1.268330811989264006e+00
1.263336170480846787e+00
1.258361226438228231e+00
1.253405979771509360e+00
1.248470430321025448e+00
1.243554577856854193e+00
1.238658422078109833e+00
1.233781962612021443e+00
1.228925199012800951e+00
1.224088130760296877e+00
1.219270757258436921e+00
1.214473077833460923e+00
1.209695091731945116e+00
1.204936798118616759e+00
1.200198196073965606e+00
1.195479284591649538e+00
1.190780062575696352e+00
1.186100528837508383e+00
1.181440682092665284e+00
1.176800520957533180e+00
1.172180043945679540e+00
1.167579249464094637e+00
1.162998135809230282e+00
1.158436701162845139e+00
1.153894943587675526e+00
1.149372861022919468e+00
1.144870451279550672e+00
1.140387712035454415e+00
1.135924640830398680e+00
1.131481235060834312e+00
1.127057491974539083e+00
1.122653408665097219e+00
1.118268982066230599e+00
1.113904208945974528e+00
1.109559085900710729e+00
1.105233609349058455e+00
1.100927775525625929e+00
1.096641580474631450e+00
1.092375020043394152e+00
1.088128089875703530e+00
1.083900785405067291e+00
1.079693101847847947e+00
1.075505034196287069e+00
1.071336577211429608e+00
1.067187725415946087e+00
1.063058473086861744e+00
1.058948814248197312e+00
1.054858742663527638e+00
1.050788251828459030e+00
1.046737334963039334e+00
1.042705985004094948e+00
1.038694194597511444e+00
1.034701956090454011e+00
1.030729261523541052e+00
1.026776102622970255e+00
1.022842470792606484e+00
1.018928357106036353e+00
1.015033752298593939e+00
1.011158646759366286e+00
1.007303030523179599e+00
1.003466893262577431e+00
9.996502242797924431e-01
9.958530124987182708e-01
9.920752464568892703e-01
9.883169142974707055e-01
9.845780037612680280e-01
9.808585021787582514e-01
9.771583964621510798e-01
9.734776730974835646e-01
9.698163181367555064e-01
9.661743171901108207e-01
9.625516554180670870e-01
9.589483175238051604e-01
9.553642877455167381e-01
9.517995498488210915e-01
9.482540871192525200e-01
9.447278823548246329e-01
9.412209178586775637e-01
9.377331754318104506e-01
9.342646363659078412e-01
9.308152814362598004e-01
9.273850908947849359e-01
9.239740444631576732e-01
9.205821213260465541e-01
9.172093001244652211e-01
9.138555589492417530e-01
9.105208753346119011e-01
9.072052262519355592e-01
9.039085881035449077e-01
9.006309367167252278e-01
8.973722473378319409e-01
8.941324946265483131e-01
8.909116526502852684e-01
8.877096948787275288e-01
8.845265941785279695e-01
8.813623228081536309e-01
8.782168524128847187e-01
8.750901540199684803e-01
8.719821980339328427e-01
8.688929542320564803e-01
8.658223917600020858e-01
8.627704791276108454e-01
8.597371842048596724e-01
8.567224742179839758e-01
8.537263157457638529e-01
8.507486747159763718e-01
8.477895164020133878e-01
8.448488054196633401e-01
8.419265057240600258e-01
8.390225806067940217e-01
8.361369926931887520e-01
8.332697039397382044e-01
8.304206756317058513e-01
8.275898683808833312e-01
8.247772421235054496e-01
8.219827561183208342e-01
8.192063689448146890e-01
8.164480385015806529e-01
8.137077220048402060e-01
8.109853759871020751e-01
8.082809562959635263e-01
8.055944180930438847e-01
8.029257158530485050e-01
8.002748033629577540e-01
7.976416337213355634e-01
7.950261593377521141e-01
7.924283319323136565e-01
7.898481025352935836e-01
7.872854214868586498e-01
7.847402384368812323e-01
7.822125023448315284e-01
7.797021614797404743e-01
7.772091634202243915e-01
7.747334550545647014e-01
7.722749825808283841e-01
7.698336915070256303e-01
7.674095266512861446e-01
7.650024321420509921e-01
7.626123514182616692e-01
7.602392272295386277e-01
7.578830016363338196e-01
7.555436160100452714e-01
7.532210110330780362e-01
7.509151266988399742e-01
7.486259023116519362e-01
7.463532764865620228e-01
7.440971871490426048e-01
7.418575715345555599e-01
7.396343661879650755e-01
7.374275069627820312e-01
7.352369290202165342e-01
7.330625668280205121e-01
7.309043541590983795e-01
7.287622240898622428e-01
7.266361089983083277e-01
7.245259405617925363e-01
7.224316497544753801e-01
7.203531668444143055e-01
7.182904213902719937e-01
7.162433422376144332e-01
7.142118575147675674e-01
7.121958946282012093e-01
7.101953802574076935e-01
7.082102403492427367e-01
7.062404001116895369e-01
7.042857840070141373e-01
7.023463157442698668e-01
7.004219182711118874e-01
6.985125137648813265e-01
6.966180236229141398e-01
6.947383684520298530e-01
6.928734680571533300e-01
6.910232414290211622e-01
6.891876067309187226e-01
6.873664812843980343e-01
6.855597815539183904e-01
6.837674231303534356e-01
6.819893207133023161e-01
6.802253880921440565e-01
6.784755381257678852e-01
6.767396827209131160e-01
6.750177328090444240e-01
6.733095983216914604e-01
6.716151881641724275e-01
6.699344101876238966e-01
6.682671711592494956e-01
6.666133767307035329e-01
6.649729314045145223e-01
6.633457384984566829e-01
6.617317001077677174e-01
6.601307170651116163e-01
6.585426888981772420e-01
6.569675137848018931e-01
6.554050885055027198e-01
6.538553083932925336e-01
6.523180672806579983e-01
6.507932574435618678e-01
6.492807695423395975e-01
6.477804925593392271e-01
6.462923137331638701e-01
6.448161184893561604e-01
6.433517903673674487e-01
6.418992109436424398e-01
6.404582597506471853e-01
6.390288141916574682e-01
6.376107494511228380e-01
6.362039384004081199e-01
6.348082514987141156e-01
6.334235566889613311e-01
6.320497192884274584e-01
6.306866018739029078e-01
6.293340641611396835e-01
6.279919628783430241e-01
6.266601516334627808e-01
6.253384807750158592e-01
6.240267972461804868e-01
6.227249444318770921e-01
6.214327619985556828e-01
6.201500857263884114e-01
6.188767473335683444e-01
6.176125742923969097e-01
6.163573896368379490e-01
6.151110117612103023e-01
6.138732542096713152e-01
6.126439254561519832e-01
6.114228286743760288e-01
6.102097614976073059e-01
6.090045157677446142e-01
6.078068772733896674e-01
6.066166254764984167e-01
6.054335332272257064e-01
6.042573664665645827e-01
6.030878839163790195e-01
6.019248367564282720e-01
6.007679682879745187e-01
5.996170135835686699e-01
5.984716991226114446e-01
5.973317424122853714e-01
5.961968515934645829e-01
5.950667250312122736e-01
5.939410508894882312e-01
5.928195066896981835e-01
5.917017588527410110e-01
5.905874622242162086e-01
5.894762595824910578e-01
5.883677811293442916e-01
5.872616439629397833e-01
5.861574515329200930e-01
5.850547930774501193e-01
5.839532430420932840e-01
5.828523604804529690e-01
5.817516884365778740e-01
5.806507533091955775e-01
5.795490641979197388e-01
5.784461122316584269e-01
5.773413698795509807e-01
5.762342902448616133e-01
5.751243063423796542e-01
5.740108303599973372e-01
5.728932529052823686e-01
5.717709422380081730e-01
5.706432434897759087e-01
5.695094778720385387e-01
5.683689418740305310e-01
5.672209064523203725e-01
5.660646162139219006e-01
5.648992885951471532e-01
5.637241130386356769e-01
5.625382501712734573e-01
5.613408309860017376e-01
5.601309560308257440e-01
5.589076946086551922e-01
5.576700839919488395e-01
5.564171286564901786e-01
5.551477995389891840e-01
5.538610333235859384e-01
5.525557317627288745e-01
5.512307610382938261e-01
5.498849511692278647e-01
5.485170954724052361e-01
5.471259500837994949e-01
5.457102335474807164e-01
5.442686264803476837e-01
5.427997713208877473e-01
5.413022721706243212e-01
5.397746947372499271e-01
5.382155663887501218e-01
5.366233763280856550e-01
5.349965758982196951e-01
5.333335790274299493e-01
5.316327628249396531e-01
5.298924683369069522e-01
5.281110014727455892e-01
5.262866341115655100e-01
5.244176053982464447e-01
5.225021232382540681e-01
5.205383659997766532e-01
5.185244844310936685e-01
5.164586038002680901e-01
5.143388262632883068e-01
5.121632334656534002e-01
5.099298893810982891e-01
5.076368433896953913e-01
5.052821335959426508e-01
5.028637903856488789e-01
5.003798402184865823e-01
4.978283096509767414e-01
4.952072295824447856e-01
4.925146397141289545e-01
4.897485932091832916e-01
4.869071615387890462e-01
4.839884394970295212e-01
4.809905503646077496e-01
4.779116511989331406e-01
4.747499382256143430e-01
4.715036523040175287e-01
4.681710844373049296e-01
4.647505812953294235e-01
4.612405507169466956e-01
4.576394671567798333e-01
4.539458770402534094e-01
4.501584039898705591e-01
4.462757538852354933e-01
4.422967197192884670e-01
4.382201862136289039e-01
4.340451341566504695e-01
4.297706444295575912e-01
4.253959016871077248e-01
4.209201976621858021e-01
4.163429340659842159e-01
4.116636250586619417e-01
4.068818992687985858e-01
4.019975013437501743e-01
3.970102930170495426e-01
3.919202536832646633e-01
3.867274804751267836e-01
3.814321878422312628e-01
3.760347066351091283e-01
3.705354827029107012e-01
3.649350750172437596e-01
3.592341533388455632e-01
3.534334954476185953e-01
3.475339839601319092e-01
3.415366027618891853e-01
3.354424330844792412e-01
3.292526492601010601e-01
3.229685141878983479e-01
3.165913745480041785e-01
3.101226558002030398e-01
3.035638570046679252e-01
2.969165455023113909e-01
2.901823514919772418e-01
2.833629625409379016e-01
2.764601180640862688e-01
2.694756038057490310e-01
2.624112463563439412e-01
2.552689077341021018e-01
2.480504800599218906e-01
2.407578803510522780e-01
2.333930454568635682e-01
2.259579271574141401e-01
2.184544874429630856e-01
1.438292067125677587e+00
1.353721497972102394e+00
1.271411616050261539e+00
1.191656764757828002e+00
1.114755817691949202e+00
1.041001011575042767e+00
9.706646978175158536e-01
9.039849316072495755e-01
8.411512516968069342e-01
7.822922790718982444e-01
7.274667580661884347e-01
6.766593187694488476e-01
6.297815945802174298e-01
5.866785259884808035e-01
5.471389214913250365e-01
5.109088134525578973e-01
4.777059437224582816e-01
4.472338364587053472e-01
4.191942724412898724e-01
3.932974406628348407e-01
3.692694904121345267e-01
3.468575624979246541e-01
3.258326106833350777e-01
3.059904394950606066e-01
2.871514083705833387e-01
2.691592165165779815e-01
2.518791163894905649e-01
2.351958274674235683e-01
2.190113492097182091e-01
2.032428096259540906e-01
1.878204360716153043e-01
1.726856974545769030e-01
1.577896403414767446e-01
1.430914233978907990e-01
1.285570431141850323e-01
1.141582370619555614e-01
9.987154754438175297e-02
8.567752733953966360e-02
7.156006947664290962e-02
5.750584405708430297e-02
4.350382664274898142e-02
2.954490442482395757e-02
