2.000165000555002681e+00
1.900176980772384061e+00
1.800176622735139453e+00
1.700177400257274041e+00
1.600171051305258052e+00
1.500187057977128591e+00
1.400190760397804768e+00
1.300138778165711662e+00
1.200185420089161070e+00
1.100098163972719867e+00
1.000117243682928869e+00
9.001829924683676376e-01
8.002536753150193416e-01
7.002155103962329763e-01
6.001623274669229957e-01
5.002776512378408480e-01
4.001302692478745926e-01
3.003236931045090707e-01
2.001498110670014152e-01
1.006530892799557680e-01
9.553427763350225827e-05
-1.002139580740121078e-01
-2.002722049924497427e-01
-2.996000491504938190e-01
-3.993287117040935086e-01
-4.987229601458210704e-01
-5.996312716559925038e-01
-6.998851577576798988e-01
-8.007688145225410059e-01
-8.996122213163586512e-01
-1.000556253014761365e+00
-1.099796786983106456e+00
-1.200691162094897679e+00
-1.297063942682876725e+00
-1.399061936345183721e+00
-1.500913923833462338e+00
-1.598501237050828028e+00
-1.703784690998977336e+00
-1.809183843458668672e+00
-1.905308810046898893e+00
-2.000178097250012055e+00
-1.998413383935725873e+00
