-6.581484079360961914e-01
-6.475652456283569336e-01
-6.374791860580444336e-01
-6.278494596481323242e-01
-6.186242103576660156e-01
-6.097472906112670898e-01
-6.011453866958618164e-01
-5.927356481552124023e-01
-5.844420194625854492e-01
-5.761460065841674805e-01
-5.677603483200073242e-01
-5.591645240783691406e-01
-5.502315759658813477e-01
-5.408226251602172852e-01
-5.308095216751098633e-01
-5.200757980346679688e-01
-5.084329843521118164e-01
-4.958146810531616211e-01
-4.819919466972351074e-01
-4.669786095619201660e-01
-4.503735303878784180e-01
-4.322475790977478027e-01
-4.124912619590759277e-01
-3.911108374595642090e-01
-3.677645325660705566e-01
-3.425225019454956055e-01
-3.147845268249511719e-01
-2.850292921066284180e-01
-2.527903318405151367e-01
-2.188917994499206543e-01
-1.818364858627319336e-01
-1.429351568222045898e-01
-1.008071899414062500e-01
-5.807930231094360352e-02
-1.014745235443115234e-02
4.055464267730712891e-02
9.184700250625610352e-02
1.502152383327484131e-01
2.118480205535888672e-01
2.708853483200073242e-01
3.318204283714294434e-01
3.306629657745361328e-01
