-6.567056179046630859e-01
-6.418437957763671875e-01
-6.277861595153808594e-01
-6.145240068435668945e-01
-6.020283699035644531e-01
-5.902581214904785156e-01
-5.791412591934204102e-01
-5.685845017433166504e-01
-5.584899783134460449e-01
-5.486960411071777344e-01
-5.390666127204895020e-01
-5.294165611267089844e-01
-5.195474624633789062e-01
-5.092433691024780273e-01
-4.983040392398834229e-01
-4.865440428256988525e-01
-4.737117886543273926e-01
-4.596976637840270996e-01
-4.442276954650878906e-01
-4.273131489753723145e-01
-4.085073173046112061e-01
-3.879058957099914551e-01
-3.654101788997650146e-01
-3.410561680793762207e-01
-3.144866824150085449e-01
-2.858154177665710449e-01
-2.543950974941253662e-01
-2.208046317100524902e-01
-1.845571994781494141e-01
-1.466166079044342041e-01
-1.053537726402282715e-01
-6.228551268577575684e-02
-1.594755053520202637e-02
3.071102499961853027e-02
8.261987566947937012e-02
1.370032131671905518e-01
1.914370954036712646e-01
2.526266574859619141e-01
3.163232803344726562e-01
3.764164447784423828e-01
4.374634027481079102e-01
4.363131523132324219e-01
