-1.299103561504317758e-02
2.641068057877401370e-02
6.047119279767879108e-02
8.919836680514886540e-02
1.126720171171322060e-01
1.328358043383721931e-01
1.508485066695228471e-01
1.661339703051091243e-01
1.793506823484876389e-01
1.911155223803064074e-01
2.025700460974836914e-01
2.141282618234098822e-01
2.264452327482274485e-01
2.374683332495687582e-01
2.500782879796449865e-01
2.636597352174648856e-01
2.786850227256837953e-01
2.941574807696912819e-01
3.107145487181187105e-01
3.299873872788032236e-01
3.496271540655874199e-01
3.714373174041008530e-01
3.963214207557977375e-01
4.208794988754988586e-01
4.497097555713696071e-01
4.816002645536285320e-01
5.144414902467627781e-01
5.490768650226427461e-01
5.848285685789743615e-01
6.268329044075939827e-01
6.751181523167983922e-01
7.234803005135097553e-01
7.651467901080253320e-01
8.135409595823206441e-01
8.667243679862826067e-01
9.138932892309161726e-01
9.775086906408453347e-01
1.037904357312403825e+00
1.118033128828566980e+00
1.153357471482973962e+00
1.254427221540668214e+00
1.277311179174030142e+00
1.434207851299365566e-01
2.035767749779726077e-01
2.563328184256729037e-01
3.028502127023092738e-01
3.406027322567475868e-01
3.725438007590703426e-01
3.984955501381369225e-01
4.207806195485653822e-01
4.395379481654136944e-01
4.547076927235135790e-01
4.673860925523504739e-01
4.800788400654852350e-01
4.904360811932098052e-01
5.019215145962241387e-01
5.118833609788743244e-01
5.225355170466239318e-01
5.330217507521620712e-01
5.446384566233377633e-01
5.566522082644264069e-01
5.707413624552553078e-01
5.845912707958718091e-01
6.002212099752366470e-01
6.161813333689637462e-01
6.349606700606384990e-01
6.569219087953577230e-01
6.791279663334153227e-01
7.029386393883469974e-01
7.303865484098197580e-01
7.584576886104656968e-01
7.883380947733297228e-01
8.221877006634088492e-01
8.564449054729778021e-01
8.997275075067261429e-01
9.378788182431274656e-01
9.785639515808899347e-01
1.019905199804614027e+00
1.070370390367002988e+00
1.149865453026261530e+00
1.182500247379199898e+00
1.205447977051676611e+00
1.295303144637151460e+00
1.291324441792419897e+00
-2.071574206857929382e-02
1.740900853621101668e-02
5.188537888987173469e-02
8.210288432709399176e-02
1.080235093460884116e-01
1.299797546697097905e-01
1.503265364987076413e-01
1.669330948711538476e-01
1.820721038573867023e-01
1.967011124333857275e-01
2.126935424210262826e-01
2.314441029174310327e-01
2.534349352410056322e-01
2.728854447575694842e-01
2.947967814092419814e-01
3.165154938184360778e-01
3.386755777532023948e-01
3.618977440958812131e-01
3.869446243705744193e-01
4.147227211588783158e-01
4.443259027880531731e-01
4.768895692076842718e-01
5.120036104939292843e-01
5.473315728356722421e-01
5.875089205947493509e-01
6.292566515815384287e-01
6.760256541763948190e-01
7.237265085109028107e-01
7.744001649527757491e-01
8.292973387910407279e-01
8.857625307590951680e-01
9.445024123597992594e-01
1.008727886652384553e+00
1.076094046682474881e+00
1.136625455760931436e+00
1.212773373519912878e+00
1.284566077266973583e+00
1.359493981266231888e+00
1.430236353411510342e+00
1.513310843473861800e+00
1.594447800611733523e+00
1.593197426448274223e+00
1.041057986093567658e-03
4.289038972924469340e-02
7.983219967721985610e-02
1.116656959395184445e-01
1.389970140326358961e-01
1.623253891906770996e-01
1.822719566941859159e-01
1.999470579252186908e-01
2.157697084176431745e-01
2.308829988575925585e-01
2.472857028633785315e-01
2.674298808140050387e-01
2.879807835224977852e-01
3.087137766390037341e-01
3.273589343863303469e-01
3.480710990798882576e-01
3.709015048677686277e-01
3.953788198221542816e-01
4.195592531957206828e-01
4.462264017781630843e-01
4.746532533620627103e-01
5.043349118024641475e-01
5.380330425453946352e-01
5.742628297070268006e-01
6.119462381675752072e-01
6.524397475894201381e-01
6.983615660551097948e-01
7.450904134047566796e-01
7.941184254088743399e-01
8.457427986851557833e-01
8.976490803277821229e-01
9.610174635974439994e-01
1.018658897585517753e+00
1.082174775484666451e+00
1.147954430930820502e+00
1.220996697147368248e+00
1.282893886655331661e+00
1.365169635214382504e+00
1.437052595060992255e+00
1.519066326864926264e+00
1.592887041895441280e+00
1.574135485897695474e+00
