-1.510931963847186033e-01
-1.188151303964455480e-01
-9.011195869398366809e-02
-6.600430826876958756e-02
-4.551821197469316932e-02
-2.913079667282691618e-02
-1.435082184550440405e-02
-1.802583476893306058e-03
1.000721816458418657e-02
2.119343518816523692e-02
3.145290141349123963e-02
4.049948953447568556e-02
5.144195563497044876e-02
6.245035989561949913e-02
7.392353807762055973e-02
8.479426406910613168e-02
9.805157444771206432e-02
1.117865776714878634e-01
1.263100256975446256e-01
1.423706921763746303e-01
1.582780377348840251e-01
1.785165237335825661e-01
1.965906541173065292e-01
2.182649715674018220e-01
2.421884827665923279e-01
2.678965124404240061e-01
2.952129231184404401e-01
3.248172754538278806e-01
3.568973974531698956e-01
3.927954056257567661e-01
4.298055544964288766e-01
4.676495354489975109e-01
5.074416108104287115e-01
5.555551128027885754e-01
6.026458934835006165e-01
6.547558566077585906e-01
7.138776234563942724e-01
7.584304212714950699e-01
8.166846507288882950e-01
8.729262438953215852e-01
9.368348207220388302e-01
9.442067087918604162e-01
-2.382172010813711771e-01
-2.119179304734333524e-01
-1.892232743079264590e-01
-1.695884210002954751e-01
-1.537024834740699231e-01
-1.397584474654528786e-01
-1.275022554017012089e-01
-1.151491495576080770e-01
-1.059537933480051430e-01
-9.623737771889258330e-02
-8.594311664459110267e-02
-7.540751445240929940e-02
-6.585619901861879122e-02
-5.434631290843062318e-02
-4.181276416225620379e-02
-2.990103065676450594e-02
-1.620643123057136092e-02
-1.112348585868655872e-03
1.466751878559505347e-02
3.274766030463139438e-02
5.252080510014019155e-02
7.327833563583480148e-02
9.502281773199068582e-02
1.202678431635554046e-01
1.486057392729944748e-01
1.759493663478552128e-01
2.059861480588599247e-01
2.421238278577753922e-01
2.796372905767406936e-01
3.181718950137963353e-01
3.612139316530058042e-01
4.054197895270076346e-01
4.497282587588877778e-01
4.898910109639402766e-01
5.565075358653749360e-01
6.056616031421042656e-01
6.506493833067300558e-01
6.923833070070439799e-01
7.836041843412179242e-01
8.510931630689481109e-01
9.014970083909018550e-01
9.192800185222045339e-01
-1.545146799946799931e-01
-1.139858501011295072e-01
-7.911992799573265567e-02
-4.988620338373495056e-02
-2.513912385391055965e-02
-4.596929830033136440e-03
1.238477470489833358e-02
2.641497160120001922e-02
3.905106385934176833e-02
4.939441897538083409e-02
6.009696554330367507e-02
6.964405098074073763e-02
7.930066061139812161e-02
8.894542625988550999e-02
9.875617795565028167e-02
1.095414261315188487e-01
1.196418306165259321e-01
1.309975706461203593e-01
1.438497796152841401e-01
1.563325557990754844e-01
1.709947020363001835e-01
1.863586989408345940e-01
2.024351849368445921e-01
2.204728991136426508e-01
2.403020793761064533e-01
2.615899537623164184e-01
2.845288620302603988e-01
3.100429767069406983e-01
3.374183258585927714e-01
3.659229974136541941e-01
3.956277605067473613e-01
4.291609788386750446e-01
4.649989558793930500e-01
5.050298521402905028e-01
5.429865464536334230e-01
5.854392962649327403e-01
6.415420256775613561e-01
6.838297744622137131e-01
7.392459076380482053e-01
7.917015237861767529e-01
8.536830051205275272e-01
8.605688700575856442e-01
-1.232609723760708098e-01
-6.116367549685768068e-02
-5.871214454713007298e-03
4.255188743776931043e-02
8.472637848009267891e-02
1.203271028491613159e-01
1.497054964213044570e-01
1.747631846773549102e-01
1.936865902544896156e-01
2.094479886173643002e-01
2.243957862461807840e-01
2.351166819965403720e-01
2.458974401514581187e-01
2.552097691471029717e-01
2.646667377820940414e-01
2.752883144356016998e-01
2.839002322867495431e-01
2.942214531988173176e-01
3.034638977755181877e-01
3.140758845713743641e-01
3.263952650732548366e-01
3.370037620821009217e-01
3.500405156027172060e-01
3.645753826962980781e-01
3.793689799480985392e-01
3.980268588836866073e-01
4.136735324220713328e-01
4.334786070360437948e-01
4.537279739865840988e-01
4.772442873940623831e-01
5.023574633967988756e-01
5.310380121445479329e-01
5.587577557969203301e-01
5.922811532395774181e-01
6.285105154840779917e-01
6.632881023839324319e-01
6.952487060869311231e-01
7.367215038483215794e-01
7.751544360996105443e-01
8.382545187184955449e-01
8.708520157592674060e-01
8.841193317785520644e-01
-1.463547096832875372e-01
-9.192641529114924104e-02
-4.518990094792971896e-02
-4.695258105575072886e-03
2.974891856683682320e-02
5.869547676161597505e-02
8.367458359489915454e-02
1.047396934431174265e-01
1.229396452649915983e-01
1.391798761973161158e-01
1.543509251527283022e-01
1.677632177982272821e-01
1.814634139227060128e-01
1.947751177678275492e-01
2.079411998969802056e-01
2.219564412946521126e-01
2.361819217159647766e-01
2.520540681070621569e-01
2.676081510685479059e-01
2.846156926224127082e-01
3.036366103831922847e-01
3.236521682422069945e-01
3.440108703773045451e-01
3.679128772617651921e-01
3.943606095318800686e-01
4.214723025372875131e-01
4.496742889249795150e-01
4.825034184310790231e-01
5.178672811362727835e-01
5.551960543421191607e-01
5.943803943801105882e-01
6.343462567060909052e-01
6.768261634989907183e-01
7.255653648537334632e-01
7.768282582624514987e-01
8.292252710302155938e-01
8.894344922578295565e-01
9.362387027648855220e-01
1.003387281823422184e+00
1.065217340331655826e+00
1.157354000148774320e+00
1.129509435640546178e+00
2.831092330850805416e-02
7.144749553210769100e-02
1.088253870671005014e-01
1.409666068955403584e-01
1.678222408386485509e-01
1.907713738150939864e-01
2.086240656779909386e-01
2.243750615165119033e-01
2.366883817646153187e-01
2.475117366777829786e-01
2.567586244865151524e-01
2.650231202388826368e-01
2.725841491100423064e-01
2.800226278700193583e-01
2.881888405759627236e-01
2.954175449754875560e-01
3.035502626650171121e-01
3.120080078387234002e-01
3.215404378215270809e-01
3.311559042328544034e-01
3.422805248195138761e-01
3.544926005894364907e-01
3.667105237207538559e-01
3.800121444441237339e-01
3.951568365753079792e-01
4.126553902147360731e-01
4.298507519730938031e-01
4.525147639668605226e-01
4.729552726525107498e-01
4.948041577611475006e-01
5.207048813533792231e-01
5.460661587842734477e-01
5.738899542680369059e-01
6.111133810571692804e-01
6.429025508753960505e-01
6.690694389278911691e-01
7.167126684975172468e-01
7.556553672167228841e-01
8.045305984025464818e-01
8.414989979951671417e-01
8.866232493704636619e-01
9.134530262611755269e-01
-9.777022456688790053e-02
-6.374520236266108253e-02
-3.472819642229598575e-02
-1.028995061021790308e-02
8.519266234637850113e-03
2.407087854170928548e-02
3.559781964774546420e-02
4.506467283398144646e-02
5.340500236791962535e-02
5.910502758040236254e-02
6.510894285651351587e-02
7.000090380234504084e-02
7.469212982219898544e-02
8.015731097018409523e-02
8.466205602702608912e-02
8.979917303616419266e-02
9.427192942136912446e-02
1.015271223175051168e-01
1.069961627116886166e-01
1.126921197755484105e-01
1.208666522987593139e-01
1.274741156993784152e-01
1.355587826181733069e-01
1.444060610700299840e-01
1.552327663597255769e-01
1.662109870536858103e-01
1.800225960329670527e-01
1.913531893756422742e-01
2.055805534219019015e-01
2.211115608621297413e-01
2.381364671452845527e-01
2.546664829453794132e-01
2.745319205968715370e-01
2.982743591495494728e-01
3.202127758699626625e-01
3.434834317559302130e-01
3.704131552127609694e-01
3.974689781089403295e-01
4.249306144498775639e-01
4.703737346404254227e-01
5.021757573672573916e-01
4.949556292567320326e-01
-7.486640823111927190e-02
-3.169547571859882007e-02
5.699467462161487627e-03
3.688827690869205672e-02
6.298037473563529443e-02
8.458342675585366066e-02
1.022552858370033152e-01
1.177682949263724049e-01
1.294868732975683612e-01
1.396020566547710728e-01
1.486180769215370012e-01
1.571483911944951128e-01
1.649236075676945579e-01
1.729821895058689663e-01
1.799709472556985657e-01
1.868687900431844351e-01
1.938422613243672710e-01
2.008340886696668992e-01
2.077366689801481425e-01
2.163585859622532970e-01
2.232284806679832312e-01
2.316836265087504620e-01
2.393720640693872970e-01
2.478481126321430417e-01
2.579040615230145939e-01
2.669862333130246235e-01
2.788038847712002721e-01
2.902038418767885486e-01
3.030966552687263671e-01
3.153635879586367818e-01
3.277654480809010229e-01
3.394256015067834142e-01
3.610229519384969832e-01
3.741028384358143222e-01
3.915137807158474703e-01
4.137623179650369298e-01
4.219410322484635212e-01
4.582146778655921682e-01
4.681271729940723048e-01
5.171034850372087099e-01
5.156672398837729432e-01
5.389493064633071873e-01
-7.486640823111927190e-02
-3.169547571859882007e-02
5.699467462161487627e-03
3.688827690869205672e-02
6.298037473563529443e-02
8.458342675585366066e-02
1.022552858370033152e-01
1.177682949263724049e-01
1.294868732975683612e-01
1.396020566547710728e-01
1.486180769215370012e-01
1.571483911944951128e-01
1.649236075676945579e-01
1.729821895058689663e-01
1.799709472556985657e-01
1.868687900431844351e-01
1.938422613243672710e-01
2.008340886696668992e-01
2.077366689801481425e-01
2.163585859622532970e-01
2.232284806679832312e-01
2.316836265087504620e-01
2.393720640693872970e-01
2.478481126321430417e-01
2.579040615230145939e-01
2.669862333130246235e-01
2.788038847712002721e-01
2.902038418767885486e-01
3.030966552687263671e-01
3.153635879586367818e-01
3.277654480809010229e-01
3.394256015067834142e-01
3.610229519384969832e-01
3.741028384358143222e-01
3.915137807158474703e-01
4.137623179650369298e-01
4.219410322484635212e-01
4.582146778655921682e-01
4.681271729940723048e-01
5.171034850372087099e-01
5.156672398837729432e-01
5.389493064633071873e-01
1.263684666882899654e-01
1.622745810564222291e-01
1.950773108972697900e-01
2.238151196485231031e-01
2.493891603703643767e-01
2.714535873765939189e-01
2.905087356681301247e-01
3.075537973776261702e-01
3.226203149078182841e-01
3.361714427672005123e-01
3.490034565687202828e-01
3.600099236873565145e-01
3.713763789542252614e-01
3.832604786115781370e-01
3.947562805954459297e-01
4.070848357577676047e-01
4.194022070855036310e-01
4.334465921686532219e-01
4.475657664849299056e-01
4.622392267594220838e-01
4.782460671987999179e-01
4.948389035990452545e-01
5.136410305303376056e-01
5.343650282387133466e-01
5.544188918928550924e-01
5.795641081610417578e-01
6.036173984336830056e-01
6.326657844697707311e-01
6.604252710500057022e-01
6.923683150813292331e-01
7.252384441780452828e-01
7.608671059979409401e-01
7.984261904632420359e-01
8.366177666109364530e-01
8.853544341272172602e-01
9.249555348557395584e-01
9.766887524579820345e-01
1.040562785081311725e+00
1.072962717299325464e+00
1.128796543960155052e+00
1.186037642052334862e+00
1.202627247273678979e+00
-5.535474461361523935e-02
-1.149432995356183818e-02
2.770831325399656514e-02
6.171252551553421672e-02
9.094370374150442804e-02
1.156437896699409607e-01
1.362098917621569205e-01
1.538209596629044607e-01
1.687934924963709615e-01
1.818007278218464751e-01
1.939423061259852588e-01
2.045893098801516707e-01
2.146796325057429289e-01
2.250067212721463261e-01
2.355196094299192577e-01
2.456976970643688918e-01
2.566696486872331318e-01
2.677136713431669812e-01
2.793840130643080455e-01
2.915098178550996066e-01
3.048985642264675500e-01
3.202979509997272434e-01
3.353997233980920978e-01
3.514812905380945152e-01
3.691815208053010333e-01
3.882291254562090232e-01
4.104195310400597374e-01
4.330646328867753247e-01
4.586680597648986057e-01
4.860172420508762636e-01
5.111069506188814504e-01
5.420357619127449400e-01
5.747776125638741629e-01
6.107144465074749728e-01
6.508536910704921796e-01
6.949165510197984341e-01
7.353321737703396588e-01
7.711084640904528609e-01
8.289153077100562816e-01
8.813395699834121189e-01
9.303103576390230334e-01
9.268662170679946577e-01
-3.227048170972597607e-02
5.351252096273834830e-02
1.319008320032991899e-01
1.975258996635170239e-01
2.490686613648783465e-01
2.927654038516277479e-01
3.298532937238162766e-01
3.615578614405224878e-01
3.867503733510986308e-01
4.066117053996684549e-01
4.227900353004920841e-01
4.376681341478614873e-01
4.502044445335058320e-01
4.624234557948262991e-01
4.728003152312846291e-01
4.834146858819555193e-01
4.933729962354743148e-01
5.044504726034834130e-01
5.157546611908557788e-01
5.267307414675779231e-01
5.387797737405752851e-01
5.517414630150050403e-01
5.642149684858087655e-01
5.797767392813799603e-01
5.949712239878950371e-01
6.131173938817370273e-01
6.309015773107357061e-01
6.539752368120573811e-01
6.745157714709540953e-01
6.959866004291664909e-01
7.242799666992169039e-01
7.570975385982166017e-01
7.761088906486979244e-01
8.179373681756874070e-01
8.491220014754881085e-01
8.860375817469071658e-01
9.252765005885396077e-01
9.541759125128715935e-01
1.040293715274521524e+00
1.073076513140031496e+00
1.132695046833319008e+00
1.118076149087941173e+00
8.123565888563009929e-02
1.433864472577183191e-01
1.977518220661000636e-01
2.452905286068328417e-01
2.851475738395374826e-01
3.185474703979788713e-01
3.464097029075326462e-01
3.686010999748061678e-01
3.868305792569531887e-01
4.021168802530608044e-01
4.153874006521171003e-01
4.256352832799950026e-01
4.355832013485224641e-01
4.439104250414959707e-01
4.523385438459995300e-01
4.600193493863842242e-01
4.670321171407849636e-01
4.747056625407494734e-01
4.820141450229015190e-01
4.895689858183134846e-01
4.983946471185920490e-01
5.047602956820080866e-01
5.170427458428463741e-01
5.250461034363488322e-01
5.328167804611600999e-01
5.433452735699793035e-01
5.533222064539716767e-01
5.650942307835359335e-01
5.773090819808476271e-01
5.915654271649170015e-01
6.035319238998826386e-01
6.206585602672457513e-01
6.334977442198067576e-01
6.503502703730547063e-01
6.667472350093344158e-01
6.852301339817207237e-01
7.052520207768155913e-01
7.340048954714903928e-01
7.552618394374899236e-01
7.623341419270135422e-01
7.894841132012841989e-01
8.326679120176885274e-01
-2.733029400420856070e-01
-2.516638728093714139e-01
-2.308819985482644110e-01
-2.115282945345683119e-01
-1.932835966082534773e-01
-1.768382361468893993e-01
-1.607551892713246500e-01
-1.451373248030989604e-01
-1.295030415873305030e-01
-1.145986322041762373e-01
-9.886656736189947114e-02
-8.287538717614385819e-02
-6.678562390323643239e-02
-4.951977104884414116e-02
-3.179733185715036270e-02
-1.331558113324776520e-02
6.029388946726631227e-03
2.818070007457781911e-02
5.141109195021423273e-02
7.512340904017542065e-02
1.011694631629750513e-01
1.283895745363552998e-01
1.585464251079940767e-01
1.906173979642411254e-01
2.249084084094550851e-01
2.600904774328659519e-01
2.992457280349395399e-01
3.431229093854124557e-01
3.863294952174080588e-01
4.312994194693514083e-01
4.830735416070453536e-01
5.326894210011571262e-01
5.850239593950470329e-01
6.419517699685930445e-01
6.922598286683707691e-01
7.570253536798032812e-01
8.216438626947966117e-01
8.944500971835206427e-01
9.677435518882462340e-01
1.029623182476236076e+00
1.107583031191321732e+00
1.158106062023636529e+00
-1.906219592400669807e-02
1.967282805969421816e-02
5.346644482432319490e-02
8.180081144395759396e-02
1.057587684934140071e-01
1.259722125714723695e-01
1.414842647333274250e-01
1.548772044947364923e-01
1.661665559809751835e-01
1.762359997608714257e-01
1.846999463121903606e-01
1.922746658290287736e-01
2.001196780753126125e-01
2.077232096211744927e-01
2.152355955986803571e-01
2.228360807001229238e-01
2.317269305027588322e-01
2.407239293188457308e-01
2.499097726675705289e-01
2.597921088973805248e-01
2.708255167462133572e-01
2.842479532930091146e-01
2.941861592308149809e-01
3.104596436590600361e-01
3.276898939239804021e-01
3.437551032824774366e-01
3.600592096328470992e-01
3.827750444997271573e-01
4.036283315527109394e-01
4.284118114688345580e-01
4.545765812724597565e-01
4.828807265513596625e-01
5.102231913835102439e-01
5.441983131555027109e-01
5.778018994447619017e-01
6.132084103248923723e-01
6.546481356175990474e-01
6.964070680296688964e-01
7.392938003943102521e-01
7.906847844399365055e-01
8.188017109300415042e-01
8.446231586515708933e-01
-2.110175596637399453e-01
-1.795715971823606538e-01
-1.516285791964497864e-01
-1.280898000001853554e-01
-1.071732819997016084e-01
-8.964511203146512119e-02
-7.406811449562349103e-02
-6.092525304535501701e-02
-4.874021424203879571e-02
-3.731109951494458732e-02
-2.648053395143982330e-02
-1.585381786481844871e-02
-4.893957937190601161e-03
5.615447414310437493e-03
1.708950163626129712e-02
2.880907358734136406e-02
4.090738613871760382e-02
5.450983033035473185e-02
6.911840735774675559e-02
8.419722190162376441e-02
9.985321988438150553e-02
1.184581805378328995e-01
1.369392443499926892e-01
1.588568238141453981e-01
1.806877421875523193e-01
2.043506403364128976e-01
2.295193033634356228e-01
2.582564497402302650e-01
2.902261041412836917e-01
3.213726297703905499e-01
3.574030822777865546e-01
3.936050325732084465e-01
4.319480599820186284e-01
4.726387205475481301e-01
5.186573649757355575e-01
5.623362917333373234e-01
6.174171267094744620e-01
6.738812667696728598e-01
7.206879935141734528e-01
7.898576980563827288e-01
8.460867948228700808e-01
8.447855457978400429e-01
-2.830914282935919069e-01
-2.602908229270138873e-01
-2.361199764755066988e-01
-2.135651888867390324e-01
-1.920234607664857152e-01
-1.721243453824631009e-01
-1.528785258052217655e-01
-1.345975134864231537e-01
-1.163186956187251542e-01
-9.812937635659468860e-02
-7.960428112211251350e-02
-6.093924487766624182e-02
-4.077872293852754376e-02
-2.031735163991142332e-02
1.032392806235115593e-03
2.435018609741403106e-02
4.947774615605633058e-02
7.550681466890619975e-02
1.038686892864482680e-01
1.349417107353596268e-01
1.662435669516148240e-01
2.017083936959355450e-01
2.367437793596593176e-01
2.777192063644253750e-01
3.196639306881441933e-01
3.634653102383481049e-01
4.076457970625558258e-01
4.594482789526872502e-01
5.107741607182160193e-01
5.669981184448545930e-01
6.251930550252227103e-01
6.804905261569523800e-01
7.401383776981028673e-01
8.094977643374127174e-01
8.682181622787896735e-01
9.438159133684548285e-01
1.011946640973354627e+00
1.086046456047294662e+00
1.177974901579892153e+00
1.230888103070201245e+00
1.307363375989040399e+00
1.300173591699485431e+00
2.122846225161637013e-03
4.110832660620663409e-02
7.537539943773381712e-02
1.053023549447869994e-01
1.297736501200095760e-01
1.509037373881572663e-01
1.681319802656610352e-01
1.831188823172386071e-01
1.947446095293368373e-01
2.052070715112875865e-01
2.139107020102226087e-01
2.227736798261475137e-01
2.302598343877611808e-01
2.385027508053856604e-01
2.460231572030880109e-01
2.526030577592681681e-01
2.594911458190076736e-01
2.686598623668313146e-01
2.753919852891442699e-01
2.839566994348187712e-01
2.920965052981755461e-01
3.018240282474424219e-01
3.107973606589171656e-01
3.213270410758077844e-01
3.313503517547475297e-01
3.420020011209946587e-01
3.566395578668272726e-01
3.653719079235536737e-01
3.836179145190153905e-01
4.012557518214087682e-01
4.154691627655794361e-01
4.293630164953508022e-01
4.502860679791343412e-01
4.738882333160726601e-01
5.003668534068907991e-01
5.162020886332308045e-01
5.290734291738220518e-01
5.725219357006866572e-01
5.888731382996390540e-01
6.396358768118476368e-01
6.626303569858787990e-01
7.171885182025858896e-01
1.472186056614100957e-01
1.788762713410909644e-01
2.103024642805858546e-01
2.393470361492135434e-01
2.644565474815968598e-01
2.878330696383256671e-01
3.078809559882531577e-01
3.270849870123128666e-01
3.436862171670616029e-01
3.590781258559908595e-01
3.732854092604415697e-01
3.876638437694249206e-01
4.007537878967109002e-01
4.157660467024623663e-01
4.295568842602550674e-01
4.443102905122573443e-01
4.604212098468660197e-01
4.781392051752547667e-01
4.970126263523394483e-01
5.156539926959174958e-01
5.370353995069913067e-01
5.587157687245936089e-01
5.832180503193918897e-01
6.111963134251601204e-01
6.389173501082944240e-01
6.707068142470261618e-01
7.030074889585767872e-01
7.393460410147074668e-01
7.758309975748185483e-01
8.143428369917529164e-01
8.592361977398471629e-01
9.066108335910829652e-01
9.536920544004116040e-01
1.004562103992181488e+00
1.057974031960808414e+00
1.112906490253314118e+00
1.169695002322575395e+00
1.223005038056573568e+00
1.280896918228884074e+00
1.353341020371231052e+00
1.412710803660154779e+00
1.452866989843347723e+00
1.434176636173751795e-01
2.035740572317850106e-01
2.563280046716406857e-01
3.028415630546945070e-01
3.406027322567475868e-01
3.725474843268405944e-01
3.984920802099100601e-01
4.207872122041340646e-01
4.395332126202203815e-01
4.547046440695088898e-01
4.673801706509649878e-01
4.800759644096684320e-01
4.904402929897057062e-01
5.019228818908696432e-01
5.118900423810468503e-01
5.225407326694551102e-01
5.330166594942559177e-01
5.446372174088723872e-01
5.566485920417444389e-01
5.707425293787000697e-01
5.845912707958718091e-01
6.002212099752366470e-01
6.161834353651445273e-01
6.349556374171992923e-01
6.569257363418975482e-01
6.791306939054929659e-01
7.029386393883469974e-01
7.303881643562167847e-01
7.584561738032131739e-01
7.883380947733297228e-01
8.221863926046285576e-01
8.564473231494732497e-01
8.997269604188666836e-01
9.378803214750719430e-01
9.785662329167301721e-01
1.019884457381593723e+00
1.070385163293118502e+00
1.149874679494684804e+00
1.182500247379199898e+00
1.205456095135473804e+00
1.295307545207438515e+00
1.291335544382936185e+00
-1.212559439686977797e-01
-7.633536516841921138e-02
-3.865722839400119459e-02
-7.162494314640064155e-03
1.791773080340543917e-02
3.868373196948958481e-02
5.522538385381958043e-02
6.767331464180956213e-02
7.838430874818995420e-02
8.628862902168223104e-02
9.424746005877407407e-02
1.011453793675239216e-01
1.072710380156170623e-01
1.132579627707138992e-01
1.194109667592856833e-01
1.262061111813062020e-01
1.317180852351968467e-01
1.384921671499758367e-01
1.443936031806425935e-01
1.517772890311622769e-01
1.585705416932585154e-01
1.669833609495832705e-01
1.764009453444563558e-01
1.875404610460936761e-01
1.964249139491952845e-01
2.074512412172515030e-01
2.202598029826648152e-01
2.349043315951510613e-01
2.468726416614724917e-01
2.633827548923924899e-01
2.806739592619275081e-01
2.991039781180471757e-01
3.237078186154847548e-01
3.432431167655042858e-01
3.633242349975711605e-01
3.883072826185742787e-01
4.189290725135089710e-01
4.342654305603044773e-01
4.868638485670725435e-01
5.293764492243400177e-01
5.268701879617746497e-01
5.704436945887594312e-01
