2.000165000555002681e+00
1.900164957130761723e+00
1.800162861907199874e+00
1.700172203161024465e+00
1.600173232237461107e+00
1.500151364533656606e+00
1.400140639757696981e+00
1.300184470356504640e+00
1.200141593185703126e+00
1.100084367977455013e+00
1.000286539810316677e+00
9.001031940886544680e-01
8.002055190546507601e-01
7.000673817773817031e-01
6.001077995067097826e-01
5.002831411311753351e-01
3.995733549842616084e-01
3.003149929901837711e-01
1.998100089538067670e-01
1.006944217920645174e-01
1.997295274052388915e-04
-1.000564466713225048e-01
-1.994650612316606342e-01
-2.996476671184808982e-01
-4.004717102544437246e-01
-4.998939429080311303e-01
-6.013327230570061355e-01
-6.997285101959432874e-01
-8.001187201837162144e-01
-9.004471113499452617e-01
-1.000903402894421257e+00
-1.099284482968156951e+00
-1.196693137991322153e+00
-1.298704073821898675e+00
-1.398859514221507450e+00
-1.497876172607953027e+00
-1.600757326329016239e+00
-1.702270120322372904e+00
-1.797871473536326370e+00
-1.897305658635730641e+00
-2.008603342123207458e+00
-1.994986886204507703e+00
