-1.149749457836151123e-01
-5.544671416282653809e-02
-3.404943272471427917e-03
4.185965657234191895e-02
8.108356595039367676e-02
1.149895489215850830e-01
1.442596018314361572e-01
1.695465147495269775e-01
1.915068924427032471e-01
2.106979191303253174e-01
2.276133596897125244e-01
2.428524792194366455e-01
2.567667067050933838e-01
2.698494493961334229e-01
2.824313938617706299e-01
2.948738634586334229e-01
3.076346218585968018e-01
3.207171261310577393e-01
3.347578346729278564e-01
3.496448099613189697e-01
3.660384714603424072e-01
3.839255869388580322e-01
4.033834040164947510e-01
4.249265491962432861e-01
4.487551748752593994e-01
4.745333492755889893e-01
5.033327937126159668e-01
5.338209271430969238e-01
5.676519274711608887e-01
6.043295264244079590e-01
6.440302729606628418e-01
6.858803629875183105e-01
7.302760481834411621e-01
7.799749970436096191e-01
8.319854140281677246e-01
8.865378499031066895e-01
9.464918971061706543e-01
1.008862853050231934e+00
1.070440530776977539e+00
1.137298703193664551e+00
1.215356230735778809e+00
1.205630898475646973e+00
