-2.147210240364074707e-01
-1.541871428489685059e-01
-9.525090456008911133e-02
-3.887206315994262695e-02
1.409834623336791992e-02
6.302171945571899414e-02
1.075652837753295898e-01
1.477822661399841309e-01
1.841610670089721680e-01
2.173604369163513184e-01
2.480942010879516602e-01
2.772994041442871094e-01
3.053581118583679199e-01
3.327985405921936035e-01
3.596959710121154785e-01
3.861275315284729004e-01
4.123545289039611816e-01
4.377611875534057617e-01
4.630568623542785645e-01
4.876483678817749023e-01
5.123482346534729004e-01
5.369329452514648438e-01
5.614723563194274902e-01
5.866159200668334961e-01
6.126098036766052246e-01
6.391934752464294434e-01
6.675705909729003906e-01
6.965665817260742188e-01
7.278966903686523438e-01
7.612069249153137207e-01
7.967851161956787109e-01
8.339781761169433594e-01
8.732594251632690430e-01
9.171672463417053223e-01
9.631561040878295898e-01
1.011517047882080078e+00
1.064876914024353027e+00
1.120653748512268066e+00
1.176005840301513672e+00
1.236424922943115234e+00
1.307369709014892578e+00
1.298508524894714355e+00
