2.000165000555002681e+00
1.900175341204491497e+00
1.800170430416523804e+00
1.700169604589577332e+00
1.600174322699455587e+00
1.500169211622085497e+00
1.400189032196156536e+00
1.300158361121844131e+00
1.200158028792800868e+00
1.100163688966043996e+00
1.000169341828431646e+00
9.001491072763647683e-01
8.001738706044327909e-01
7.001592101483024022e-01
6.001808654139242361e-01
5.001884307432952204e-01
4.002667944628154895e-01
3.000843764317397411e-01
2.001772028816484472e-01
1.000602239311525338e-01
-2.011249091314098374e-04
-9.999138050996193849e-02
-1.995001232634792399e-01
-2.993395414318283376e-01
-3.997384492109827825e-01
-4.996729422202774717e-01
-6.000979446428823527e-01
-7.008393163631632117e-01
-8.006645144593937946e-01
-9.008755289450565140e-01
-9.985432165687253558e-01
-1.098153874797731300e+00
-1.196008539341905097e+00
-1.303228739309923556e+00
-1.397028946540814331e+00
-1.503754143056690085e+00
-1.604249132106453368e+00
-1.711299271382502596e+00
-1.804258050012801373e+00
-1.890826578574527739e+00
-1.993102017521148461e+00
-2.001676132652305817e+00
