2.407314140791065871e-01
3.205596042128279755e-01
3.958783040263726960e-01
4.633329702340291401e-01
5.224311914341585039e-01
5.732082241145974866e-01
6.156407827808560995e-01
6.514379367586261571e-01
6.818994183453095381e-01
7.048417477888834215e-01
7.237371743695107940e-01
7.386854470888939428e-01
7.508530708877696469e-01
7.610410631158477379e-01
7.694718560829116871e-01
7.770830209266749167e-01
7.839114365031401022e-01
7.898901072511097521e-01
7.960425867670024580e-01
8.031961874497292042e-01
8.094297435068231739e-01
8.150794183993632647e-01
8.222635613325203208e-01
8.307791519590392859e-01
8.405527110793713508e-01
8.470325397914565402e-01
8.589334157545887027e-01
8.682469858519075157e-01
8.805249191078805548e-01
8.920717737907950529e-01
9.055147118245389093e-01
9.200006416520568608e-01
9.365986829768140343e-01
9.550033056609721349e-01
9.723213503391138213e-01
9.960596306227083030e-01
1.018076063645795060e+00
1.042575512440190533e+00
1.062115478216848707e+00
1.085633025518093708e+00
1.111763075525228128e+00
1.125715428798594431e+00
