8.370299637317657471e-02
1.704954653978347778e-01
2.535533607006072998e-01
3.307305276393890381e-01
4.004429280757904053e-01
4.617738425731658936e-01
5.145866274833679199e-01
5.593944787979125977e-01
5.971968770027160645e-01
6.291854381561279297e-01
6.566333770751953125e-01
6.807188987731933594e-01
7.023796439170837402e-01
7.224439382553100586e-01
7.414753437042236328e-01
7.598855495452880859e-01
7.780638933181762695e-01
7.961302995681762695e-01
8.143085837364196777e-01
8.328422307968139648e-01
8.516160249710083008e-01
8.707538843154907227e-01
8.905913233757019043e-01
9.111766815185546875e-01
9.326409697532653809e-01
9.544172286987304688e-01
9.779419898986816406e-01
1.001739978790283203e+00
1.027141571044921875e+00
1.053407907485961914e+00
1.081084370613098145e+00
1.109845757484436035e+00
1.139964699745178223e+00
1.171629428863525391e+00
1.204690694808959961e+00
1.238851904869079590e+00
1.275354981422424316e+00
1.310215592384338379e+00
1.346814274787902832e+00
1.383285522460937500e+00
1.424601197242736816e+00
1.424887299537658691e+00
