2.435528039932250977e-01
3.044067323207855225e-01
3.581526577472686768e-01
4.044717550277709961e-01
4.435893893241882324e-01
4.760765731334686279e-01
5.027166604995727539e-01
5.243772268295288086e-01
5.419281721115112305e-01
5.561642646789550781e-01
5.678130984306335449e-01
5.775169730186462402e-01
5.858010053634643555e-01
5.931454896926879883e-01
5.999255180358886719e-01
6.064586043357849121e-01
6.130388975143432617e-01
6.198486089706420898e-01
6.270876526832580566e-01
6.349499225616455078e-01
6.434553861618041992e-01
6.526974439620971680e-01
6.628643274307250977e-01
6.739978790283203125e-01
6.861654520034790039e-01
6.990112066268920898e-01
7.133563756942749023e-01
7.282705903053283691e-01
7.445412278175354004e-01
7.616629600524902344e-01
7.799609899520874023e-01
7.991929054260253906e-01
8.195269107818603516e-01
8.410891294479370117e-01
8.637881875038146973e-01
8.874416947364807129e-01
9.129545688629150391e-01
9.375724196434020996e-01
9.637183547019958496e-01
9.901193976402282715e-01
1.020501613616943359e+00
1.020713806152343750e+00
