2.000169341828431868e+00
1.900169875933478192e+00
1.800179374848406066e+00
1.700175667898767840e+00
1.600165598926834409e+00
1.500171957262902867e+00
1.400164836650959144e+00
1.300162712769959539e+00
1.200179941968094521e+00
1.100205068079209925e+00
1.000243136837903446e+00
9.001873645586334627e-01
8.002213424149295928e-01
7.003315524955250337e-01
6.003051582647637163e-01
5.001898035051226543e-01
4.002149544988139462e-01
3.001191943265160145e-01
2.001963761239978490e-01
1.002671293576021111e-01
2.778595628392006313e-04
-1.000958191666837249e-01
-1.990960503783774649e-01
-2.997204028199936809e-01
-4.007524665577598122e-01
-4.993875922013696345e-01
-5.996347266500610118e-01
-7.000701616618277834e-01
-7.996447924223722969e-01
-8.999949675012298700e-01
-9.979290180894460072e-01
-1.101520000780236819e+00
-1.198449491700502634e+00
-1.299872840945165198e+00
-1.399864935657399556e+00
-1.499231277942672413e+00
-1.605635887372871329e+00
-1.698835393910167024e+00
-1.791464592441188719e+00
-1.898895910246454655e+00
-2.000136824312760186e+00
-1.993559631089804718e+00
2.000169341828431868e+00
1.900169875933478192e+00
1.800170430416523804e+00
1.700173935533351166e+00
1.600176503615230450e+00
1.500170584444664001e+00
1.400164836650959144e+00
1.300190997419918837e+00
1.200185420089161070e+00
1.100136100700128017e+00
1.000156317877955114e+00
9.001966551043095732e-01
8.000293592441343193e-01
7.001929911728786982e-01
6.001634179562983507e-01
5.000332807015575032e-01
4.001890321961565911e-01
3.002388595544787098e-01
2.002155485199239304e-01
1.003326288648378056e-01
-9.512090765640328165e-05
-9.984050827092977309e-02
-1.998295695834761132e-01
-2.997940168249892956e-01
-3.998125919701725484e-01
-5.007969580924188646e-01
-6.004335676981630288e-01
-7.000962862095921890e-01
-7.995818236168698023e-01
-8.982907223129960039e-01
-9.991192758346227887e-01
-1.100995249088231098e+00
-1.199363328613708646e+00
-1.301361054208522106e+00
-1.401150424453001309e+00
-1.503439797642275311e+00
-1.595210740996157783e+00
-1.697206013086779208e+00
-1.791451158229389495e+00
-1.908818598259373056e+00
-1.991199758244302176e+00
-1.995975423840482321e+00
2.000173683058465102e+00
1.900161131356799649e+00
1.800176622735139453e+00
1.700181731123307616e+00
1.600164508442935452e+00
1.500147245870632418e+00
1.400176934592056499e+00
1.300177943194993135e+00
1.200149811067001471e+00
1.100198171834131822e+00
1.000191047544659151e+00
9.001966551043095732e-01
8.001594216320859765e-01
7.000959719366195433e-01
6.001514224225684702e-01
5.001705844446640015e-01
4.000714983474967235e-01
3.000604375097533638e-01
1.999470579252186908e-01
1.004635982512053077e-01
5.645461317705211424e-05
-9.911148478007281160e-02
-1.998226892349088957e-01
-3.000322653061874845e-01
-3.982462942601396327e-01
-5.004819952937493710e-01
-5.991823563078507719e-01
-7.003292995987436820e-01
-7.982342915339744049e-01
-9.033332600246178901e-01
-9.944591554346974283e-01
-1.098067319823341048e+00
-1.198166324945747707e+00
-1.299208048716802510e+00
-1.402071279086108513e+00
-1.495113392552112508e+00
-1.605982830947801476e+00
-1.710029980825098050e+00
-1.807652816018045838e+00
-1.930379996281558208e+00
-1.983560044896431229e+00
-2.024269113851455693e+00
2.000169341828431868e+00
1.900168236338762640e+00
1.800169054333730090e+00
1.700167006002581749e+00
1.600164508442935452e+00
1.500177448492463483e+00
1.400194216780470180e+00
1.300175767452689257e+00
1.200125156956586281e+00
1.100163688966043996e+00
1.000156317877955114e+00
9.001638640559257443e-01
8.002192785310660028e-01
7.002397605617459719e-01
6.002953469644749518e-01
5.001884307432952204e-01
4.001682932399469039e-01
3.001627127699594832e-01
1.999223923018610682e-01
1.003360759336959923e-01
-4.075593992799242198e-04
-9.952308246611427101e-02
-2.001275932686043812e-01
-2.999941367650558188e-01
-4.001322048853221403e-01
-4.989914312638828453e-01
-5.998749160999020669e-01
-6.997328607542394607e-01
-8.009994614801069224e-01
-8.997156329721937018e-01
-9.999478877888416939e-01
-1.097365718348230379e+00
-1.202548944458410096e+00
-1.298022952018172083e+00
-1.400328670816308518e+00
-1.495443510415768174e+00
-1.600130803487311404e+00
-1.684187036129114468e+00
-1.774863953595902766e+00
-1.890566579615549525e+00
-1.997048165984852020e+00
-1.960034934245841409e+00
2.000173683058465102e+00
1.900168236338762640e+00
1.800175934704097758e+00
1.700182597291331810e+00
1.600184136734196239e+00
1.500155483157621372e+00
1.400157923390448422e+00
1.300138778165711662e+00
1.200144332496747124e+00
1.100053325385664582e+00
1.000138952003074122e+00
9.001534797077680450e-01
8.002309737432766745e-01
7.001938573184457448e-01
6.001884984562287917e-01
5.001348896471972116e-01
4.003445428083037827e-01
3.002410349807254630e-01
2.002456748607239490e-01
1.009423342914393396e-01
-2.780374498954194971e-04
-9.931341368063338615e-02
-2.006635867040371668e-01
-2.995645555162028684e-01
-4.007535593492999593e-01
-4.991874103670334017e-01
-5.997211104359059242e-01
-7.001202350923033668e-01
-7.995818236168698023e-01
-8.998811428560664627e-01
-1.001771621422990810e+00
-1.097637522401547328e+00
-1.199065828745384810e+00
-1.298008288139699484e+00
-1.397747875870043455e+00
-1.500121924786747662e+00
-1.604547793354685448e+00
-1.699745912690624916e+00
-1.805202695768386434e+00
-1.900892812715376579e+00
-2.000584519255535820e+00
-1.989390549200189762e+00
2.000169341828431868e+00
1.900173701630408996e+00
1.800175246671966267e+00
1.700168738395639867e+00
1.600164508442935452e+00
1.500163720288376190e+00
1.400175206335389833e+00
1.300143130010052328e+00
1.200163507190282086e+00
1.100132652043660730e+00
1.000234455722878391e+00
9.001447348009397054e-01
8.002584906473827475e-01
7.001271590548349133e-01
6.000347213047843020e-01
5.002007854435346346e-01
4.003980946838984756e-01
3.001278983640726095e-01
1.999169108619782975e-01
9.994293375239389488e-02
4.557699686167853239e-04
-9.912239745574578931e-02
-2.004657846077314287e-01
-2.995645555162028684e-01
-3.991969368620715830e-01
-5.004380012089396645e-01
-5.991116081477784183e-01
-6.996523824797260538e-01
-7.998173189627347801e-01
-8.989475277848045787e-01
-9.984609847279272143e-01
-1.099938350597422509e+00
-1.199008825480538887e+00
-1.300177877807620952e+00
-1.394931024190354529e+00
-1.500132914888619995e+00
-1.605173726659710365e+00
-1.696968184481054909e+00
-1.802625699532652170e+00
-1.897833951580068623e+00
-2.013838945790277890e+00
-1.987301940481730922e+00
2.000169341828431868e+00
1.900174794680485002e+00
1.800175934704097758e+00
1.700171336972269742e+00
1.600174322699455587e+00
1.500158228885231981e+00
1.400163108346148322e+00
1.300164888577665767e+00
1.200163507190282086e+00
1.100153343571698583e+00
1.000199729527405212e+00
9.001299773713653529e-01
8.000789114134732039e-01
7.001531466093348088e-01
6.001077995067097826e-01
5.001637202883761901e-01
3.997706050601107508e-01
3.001866460552089499e-01
2.001251569565861976e-01
9.979109942532936317e-02
-9.772725315655836006e-05
-1.001461336613044539e-01
-1.996933589652608587e-01
-2.992478383638133010e-01
-4.002675385575605316e-01
-5.003596477829118649e-01
-5.998697307521254629e-01
-6.989417761121023975e-01
-7.998803219246873875e-01
-8.989062332633412922e-01
-9.990586020220638686e-01
-1.101507930399822310e+00
-1.201327951061587074e+00
-1.298445829699995224e+00
-1.397695786706957044e+00
-1.499502807140775218e+00
-1.598463332681340665e+00
-1.702305130306926539e+00
-1.805158326240792421e+00
-1.900243415780638490e+00
-1.996647193174911239e+00
-1.995472277869207112e+00
2.000169341828431868e+00
1.900177527293639423e+00
1.800177310765091132e+00
1.700183463457628497e+00
1.600165598926834409e+00
1.500176075691582289e+00
1.400190760397804768e+00
1.300143130010052328e+00
1.200190898141128226e+00
1.100105061806011975e+00
1.000147635027314408e+00
9.001775272936395345e-01
8.002289099051833610e-01
7.000656489799659266e-01
6.002408357040510678e-01
5.001060570919688697e-01
4.000058038104589153e-01
3.000778477656974585e-01
2.002319813285189931e-01
1.000257301078625594e-01
2.604985473903181437e-04
-1.002637391812496170e-01
-2.003548618880435783e-01
-2.990480619386503558e-01
-3.987920611410256111e-01
-5.001590174952400547e-01
-5.999475174702347813e-01
-6.997067580581666224e-01
-7.995955117110058463e-01
-8.988855874749366315e-01
-1.000026492771433961e+00
-1.100876897488000328e+00
-1.200386551202890395e+00
-1.299234863078358337e+00
-1.398238688811412445e+00
-1.508149649650846413e+00
-1.604984802574507263e+00
-1.706989001395953220e+00
-1.794332887931734399e+00
-1.900782208469486978e+00
-1.999717800291735514e+00
-1.996746324042012466e+00
2.000169341828431868e+00
1.900176434250441027e+00
1.800165614107669398e+00
1.700167872199974672e+00
1.600176503615230450e+00
1.500180194081207175e+00
1.400199401302891333e+00
1.300193173085924414e+00
1.200136114511779706e+00
1.100132652043660730e+00
1.000238796302081790e+00
9.001911901015108297e-01
8.001800628739975663e-01
7.001358217457868127e-01
6.000489016189288760e-01
5.001856852066228765e-01
3.999158899163027248e-01
3.002606133265993682e-01
2.002429361888238557e-01
9.989807913495465930e-02
-4.088635079357063316e-04
-1.002976592481313045e-01
-2.001351669734556249e-01
-3.000842641666306987e-01
-4.007699515523784894e-01
-4.997717609253052862e-01
-5.999596188786811002e-01
-6.989852049088970398e-01
-7.999899140677185772e-01
-9.008167692705416618e-01
-1.000899921317776053e+00
-1.097645135363789937e+00
-1.204442522620944533e+00
-1.296915928718170186e+00
-1.403661358992975616e+00
-1.502586535313793714e+00
-1.603047831002134327e+00
-1.714782608784498175e+00
-1.801595867028791709e+00
-1.888330945780225090e+00
-1.998699066979581884e+00
-2.004885393307338504e+00
2.000173683058465102e+00
1.900185725029941652e+00
1.800177998793952794e+00
1.700164407400037714e+00
1.600172141772728596e+00
1.500165093128313032e+00
1.400185575772228574e+00
1.300169240160376605e+00
1.200158028792800868e+00
1.100125754648569654e+00
1.000138952003074122e+00
9.001245115294487231e-01
8.000981801747756306e-01
7.002137781897380675e-01
6.000467200622736641e-01
5.000950727578838961e-01
4.000300082171174831e-01
3.002366841173350620e-01
2.001744637779269975e-01
1.005979731440373032e-01
0.000000000000000000e+00
-1.006572654149710810e-01
-1.989566362811968081e-01
-2.998737072237638857e-01
-3.996337986243427842e-01
-4.991709611684718162e-01
-5.980569301261617898e-01
-7.006430851820748540e-01
-8.026780824646162493e-01
-8.994881598239736764e-01
-1.000457987785910330e+00
-1.100046057302494384e+00
-1.199077505036102220e+00
-1.302073555193494991e+00
-1.402433147312484696e+00
-1.505407156785531830e+00
-1.597656066440497513e+00
-1.701184025708709635e+00
-1.801326421163196967e+00
-1.890357342869319668e+00
-1.977019316720418418e+00
-1.992952435437011394e+00
2.000173683058465102e+00
1.900174794680485002e+00
1.800175246671966267e+00
1.700176534078884583e+00
1.600167779886418229e+00
1.500154110287306386e+00
1.400173478071845556e+00
1.300149657694800398e+00
1.200182681037265331e+00
1.100136100700128017e+00
1.000264838866316452e+00
9.001939226115064363e-01
8.001855670394910636e-01
6.999192026177674109e-01
6.001383360078857976e-01
5.002447104204073014e-01
4.000421099145990977e-01
3.000734952671440525e-01
2.002155485199239304e-01
1.002947093015301300e-01
5.468665935490841417e-04
-9.956623000796406553e-02
-2.003720840549139126e-01
-2.998286630277303133e-01
-3.989052141968458809e-01
-4.999708390814807113e-01
-6.001636648180379563e-01
-7.008000630331125969e-01
-7.995517113282876176e-01
-9.001191738746059379e-01
-9.999088077336532043e-01
-1.101201345508954210e+00
-1.201987801511873233e+00
-1.298229161326174719e+00
-1.396817723031812175e+00
-1.497205660419476780e+00
-1.600013214884023816e+00
-1.697182224364557790e+00
-1.813603129465255703e+00
-1.894619271309242015e+00
-1.993795040777627925e+00
-1.990132856976544851e+00
2.000173683058465102e+00
1.900166596737857150e+00
1.800171806494957671e+00
1.700185195785039349e+00
1.600161236974809498e+00
1.500173330076802092e+00
1.400183847549948846e+00
1.300180118926396844e+00
1.200182681037265331e+00
1.100163688966043996e+00
1.000178024245103270e+00
9.001206853991762236e-01
8.001257054937037649e-01
7.000179943415202333e-01
6.001808654139242361e-01
5.001197871189025923e-01
4.003704558307344952e-01
3.000713190015094622e-01
2.001415931857030428e-01
9.981180723231398988e-02
7.816597201616296085e-05
-9.995529759741278442e-02
-2.001936955103823801e-01
-3.001943489615407912e-01
-4.004869996987723835e-01
-4.991147644403952643e-01
-6.001982583789284842e-01
-6.992089320122011342e-01
-7.997570638111761721e-01
-8.993641337611397724e-01
-1.000632358623709139e+00
-1.096326821542070062e+00
-1.201176085602187138e+00
-1.301474071585954739e+00
-1.400969986264759326e+00
-1.502739915942447269e+00
-1.595523783027921860e+00
-1.696177800137153024e+00
-1.797803308493713725e+00
-1.903142105456942401e+00
-1.997782085281589293e+00
-2.008913984702416666e+00
2.000173683058465102e+00
1.900178073814207114e+00
1.800174558638744537e+00
1.700178266433935770e+00
1.600176503615230450e+00
1.500174702886361899e+00
1.400176934592056499e+00
1.300175767452689257e+00
1.200177202881648419e+00
1.100160240528644362e+00
1.000156317877955114e+00
9.001737016304089956e-01
8.002185905675985866e-01
7.001704707817872908e-01
6.002615507890172175e-01
5.002447104204073014e-01
4.003980946838984756e-01
3.001017857280517953e-01
2.003935375030534705e-01
1.005049488005596153e-01
2.387963020817398803e-04
-9.881640088267350241e-02
-2.000876613725418585e-01
-3.001189335327579255e-01
-3.995182762217259764e-01
-5.002661920079645164e-01
-6.015270048909207024e-01
-7.002029777590214055e-01
-7.989745066484090774e-01
-8.985003794702952629e-01
-9.990499350264758771e-01
-1.102507615862147849e+00
-1.193921146971749003e+00
-1.302334837352325581e+00
-1.399823496384769772e+00
-1.501225068411393471e+00
-1.587447059317503628e+00
-1.697158436945305438e+00
-1.798417179380522146e+00
-1.883289339086754000e+00
-2.030986882137952865e+00
-2.002415301034474293e+00
2.000169341828431868e+00
1.900177527293639423e+00
1.800170430416523804e+00
1.700168738395639867e+00
1.600169960835049698e+00
1.500158228885231981e+00
1.400147553293338287e+00
1.300160536951352253e+00
1.200179941968094521e+00
1.100167137376062199e+00
1.000156317877955114e+00
9.001786203340871317e-01
8.002055190546507601e-01
7.001635411957343180e-01
6.001241586136443207e-01
5.000250410963997805e-01
4.001994013028912778e-01
3.003976370402720586e-01
2.005304024848058864e-01
1.001326520436608136e-01
-5.906806625840844575e-05
-1.001827794075850347e-01
-2.005898311385038990e-01
-2.992859014376607618e-01
-4.005306867916294533e-01
-5.010391809051847334e-01
-5.998991152081678546e-01
-6.994219056266218759e-01
-8.016646299895491268e-01
-8.999501239281720855e-01
-1.001081435699885613e+00
-1.096724934427216080e+00
-1.201103623077021565e+00
-1.304524452709047599e+00
-1.403717469462305134e+00
-1.494768599097865636e+00
-1.599285910979107550e+00
-1.700104994741413078e+00
-1.810644459214973745e+00
-1.870306886043495487e+00
-2.031576362376743994e+00
-1.986644461204555290e+00
2.000169341828431868e+00
1.900170422463674402e+00
1.800177310765091132e+00
1.700183463457628497e+00
1.600169960835049698e+00
1.500173330076802092e+00
1.400173478071845556e+00
1.300167064374471604e+00
1.200215548519923958e+00
1.100211964214782956e+00
1.000078165972016153e+00
9.002032130168934332e-01
8.000933630645977734e-01
7.001063678915352417e-01
6.001056182458922583e-01
5.001252790081391897e-01
4.004499127931141489e-01
3.000800239986164963e-01
2.003333032441411421e-01
1.000498760718278729e-01
1.172436829288385637e-04
-9.992577744410698071e-02
-1.986710801480611188e-01
-2.998381912180554942e-01
-3.999271019810935468e-01
-5.001026927776517361e-01
-5.987994185773192202e-01
-6.995023411992896678e-01
-8.002064398294155279e-01
-8.999915178312132280e-01
-9.997872478238948313e-01
-1.100065195806270157e+00
-1.199364015916303705e+00
-1.303664583739982508e+00
-1.396252799006854950e+00
-1.504280869822488542e+00
-1.600641299499365289e+00
-1.704140536867274403e+00
-1.799409390584767232e+00
-1.901467024744737611e+00
-1.999969600450238527e+00
-2.009182707971941095e+00
2.000165000555002681e+00
1.900179713371783707e+00
1.800171806494957671e+00
1.700170470781787291e+00
1.600184136734196239e+00
1.500166465963910012e+00
1.400175206335389833e+00
1.300149657694800398e+00
1.200212809658039115e+00
1.100156792063862632e+00
1.000112901888685180e+00
9.001638640559257443e-01
8.002626180326284366e-01
7.001167635976031089e-01
6.002048545237160804e-01
5.002254937896731812e-01
3.999435577126331243e-01
3.000778477656974585e-01
2.000292665537702907e-01
1.002154122415060411e-01
3.342780705180939957e-04
-1.005340790896767089e-01
-1.990685760796643000e-01
-3.001735433972558820e-01
-4.005842094701243528e-01
-5.013889908097887149e-01
-6.006239847203393989e-01
-7.006736042096475270e-01
-7.989362358327751767e-01
-8.991988207550331014e-01
-9.995572453949400638e-01
-1.100089256836239926e+00
-1.199963758172020611e+00
-1.299265139347466569e+00
-1.396850212270411840e+00
-1.500501244107336207e+00
-1.597773018470673767e+00
-1.705626374411610469e+00
-1.796597195073686537e+00
-1.903034400855696751e+00
-1.992802904855016877e+00
-2.004808538803091622e+00
2.000165000555002681e+00
1.900175887727810098e+00
1.800179374848406066e+00
1.700178266433935770e+00
1.600167779886418229e+00
1.500178821289005038e+00
1.400173478071845556e+00
1.300167064374471604e+00
1.200185420089161070e+00
1.100156792063862632e+00
1.000173683058464880e+00
9.001802598896003760e-01
8.002213424149295928e-01
7.001548790576783698e-01
6.001154338332976845e-01
5.002611811414402476e-01
4.002391472520696603e-01
3.001888217430135897e-01
2.001278963713034320e-01
1.002981566713742473e-01
1.476350273144409026e-04
-1.001701991759815086e-01
-1.991558129800083399e-01
-2.995861976310073005e-01
-4.003384964462703977e-01
-5.001219247867476625e-01
-6.004958768061470220e-01
-7.003815814543450369e-01
-7.997570638111761721e-01
-9.001295260093449269e-01
-9.996874204881553982e-01
-1.097920923317630137e+00
-1.199446500125440185e+00
-1.301328893100042849e+00
-1.400917509228897684e+00
-1.499784114844564309e+00
-1.598196372889248762e+00
-1.699571919115723917e+00
-1.801249467324916420e+00
-1.903329783735946190e+00
-1.996022758154462950e+00
-1.999887098111314820e+00
2.000173683058465102e+00
1.900171515522003585e+00
1.800173870604432791e+00
1.700160942572458200e+00
1.600171051305258052e+00
1.500167838795167574e+00
1.400178662841845778e+00
1.300147481810785877e+00
1.200168985518656806e+00
1.100232651964506259e+00
1.000212752176105280e+00
9.002021200383395483e-01
8.001841910046575412e-01
7.000985709486786668e-01
6.001808654139242361e-01
5.002062763086053687e-01
4.000663122979611908e-01
3.002323332103561948e-01
2.002429361888238557e-01
1.002050680792098691e-01
2.561581850868880185e-04
-9.973285252443205018e-02
-2.002956228490472557e-01
-3.001596735747805167e-01
-4.004050982426711758e-01
-5.018466478992051893e-01
-6.004785678238563351e-01
-7.004011887729475472e-01
-7.999515536718158071e-01
-8.983525778335488265e-01
-9.990326015541711735e-01
-1.098820762955180497e+00
-1.199696110272160388e+00
-1.302763680678135749e+00
-1.408360055652259968e+00
-1.501966655903734571e+00
-1.596857163870748053e+00
-1.703446687877822940e+00
-1.804310630215028910e+00
-1.911187293782312668e+00
-2.021921789500774391e+00
-1.999357719337322647e+00
2.000169341828431868e+00
1.900167689805815296e+00
1.800171806494957671e+00
1.700165273602613381e+00
1.600179774968357727e+00
1.500187057977128591e+00
1.400168293239946848e+00
1.300156185281435173e+00
1.200133375148899839e+00
1.100218860240854246e+00
1.000178024245103270e+00
9.001933761108826815e-01
8.002743120778139652e-01
7.001851957850393493e-01
6.001928601344558301e-01
5.000813419495820922e-01
4.004810006912029596e-01
3.002845412174599549e-01
1.999689817477761367e-01
1.000153814266171864e-01
3.776719357750356353e-04
-1.000055958138220819e-01
-2.002921789674118047e-01
-2.996823016475539947e-01
-3.991011257206922846e-01
-4.991791856898745716e-01
-6.001757722509097892e-01
-7.011687479819611601e-01
-7.994504398592258143e-01
-9.002537708773499237e-01
-1.000743279249086015e+00
-1.098768420976521387e+00
-1.204149863144180266e+00
-1.301237638056817358e+00
-1.400965612936240223e+00
-1.501390368571118294e+00
-1.602877233402422164e+00
-1.696687282120151075e+00
-1.800939042103005594e+00
-1.896196279044043198e+00
-1.960011168107937518e+00
-2.012160409316504861e+00
2.000173683058465102e+00
1.900172062050136557e+00
1.800184879022619366e+00
1.700174801716923367e+00
1.600179774968357727e+00
1.500167838795167574e+00
1.400170021524124175e+00
1.300164888577665767e+00
1.200182681037265331e+00
1.100153343571698583e+00
1.000199729527405212e+00
9.002239790868068470e-01
8.002020791174312420e-01
7.002233052399626789e-01
6.001383360078857976e-01
5.003256854516744401e-01
3.998830321186234715e-01
3.002584379984206686e-01
2.002374587932128081e-01
1.002774720418264792e-01
-6.514466087161039135e-06
-9.953782861216474431e-02
-1.998013608470352032e-01
-2.990437387895311661e-01
-4.016483851761761259e-01
-5.012319546620560562e-01
-6.021642345133018104e-01
-6.969163119068120249e-01
-7.964857374875742302e-01
-9.009204681786926461e-01
-9.997829070277698404e-01
-1.096795482941443245e+00
-1.205348165284072293e+00
-1.300891043660907131e+00
-1.400616981712754283e+00
-1.507671327069933342e+00
-1.607667162728288801e+00
-1.697530534855427264e+00
-1.793838211832576635e+00
-1.899236699428069164e+00
-2.037978902540277915e+00
-1.991442408215753135e+00
