-1.288183391847558257e-01
-8.018475620856159447e-02
-3.830370265597550505e-02
-2.784046270791543359e-03
2.649240705283965533e-02
5.084358095691900170e-02
7.077646284343469540e-02
8.785237516316861395e-02
1.019875185582993227e-01
1.146109842321731548e-01
1.257739498508854137e-01
1.364986081566991472e-01
1.465001286456547869e-01
1.572753964540354599e-01
1.674059572322920408e-01
1.787467965289579463e-01
1.896306576921556186e-01
2.029240276378019292e-01
2.171943180065045165e-01
2.319281100740857582e-01
2.496385455404175335e-01
2.683439139510646609e-01
2.866136316570042641e-01
3.089057394315665173e-01
3.330843711436502486e-01
3.615956393182344630e-01
3.890597135066948820e-01
4.193112596899795097e-01
4.517557422501756736e-01
4.877179909261876167e-01
5.256536886868199421e-01
5.686827028646348481e-01
6.114683904798292602e-01
6.598686816626795348e-01
7.101342963405237185e-01
7.652735620242796521e-01
8.193201504349254538e-01
8.732566447729180892e-01
9.377685670499357196e-01
1.001084381292219883e+00
1.095866453478542724e+00
1.083359264660818111e+00
