-1.345051585221080648e-01
-8.390416299231950870e-02
-4.012899134693210385e-02
-3.068246095928315806e-03
2.775720469055348305e-02
5.342420406934440119e-02
7.470675647186707236e-02
9.279079967688610986e-02
1.080573737838538689e-01
1.220191720800307966e-01
1.346869925568535409e-01
1.473671077937864504e-01
1.587242534505309000e-01
1.702910586253933989e-01
1.830419572906398229e-01
1.954845230337638462e-01
2.080918452756948256e-01
2.222220823607129192e-01
2.372420399842299910e-01
2.546930594110725088e-01
2.722826442908651279e-01
2.933183494610736575e-01
3.139093828352710336e-01
3.366198129074385315e-01
3.623316518700255839e-01
3.880834313836485361e-01
4.180691635416598495e-01
4.483661697007188529e-01
4.802657168624617223e-01
5.203918168315821990e-01
5.560973688242002444e-01
6.004828134659587757e-01
6.361868951987242893e-01
6.876270454006346844e-01
7.424737489190365025e-01
7.983260115741106500e-01
8.522054229883142540e-01
9.084367612551873528e-01
9.741246620460952688e-01
1.035749837319660971e+00
1.104487111312395076e+00
1.107176039066039008e+00
