-1.424443817849695704e-01
-9.513845247858493392e-02
-5.401962327881165704e-02
-1.854836590062567195e-02
1.025754299830130244e-02
3.410682970764373351e-02
5.373131588760733657e-02
7.059193151204011529e-02
8.496928847498740056e-02
9.777773453928330361e-02
1.089369235882597653e-01
1.199483600309216580e-01
1.315545097612396686e-01
1.434519990216309715e-01
1.547282074401555574e-01
1.663116806595917041e-01
1.801258751640539557e-01
1.942922815519725344e-01
2.085757089475749060e-01
2.260841159758238683e-01
2.431124927881656850e-01
2.647706145218653440e-01
2.852871973693972829e-01
3.072820470333459952e-01
3.349761986543418057e-01
3.586960995738103786e-01
3.897329560154553230e-01
4.228359687795226196e-01
4.554387514664135495e-01
4.897616671097243524e-01
5.287367777246524403e-01
5.757995842961021182e-01
6.206044653897242469e-01
6.642093457226670994e-01
7.159782874611388959e-01
7.656909020990653181e-01
8.292844704251058907e-01
8.836273715054646649e-01
9.589172904537244246e-01
9.995741827231728882e-01
1.079217435746566922e+00
1.069594105177554599e+00
