5.930922627449035645e-01
6.336993575096130371e-01
6.683818697929382324e-01
6.971665024757385254e-01
7.201409935951232910e-01
7.374812960624694824e-01
7.494252324104309082e-01
7.563129067420959473e-01
7.585287690162658691e-01
7.565360665321350098e-01
7.508538365364074707e-01
7.420412898063659668e-01
7.306908965110778809e-01
7.174081206321716309e-01
7.028017640113830566e-01
6.874989867210388184e-01
6.721466183662414551e-01
6.571767926216125488e-01
6.432065367698669434e-01
6.306017041206359863e-01
6.199520230293273926e-01
6.114040017127990723e-01
6.054332852363586426e-01
6.021781563758850098e-01
6.018900275230407715e-01
6.046741604804992676e-01
6.107868552207946777e-01
6.200292706489562988e-01
6.323180794715881348e-01
6.488268971443176270e-01
6.677566170692443848e-01
6.911383271217346191e-01
7.150802016258239746e-01
7.449600100517272949e-01
7.786248326301574707e-01
8.160985112190246582e-01
8.534246087074279785e-01
8.964692950248718262e-01
9.443345665931701660e-01
9.921990036964416504e-01
1.043638467788696289e+00
1.045984506607055664e+00
