2.045146822929382324e-01
2.625650763511657715e-01
3.135146498680114746e-01
3.574766516685485840e-01
3.946458697319030762e-01
4.252863526344299316e-01
4.497508406639099121e-01
4.684365391731262207e-01
4.817939400672912598e-01
4.903438687324523926e-01
4.946458935737609863e-01
4.952735304832458496e-01
4.928312897682189941e-01
4.879284501075744629e-01
4.811623692512512207e-01
4.731449484825134277e-01
4.644225239753723145e-01
4.554843306541442871e-01
4.469026923179626465e-01
4.390760064125061035e-01
4.323849081993103027e-01
4.272300601005554199e-01
4.238889813423156738e-01
4.226019978523254395e-01
4.236231446266174316e-01
4.270573258399963379e-01
4.331499934196472168e-01
4.419251084327697754e-01
4.539535641670227051e-01
4.680823683738708496e-01
4.854943156242370605e-01
5.071671605110168457e-01
5.273190140724182129e-01
5.558740496635437012e-01
5.860163569450378418e-01
6.185012459754943848e-01
6.602297425270080566e-01
6.987763047218322754e-01
7.377871870994567871e-01
7.830017209053039551e-01
8.383280634880065918e-01
8.340103030204772949e-01
