7.024053931236267090e-01
7.499371170997619629e-01
7.904457449913024902e-01
8.240310549736022949e-01
8.509014248847961426e-01
8.713365197181701660e-01
8.857155442237854004e-01
8.944972157478332520e-01
8.982049822807312012e-01
8.974450230598449707e-01
8.928566575050354004e-01
8.851038813591003418e-01
8.749020695686340332e-01
8.629586100578308105e-01
8.499456048011779785e-01
8.365442156791687012e-01
8.233880400657653809e-01
8.110228180885314941e-01
7.999542355537414551e-01
7.906888127326965332e-01
7.836182713508605957e-01
7.789546847343444824e-01
7.771180272102355957e-01
7.782241702079772949e-01
7.825288176536560059e-01
7.898553013801574707e-01
8.007908463478088379e-01
8.147407174110412598e-01
8.321809172630310059e-01
8.529817461967468262e-01
8.768691420555114746e-01
9.055178761482238770e-01
9.360242486000061035e-01
9.695531725883483887e-01
1.007333993911743164e+00
1.046105861663818359e+00
1.092712640762329102e+00
1.137141942977905273e+00
1.194596290588378906e+00
1.235562086105346680e+00
1.301026582717895508e+00
1.294103622436523438e+00
