-8.571362495422363281e-02
-2.716898918151855469e-02
1.972019672393798828e-02
5.662906169891357422e-02
8.531039953231811523e-02
1.074173450469970703e-01
1.244488358497619629e-01
1.377109289169311523e-01
1.482860445976257324e-01
1.571050882339477539e-01
1.649137735366821289e-01
1.723372936248779297e-01
1.798582077026367188e-01
1.878841519355773926e-01
1.967639923095703125e-01
2.067614197731018066e-01
2.180954217910766602e-01
2.309833168983459473e-01
2.456154823303222656e-01
2.620698213577270508e-01
2.804014682769775391e-01
3.011801838874816895e-01
3.239555656909942627e-01
3.487459123134613037e-01
3.765579760074615479e-01
4.058812558650970459e-01
4.388194382190704346e-01
4.734613895416259766e-01
5.111547708511352539e-01
5.516139864921569824e-01
5.944420099258422852e-01
6.425436735153198242e-01
6.911312341690063477e-01
7.423442602157592773e-01
7.980471253395080566e-01
8.535419702529907227e-01
9.185178279876708984e-01
9.790341854095458984e-01
1.055589556694030762e+00
1.109158754348754883e+00
1.193207502365112305e+00
1.184405565261840820e+00
