-7.546031475067138672e-02
-1.856416463851928711e-02
2.683442831039428711e-02
6.243938207626342773e-02
8.998662233352661133e-02
1.111366152763366699e-01
1.273561716079711914e-01
1.399531960487365723e-01
1.499931216239929199e-01
1.584091186523437500e-01
1.659172773361206055e-01
1.731382012367248535e-01
1.805680990219116211e-01
1.886168718338012695e-01
1.976231932640075684e-01
2.078540921211242676e-01
2.194949984550476074e-01
2.328363656997680664e-01
2.479588985443115234e-01
2.651329040527343750e-01
2.842184305191040039e-01
3.057177364826202393e-01
3.293110728263854980e-01
3.554483652114868164e-01
3.841751515865325928e-01
4.150923490524291992e-01
4.494021534919738770e-01
4.856542050838470459e-01
5.240141153335571289e-01
5.676488876342773438e-01
6.118341088294982910e-01
6.614190936088562012e-01
7.085605859756469727e-01
7.639625668525695801e-01
8.232017755508422852e-01
8.863095045089721680e-01
9.469491839408874512e-01
1.014753818511962891e+00
1.088013410568237305e+00
1.159418821334838867e+00
1.234400868415832520e+00
1.237779498100280762e+00
