2.000165000555002681e+00
1.900167143272180059e+00
1.800174558638744537e+00
1.700162674989703193e+00
1.600185227168811286e+00
1.500184312431777744e+00
1.400182119320791729e+00
1.300180118926396844e+00
1.200193637141200087e+00
1.100218860240854246e+00
1.000117243682928869e+00
9.001272444590059374e-01
8.000224765512141678e-01
7.001323566901409556e-01
6.000848957217044255e-01
5.002186305011963041e-01
3.999297240347985949e-01
3.000974334693992107e-01
2.001552895681451005e-01
1.004119045273273031e-01
9.987624550973082168e-05
-9.950396783677771528e-02
-2.004409795527451743e-01
-2.996918266272940445e-01
-3.996937516044417049e-01
-4.996839209660839387e-01
-6.006170590020136757e-01
-7.018830105555782239e-01
-7.991358278646870650e-01
-8.998707966401918723e-01
-1.002087887100165275e+00
-1.098945100443031953e+00
-1.201116044365555080e+00
-1.306807016343928929e+00
-1.398094210585572705e+00
-1.502746826254933499e+00
-1.602195512348695061e+00
-1.700085400790376067e+00
-1.810894461381471254e+00
-1.904680677174490189e+00
-1.976570565408765523e+00
-1.998153835052406180e+00
2.000169341828431868e+00
1.900173155104339262e+00
1.800171118456285857e+00
1.700168738395639867e+00
1.600174322699455587e+00
1.500184312431777744e+00
1.400166564948891912e+00
1.300177943194993135e+00
1.200149811067001471e+00
1.100174034113956090e+00
1.000143293536894573e+00
9.001911901015108297e-01
8.001422198477213810e-01
7.001670060025817488e-01
6.002855354425306045e-01
5.001156681563995177e-01
4.003721833105902128e-01
3.002192802278805250e-01
2.002484135153539957e-01
1.003326288648378056e-01
9.119226634683174639e-05
-9.869482574046499479e-02
-2.002701387716079862e-01
-3.001501383287694669e-01
-3.992437613585328449e-01
-4.998829588517588740e-01
-5.997314776449497176e-01
-6.999286809984905933e-01
-8.000693856680324290e-01
-9.009308394314797797e-01
-9.997351611336835475e-01
-1.100644671431594279e+00
-1.198055302666635624e+00
-1.299868509578090192e+00
-1.395528780190189666e+00
-1.498480656817060774e+00
-1.593470038379958487e+00
-1.704129549608357719e+00
-1.801010447724535002e+00
-1.885348990471092945e+00
-1.986547609296365646e+00
-2.023530342810358373e+00
2.000169341828431868e+00
1.900175341204491497e+00
1.800171118456285857e+00
1.700168738395639867e+00
1.600174322699455587e+00
1.500181566869070116e+00
1.400185575772228574e+00
1.300145305915870075e+00
1.200147071790513165e+00
1.100211964214782956e+00
1.000238796302081790e+00
9.001480141616355901e-01
8.001890071075004052e-01
7.002813291239992077e-01
6.001819558567529356e-01
5.002707887735809988e-01
3.998294166902234270e-01
2.999450769320073928e-01
2.003250888342492375e-01
9.980145345224405995e-02
2.474773303442276287e-04
-9.921898658896900758e-02
-2.004506257946688796e-01
-2.999811391638335101e-01
-4.003450469897463782e-01
-4.997017620199754595e-01
-6.006568833907329763e-01
-6.999547970367581140e-01
-7.998227971183515805e-01
-9.006889080421580651e-01
-1.000796792268742186e+00
-1.098694280637098064e+00
-1.203572075068520597e+00
-1.297753905530299345e+00
-1.400113654362153071e+00
-1.499368392682776330e+00
-1.592169074794434369e+00
-1.711131753534809175e+00
-1.806878185593447927e+00
-1.881738581573397573e+00
-1.975042529449539286e+00
-1.992499729448652834e+00
2.000165000555002681e+00
1.900173155104339262e+00
1.800181438921910848e+00
1.700183463457628497e+00
1.600175413158711812e+00
1.500166465963910012e+00
1.400194216780470180e+00
1.300134426277762767e+00
1.200210070778881866e+00
1.100218860240854246e+00
1.000086850211648892e+00
9.002059454512441050e-01
8.001470364160228055e-01
7.001496816919146049e-01
6.003007977142219564e-01
5.002831411311753351e-01
4.001648366509590882e-01
3.001453059158700198e-01
2.002347200695013540e-01
1.002533387288093991e-01
7.463448361552885851e-04
-1.000980066322005174e-01
-1.990768181867817455e-01
-2.995706151996373467e-01
-3.989748615029032885e-01
-4.994822308025861357e-01
-6.002397742896342647e-01
-7.000135638655325954e-01
-7.998885403761984980e-01
-8.998259658860437993e-01
-9.997959295463063611e-01
-1.099974432101916699e+00
-1.199588134558045249e+00
-1.304795975451910062e+00
-1.402253272080961066e+00
-1.501401390819107506e+00
-1.593512619359583660e+00
-1.697978773495310900e+00
-1.809665499938863720e+00
-1.908508905732049010e+00
-1.992516804128501962e+00
-2.001132377827512521e+00
2.000165000555002681e+00
1.900178073814207114e+00
1.800180750898499271e+00
1.700173935533351166e+00
1.600165598926834409e+00
1.500166465963910012e+00
1.400180391084757447e+00
1.300156185281435173e+00
1.200207331882451545e+00
1.100160240528644362e+00
1.000199729527405212e+00
9.001338034197768900e-01
8.001511648606219884e-01
7.003731122732482772e-01
6.002026737503078913e-01
5.002213758296025770e-01
3.998882203572150518e-01
3.002845412174599549e-01
2.003086595483394294e-01
1.003877786836413211e-01
3.776719357750356353e-04
-9.943461610284738683e-02
-2.004788767357378321e-01
-2.998676433098590444e-01
-4.003505058514519321e-01
-5.004489993123423242e-01
-5.998420766095516887e-01
-6.996741318941417376e-01
-7.994586501797326106e-01
-9.019761483199433272e-01
-1.001667413262772754e+00
-1.100565282987555848e+00
-1.199778657585070407e+00
-1.304108738852975957e+00
-1.399908560216466702e+00
-1.502684637400545142e+00
-1.603333470856153298e+00
-1.702344519913346010e+00
-1.796290076288385551e+00
-1.898053691064887971e+00
-1.983154617249421880e+00
-1.999539891663542290e+00
2.000165000555002681e+00
1.900179713371783707e+00
1.800174558638744537e+00
1.700173069348051680e+00
1.600166689407995557e+00
1.500170584444664001e+00
1.400185575772228574e+00
1.300182294646900605e+00
1.200188159123781961e+00
1.100246443250193717e+00
1.000138952003074122e+00
9.001988410861737622e-01
8.002247821995732702e-01
7.001158972982683970e-01
6.001110713773945005e-01
5.002584360646465944e-01
3.999781399795111492e-01
3.000452029632419415e-01
2.001087201054032871e-01
9.987392472965266055e-02
-1.329144484103043661e-04
-1.001559784833999517e-01
-1.993275903775517388e-01
-2.991016725633361406e-01
-3.995052001499586058e-01
-5.003816402999931023e-01
-6.005287657731751549e-01
-6.997415620015793314e-01
-7.996037247745745313e-01
-8.996329016777172560e-01
-9.987466990960560675e-01
-1.099566776206855501e+00
-1.200594655886060291e+00
-1.298513182928790366e+00
-1.402060318087821500e+00
-1.496690165963587615e+00
-1.596608343999208701e+00
-1.700778257160465268e+00
-1.792338708803218328e+00
-1.899278025385080282e+00
-2.010506132155786219e+00
-2.011895640385011674e+00
2.000165000555002681e+00
1.900180806406729372e+00
1.800177998793952794e+00
1.700186928105540396e+00
1.600164508442935452e+00
1.500169211622085497e+00
1.400178662841845778e+00
1.300149657694800398e+00
1.200177202881648419e+00
1.100170585758699637e+00
1.000182365388348149e+00
9.002048524795668305e-01
8.001229530403138890e-01
7.001236939300720108e-01
6.001525129393260327e-01
5.002158851554356911e-01
4.003980946838984756e-01
3.000125557067758186e-01
2.000511862268130325e-01
1.001326520436608136e-01
4.384160638602256589e-04
-9.961375188154417137e-02
-2.001324128836824146e-01
-2.998347263973867305e-01
-4.014031639281367414e-01
-5.008836473258737598e-01
-6.012546878602107459e-01
-6.991242062495538478e-01
-8.010049545675813620e-01
-8.990886470328061097e-01
-9.976654387483028241e-01
-1.101269334928938859e+00
-1.200352795273912809e+00
-1.297107840242631038e+00
-1.399450720754988442e+00
-1.504845731342681514e+00
-1.595022682177063000e+00
-1.699608886918245965e+00
-1.797059641716047373e+00
-1.907107495709030154e+00
-1.992495460883580316e+00
-2.013098892113435401e+00
2.000169341828431868e+00
1.900162770978338633e+00
1.800164238009614781e+00
1.700160076361244110e+00
1.600192860134455941e+00
1.500195294509040878e+00
1.400145824919745818e+00
1.300173591699485431e+00
1.200185420089161070e+00
1.100084367977455013e+00
1.000277859562839211e+00
9.001332568434960990e-01
8.002915086310931070e-01
7.002804631528660728e-01
6.002844452597428937e-01
5.003284301034341963e-01
3.998864909512379051e-01
3.001453059158700198e-01
2.001881591237818780e-01
1.001016129030606328e-01
6.079697177773817269e-05
-9.900346408316007540e-02
-2.000553054600218983e-01
-2.996970221588397543e-01
-3.986397862601398501e-01
-4.988818311694462881e-01
-5.998247936646101675e-01
-7.000919320091649745e-01
-7.997543251392760233e-01
-9.003055500647554332e-01
-1.002261167460527957e+00
-1.101586393869764091e+00
-1.200546410822328047e+00
-1.299071407687558466e+00
-1.398922624976270290e+00
-1.499734701275902138e+00
-1.602431906606930356e+00
-1.701354299604993958e+00
-1.792734656949338312e+00
-1.909819569590820443e+00
-1.999982628568150123e+00
-1.989818811996223014e+00
2.000169341828431868e+00
1.900178073814207114e+00
1.800173870604432791e+00
1.700179132608869992e+00
1.600174322699455587e+00
1.500171957262902867e+00
1.400147553293338287e+00
1.300156185281435173e+00
1.200185420089161070e+00
1.100136100700128017e+00
1.000173683058464880e+00
9.001184990238861872e-01
8.002461082562891681e-01
7.001288916068485468e-01
6.001994025696633095e-01
5.001952945090409886e-01
4.003635458425974791e-01
3.003258681058583179e-01
2.003661593300923860e-01
9.989117801337847602e-02
7.983675735734429950e-04
-9.946464895881096391e-02
-1.996128909485599123e-01
-3.002758470199352603e-01
-4.007470026413046948e-01
-4.999625995544848545e-01
-5.995034561942192974e-01
-6.991611359600977682e-01
-7.997515864846460598e-01
-9.008928127153765786e-01
-1.000134652161553506e+00
-1.103003367971359339e+00
-1.197595068613173774e+00
-1.298842327754293535e+00
-1.402167747801642994e+00
-1.504004951658719058e+00
-1.599121960817192711e+00
-1.693997676923781226e+00
-1.798755861684870672e+00
-1.902062793376612104e+00
-1.983852856844504853e+00
-1.996927404032325049e+00
2.000173683058465102e+00
1.900171515522003585e+00
1.800169742375671955e+00
1.700173069348051680e+00
1.600165598926834409e+00
1.500165093128313032e+00
1.400151010019888176e+00
1.300145305915870075e+00
1.200166246363107536e+00
1.100194723670527397e+00
1.000234455722878391e+00
9.002004805653511799e-01
8.000947393872435143e-01
7.000621833643931868e-01
6.001088901330101644e-01
5.000442665986010171e-01
4.001942167804701800e-01
2.999407231026148257e-01
2.003442555489818866e-01
1.003188403157989350e-01
4.254001802063994849e-04
-9.976509180152696998e-02
-2.002487883985125394e-01
-3.002238252172458322e-01
-3.987561629666260821e-01
-4.994040496071809887e-01
-6.006361049931736584e-01
-6.994958188410899114e-01
-7.995736109674655978e-01
-9.010518556844701044e-01
-9.994010867701200729e-01
-1.100374809910315443e+00
-1.198799419891354745e+00
-1.299443379599707127e+00
-1.398055111961601593e+00
-1.505262562041095986e+00
-1.601343128809400440e+00
-1.702296377546196116e+00
-1.805272032231371782e+00
-1.885489095151125616e+00
-1.999006602642789066e+00
-2.002286925355574621e+00
2.000169341828431868e+00
1.900174248155790835e+00
1.800176622735139453e+00
1.700179132608869992e+00
1.600177594069010834e+00
1.500185685206622876e+00
1.400185575772228574e+00
1.300151833567913195e+00
1.200182681037265331e+00
1.100146446505221753e+00
1.000160659238177763e+00
9.001409088488306898e-01
8.000968038630340562e-01
7.001938573184457448e-01
6.002310229505044559e-01
5.001733300768020918e-01
4.001198984904090206e-01
3.002888916014356258e-01
2.002456748607239490e-01
1.002188602408542878e-01
2.387963020817398803e-04
-9.980607738849356370e-02
-2.003100874501420325e-01
-2.997714982752742729e-01
-3.994027845399154564e-01
-4.989585483312519720e-01
-5.999164011110806882e-01
-7.000418618416933692e-01
-7.997652799304986182e-01
-9.001847415625150450e-01
-9.996700615544877877e-01
-1.097976428452037911e+00
-1.199678227088864624e+00
-1.298524409482535225e+00
-1.398032306056386398e+00
-1.499855499926416869e+00
-1.596905228272210930e+00
-1.706412068474657540e+00
-1.796991603966163975e+00
-1.903058718914883762e+00
-1.995004058951646675e+00
-2.003307555371930171e+00
2.000165000555002681e+00
1.900175887727810098e+00
1.800176622735139453e+00
1.700181731123307616e+00
1.600168870362102869e+00
1.500151364533656606e+00
1.400201129463277905e+00
1.300167064374471604e+00
1.200163507190282086e+00
1.100149895052151772e+00
1.000121585433766391e+00
9.001884575743226424e-01
8.002158387028306397e-01
7.001228276445613519e-01
6.001067088776704805e-01
5.000923266309527104e-01
4.002426032496657071e-01
3.000408501375084191e-01
2.000895429927380120e-01
9.984286709157291773e-02
4.210614656340104880e-04
-1.001105847727422615e-01
-1.999548109760837244e-01
-3.001276013067485926e-01
-4.006781631831599633e-01
-4.996605914629797529e-01
-6.000823807947857080e-01
-7.002596002469637648e-01
-7.991467670656323685e-01
-8.991265160974145632e-01
-1.000953018394504790e+00
-1.100372073836829667e+00
-1.198863260732393909e+00
-1.301106438219938433e+00
-1.399369014474295403e+00
-1.503181014300145391e+00
-1.599575995488655034e+00
-1.705760900892716148e+00
-1.788615116367483937e+00
-1.891134050883549467e+00
-2.005896747127853263e+00
-1.991808768458414036e+00
2.000173683058465102e+00
1.900167689805815296e+00
1.800175246671966267e+00
1.700169604589577332e+00
1.600175413158711812e+00
1.500173330076802092e+00
1.400171749801423671e+00
1.300164888577665767e+00
1.200174463777927025e+00
1.100170585758699637e+00
1.000195388557727494e+00
9.001250581167360432e-01
8.001814389219108481e-01
7.001314904219098079e-01
6.001099807565717370e-01
5.001692116220856077e-01
4.001095274852885519e-01
3.002127535895215416e-01
2.001306357687412385e-01
1.002119642147829143e-01
2.691791418660990334e-04
-9.973339893291995051e-02
-1.998027368404510506e-01
-2.997255986934141414e-01
-3.993962481932437081e-01
-4.996468688112500889e-01
-6.001878800213268361e-01
-7.001289441043687667e-01
-7.996365785821325511e-01
-8.990507812699687351e-01
-1.000384955471433690e+00
-1.101270431619713497e+00
-1.200067008384154033e+00
-1.298144595038827953e+00
-1.401858685078458677e+00
-1.498201559552847284e+00
-1.600843933717827516e+00
-1.702473655342146008e+00
-1.799713247133056138e+00
-1.899629454882437063e+00
-2.005908193296209951e+00
-2.006863249338227906e+00
2.000169341828431868e+00
1.900174794680485002e+00
1.800170430416523804e+00
1.700178266433935770e+00
1.600173232237461107e+00
1.500174702886361899e+00
1.400163108346148322e+00
1.300180118926396844e+00
1.200204592968748374e+00
1.100187827261185136e+00
1.000160659238177763e+00
9.001447348009397054e-01
8.001738706044327909e-01
7.002302338724961661e-01
6.001274303610864003e-01
5.001403813454585734e-01
4.001821193207918403e-01
3.002693145303563238e-01
2.002867528669438901e-01
1.003567577723053494e-01
2.691791418660990334e-04
-9.996459139430592666e-02
-1.999754586294566483e-01
-3.000227328570751473e-01
-3.995389808072381532e-01
-5.005273688618777639e-01
-5.992686501524229215e-01
-7.005646175290826116e-01
-7.998419712071990206e-01
-8.990955320716772503e-01
-9.998610479969259890e-01
-1.102211315260298363e+00
-1.196091752937405550e+00
-1.300613272956264721e+00
-1.399765706107011454e+00
-1.500142531455902040e+00
-1.593998337839585444e+00
-1.697957108816618987e+00
-1.793039270844289712e+00
-1.892844320555578053e+00
-1.991621289723837007e+00
-2.006598602639441786e+00
2.000165000555002681e+00
1.900168782871022310e+00
1.800169054333730090e+00
1.700167872199974672e+00
1.600181955856752936e+00
1.500167838795167574e+00
1.400170021524124175e+00
1.300193173085924414e+00
1.200188159123781961e+00
1.100177482441832666e+00
1.000169341828431646e+00
9.002562191751899423e-01
8.003052653834681340e-01
7.001132983898962214e-01
6.001296115123546659e-01
5.001033110344931254e-01
4.002909843285334945e-01
3.000996096041774752e-01
2.000457064122696804e-01
1.003395229751944256e-01
-3.319277967440160677e-04
-9.990445858122608269e-02
-1.995090610968909828e-01
-2.992910921153009718e-01
-4.001398435663530706e-01
-5.009318154892055119e-01
-5.988149365148153214e-01
-6.990351533946058682e-01
-7.988706365654487662e-01
-9.015397201526745841e-01
-9.992753331437683739e-01
-1.098373878276610593e+00
-1.200711844787125893e+00
-1.300397255464964985e+00
-1.398846457968918822e+00
-1.506574016875979583e+00
-1.609598378694925058e+00
-1.691687486253947492e+00
-1.783630858498158611e+00
-1.895888620301031446e+00
-1.998417711064887969e+00
-1.984673782139117382e+00
2.000178024245103270e+00
1.900178073814207114e+00
1.800170430416523804e+00
1.700179132608869992e+00
1.600172141772728596e+00
1.500189803505122654e+00
1.400189032196156536e+00
1.300204051252466186e+00
1.200171724656929895e+00
1.100129203359808239e+00
1.000078165972016153e+00
9.001742481557908349e-01
8.001656141076695095e-01
7.001245602138546076e-01
6.001601464799578567e-01
5.001417542591735099e-01
4.000645836010207623e-01
3.003019424918985658e-01
1.998895026247582141e-01
1.006978659905181234e-01
-6.037112887521823825e-05
-9.992523079352420845e-02
-1.990026448532382641e-01
-3.004215412273177344e-01
-3.998769319743135098e-01
-4.993999351972609468e-01
-6.010830597672418563e-01
-6.992024140589828685e-01
-7.971848590324195349e-01
-9.012213351102851266e-01
-9.961002254344917262e-01
-1.098489370248163510e+00
-1.199785537236092159e+00
-1.298786156786069901e+00
-1.393457416865430343e+00
-1.497059677933158195e+00
-1.594453872742481071e+00
-1.712648468232634169e+00
-1.806088260673893942e+00
-1.889817842360461464e+00
-2.015541999285666019e+00
-2.014760847383686215e+00
2.000160659238177541e+00
1.900179166853279256e+00
1.800180750898499271e+00
1.700192125025584033e+00
1.600185227168811286e+00
1.500206276308605480e+00
1.400175206335389833e+00
1.300210578021605334e+00
1.200188159123781961e+00
1.100125754648569654e+00
1.000217092972230271e+00
9.002338152996828269e-01
8.001910711352266947e-01
7.003635885087863278e-01
6.001034369741192753e-01
5.002502007301581344e-01
3.998536309291359503e-01
3.001017857280517953e-01
2.003278269881433038e-01
1.000395279659407610e-01
1.302688052270466689e-04
-1.000657426330566341e-01
-1.993715763166366839e-01
-3.003330782010945610e-01
-3.986550113458350308e-01
-4.998458897126936695e-01
-6.012234777071100433e-01
-6.999504442546514715e-01
-7.999131966639136948e-01
-9.006301736101616218e-01
-9.997264806259599235e-01
-1.098442516028912186e+00
-1.200422376691209436e+00
-1.301716723603435710e+00
-1.397807569051072729e+00
-1.500334907532334006e+00
-1.601964457050328861e+00
-1.694431537581146063e+00
-1.809951385958571635e+00
-1.907335487470806834e+00
-1.989687320075413934e+00
-2.002150731431874942e+00
2.000160659238177541e+00
1.900180259889600265e+00
1.800168366290697985e+00
1.700163541195734318e+00
1.600168870362102869e+00
1.500154110287306386e+00
1.400176934592056499e+00
1.300169240160376605e+00
1.200147071790513165e+00
1.100180930742329366e+00
1.000221433724969078e+00
9.001884575743226424e-01
8.001731825690311384e-01
7.001176298952097588e-01
6.002266616555368417e-01
5.000511326431354986e-01
4.002788895640940758e-01
3.000778477656974585e-01
2.002566293756261606e-01
9.993948356167443869e-02
4.037061738828112397e-04
-1.005401007199492464e-01
-2.000057436302118408e-01
-3.000530641032607138e-01
-3.987800947531902063e-01
-4.995467065874534263e-01
-6.004785678238563351e-01
-6.998002999814535441e-01
-7.999405941810127096e-01
-8.996880541228902128e-01
-1.000885995290293540e+00
-1.098625058069966132e+00
-1.199634210082377139e+00
-1.301266316147137614e+00
-1.402480322050973394e+00
-1.502824229267768708e+00
-1.599885286981193699e+00
-1.707396189154994248e+00
-1.816983687413069815e+00
-1.904175341104892505e+00
-2.003592535999005886e+00
-1.996604099854583758e+00
2.000165000555002681e+00
1.900166596737857150e+00
1.800168366290697985e+00
1.700164407400037714e+00
1.600169960835049698e+00
1.500148618762647157e+00
1.400156195058125608e+00
1.300180118926396844e+00
1.200204592968748374e+00
1.100139549329210320e+00
1.000134610425851944e+00
9.001551193581951438e-01
8.001835029856058101e-01
7.001158972982683970e-01
6.001230680256864902e-01
5.002598086052122417e-01
4.000887847320354629e-01
3.002192802278805250e-01
2.002593679611782418e-01
1.004153509670210609e-01
-1.650632671306497012e-04
-1.002467801412398468e-01
-1.999300350877456223e-01
-2.998243321012322715e-01
-4.001322048853221403e-01
-4.992984587562941390e-01
-6.000477964624809646e-01
-6.998046512589690682e-01
-7.995079153625723745e-01
-8.985657031969996877e-01
-9.998436821220448856e-01
-1.099729027684265947e+00
-1.200292867741554081e+00
-1.298362947755329122e+00
-1.399395158811695961e+00
-1.501116280140073922e+00
-1.603284689774863603e+00
-1.699822056805006865e+00
-1.807151099095384961e+00
-1.901653980384320652e+00
-2.011750599383421712e+00
-1.995317580923509970e+00
2.000160659238177541e+00
1.900173701630408996e+00
1.800176622735139453e+00
1.700169604589577332e+00
1.600172141772728596e+00
1.500177448492463483e+00
1.400194216780470180e+00
1.300156185281435173e+00
1.200190898141128226e+00
1.100208516160684269e+00
1.000186706488199739e+00
9.001818994389239048e-01
8.002048310693865574e-01
7.001470829857079359e-01
6.001437887285919759e-01
5.002474555839586667e-01
4.001216269671845627e-01
3.002627886438822280e-01
2.002128096580391980e-01
1.002119642147829143e-01
4.384160638602256589e-04
-1.003430725175868815e-01
-2.003266190127507007e-01
-2.998996963852561537e-01
-3.998856567765699532e-01
-4.997045068625504682e-01
-5.987218372059071037e-01
-7.000527461696639531e-01
-8.000858298839073068e-01
-9.006543574142934494e-01
-9.998914399489652327e-01
-1.099175327823074255e+00
-1.201125015517110262e+00
-1.300837211708887775e+00
-1.395756661906994323e+00
-1.500618130222026503e+00
-1.601679715898146172e+00
-1.699680656930867562e+00
-1.794411330972093710e+00
-1.911722124004064938e+00
-1.995150054725067346e+00
-1.990978511552744301e+00
2.000169341828431868e+00
1.900183538982057829e+00
1.800182814965464173e+00
1.700181731123307616e+00
1.600183046296843603e+00
1.500192549015759935e+00
1.400197673135627818e+00
1.300154009430124713e+00
1.200133375148899839e+00
1.100139549329210320e+00
1.000156317877955114e+00
9.001277910428535645e-01
8.000527595842016337e-01
7.001453505062645855e-01
6.000979837467558253e-01
5.001142951602172149e-01
3.996408453556066775e-01
3.002975922386540431e-01
2.002922296408889968e-01
1.009044679283228052e-01
8.113722842931180013e-04
-1.000805072165591864e-01
-1.989998979360047826e-01
-3.002290271171101366e-01
-4.011832394521911427e-01
-5.012168050547261000e-01
-5.995345429796725689e-01
-6.993914744295230967e-01
-7.994641238129694960e-01
-9.003676932396637023e-01
-9.995919549381584446e-01
-1.100419683975083052e+00
-1.199058960485720693e+00
-1.299471073971377955e+00
-1.403764783922905046e+00
-1.503427339296245835e+00
-1.599373951867874677e+00
-1.701970462815838303e+00
-1.803674560520919457e+00
-1.898992267947729573e+00
-1.989483798196291620e+00
-1.992952435437011394e+00
2.000165000555002681e+00
1.900169875933478192e+00
1.800177310765091132e+00
1.700164407400037714e+00
1.600180865413924236e+00
1.500200785443534635e+00
1.400159651715892961e+00
1.300197524385238168e+00
1.200155289568145101e+00
1.100194723670527397e+00
1.000156317877955114e+00
9.001780738142071137e-01
8.002068950219093368e-01
7.001687383956397559e-01
6.002550092899825440e-01
5.002529458590058153e-01
4.002184106889339343e-01
3.001931730859244696e-01
2.002593679611782418e-01
1.000360785425180726e-01
5.468665935490841417e-04
-1.000362149718079935e-01
-2.001186426967872245e-01
-3.001206670737165405e-01
-4.000590985918963116e-01
-4.988722424770196673e-01
-5.992807326590692263e-01
-6.994306006460305758e-01
-7.989253019334315864e-01
-8.986723051124315687e-01
-9.962810361768853484e-01
-1.101663224988297829e+00
-1.199718121354853118e+00
-1.290243426912808244e+00
-1.396675881828335797e+00
-1.488345204868816607e+00
-1.588843451703521703e+00
-1.709738278609009399e+00
-1.807287620186046606e+00
-1.893778495746707646e+00
-1.998807329346315553e+00
-1.988120965994124800e+00
2.000160659238177541e+00
1.900174248155790835e+00
1.800173182569031027e+00
1.700167872199974672e+00
1.600165598926834409e+00
1.500170584444664001e+00
1.400180391084757447e+00
1.300193173085924414e+00
1.200163507190282086e+00
1.100180930742329366e+00
1.000143293536894573e+00
9.002081313863466994e-01
8.000651474891063986e-01
7.001704707817872908e-01
6.001895888798922662e-01
5.002611811414402476e-01
4.002322351743708984e-01
3.001844703565046957e-01
2.001032410167639108e-01
9.990843061170759376e-02
2.214337249691483180e-04
-9.925555418278404762e-02
-1.995097486301570244e-01
-3.001484046701687336e-01
-3.993842651465084881e-01
-5.000738463607714568e-01
-6.007382750210672473e-01
-6.995893153366926631e-01
-8.000830891380217302e-01
-8.997156329721937018e-01
-9.995312150578719024e-01
-1.101011689361619084e+00
-1.200585695683259235e+00
-1.296064108557157590e+00
-1.395522301889487338e+00
-1.501997008009296808e+00
-1.601084793045293830e+00
-1.695813326126047071e+00
-1.796852839998995810e+00
-1.897689807941879581e+00
-2.000574952014233965e+00
-2.008010591769846087e+00
2.000169341828431868e+00
1.900177527293639423e+00
1.800172494532539469e+00
1.700169604589577332e+00
1.600160146479957968e+00
1.500177448492463483e+00
1.400178662841845778e+00
1.300160536951352253e+00
1.200177202881648419e+00
1.100142997930908084e+00
1.000165000555002903e+00
9.001922831075721554e-01
8.001848790226192554e-01
7.001072342098787482e-01
6.001067088776704805e-01
5.002433378321246016e-01
4.002581548985209015e-01
3.001757674526893682e-01
2.001525503262119865e-01
1.000533253856646793e-01
-7.731129868851285294e-05
-1.002101289944106327e-01
-1.991929111453989987e-01
-2.996208272581048493e-01
-4.000274593850262073e-01
-5.001301673370788237e-01
-6.005841633481441288e-01
-7.001071719016539463e-01
-8.001379073422993926e-01
-8.991816042684634969e-01
-1.001184632371509009e+00
-1.100493572110522456e+00
-1.200903551270972924e+00
-1.300296657485931817e+00
-1.402622974525624455e+00
-1.501594325455780199e+00
-1.599392943419310376e+00
-1.695774524427120067e+00
-1.788412295981065769e+00
-1.900906640226900368e+00
-1.994416278667994646e+00
-2.000501030437219718e+00
2.000165000555002681e+00
1.900165503667148093e+00
1.800173870604432791e+00
1.700177400257274041e+00
1.600161236974809498e+00
1.500155483157621372e+00
1.400164836650959144e+00
1.300184470356504640e+00
1.200185420089161070e+00
1.100167137376062199e+00
1.000156317877955114e+00
9.001911901015108297e-01
8.001876310835664974e-01
7.000725801281471039e-01
6.001307020838809736e-01
5.001774484924633724e-01
4.002754338552437785e-01
2.999799059959302183e-01
2.002265037947407733e-01
1.000809189101611457e-01
1.172436829288385637e-04
-9.976673115074360942e-02
-1.998605325010061329e-01
-2.995810034250953602e-01
-3.986985145319621449e-01
-4.985778357006231953e-01
-5.996502744635165971e-01
-7.003924742998374198e-01
-7.990756671842950132e-01
-9.001467801156185500e-01
-1.000501900029693303e+00
-1.100029653541934271e+00
-1.203069913066176833e+00
-1.298557227226781796e+00
-1.403162185043906218e+00
-1.499450682310678351e+00
-1.602219841111467202e+00
-1.694360629728364209e+00
-1.806096597447253149e+00
-1.901467024744737611e+00
-1.999591954938158445e+00
-1.994802322045656995e+00
2.000178024245103270e+00
1.900168782871022310e+00
1.800174558638744537e+00
1.700172203161024465e+00
1.600168870362102869e+00
1.500162347444099709e+00
1.400182119320791729e+00
1.300160536951352253e+00
1.200223765001944498e+00
1.100146446505221753e+00
1.000182365388348149e+00
9.001409088488306898e-01
8.000637710726775653e-01
7.002155103962329763e-01
6.002833550742183721e-01
5.001554831576213722e-01
4.002909843285334945e-01
3.002975922386540431e-01
1.999799432440387270e-01
1.005290681362924488e-01
6.119239144329564417e-04
-9.957169202779142525e-02
-1.993633286137087568e-01
-2.995697495253987208e-01
-3.995280835339264924e-01
-4.983670808950013686e-01
-5.994171156859641192e-01
-7.008240507576676270e-01
-8.019150191489563539e-01
-8.999777194251530332e-01
-9.996310064904168069e-01
-1.096569225581333962e+00
-1.196801079505483534e+00
-1.294988614293735241e+00
-1.397574269616986609e+00
-1.503290321072154212e+00
-1.602456248616259460e+00
-1.702173857414671643e+00
-1.799603724774574420e+00
-1.910349184155983204e+00
-1.978525401144477280e+00
-2.003462498599372754e+00
