-8.760308215459279291e-01
-8.747237306308842664e-01
-8.686315921540460616e-01
-8.612805791260021993e-01
-8.558400484369766970e-01
-8.486546695403680562e-01
-8.426852999202680827e-01
-8.360935665422485341e-01
-8.298674183772555280e-01
-8.226020346890013935e-01
-8.151382910065663179e-01
-8.072876201860466061e-01
-8.004751915143504259e-01
-7.892615708940873276e-01
-7.782389867306575004e-01
-7.684131862702989757e-01
-7.566890519701776618e-01
-7.416716694145186750e-01
-7.252327181993949434e-01
-7.080520324635848350e-01
-6.908640171627562498e-01
-6.695984033023116844e-01
-6.512260407445672472e-01
-6.305670496176269957e-01
-6.047155528901070332e-01
-5.816738452040932650e-01
-5.566165223198723533e-01
-5.212084798587216516e-01
-4.879750152997949231e-01
-4.554606917092435814e-01
-4.195152412436286560e-01
-3.810956703517516808e-01
-3.432819567976216901e-01
-3.032095337873492169e-01
-2.435365790548517650e-01
-1.997580192858633974e-01
-1.516033336878546689e-01
-9.896309960774091197e-02
-5.203574346522842758e-02
7.180008541123210353e-03
5.725138671007407032e-02
8.157411881934648057e-02
