8.123565888563009929e-02
1.433864472577183191e-01
1.977518220661000636e-01
2.452905286068328417e-01
2.851475738395374826e-01
3.185474703979788713e-01
3.464097029075326462e-01
3.686010999748061678e-01
3.868305792569531887e-01
4.021168802530608044e-01
4.153874006521171003e-01
4.256352832799950026e-01
4.355832013485224641e-01
4.439104250414959707e-01
4.523385438459995300e-01
4.600193493863842242e-01
4.670321171407849636e-01
4.747056625407494734e-01
4.820141450229015190e-01
4.895689858183134846e-01
4.983946471185920490e-01
5.047602956820080866e-01
5.170427458428463741e-01
5.250461034363488322e-01
5.328167804611600999e-01
5.433452735699793035e-01
5.533222064539716767e-01
5.650942307835359335e-01
5.773090819808476271e-01
5.915654271649170015e-01
6.035319238998826386e-01
6.206585602672457513e-01
6.334977442198067576e-01
6.503502703730547063e-01
6.667472350093344158e-01
6.852301339817207237e-01
7.052520207768155913e-01
7.340048954714903928e-01
7.552618394374899236e-01
7.623341419270135422e-01
7.894841132012841989e-01
8.326679120176885274e-01
4.872020296123740768e-01
4.796631102597870289e-01
4.689333800877300007e-01
4.555741668040919068e-01
4.456353343787256560e-01
4.330686383955211216e-01
4.229475012925586475e-01
4.133886260610924457e-01
4.022785818955609827e-01
3.914591219837215141e-01
3.790515761843673559e-01
3.663108667667355767e-01
3.558536358105424124e-01
3.464312186598230703e-01
3.338360509407315990e-01
3.241857059406131891e-01
3.151366234468463978e-01
3.062877473529611039e-01
2.924022887590377318e-01
2.825450793778386815e-01
2.710000719407665848e-01
2.596894227169144198e-01
2.486376945964178520e-01
2.416983574968960546e-01
2.302905027361887846e-01
2.179784950238737307e-01
2.073380952883564221e-01
1.979968975971359568e-01
1.879576155834054574e-01
1.761665302425633739e-01
1.653452440805119328e-01
1.577860663530323004e-01
1.457928792152208830e-01
1.374079200356610464e-01
1.244944433168795883e-01
1.150577241256733052e-01
1.048249920575226313e-01
9.461435581591945421e-02
8.619961053654809358e-02
7.312055513906236259e-02
6.445050132647255070e-02
5.426440673103428980e-02
4.177942980869100986e-02
3.472468850736781104e-02
2.621038569578647281e-02
1.437350897036973607e-02
6.632881969704455816e-03
-8.392090330901174136e-03
-1.557305853326422691e-02
-2.538193426188729840e-02
-3.644590485276005820e-02
-4.269208186463076260e-02
-5.497677036333781242e-02
-6.481429156382483014e-02
-7.620957026353063213e-02
-8.445982011294295155e-02
-9.231084412050680199e-02
-1.009612744952551600e-01
-1.107145488170714759e-01
-1.220340663778287371e-01
-1.317671315775350571e-01
-1.406533153847061846e-01
-1.498115772301353565e-01
-1.616919112461486785e-01
-1.696230774300346578e-01
-1.784229369294825507e-01
-1.860082604187780209e-01
-1.987671598099472747e-01
-2.059792629390093111e-01
-2.151125162132219992e-01
-2.233787103047834566e-01
-2.355040576142902187e-01
-2.438159148651905805e-01
-2.529208383275872163e-01
-2.606666228010899866e-01
-2.724384113087024439e-01
-2.821489944701413011e-01
-2.863162934269775639e-01
-2.996208272581048493e-01
-3.080710899475156972e-01
-3.160312899345829596e-01
-3.252022176240657036e-01
-3.343017746765966081e-01
-3.447952730819103251e-01
-3.539208904908556774e-01
-3.625352881712948783e-01
-3.721489061322599823e-01
-3.817468391342988543e-01
-3.909159464535184036e-01
-3.969931938015899275e-01
