1.360225993970110570e-01
1.735650178586616299e-01
2.081187407382767696e-01
2.386983100629862797e-01
2.658551135473699589e-01
2.897226982137979800e-01
3.120291800255357573e-01
3.301904804745653399e-01
3.476812126349007603e-01
3.637999454791093212e-01
3.788519464488812050e-01
3.920635117184518847e-01
4.074079019651820621e-01
4.202033743532962995e-01
4.350635901650670156e-01
4.497405937792859354e-01
4.654720808734973958e-01
4.811128408415174529e-01
4.979243425752615249e-01
5.178026940930204880e-01
5.374412834079476120e-01
5.588405184233393719e-01
5.820292546758780716e-01
6.071975872368262639e-01
6.359861118008330871e-01
6.652150164542268707e-01
6.972555042899144517e-01
7.315484762603307045e-01
7.684160882163316719e-01
8.091622712119876937e-01
8.517413091510339651e-01
8.964049508322307069e-01
9.446208347787942161e-01
9.955474494751374026e-01
1.049799277918986640e+00
1.107616929991784183e+00
1.165778331293640058e+00
1.229297794114105002e+00
1.290702243287854323e+00
1.351719023422862209e+00
1.425208051138656229e+00
1.426169547035326168e+00
