1.224124954112802977e-01
1.576380641009174077e-01
1.900233797668851310e-01
2.187979981117375572e-01
2.446234284323501873e-01
2.678051015139724100e-01
2.883163101662913341e-01
3.066180044398448823e-01
3.229425163530151299e-01
3.381575642717727370e-01
3.516417261935216310e-01
3.646635408947658807e-01
3.780706940064422206e-01
3.921339397542671357e-01
4.055171069763762737e-01
4.196584109605800417e-01
4.347604622885298253e-01
4.509108260287201797e-01
4.680665731795978779e-01
4.869968884318225943e-01
5.072215005156615053e-01
5.290580157246407289e-01
5.515475812744661255e-01
5.765025967334002077e-01
6.035232673127914893e-01
6.319406909138355344e-01
6.652525665034820790e-01
6.991263222139738609e-01
7.365160164218456096e-01
7.759961544243614284e-01
8.186415085467465547e-01
8.640302432092040741e-01
9.104002639112485085e-01
9.635328405266359031e-01
1.010808597512206530e+00
1.067591548301512150e+00
1.126845440649184793e+00
1.185740417574962180e+00
1.253459164339837839e+00
1.317269186706619966e+00
1.379033431817967337e+00
1.388722700475175431e+00
