5.449564456939697266e-01
5.802326202392578125e-01
6.133940219879150391e-01
6.443367004394531250e-01
6.729870438575744629e-01
6.992824077606201172e-01
7.232208251953125000e-01
7.448056936264038086e-01
7.640908956527709961e-01
7.811695337295532227e-01
7.961777448654174805e-01
8.092806935310363770e-01
8.207017183303833008e-01
8.306779265403747559e-01
8.395240306854248047e-01
8.475094437599182129e-01
8.549786210060119629e-01
8.622674345970153809e-01
8.696622252464294434e-01
8.775204420089721680e-01
8.861011266708374023e-01
8.956834077835083008e-01
9.063873291015625000e-01
9.186065793037414551e-01
9.323221445083618164e-01
9.476652145385742188e-01
9.649360775947570801e-01
9.839951992034912109e-01
1.004925847053527832e+00
1.028065085411071777e+00
1.053137779235839844e+00
1.080205798149108887e+00
1.109919905662536621e+00
1.140659570693969727e+00
1.175320386886596680e+00
1.211158156394958496e+00
1.250760674476623535e+00
1.291700124740600586e+00
1.334901571273803711e+00
1.377753973007202148e+00
1.428993582725524902e+00
1.428842306137084961e+00
