2.987515032291412354e-01
3.158808946609497070e-01
3.314041793346405029e-01
3.452735841274261475e-01
3.574748337268829346e-01
3.680395483970642090e-01
3.770386874675750732e-01
3.845891654491424561e-01
3.908617198467254639e-01
3.960594534873962402e-01
4.004478752613067627e-01
4.043128490447998047e-01
4.079709649085998535e-01
4.117591381072998047e-01
4.160019159317016602e-01
4.210197925567626953e-01
4.271218180656433105e-01
4.345494508743286133e-01
4.435417950153350830e-01
4.543010592460632324e-01
4.668889641761779785e-01
4.814201891422271729e-01
4.979359507560729980e-01
5.164667963981628418e-01
5.368022918701171875e-01
5.591803193092346191e-01
5.836797356605529785e-01
6.097826957702636719e-01
6.379196643829345703e-01
6.678307056427001953e-01
6.994949579238891602e-01
7.330343723297119141e-01
7.678083181381225586e-01
8.050626516342163086e-01
8.414509296417236328e-01
8.826007843017578125e-01
9.243999123573303223e-01
9.691386222839355469e-01
1.017197489738464355e+00
1.064786791801452637e+00
1.110542058944702148e+00
1.113593339920043945e+00
