2.000173683058465102e+00
1.900170422463674402e+00
1.800180750898499271e+00
1.700175667898767840e+00
1.600177594069010834e+00
1.500181566869070116e+00
1.400157923390448422e+00
1.300182294646900605e+00
1.200166246363107536e+00
1.100129203359808239e+00
1.000217092972230271e+00
9.001649571307617226e-01
8.001876310835664974e-01
7.002362963352888325e-01
6.001012556913907225e-01
5.002090217151078377e-01
4.001406397576969809e-01
3.002258067681577436e-01
2.001388538573805886e-01
1.001981718341318633e-01
8.685021164894765936e-05
-9.991703111735072973e-02
-1.997160577684600202e-01
-2.997550431503798185e-01
-4.002806376029016677e-01
-4.989955418055281311e-01
-6.002051774217833646e-01
-6.987746157782913636e-01
-7.995325500498412508e-01
-9.004574713046672452e-01
-1.000325843067857434e+00
-1.099469017547244132e+00
-1.201211286048750715e+00
-1.300838948119322103e+00
-1.405684811765765652e+00
-1.499201118508438846e+00
-1.597635431115838944e+00
-1.694369224003034580e+00
-1.793416965162208943e+00
-1.904621400439936219e+00
-2.002425782357232453e+00
-2.008357555786022264e+00
