2.000173683058465102e+00
1.900170422463674402e+00
1.800173870604432791e+00
1.700175667898767840e+00
1.600177594069010834e+00
1.500167838795167574e+00
1.400157923390448422e+00
1.300182294646900605e+00
1.200166246363107536e+00
1.100163688966043996e+00
1.000173683058464880e+00
9.002141426511480748e-01
8.000912985724508708e-01
7.001323566901409556e-01
6.001230680256864902e-01
5.001129221596942731e-01
4.005897908132234342e-01
3.000952573237168353e-01
2.001114596238014187e-01
1.002326519645063141e-01
1.302688052270466689e-04
-9.981864707682952531e-02
-2.000394725940164709e-01
-2.998329939974181402e-01
-4.005317790252590493e-01
-5.011383110071159219e-01
-5.999285016525033321e-01
-6.996654319976700620e-01
-7.997789738081236832e-01
-8.980468225228005474e-01
-9.986557695883987451e-01
-1.100688478165315676e+00
-1.199365390524756547e+00
-1.299607840824352989e+00
-1.402052645553618415e+00
-1.502710893830643046e+00
-1.594773202540060941e+00
-1.701321549439812619e+00
-1.800135166267744724e+00
-1.902048929005849986e+00
-2.003575896044909044e+00
-2.010216580103177719e+00
