1.595371163970209227e-01
1.836399042213519295e-01
2.147908820763042848e-01
2.451917635869283185e-01
2.742964317725098411e-01
3.013989891735644466e-01
3.266020919636486997e-01
3.501704588229461179e-01
3.727095303859253583e-01
3.927672786556421491e-01
4.129307085295953472e-01
4.323598897067910118e-01
4.505723987445970913e-01
4.702340321876007367e-01
4.897335437824097970e-01
5.105316058490776410e-01
5.317981338753723364e-01
5.547555909148791375e-01
5.789370407114062811e-01
6.051649285461198069e-01
6.342756946259439088e-01
6.641340617386167766e-01
6.977000093524916569e-01
7.319753488323846868e-01
7.702774797561721121e-01
8.103333486611493663e-01
8.548462959628104763e-01
9.023075525220471960e-01
9.480802705325197532e-01
1.001517376823504391e+00
1.056599976292781129e+00
1.114644338902279319e+00
1.173361116894231726e+00
1.236461681626815023e+00
1.311711488795424874e+00
1.360669133987706170e+00
1.434632766174142260e+00
1.502345169897973287e+00
1.584478226263528855e+00
1.672808779469651119e+00
1.735782478045266641e+00
1.774086107125815159e+00
