1.329637261307266560e-01
1.630718820038191963e-01
1.948472196314442462e-01
2.265225758635492914e-01
2.555619382908951853e-01
2.836855901411559633e-01
3.096940295658422437e-01
3.353174594448497525e-01
3.587341271980107882e-01
3.813858660133772616e-01
4.034122416045257675e-01
4.251101525436811746e-01
4.460553860319472763e-01
4.681109153372373655e-01
4.905904870288327890e-01
5.139097878273825026e-01
5.384983289135499840e-01
5.651155098193765269e-01
5.934965158993673606e-01
6.241582887891027331e-01
6.579445769813281331e-01
6.930670939242288275e-01
7.313630990440134205e-01
7.712860891214627923e-01
8.146936507932833749e-01
8.595705745185776570e-01
9.043259658309354965e-01
9.574492459824905932e-01
1.013805927340592605e+00
1.066102196766773202e+00
1.126131407261984352e+00
1.187830820443999569e+00
1.246941512483254577e+00
1.321411997974005548e+00
1.389414181761684075e+00
1.460461826726599410e+00
1.529981855783975497e+00
1.597859660262605397e+00
1.670190170724935141e+00
1.747038729347993202e+00
1.834732164878106975e+00
1.818542588680422289e+00
