-3.631582856178283691e-02
-1.138415932655334473e-02
9.125620126724243164e-03
2.637830376625061035e-02
4.129645228385925293e-02
5.462363362312316895e-02
6.694427132606506348e-02
7.874259352684020996e-02
9.039244055747985840e-02
1.022185981273651123e-01
1.144729554653167725e-01
1.273857653141021729e-01
1.411544978618621826e-01
1.559534966945648193e-01
1.719202697277069092e-01
1.892730891704559326e-01
2.081032693386077881e-01
2.285772264003753662e-01
2.507742345333099365e-01
2.749919593334197998e-01
3.011155128479003906e-01
3.294814527034759521e-01
3.602886497974395752e-01
3.931767940521240234e-01
4.285252094268798828e-01
4.667336344718933105e-01
5.077224969863891602e-01
5.517821907997131348e-01
5.966328382492065430e-01
6.463609337806701660e-01
6.984347105026245117e-01
7.534964084625244141e-01
8.099882006645202637e-01
8.699255585670471191e-01
9.394609928131103516e-01
9.921666383743286133e-01
1.063337683677673340e+00
1.129475831985473633e+00
1.208055257797241211e+00
1.290060639381408691e+00
1.355255484580993652e+00
1.383038282394409180e+00
