1.635614037513732910e-02
3.737416863441467285e-02
5.461236834526062012e-02
6.905725598335266113e-02
8.149841427803039551e-02
9.257104992866516113e-02
1.027866899967193604e-01
1.125547587871551514e-01
1.222176849842071533e-01
1.320610940456390381e-01
1.423096358776092529e-01
1.532070338726043701e-01
1.649264991283416748e-01
1.776589453220367432e-01
1.916160285472869873e-01
2.069175541400909424e-01
2.238067090511322021e-01
2.424108088016510010e-01
2.629751265048980713e-01
2.856177389621734619e-01
3.105898797512054443e-01
3.379984200000762939e-01
3.679658472537994385e-01
4.007714688777923584e-01
4.366555213928222656e-01
4.748388230800628662e-01
5.170903205871582031e-01
5.612961053848266602e-01
6.096058487892150879e-01
6.611211299896240234e-01
7.151043415069580078e-01
7.715414762496948242e-01
8.322499990463256836e-01
8.942525386810302734e-01
9.619950056076049805e-01
1.024350523948669434e+00
1.091707348823547363e+00
1.159369468688964844e+00
1.229883432388305664e+00
1.310194492340087891e+00
1.381524324417114258e+00
1.385866045951843262e+00
