-9.043112012855505366e-01
-9.001674859480333080e-01
-8.919121504797100641e-01
-8.826856085568559607e-01
-8.738523516624204790e-01
-8.639043787185347600e-01
-8.535370663083542420e-01
-8.406253345238953179e-01
-8.274291750797080347e-01
-8.130690791295417386e-01
-7.984608654846105935e-01
-7.819873281223711503e-01
-7.631932774040833811e-01
-7.428376064241317689e-01
-7.202395467241933247e-01
-6.976560816449994817e-01
-6.720059275243892571e-01
-6.432534678728525357e-01
-6.130090533551666443e-01
-5.815014975727215152e-01
-5.453121239100683360e-01
-5.074700855884408668e-01
-4.692395401370412222e-01
-4.254652426408343513e-01
-3.799608128711806643e-01
-3.327899463469043972e-01
-2.834532931346856466e-01
-2.321120186080015413e-01
-1.745375302543810681e-01
-1.151961427608898664e-01
-5.812995046279470501e-02
8.493713989132166756e-03
7.226828395088985557e-02
1.434956947013924788e-01
2.120277119746240002e-01
2.744372786713606405e-01
3.548284633221148177e-01
4.368239254051430875e-01
4.923021132695823976e-01
5.692989844276692413e-01
6.438374488234956949e-01
6.567228298766930594e-01
