-8.238152265548706055e-01
-8.158225417137145996e-01
-8.071213364601135254e-01
-7.977711558341979980e-01
-7.879498600959777832e-01
-7.771301269531250000e-01
-7.654998302459716797e-01
-7.529199719429016113e-01
-7.397375106811523438e-01
-7.258086204528808594e-01
-7.112783789634704590e-01
-6.961971521377563477e-01
-6.805523037910461426e-01
-6.644962430000305176e-01
-6.478239893913269043e-01
-6.304802894592285156e-01
-6.116048097610473633e-01
-5.904532074928283691e-01
-5.671413540840148926e-01
-5.409841537475585938e-01
-5.106229186058044434e-01
-4.774630367755889893e-01
-4.411753416061401367e-01
-4.003673195838928223e-01
-3.577406406402587891e-01
-3.111472427845001221e-01
-2.625514566898345947e-01
-2.086544930934906006e-01
-1.503524482250213623e-01
-8.807361125946044922e-02
-2.063161507248878479e-02
5.489911511540412903e-02
1.320182532072067261e-01
2.167239338159561157e-01
2.997623085975646973e-01
3.779447376728057861e-01
4.747928082942962646e-01
5.702949762344360352e-01
6.403797864913940430e-01
7.282425165176391602e-01
8.116368651390075684e-01
8.190112113952636719e-01
