2.997186199071973922e-01
3.667702539113362747e-01
4.301492600077849726e-01
4.879778597629902959e-01
5.387232481232767656e-01
5.837755602132230770e-01
6.226646675996391211e-01
6.574574373563359941e-01
6.887409743533502438e-01
7.150158722772329556e-01
7.371719615227098066e-01
7.573428776145934016e-01
7.743081622275115317e-01
7.910144757600501286e-01
8.060164041689830139e-01
8.207425121114971800e-01
8.338983460820863503e-01
8.481213494448436307e-01
8.624855904886301605e-01
8.778756179357232181e-01
8.934799061244086404e-01
9.086930014879988082e-01
9.275494854024756153e-01
9.443987662477197897e-01
9.639416913920137997e-01
9.843157401518427552e-01
1.010872135755508605e+00
1.034628456625320325e+00
1.060259548309131938e+00
1.087969429456533410e+00
1.119823137592161233e+00
1.152190464174865925e+00
1.186080086091451768e+00
1.228033157937835185e+00
1.261786086565753973e+00
1.306605141981288298e+00
1.355842151956401453e+00
1.391252767350556363e+00
1.450443111452100142e+00
1.509284533049827015e+00
1.555205729841872220e+00
1.541481891169314888e+00
