6.254700422286987305e-01
6.715069413185119629e-01
7.168797850608825684e-01
7.586771249771118164e-01
7.939128875732421875e-01
8.203948140144348145e-01
8.373600840568542480e-01
8.455452322959899902e-01
8.467499613761901855e-01
8.431782126426696777e-01
8.369042277336120605e-01
8.295707106590270996e-01
8.223337531089782715e-01
8.159130811691284180e-01
8.107029199600219727e-01
8.068749308586120605e-01
8.044877648353576660e-01
8.035328984260559082e-01
8.039594888687133789e-01
8.057331442832946777e-01
8.088011145591735840e-01
8.131293654441833496e-01
8.187986016273498535e-01
8.256023526191711426e-01
8.337530493736267090e-01
8.431273102760314941e-01
8.542491793632507324e-01
8.663683533668518066e-01
8.799836039543151855e-01
8.950102925300598145e-01
9.121704697608947754e-01
9.305091500282287598e-01
9.508004784584045410e-01
9.734509587287902832e-01
9.965882897377014160e-01
1.023924589157104492e+00
1.052818775177001953e+00
1.079621791839599609e+00
1.115333557128906250e+00
1.155278563499450684e+00
1.188065767288208008e+00
1.180529356002807617e+00
