2.480449378490447998e-01
3.262817561626434326e-01
4.045076966285705566e-01
4.796797633171081543e-01
5.487691164016723633e-01
6.093139648437500000e-01
6.598587036132812500e-01
7.001209259033203125e-01
7.308609485626220703e-01
7.535460591316223145e-01
7.698856592178344727e-01
7.815637588500976562e-01
7.900307178497314453e-01
7.964663505554199219e-01
8.017994165420532227e-01
8.067538738250732422e-01
8.118731975555419922e-01
8.175530433654785156e-01
8.241065740585327148e-01
8.318015336990356445e-01
8.407413959503173828e-01
8.510311841964721680e-01
8.629382848739624023e-01
8.760824203491210938e-01
8.908896446228027344e-01
9.070986509323120117e-01
9.255343675613403320e-01
9.448871612548828125e-01
9.659216403961181641e-01
9.884371757507324219e-01
1.013424038887023926e+00
1.039424777030944824e+00
1.067497491836547852e+00
1.098116159439086914e+00
1.128742575645446777e+00
1.164216518402099609e+00
1.201006650924682617e+00
1.234581232070922852e+00
1.278604030609130859e+00
1.327018260955810547e+00
1.366187691688537598e+00
1.357225775718688965e+00
