2.000165000555002681e+00
1.900169875933478192e+00
1.800177310765091132e+00
1.700179998782076707e+00
1.600173232237461107e+00
1.500166465963910012e+00
1.400183847549948846e+00
1.300204051252466186e+00
1.200136114511779706e+00
1.100160240528644362e+00
1.000138952003074122e+00
9.001961086071242901e-01
8.002447324132636597e-01
7.001877942631995477e-01
6.002113967782376491e-01
5.001582288852319813e-01
4.002045857634212722e-01
3.001278983640726095e-01
2.001662463631074806e-01
1.000602239311525338e-01
3.559755451255062239e-04
-9.970061564039964241e-02
-1.993757002268385370e-01
-3.000608639089709095e-01
-4.000176407894764918e-01
-4.994122785439599754e-01
-6.010327977126310728e-01
-6.996349837323891929e-01
-7.990045789410648025e-01
-9.020870570905145103e-01
-9.985172469368555070e-01
-1.097899702640813491e+00
-1.202470714592882350e+00
-1.296418902221800895e+00
-1.399628348763798380e+00
-1.506677207833506005e+00
-1.602844166111832225e+00
-1.700782618247405953e+00
-1.809713134541826696e+00
-1.913106528690544428e+00
-1.986682365657583604e+00
-1.991455183023165709e+00
