-5.261522531509399414e-02
3.189730644226074219e-02
1.153473258018493652e-01
1.951785683631896973e-01
2.687070369720458984e-01
3.336287736892700195e-01
3.885420560836791992e-01
4.332739114761352539e-01
4.688299894332885742e-01
4.969555139541625977e-01
5.198439359664916992e-01
5.395072698593139648e-01
5.576074123382568359e-01
5.753123760223388672e-01
5.932909250259399414e-01
6.119302511215209961e-01
6.313321590423583984e-01
6.515427827835083008e-01
6.724504232406616211e-01
6.940202713012695312e-01
7.160441875457763672e-01
7.386039495468139648e-01
7.614715099334716797e-01
7.849209308624267578e-01
8.085194826126098633e-01
8.322879076004028320e-01
8.569020032882690430e-01
8.811054229736328125e-01
9.058405160903930664e-01
9.319001436233520508e-01
9.566859006881713867e-01
9.826781749725341797e-01
1.010556936264038086e+00
1.036094665527343750e+00
1.064706444740295410e+00
1.095005512237548828e+00
1.122760415077209473e+00
1.151525855064392090e+00
1.184068202972412109e+00
1.215430021286010742e+00
1.237986207008361816e+00
1.239455461502075195e+00
