2.000169341828431868e+00
1.900170968993182941e+00
1.800176622735139453e+00
1.700164407400037714e+00
1.600169960835049698e+00
1.500181566869070116e+00
1.400178662841845778e+00
1.300158361121844131e+00
1.200174463777927025e+00
1.100174034113956090e+00
1.000173683058464880e+00
9.001955621092513349e-01
8.001573574539365685e-01
7.001730693480515688e-01
6.001405171043835418e-01
5.001774484924633724e-01
4.001665649488918564e-01
3.001170182898695860e-01
2.001141991249189289e-01
1.004773822051187870e-01
4.037061738828112397e-04
-9.943188594619678522e-02
-1.996713491375175786e-01
-2.998572482258589633e-01
-3.995139174873917898e-01
-4.996907828231525461e-01
-5.999561612990024217e-01
-6.995393030794568867e-01
-8.002448227465253083e-01
-9.005369058355892076e-01
-9.997829070277698404e-01
-1.099501237244119745e+00
-1.199573693981921041e+00
-1.298634099545459053e+00
-1.398912831326958095e+00
-1.502891968222312968e+00
-1.601063994165214055e+00
-1.698924405809299820e+00
-1.800387417574349724e+00
-1.895676804327181886e+00
-1.999084604046653224e+00
-2.002675225125345015e+00
3.013013449273561628e-01
3.013252155482866734e-01
3.009235804795223901e-01
3.017047990595693174e-01
3.018045202564471619e-01
3.011320428771505076e-01
3.011103327121855133e-01
3.014749195233881740e-01
3.012666216818840059e-01
3.014879348219357547e-01
3.008301742398538092e-01
3.003911130817540909e-01
3.016224034054152958e-01
3.014510571296152297e-01
3.014445489764839836e-01
3.006585150513521598e-01
3.014575651852195448e-01
3.013555944411239196e-01
3.014640731432998155e-01
3.014619038347756130e-01
3.011928255659960807e-01
3.010799366578479908e-01
3.015399921159436780e-01
3.015985491140192876e-01
3.013295555202250009e-01
3.008084489790026073e-01
3.006824210300602651e-01
3.010061088105820404e-01
3.015204713619237809e-01
3.015638496238012278e-01
3.006237403694410615e-01
3.007563039184270592e-01
3.008062763931428352e-01
3.013035150380211635e-01
3.015551743180358568e-01
3.013252155482866734e-01
3.012058493211896559e-01
3.011993374924128442e-01
3.007671679890388527e-01
3.010951349509423114e-01
3.012557700983041209e-01
3.014553958441875681e-01
3.012449182435721906e-01
3.014835964324256157e-01
3.014749195233881740e-01
3.012123610523292361e-01
3.014293629065563640e-01
3.011211879303280492e-01
3.009496437520480794e-01
3.007237100758791692e-01
3.003062927015677785e-01
3.016679397782484617e-01
3.016375827268715781e-01
3.017004628358969653e-01
3.013295555202250009e-01
3.013924802401121705e-01
3.008736215014576332e-01
3.005911365760940424e-01
3.008019311888175396e-01
3.011732892008758267e-01
3.014271934246464668e-01
3.011667768838694470e-01
3.014619038347756130e-01
3.011646060898330313e-01
3.006541683683857658e-01
3.006606883765214344e-01
3.012340661176747814e-01
3.013295555202250009e-01
3.012796432242783040e-01
3.013469149742910025e-01
3.013989891735644466e-01
3.012101904861311241e-01
3.013577642807291901e-01
3.004041609007888081e-01
3.007150179713861116e-01
3.011602644692082387e-01
3.009800489265698764e-01
3.016440879879452308e-01
3.015877058211436923e-01
3.013903105739498267e-01
3.013989891735644466e-01
3.012731325018845330e-01
3.007823772313368837e-01
3.006563417153070294e-01
3.007823772313368837e-01
3.003519672724552225e-01
3.017785082386164608e-01
3.017199755014826068e-01
3.015226403779227016e-01
3.012557700983041209e-01
