2.000156317877955114e+00
1.900172608577581856e+00
1.800180062873997677e+00
1.700176534078884583e+00
1.600169960835049698e+00
1.500169211622085497e+00
1.400175206335389833e+00
1.300173591699485431e+00
1.200144332496747124e+00
1.100198171834131822e+00
1.000173683058464880e+00
9.002152355994454958e-01
8.001160718305189157e-01
7.002025186791107636e-01
6.002680921895229282e-01
5.001499916503218124e-01
4.001354545337403867e-01
3.001627127699594832e-01
2.002182873645362293e-01
9.992568252469460899e-02
4.167227077164003071e-04
-9.965690843286881262e-02
-1.994093802926524828e-01
-3.001830791571614143e-01
-4.001452998493486013e-01
-5.004063832129939104e-01
-5.999492462222253408e-01
-6.999917974461868919e-01
-8.001708015864614776e-01
-8.997432135729382940e-01
-1.002088323487780208e+00
-1.099682039539733314e+00
-1.201386640578196552e+00
-1.301587118381795971e+00
-1.400373433819921853e+00
-1.507328992668191869e+00
-1.600932291050927381e+00
-1.698789809513868931e+00
-1.788855420967238929e+00
-1.892847713918643482e+00
-1.985286297762996366e+00
-2.004191122343985221e+00
