2.000173683058465102e+00
1.900170422463674402e+00
1.800166990201363948e+00
1.700167006002581749e+00
1.600155784473169085e+00
1.500167838795167574e+00
1.400192488592576057e+00
1.300160536951352253e+00
1.200193637141200087e+00
1.100163688966043996e+00
1.000173683058464880e+00
9.001594917290702824e-01
8.001532290682046300e-01
7.002449568496201815e-01
6.002648215015859989e-01
5.002090217151078377e-01
4.000714983474967235e-01
3.001605369513523081e-01
2.001114596238014187e-01
9.999123354468439362e-02
6.075870628903730667e-04
-9.973667739828401269e-02
-1.995991372240514816e-01
-2.998589807225804926e-01
-3.997896935906720128e-01
-5.006428866125410826e-01
-6.002051774217833646e-01
-7.000570999772329772e-01
-8.009033436943840956e-01
-8.996639240663040216e-01
-1.001932560966876107e+00
-1.100956890870397498e+00
-1.202891798971573056e+00
-1.300943145452332139e+00
-1.404536847541187017e+00
-1.497395374526332867e+00
-1.601990509769234405e+00
-1.699035153394605757e+00
-1.805818791206152962e+00
-1.897634908661472108e+00
-1.998699066979581884e+00
-1.994433428866705604e+00
2.000173683058465102e+00
1.900170422463674402e+00
1.800173870604432791e+00
1.700175667898767840e+00
1.600177594069010834e+00
1.500167838795167574e+00
1.400175206335389833e+00
1.300225806768157799e+00
1.200166246363107536e+00
1.100198171834131822e+00
1.000217092972230271e+00
9.001813529231704747e-01
8.000775350406660325e-01
7.001496816919146049e-01
6.001557844731690849e-01
5.001266519695970469e-01
4.002443312381505636e-01
3.001387781657116616e-01
1.998922435263193187e-01
1.001981718341318633e-01
4.342727686266485671e-05
-9.940895330789757678e-02
-2.005353841316613317e-01
-2.999802726709160372e-01
-3.998878380045214898e-01
-4.995576821425101177e-01
-5.998075114074239433e-01
-7.007760766334171221e-01
-8.013154269228566218e-01
-8.992849134269184086e-01
-1.002696637573411209e+00
-1.100524225692957492e+00
-1.196563370423521011e+00
-1.299746382808749212e+00
-1.390811263976331036e+00
-1.493467909591823073e+00
-1.593493883214197826e+00
-1.700383760001586753e+00
-1.805541162556473900e+00
-1.897600600135017412e+00
-2.003663481904216059e+00
-2.044572038357769905e+00
2.000173683058465102e+00
1.900170422463674402e+00
1.800166990201363948e+00
1.700175667898767840e+00
1.600166689407995557e+00
1.500154110287306386e+00
1.400157923390448422e+00
1.300160536951352253e+00
1.200193637141200087e+00
1.100129203359808239e+00
1.000173683058464880e+00
9.001977480966170120e-01
8.001601096892889675e-01
7.002622773601873130e-01
6.001994025696633095e-01
5.001266519695970469e-01
4.003307218974441750e-01
3.001387781657116616e-01
2.001388538573805886e-01
1.001292033598082248e-01
4.340774793185928982e-04
-9.980225190338298802e-02
-2.001014305771308122e-01
-2.995991834175828483e-01
-3.992557405290632078e-01
-5.005191187696131916e-01
-5.990132700948361810e-01
-7.000570999772329772e-01
-8.000529420747812814e-01
-9.001812903847695724e-01
-9.994791590638143486e-01
-1.099927964053318830e+00
-1.199688544220127051e+00
-1.299183830716387433e+00
-1.397712063899307022e+00
-1.497777784233524256e+00
-1.604813442553495451e+00
-1.696048366056549517e+00
-1.805707718448027466e+00
-1.896469936571625325e+00
-2.011699734936146289e+00
-1.998266287190999524e+00
2.000173683058465102e+00
1.900175887727810098e+00
1.800173870604432791e+00
1.700175667898767840e+00
1.600177594069010834e+00
1.500181566869070116e+00
1.400175206335389833e+00
1.300182294646900605e+00
1.200166246363107536e+00
1.100163688966043996e+00
1.000173683058464880e+00
9.002032130168934332e-01
8.001532290682046300e-01
7.001150309972057340e-01
6.001994025696633095e-01
5.001678387951676852e-01
4.001060704285452907e-01
3.002693145303563238e-01
2.000566659722143315e-01
1.000602239311525338e-01
8.685021164894765936e-05
-9.978039263487016586e-02
-1.994753733001219664e-01
-2.995472426008366496e-01
-4.001714909619895622e-01
-5.003541498276518062e-01
-5.999112152679645371e-01
-7.002095107462663615e-01
-8.001351662677447241e-01
-8.993882471662099087e-01
-9.998697311947729593e-01
-1.099021465666939701e+00
-1.199152378124985763e+00
-1.298742953292117086e+00
-1.401975927665810362e+00
-1.500560370798257548e+00
-1.603138379397685220e+00
-1.696177800137153024e+00
-1.794470848938198859e+00
-1.907103989078144268e+00
-1.990931723807781495e+00
-2.006365406163806764e+00
2.000173683058465102e+00
1.900170422463674402e+00
1.800173870604432791e+00
1.700167006002581749e+00
1.600188498456228903e+00
1.500181566869070116e+00
1.400192488592576057e+00
1.300182294646900605e+00
1.200221026191876206e+00
1.100163688966043996e+00
1.000130268805227152e+00
9.001266978744703051e-01
8.001669902013639479e-01
7.001236939300720108e-01
6.002757236989206824e-01
5.001541102873063860e-01
4.002443312381505636e-01
3.001170182898695860e-01
2.004127011972462735e-01
9.995673424118266259e-02
3.038997848124583463e-04
-1.000919911285409469e-01
-1.993585175260002007e-01
-3.003270078697922174e-01
-4.005208568125730451e-01
-4.995851222437325823e-01
-6.002224755112007815e-01
-6.993393116234785101e-01
-7.992315552168285375e-01
-9.019103096360477911e-01
-9.958076437402857417e-01
-1.099157865545542512e+00
-1.197198918436911841e+00
-1.298017776475115737e+00
-1.401669191564539174e+00
-1.512027787906414789e+00
-1.613269234790168705e+00
-1.701037818079883301e+00
-1.793497942411314439e+00
-1.890353968909026960e+00
-1.993962045002682926e+00
-1.983342655177797953e+00
2.000173683058465102e+00
1.900181352923170364e+00
1.800166990201363948e+00
1.700158343933632965e+00
1.600166689407995557e+00
1.500181566869070116e+00
1.400157923390448422e+00
1.300160536951352253e+00
1.200166246363107536e+00
1.100163688966043996e+00
1.000130268805227152e+00
9.001758877278100979e-01
8.000775350406660325e-01
7.000803775376299720e-01
6.001230680256864902e-01
5.002639262008830023e-01
4.001233554370808299e-01
3.002475611940847444e-01
2.000566659722143315e-01
9.992223219692195069e-02
3.472966853635024720e-04
-9.936527544180721871e-02
-1.996816661053861797e-01
-2.997983474491826006e-01
-3.992884126736641615e-01
-5.003266610953239768e-01
-5.989097804048663098e-01
-6.991872058818831004e-01
-7.996420544583646706e-01
-8.994226972104037987e-01
-1.000939090664341835e+00
-1.098737891068615635e+00
-1.201066361342851385e+00
-1.307567311485849926e+00
-1.402930385249415934e+00
-1.491389489570587479e+00
-1.597566653780688073e+00
-1.705291342059209070e+00
-1.775078654415968682e+00
-1.922268820347607932e+00
-1.987162775294827766e+00
-1.989021987825257742e+00
2.000173683058465102e+00
1.900175887727810098e+00
1.800173870604432791e+00
1.700175667898767840e+00
1.600155784473169085e+00
1.500140381345458573e+00
1.400157923390448422e+00
1.300182294646900605e+00
1.200166246363107536e+00
1.100163688966043996e+00
1.000130268805227152e+00
9.001540262585983054e-01
8.001601096892889675e-01
7.002103137560209412e-01
6.001994025696633095e-01
5.001403813454585734e-01
4.002443312381505636e-01
3.001605369513523081e-01
2.001114596238014187e-01
1.000602239311525338e-01
3.906892499100880116e-04
-9.943079388834208387e-02
-1.991935981783485576e-01
-2.995991834175828483e-01
-3.996588688637353615e-01
-5.012622554622112592e-01
-5.998075114074239433e-01
-7.001877345042829548e-01
-8.003270832793790701e-01
-9.015293343493706590e-01
-9.996961002151875109e-01
-1.098732439525181626e+00
-1.200983568933385870e+00
-1.298121299056807176e+00
-1.403644857293314896e+00
-1.500175504160420337e+00
-1.598496068078364418e+00
-1.694541145221333034e+00
-1.798084217259303008e+00
-1.900872072273532831e+00
-2.000378000653392885e+00
-2.001391970684905708e+00
2.000173683058465102e+00
1.900170422463674402e+00
1.800173870604432791e+00
1.700167006002581749e+00
1.600177594069010834e+00
1.500167838795167574e+00
1.400157923390448422e+00
1.300160536951352253e+00
1.200193637141200087e+00
1.100198171834131822e+00
1.000173683058464880e+00
9.001758877278100979e-01
8.002013911267178425e-01
7.002016525508174549e-01
6.000903491134094159e-01
5.002227484872979746e-01
4.002097701620617176e-01
3.001170182898695860e-01
2.001662463631074806e-01
1.000947150149893716e-01
0.000000000000000000e+00
-1.000755856329529070e-01
-1.992279512116365003e-01
-2.998936321084647028e-01
-3.990162198761664225e-01
-5.000930770924658653e-01
-5.997383892551368945e-01
-6.997306854696436762e-01
-8.006288386085095299e-01
-9.002158033964222650e-01
-1.000165063267130616e+00
-1.101033610694279297e+00
-1.199358517526000201e+00
-1.297543613461797030e+00
-1.402491293654846816e+00
-1.498940737782248567e+00
-1.598099963239414611e+00
-1.694734637976551328e+00
-1.802940091939791767e+00
-1.902603849358497579e+00
-2.018362575344230692e+00
-1.995119992759365690e+00
2.000173683058465102e+00
1.900170422463674402e+00
1.800173870604432791e+00
1.700184329622197676e+00
1.600177594069010834e+00
1.500195294509040878e+00
1.400157923390448422e+00
1.300138778165711662e+00
1.200166246363107536e+00
1.100198171834131822e+00
1.000130268805227152e+00
9.002196073651298480e-01
8.000912985724508708e-01
7.001063678915352417e-01
6.000903491134094159e-01
5.000854612376552932e-01
4.001406397576969809e-01
3.000952573237168353e-01
2.002210261918763445e-01
1.001636889660440927e-01
2.170929722301843815e-04
-9.955639854538170241e-02
-1.998880569476930436e-01
-2.998416560663669239e-01
-4.006410162625236304e-01
-4.994890894736628839e-01
-5.994620106080538191e-01
-6.996219351292974897e-01
-7.992315552168285375e-01
-8.999397760688475634e-01
-1.000660629818445058e+00
-1.100026372864171487e+00
-1.201957377983679409e+00
-1.301177680895740707e+00
-1.402754695334996082e+00
-1.496972384752913277e+00
-1.595919256900061756e+00
-1.691243557629367178e+00
-1.798821443616674731e+00
-1.901771734497059940e+00
-1.998569187753601595e+00
-1.990081915334098728e+00
2.000173683058465102e+00
1.900164957130761723e+00
1.800166990201363948e+00
1.700167006002581749e+00
1.600166689407995557e+00
1.500167838795167574e+00
1.400157923390448422e+00
1.300138778165711662e+00
1.200193637141200087e+00
1.100163688966043996e+00
1.000217092972230271e+00
9.001485607193440153e-01
8.002289099051833610e-01
7.001496816919146049e-01
6.002103064093280427e-01
5.001403813454585734e-01
4.001579233904483668e-01
3.002040512524661309e-01
2.002484135153539957e-01
1.004050115658888520e-01
4.342727686266485671e-05
-9.929430827703163154e-02
-1.997160577684600202e-01
-2.999196224623700835e-01
-3.997242763010793176e-01
-4.999145387623447623e-01
-5.994274756406861027e-01
-6.989700043360187465e-01
-8.000255374695093291e-01
-8.992504743101402687e-01
-1.000804188895823454e+00
-1.099774927989650042e+00
-1.200990467698040520e+00
-1.298259367562787592e+00
-1.402568102643875214e+00
-1.502724713642004550e+00
-1.599531088782512045e+00
-1.692675146354633453e+00
-1.797756962375194112e+00
-1.892349173853513422e+00
-2.024264980580579465e+00
-2.011619434777991433e+00
