0.01,0,11.968
0.010233,0,11.772
0.010471,0,11.579
0.010715,0,11.39
0.010965,0,11.205
0.01122,0,11.024
0.011482,0,10.845
0.011749,0,10.67
0.012023,0,10.499
0.012303,0,10.33
0.012589,0,10.165
0.012882,0,10.003
0.013183,0,9.8443
0.01349,0,9.6882
0.013804,0,9.5351
0.014125,0,9.3849
0.014454,0,9.2375
0.014791,0,9.0928
0.015136,0,8.9508
0.015488,0,8.8115
0.015849,0,8.6748
0.016218,0,8.5405
0.016596,0,8.4088
0.016982,0,8.2795
0.017378,0,8.1526
0.017783,0,8.028
0.018197,0,7.9057
0.018621,0,7.7857
0.019055,0,7.6678
0.019498,0,7.5521
0.019953,0,7.4386
0.020417,0,7.3271
0.020893,0,7.2176
0.02138,0,7.1101
0.021878,0,7.0045
0.022387,0,6.9009
0.022909,0,6.7991
0.023442,0,6.6992
0.023988,0,6.6011
0.024547,0,6.5047
0.025119,0,6.4101
0.025704,0,6.3172
0.026303,0,6.2259
0.026915,0,6.1362
0.027542,0,6.0482
0.028184,0,5.9617
0.02884,0,5.8767
0.029512,0,5.7933
0.0302,0,5.7113
0.030903,0,5.6308
0.031623,0,5.5517
0.032359,0,5.474
0.033113,0,5.3976
0.033884,0,5.3226
0.034674,0,5.2489
0.035481,0,5.1765
0.036308,0,5.1053
0.037154,0,5.0354
0.038019,0,4.9667
0.038905,0,4.8992
0.039811,0,4.8329
0.040738,0,4.7677
0.041687,0,4.7036
0.042658,0,4.6406
0.043652,0,4.5787
0.044668,0,4.5179
0.045709,0,4.4581
0.046774,0,4.3993
0.047863,0,4.3415
0.048978,0,4.2848
0.050119,0,4.2289
0.051286,0,4.174
0.052481,0,4.1201
0.053703,0,4.0671
0.054954,0,4.0149
0.056234,0,3.9636
0.057544,0,3.9132
0.058884,0,3.8637
0.060256,0,3.8149
0.06166,0,3.767
0.063096,0,3.7199
0.064565,0,3.6735
0.066069,0,3.6279
0.067608,0,3.5831
0.069183,0,3.539
0.070795,0,3.4957
0.072444,0,3.453
0.074131,0,3.4111
0.075858,0,3.3698
0.077625,0,3.3292
0.079433,0,3.2893
0.081283,0,3.2501
0.083176,0,3.2114
0.085114,0,3.1734
0.087096,0,3.136
0.089125,0,3.0992
0.091201,0,3.0631
0.093325,0,3.0274
0.095499,0,2.9924
0.097724,0,2.9579
0.1,0,2.924
0.10233,0,2.8906
0.10471,0,2.8578
0.10715,0,2.8255
0.10965,0,2.7937
0.1122,0,2.7623
0.11482,0,2.7315
0.11749,0,2.7012
0.12023,0,2.6714
0.12303,0,2.642
0.12589,0,2.6131
0.12882,0,2.5846
0.13183,0,2.5566
0.1349,0,2.529
0.13804,0,2.5018
0.14125,0,2.4751
0.14454,0,2.4488
0.14791,0,2.4229
0.15136,0,2.3974
0.15488,0,2.3723
0.15849,0,2.3475
0.16218,0,2.3232
0.16596,0,2.2992
0.16982,0,2.2756
0.17378,0,2.2524
0.17783,0,2.2295
0.18197,0,2.2069
0.18621,0,2.1847
0.19055,0,2.1629
0.19498,0,2.1413
0.19953,0,2.1201
0.20417,0,2.0992
0.20893,0,2.0786
0.2138,0,2.0584
0.21878,0,2.0384
0.22387,0,2.0188
0.22909,0,1.9994
0.23442,0,1.9803
0.23988,0,1.9615
0.24547,0,1.943
0.25119,0,1.9247
0.25704,0,1.9068
0.26303,0,1.8891
0.26915,0,1.8716
0.27542,0,1.8544
0.28184,0,1.8375
0.2884,0,1.8208
0.29512,0,1.8044
0.302,0,1.7882
0.30903,0,1.7722
0.31623,0,1.7564
0.32359,0,1.7409
0.33113,0,1.7257
0.33884,0,1.7106
0.34674,0,1.6958
0.35481,0,1.6811
0.36308,0,1.6667
0.37154,0,1.6525
0.38019,0,1.6385
0.38905,0,1.6247
0.39811,0,1.6111
0.40738,0,1.5977
0.41687,0,1.5844
0.42658,0,1.5714
0.43652,0,1.5586
0.44668,0,1.5459
0.45709,0,1.5334
0.46774,0,1.5211
0.47863,0,1.509
0.48978,0,1.497
0.50119,0,1.4852
0.51286,0,1.4736
0.52481,0,1.4621
0.53703,0,1.4508
0.54954,0,1.4396
0.56234,0,1.4286
0.57544,0,1.4178
0.58884,0,1.4071
0.60256,0,1.3966
0.6166,0,1.3862
0.63096,0,1.3759
0.64565,0,1.3658
0.66069,0,1.3558
0.67608,0,1.346
0.69183,0,1.3363
0.70795,0,1.3267
0.72444,0,1.3173
0.74131,0,1.308
0.75858,0,1.2988
0.77625,0,1.2897
0.79433,0,1.2808
0.81283,0,1.272
0.83176,0,1.2633
0.85114,0,1.2548
0.87096,0,1.2463
0.89125,0,1.238
0.91201,0,1.2297
0.93325,0,1.2216
0.95499,0,1.2136
0.97724,0,1.2057
1,0,1.1979
1.0233,0,1.1902
1.0471,0,1.1826
1.0715,0,1.1752
1.0965,0,1.1678
1.122,0,1.1605
1.1482,0,1.1533
1.1749,0,1.1462
1.2023,0,1.1392
1.2303,0,1.1323
1.2589,0,1.1255
1.2882,0,1.1188
1.3183,0,1.1121
1.349,0,1.1056
1.3804,0,1.0991
1.4125,0,1.0927
1.4454,0,1.0864
1.4791,0,1.0802
1.5136,0,1.0741
1.5488,0,1.068
1.5849,0,1.0621
1.6218,0,1.0562
1.6596,0,1.0504
1.6982,0,1.0446
1.7378,0,1.039
1.7783,0,1.0334
1.8197,0,1.0278
1.8621,0,1.0224
1.9055,0,1.017
1.9498,0,1.0117
1.9953,0,1.0065
2.0417,0,1.0013
2.0893,0,0.9962
2.138,0,0.99116
2.1878,0,0.98618
2.2387,0,0.98127
2.2909,0,0.97642
2.3442,0,0.97163
2.3988,0,0.9669
2.4547,0,0.96224
2.5119,0,0.95763
2.5704,0,0.95308
2.6303,0,0.94859
2.6915,0,0.94416
2.7542,0,0.93978
2.8184,0,0.93546
2.884,0,0.93119
2.9512,0,0.92698
3.02,0,0.92281
3.0903,0,0.9187
3.1623,0,0.91465
3.2359,0,0.91064
3.3113,0,0.90668
3.3884,0,0.90277
3.4674,0,0.89892
3.5481,0,0.8951
3.6308,0,0.89134
3.7154,0,0.88762
3.8019,0,0.88395
3.8905,0,0.88032
3.9811,0,0.87674
4.0738,0,0.87321
4.1687,0,0.86971
4.2658,0,0.86626
4.3652,0,0.86285
4.4668,0,0.85948
4.5709,0,0.85615
4.6774,0,0.85287
4.7863,0,0.84962
4.8978,0,0.84641
5.0119,0,0.84324
5.1286,0,0.84011
5.2481,0,0.83701
5.3703,0,0.83396
5.4954,0,0.83093
5.6234,0,0.82795
5.7544,0,0.825
5.8884,0,0.82208
6.0256,0,0.8192
6.166,0,0.81635
6.3096,0,0.81353
6.4565,0,0.81075
6.6069,0,0.808
6.7608,0,0.80528
6.9183,0,0.80259
7.0795,0,0.79993
7.2444,0,0.7973
7.4131,0,0.7947
7.5858,0,0.79213
7.7625,0,0.78958
7.9433,0,0.78707
8.1283,0,0.78458
8.3176,0,0.78212
8.5114,0,0.77968
8.7096,0,0.77727
8.9125,0,0.77489
9.1201,0,0.77253
9.3325,0,0.77019
9.5499,0,0.76788
9.7724,0,0.76559
10,0,0.76332
10.233,0,0.76107
10.471,0,0.75885
10.715,0,0.75664
10.965,0,0.75446
11.22,0,0.7523
11.482,0,0.75015
11.749,0,0.74802
12.023,0,0.74592
12.303,0,0.74382
12.589,0,0.74175
12.882,0,0.73969
13.183,0,0.73765
13.49,0,0.73562
13.804,0,0.73361
14.125,0,0.73161
14.454,0,0.72962
14.791,0,0.72765
15.136,0,0.72568
15.488,0,0.72373
15.849,0,0.72179
16.218,0,0.71985
16.596,0,0.71793
16.982,0,0.71601
17.378,0,0.71411
17.783,0,0.7122
18.197,0,0.71031
18.621,0,0.70841
19.055,0,0.70653
19.498,0,0.70464
19.953,0,0.70276
20.417,0,0.70088
20.893,0,0.69899
21.38,0,0.69711
21.878,0,0.69523
22.387,0,0.69334
22.909,0,0.69145
23.442,0,0.68955
23.988,0,0.68765
24.547,0,0.68574
25.119,0,0.68382
25.704,0,0.6819
26.303,0,0.67996
26.915,0,0.67801
27.542,0,0.67605
28.184,0,0.67407
28.84,0,0.67208
29.512,0,0.67007
30.2,0,0.66804
30.903,0,0.66599
31.623,0,0.66392
32.359,0,0.66182
33.113,0,0.65971
33.884,0,0.65756
34.674,0,0.65539
35.481,0,0.65319
36.308,0,0.65095
37.154,0,0.64869
38.019,0,0.64639
38.905,0,0.64405
39.811,0,0.64167
40.738,0,0.63926
41.687,0,0.6368
42.658,0,0.63431
43.652,0,0.63176
44.668,0,0.62917
45.709,0,0.62653
46.774,0,0.62384
47.863,0,0.6211
48.978,0,0.6183
50.119,0,0.61545
51.286,0,0.61254
52.481,0,0.60957
53.703,0,0.60654
54.954,0,0.60345
56.234,0,0.60029
57.544,0,0.59707
58.884,0,0.59378
60.256,0,0.59042
61.66,0,0.587
63.096,0,0.5835
64.565,0,0.57993
66.069,0,0.57629
67.608,0,0.57257
69.183,0,0.56878
70.795,0,0.56491
72.444,0,0.56097
74.131,0,0.55695
75.858,0,0.55286
77.625,0,0.54868
79.433,0,0.54444
81.283,0,0.54011
83.176,0,0.53571
85.114,0,0.53123
87.096,0,0.52668
89.125,0,0.52206
91.201,0,0.51736
93.325,0,0.5126
95.499,0,0.50776
97.724,0,0.50285
100,0,0.49788
0.01,0.1,12.672
0.010233,0.1,12.463
0.010471,0.1,12.258
0.010715,0.1,12.056
0.010965,0.1,11.859
0.01122,0.1,11.666
0.011482,0.1,11.476
0.011749,0.1,11.29
0.012023,0.1,11.107
0.012303,0.1,10.928
0.012589,0.1,10.752
0.012882,0.1,10.58
0.013183,0.1,10.41
0.01349,0.1,10.244
0.013804,0.1,10.081
0.014125,0.1,9.9215
0.014454,0.1,9.7646
0.014791,0.1,9.6107
0.015136,0.1,9.4597
0.015488,0.1,9.3115
0.015849,0.1,9.166
0.016218,0.1,9.0233
0.016596,0.1,8.8832
0.016982,0.1,8.7457
0.017378,0.1,8.6107
0.017783,0.1,8.4783
0.018197,0.1,8.3483
0.018621,0.1,8.2207
0.019055,0.1,8.0954
0.019498,0.1,7.9724
0.019953,0.1,7.8517
0.020417,0.1,7.7332
0.020893,0.1,7.6169
0.02138,0.1,7.5027
0.021878,0.1,7.3905
0.022387,0.1,7.2804
0.022909,0.1,7.1723
0.023442,0.1,7.0662
0.023988,0.1,6.962
0.024547,0.1,6.8596
0.025119,0.1,6.7591
0.025704,0.1,6.6604
0.026303,0.1,6.5635
0.026915,0.1,6.4683
0.027542,0.1,6.3749
0.028184,0.1,6.283
0.02884,0.1,6.1929
0.029512,0.1,6.1043
0.0302,0.1,6.0173
0.030903,0.1,5.9319
0.031623,0.1,5.8479
0.032359,0.1,5.7655
0.033113,0.1,5.6845
0.033884,0.1,5.6049
0.034674,0.1,5.5267
0.035481,0.1,5.4499
0.036308,0.1,5.3744
0.037154,0.1,5.3003
0.038019,0.1,5.2274
0.038905,0.1,5.1558
0.039811,0.1,5.0855
0.040738,0.1,5.0164
0.041687,0.1,4.9485
0.042658,0.1,4.8817
0.043652,0.1,4.8161
0.044668,0.1,4.7516
0.045709,0.1,4.6883
0.046774,0.1,4.626
0.047863,0.1,4.5648
0.048978,0.1,4.5046
0.050119,0.1,4.4455
0.051286,0.1,4.3874
0.052481,0.1,4.3302
0.053703,0.1,4.274
0.054954,0.1,4.2188
0.056234,0.1,4.1645
0.057544,0.1,4.1111
0.058884,0.1,4.0587
0.060256,0.1,4.0071
0.06166,0.1,3.9563
0.063096,0.1,3.9064
0.064565,0.1,3.8574
0.066069,0.1,3.8091
0.067608,0.1,3.7617
0.069183,0.1,3.7151
0.070795,0.1,3.6692
0.072444,0.1,3.6241
0.074131,0.1,3.5797
0.075858,0.1,3.5361
0.077625,0.1,3.4931
0.079433,0.1,3.4509
0.081283,0.1,3.4094
0.083176,0.1,3.3685
0.085114,0.1,3.3284
0.087096,0.1,3.2888
0.089125,0.1,3.2499
0.091201,0.1,3.2117
0.093325,0.1,3.174
0.095499,0.1,3.137
0.097724,0.1,3.1006
0.1,0.1,3.0647
0.10233,0.1,3.0294
0.10471,0.1,2.9947
0.10715,0.1,2.9606
0.10965,0.1,2.927
0.1122,0.1,2.8939
0.11482,0.1,2.8614
0.11749,0.1,2.8293
0.12023,0.1,2.7978
0.12303,0.1,2.7668
0.12589,0.1,2.7362
0.12882,0.1,2.7062
0.13183,0.1,2.6766
0.1349,0.1,2.6475
0.13804,0.1,2.6188
0.14125,0.1,2.5906
0.14454,0.1,2.5628
0.14791,0.1,2.5355
0.15136,0.1,2.5086
0.15488,0.1,2.4821
0.15849,0.1,2.456
0.16218,0.1,2.4303
0.16596,0.1,2.405
0.16982,0.1,2.3801
0.17378,0.1,2.3556
0.17783,0.1,2.3314
0.18197,0.1,2.3076
0.18621,0.1,2.2842
0.19055,0.1,2.2612
0.19498,0.1,2.2385
0.19953,0.1,2.2161
0.20417,0.1,2.1941
0.20893,0.1,2.1724
0.2138,0.1,2.151
0.21878,0.1,2.13
0.22387,0.1,2.1093
0.22909,0.1,2.0888
0.23442,0.1,2.0687
0.23988,0.1,2.0489
0.24547,0.1,2.0294
0.25119,0.1,2.0102
0.25704,0.1,1.9913
0.26303,0.1,1.9726
0.26915,0.1,1.9542
0.27542,0.1,1.9361
0.28184,0.1,1.9183
0.2884,0.1,1.9007
0.29512,0.1,1.8834
0.302,0.1,1.8663
0.30903,0.1,1.8495
0.31623,0.1,1.8329
0.32359,0.1,1.8166
0.33113,0.1,1.8005
0.33884,0.1,1.7847
0.34674,0.1,1.769
0.35481,0.1,1.7536
0.36308,0.1,1.7385
0.37154,0.1,1.7235
0.38019,0.1,1.7088
0.38905,0.1,1.6942
0.39811,0.1,1.6799
0.40738,0.1,1.6658
0.41687,0.1,1.6519
0.42658,0.1,1.6382
0.43652,0.1,1.6247
0.44668,0.1,1.6113
0.45709,0.1,1.5982
0.46774,0.1,1.5852
0.47863,0.1,1.5725
0.48978,0.1,1.5599
0.50119,0.1,1.5475
0.51286,0.1,1.5353
0.52481,0.1,1.5232
0.53703,0.1,1.5113
0.54954,0.1,1.4996
0.56234,0.1,1.488
0.57544,0.1,1.4766
0.58884,0.1,1.4654
0.60256,0.1,1.4543
0.6166,0.1,1.4434
0.63096,0.1,1.4326
0.64565,0.1,1.422
0.66069,0.1,1.4115
0.67608,0.1,1.4012
0.69183,0.1,1.391
0.70795,0.1,1.3809
0.72444,0.1,1.371
0.74131,0.1,1.3612
0.75858,0.1,1.3516
0.77625,0.1,1.3421
0.79433,0.1,1.3327
0.81283,0.1,1.3234
0.83176,0.1,1.3143
0.85114,0.1,1.3053
0.87096,0.1,1.2964
0.89125,0.1,1.2877
0.91201,0.1,1.279
0.93325,0.1,1.2705
0.95499,0.1,1.2621
0.97724,0.1,1.2538
1,0.1,1.2456
1.0233,0.1,1.2375
1.0471,0.1,1.2296
1.0715,0.1,1.2217
1.0965,0.1,1.214
1.122,0.1,1.2063
1.1482,0.1,1.1988
1.1749,0.1,1.1913
1.2023,0.1,1.184
1.2303,0.1,1.1767
1.2589,0.1,1.1696
1.2882,0.1,1.1625
1.3183,0.1,1.1556
1.349,0.1,1.1487
1.3804,0.1,1.1419
1.4125,0.1,1.1352
1.4454,0.1,1.1286
1.4791,0.1,1.1221
1.5136,0.1,1.1157
1.5488,0.1,1.1093
1.5849,0.1,1.1031
1.6218,0.1,1.0969
1.6596,0.1,1.0908
1.6982,0.1,1.0848
1.7378,0.1,1.0788
1.7783,0.1,1.0729
1.8197,0.1,1.0672
1.8621,0.1,1.0614
1.9055,0.1,1.0558
1.9498,0.1,1.0502
1.9953,0.1,1.0447
2.0417,0.1,1.0393
2.0893,0.1,1.034
2.138,0.1,1.0287
2.1878,0.1,1.0235
2.2387,0.1,1.0183
2.2909,0.1,1.0132
2.3442,0.1,1.0082
2.3988,0.1,1.0033
2.4547,0.1,0.99837
2.5119,0.1,0.99354
2.5704,0.1,0.98877
2.6303,0.1,0.98406
2.6915,0.1,0.97941
2.7542,0.1,0.97483
2.8184,0.1,0.9703
2.884,0.1,0.96582
2.9512,0.1,0.96141
3.02,0.1,0.95704
3.0903,0.1,0.95274
3.1623,0.1,0.94849
3.2359,0.1,0.94429
3.3113,0.1,0.94014
3.3884,0.1,0.93605
3.4674,0.1,0.932
3.5481,0.1,0.92801
3.6308,0.1,0.92406
3.7154,0.1,0.92017
3.8019,0.1,0.91632
3.8905,0.1,0.91252
3.9811,0.1,0.90877
4.0738,0.1,0.90506
4.1687,0.1,0.9014
4.2658,0.1,0.89779
4.3652,0.1,0.89422
4.4668,0.1,0.89069
4.5709,0.1,0.8872
4.6774,0.1,0.88376
4.7863,0.1,0.88036
4.8978,0.1,0.877
5.0119,0.1,0.87368
5.1286,0.1,0.87039
5.2481,0.1,0.86715
5.3703,0.1,0.86395
5.4954,0.1,0.86079
5.6234,0.1,0.85766
5.7544,0.1,0.85457
5.8884,0.1,0.85151
6.0256,0.1,0.84849
6.166,0.1,0.84551
6.3096,0.1,0.84256
6.4565,0.1,0.83965
6.6069,0.1,0.83676
6.7608,0.1,0.83391
6.9183,0.1,0.8311
7.0795,0.1,0.82831
7.2444,0.1,0.82556
7.4131,0.1,0.82284
7.5858,0.1,0.82014
7.7625,0.1,0.81748
7.9433,0.1,0.81484
8.1283,0.1,0.81224
8.3176,0.1,0.80966
8.5114,0.1,0.80711
8.7096,0.1,0.80458
8.9125,0.1,0.80208
9.1201,0.1,0.79961
9.3325,0.1,0.79716
9.5499,0.1,0.79474
9.7724,0.1,0.79234
10,0.1,0.78997
10.233,0.1,0.78761
10.471,0.1,0.78528
10.715,0.1,0.78297
10.965,0.1,0.78069
11.22,0.1,0.77842
11.482,0.1,0.77617
11.749,0.1,0.77394
12.023,0.1,0.77173
12.303,0.1,0.76954
12.589,0.1,0.76737
12.882,0.1,0.76521
13.183,0.1,0.76307
13.49,0.1,0.76094
13.804,0.1,0.75883
14.125,0.1,0.75674
14.454,0.1,0.75465
14.791,0.1,0.75258
15.136,0.1,0.75052
15.488,0.1,0.74847
15.849,0.1,0.74644
16.218,0.1,0.74441
16.596,0.1,0.74239
16.982,0.1,0.74038
17.378,0.1,0.73838
17.783,0.1,0.73638
18.197,0.1,0.73439
18.621,0.1,0.7324
19.055,0.1,0.73042
19.498,0.1,0.72844
19.953,0.1,0.72646
20.417,0.1,0.72449
20.893,0.1,0.72251
21.38,0.1,0.72053
21.878,0.1,0.71855
22.387,0.1,0.71657
22.909,0.1,0.71458
23.442,0.1,0.71258
23.988,0.1,0.71058
24.547,0.1,0.70858
25.119,0.1,0.70656
25.704,0.1,0.70453
26.303,0.1,0.70249
26.915,0.1,0.70044
27.542,0.1,0.69837
28.184,0.1,0.69629
28.84,0.1,0.69419
29.512,0.1,0.69207
30.2,0.1,0.68993
30.903,0.1,0.68777
31.623,0.1,0.68559
32.359,0.1,0.68338
33.113,0.1,0.68115
33.884,0.1,0.67889
34.674,0.1,0.6766
35.481,0.1,0.67427
36.308,0.1,0.67192
37.154,0.1,0.66953
38.019,0.1,0.6671
38.905,0.1,0.66463
39.811,0.1,0.66213
40.738,0.1,0.65958
41.687,0.1,0.65698
42.658,0.1,0.65435
43.652,0.1,0.65166
44.668,0.1,0.64893
45.709,0.1,0.64614
46.774,0.1,0.6433
47.863,0.1,0.6404
48.978,0.1,0.63745
50.119,0.1,0.63444
51.286,0.1,0.63137
52.481,0.1,0.62824
53.703,0.1,0.62504
54.954,0.1,0.62178
56.234,0.1,0.61845
57.544,0.1,0.61505
58.884,0.1,0.61159
60.256,0.1,0.60805
61.66,0.1,0.60443
63.096,0.1,0.60075
64.565,0.1,0.59699
66.069,0.1,0.59315
67.608,0.1,0.58924
69.183,0.1,0.58525
70.795,0.1,0.58118
72.444,0.1,0.57704
74.131,0.1,0.57281
75.858,0.1,0.56851
77.625,0.1,0.56412
79.433,0.1,0.55966
81.283,0.1,0.55512
83.176,0.1,0.55051
85.114,0.1,0.54581
87.096,0.1,0.54104
89.125,0.1,0.5362
91.201,0.1,0.53128
93.325,0.1,0.52629
95.499,0.1,0.52123
97.724,0.1,0.5161
100,0.1,0.5109
0.01,1,13.942
0.010233,1,13.705
0.010471,1,13.472
0.010715,1,13.244
0.010965,1,13.02
0.01122,1,12.8
0.011482,1,12.585
0.011749,1,12.374
0.012023,1,12.167
0.012303,1,11.965
0.012589,1,11.766
0.012882,1,11.57
0.013183,1,11.379
0.01349,1,11.191
0.013804,1,11.007
0.014125,1,10.827
0.014454,1,10.649
0.014791,1,10.476
0.015136,1,10.305
0.015488,1,10.138
0.015849,1,9.974
0.016218,1,9.8131
0.016596,1,9.6553
0.016982,1,9.5004
0.017378,1,9.3485
0.017783,1,9.1994
0.018197,1,9.0532
0.018621,1,8.9097
0.019055,1,8.7689
0.019498,1,8.6307
0.019953,1,8.4951
0.020417,1,8.3621
0.020893,1,8.2315
0.02138,1,8.1034
0.021878,1,7.9776
0.022387,1,7.8542
0.022909,1,7.7331
0.023442,1,7.6142
0.023988,1,7.4975
0.024547,1,7.383
0.025119,1,7.2706
0.025704,1,7.1602
0.026303,1,7.0519
0.026915,1,6.9456
0.027542,1,6.8412
0.028184,1,6.7387
0.02884,1,6.6381
0.029512,1,6.5393
0.0302,1,6.4423
0.030903,1,6.3471
0.031623,1,6.2536
0.032359,1,6.1617
0.033113,1,6.0716
0.033884,1,5.983
0.034674,1,5.8961
0.035481,1,5.8107
0.036308,1,5.7269
0.037154,1,5.6445
0.038019,1,5.5636
0.038905,1,5.4842
0.039811,1,5.4062
0.040738,1,5.3295
0.041687,1,5.2542
0.042658,1,5.1803
0.043652,1,5.1076
0.044668,1,5.0363
0.045709,1,4.9662
0.046774,1,4.8973
0.047863,1,4.8296
0.048978,1,4.7631
0.050119,1,4.6978
0.051286,1,4.6336
0.052481,1,4.5705
0.053703,1,4.5086
0.054954,1,4.4477
0.056234,1,4.3878
0.057544,1,4.329
0.058884,1,4.2712
0.060256,1,4.2144
0.06166,1,4.1586
0.063096,1,4.1037
0.064565,1,4.0498
0.066069,1,3.9968
0.067608,1,3.9447
0.069183,1,3.8934
0.070795,1,3.8431
0.072444,1,3.7936
0.074131,1,3.7449
0.075858,1,3.6971
0.077625,1,3.6501
0.079433,1,3.6038
0.081283,1,3.5584
0.083176,1,3.5136
0.085114,1,3.4697
0.087096,1,3.4265
0.089125,1,3.384
0.091201,1,3.3422
0.093325,1,3.3011
0.095499,1,3.2606
0.097724,1,3.2209
0.1,1,3.1818
0.10233,1,3.1433
0.10471,1,3.1055
0.10715,1,3.0683
0.10965,1,3.0317
0.1122,1,2.9957
0.11482,1,2.9603
0.11749,1,2.9255
0.12023,1,2.8912
0.12303,1,2.8575
0.12589,1,2.8243
0.12882,1,2.7917
0.13183,1,2.7596
0.1349,1,2.728
0.13804,1,2.6969
0.14125,1,2.6663
0.14454,1,2.6362
0.14791,1,2.6066
0.15136,1,2.5775
0.15488,1,2.5488
0.15849,1,2.5206
0.16218,1,2.4928
0.16596,1,2.4654
0.16982,1,2.4385
0.17378,1,2.412
0.17783,1,2.386
0.18197,1,2.3603
0.18621,1,2.335
0.19055,1,2.3102
0.19498,1,2.2857
0.19953,1,2.2616
0.20417,1,2.2379
0.20893,1,2.2145
0.2138,1,2.1915
0.21878,1,2.1689
0.22387,1,2.1466
0.22909,1,2.1246
0.23442,1,2.103
0.23988,1,2.0818
0.24547,1,2.0608
0.25119,1,2.0402
0.25704,1,2.0198
0.26303,1,1.9998
0.26915,1,1.9801
0.27542,1,1.9607
0.28184,1,1.9416
0.2884,1,1.9228
0.29512,1,1.9042
0.302,1,1.886
0.30903,1,1.868
0.31623,1,1.8502
0.32359,1,1.8328
0.33113,1,1.8156
0.33884,1,1.7986
0.34674,1,1.782
0.35481,1,1.7655
0.36308,1,1.7493
0.37154,1,1.7334
0.38019,1,1.7176
0.38905,1,1.7021
0.39811,1,1.6869
0.40738,1,1.6718
0.41687,1,1.657
0.42658,1,1.6424
0.43652,1,1.628
0.44668,1,1.6138
0.45709,1,1.5999
0.46774,1,1.5861
0.47863,1,1.5725
0.48978,1,1.5591
0.50119,1,1.546
0.51286,1,1.533
0.52481,1,1.5202
0.53703,1,1.5075
0.54954,1,1.4951
0.56234,1,1.4828
0.57544,1,1.4707
0.58884,1,1.4588
0.60256,1,1.4471
0.6166,1,1.4355
0.63096,1,1.4241
0.64565,1,1.4128
0.66069,1,1.4017
0.67608,1,1.3908
0.69183,1,1.38
0.70795,1,1.3694
0.72444,1,1.3589
0.74131,1,1.3486
0.75858,1,1.3384
0.77625,1,1.3283
0.79433,1,1.3184
0.81283,1,1.3087
0.83176,1,1.299
0.85114,1,1.2895
0.87096,1,1.2802
0.89125,1,1.2709
0.91201,1,1.2618
0.93325,1,1.2528
0.95499,1,1.244
0.97724,1,1.2352
1,1,1.2266
1.0233,1,1.2181
1.0471,1,1.2097
1.0715,1,1.2015
1.0965,1,1.1933
1.122,1,1.1853
1.1482,1,1.1773
1.1749,1,1.1695
1.2023,1,1.1618
1.2303,1,1.1542
1.2589,1,1.1466
1.2882,1,1.1392
1.3183,1,1.1319
1.349,1,1.1247
1.3804,1,1.1176
1.4125,1,1.1106
1.4454,1,1.1036
1.4791,1,1.0968
1.5136,1,1.0901
1.5488,1,1.0834
1.5849,1,1.0768
1.6218,1,1.0704
1.6596,1,1.064
1.6982,1,1.0577
1.7378,1,1.0514
1.7783,1,1.0453
1.8197,1,1.0392
1.8621,1,1.0333
1.9055,1,1.0274
1.9498,1,1.0215
1.9953,1,1.0158
2.0417,1,1.0101
2.0893,1,1.0045
2.138,1,0.99901
2.1878,1,0.99355
2.2387,1,0.98817
2.2909,1,0.98286
2.3442,1,0.97762
2.3988,1,0.97245
2.4547,1,0.96734
2.5119,1,0.96231
2.5704,1,0.95733
2.6303,1,0.95242
2.6915,1,0.94757
2.7542,1,0.94279
2.8184,1,0.93807
2.884,1,0.9334
2.9512,1,0.9288
3.02,1,0.92426
3.0903,1,0.91977
3.1623,1,0.91534
3.2359,1,0.91097
3.3113,1,0.90665
3.3884,1,0.90239
3.4674,1,0.89818
3.5481,1,0.89403
3.6308,1,0.88993
3.7154,1,0.88588
3.8019,1,0.88188
3.8905,1,0.87793
3.9811,1,0.87403
4.0738,1,0.87018
4.1687,1,0.86637
4.2658,1,0.86262
4.3652,1,0.85891
4.4668,1,0.85525
4.5709,1,0.85163
4.6774,1,0.84805
4.7863,1,0.84453
4.8978,1,0.84104
5.0119,1,0.8376
5.1286,1,0.8342
5.2481,1,0.83084
5.3703,1,0.82752
5.4954,1,0.82424
5.6234,1,0.821
5.7544,1,0.8178
5.8884,1,0.81464
6.0256,1,0.81151
6.166,1,0.80842
6.3096,1,0.80537
6.4565,1,0.80236
6.6069,1,0.79938
6.7608,1,0.79644
6.9183,1,0.79353
7.0795,1,0.79065
7.2444,1,0.78781
7.4131,1,0.785
7.5858,1,0.78222
7.7625,1,0.77947
7.9433,1,0.77675
8.1283,1,0.77407
8.3176,1,0.77141
8.5114,1,0.76878
8.7096,1,0.76619
8.9125,1,0.76362
9.1201,1,0.76107
9.3325,1,0.75856
9.5499,1,0.75607
9.7724,1,0.75361
10,1,0.75117
10.233,1,0.74876
10.471,1,0.74637
10.715,1,0.744
10.965,1,0.74166
11.22,1,0.73934
11.482,1,0.73704
11.749,1,0.73477
12.023,1,0.73251
12.303,1,0.73028
12.589,1,0.72806
12.882,1,0.72587
13.183,1,0.72369
13.49,1,0.72153
13.804,1,0.71939
14.125,1,0.71726
14.454,1,0.71515
14.791,1,0.71305
15.136,1,0.71097
15.488,1,0.7089
15.849,1,0.70685
16.218,1,0.70481
16.596,1,0.70278
16.982,1,0.70076
17.378,1,0.69875
17.783,1,0.69675
18.197,1,0.69476
18.621,1,0.69278
19.055,1,0.6908
19.498,1,0.68883
19.953,1,0.68687
20.417,1,0.68491
20.893,1,0.68295
21.38,1,0.68099
21.878,1,0.67904
22.387,1,0.67709
22.909,1,0.67514
23.442,1,0.67318
23.988,1,0.67123
24.547,1,0.66927
25.119,1,0.66731
25.704,1,0.66534
26.303,1,0.66336
26.915,1,0.66138
27.542,1,0.65938
28.184,1,0.65738
28.84,1,0.65536
29.512,1,0.65334
30.2,1,0.65129
30.903,1,0.64923
31.623,1,0.64716
32.359,1,0.64506
33.113,1,0.64295
33.884,1,0.64081
34.674,1,0.63866
35.481,1,0.63647
36.308,1,0.63426
37.154,1,0.63203
38.019,1,0.62976
38.905,1,0.62746
39.811,1,0.62514
40.738,1,0.62277
41.687,1,0.62037
42.658,1,0.61794
43.652,1,0.61546
44.668,1,0.61294
45.709,1,0.61038
46.774,1,0.60778
47.863,1,0.60513
48.978,1,0.60243
50.119,1,0.59968
51.286,1,0.59688
52.481,1,0.59403
53.703,1,0.59112
54.954,1,0.58815
56.234,1,0.58513
57.544,1,0.58205
58.884,1,0.57891
60.256,1,0.5757
61.66,1,0.57244
63.096,1,0.5691
64.565,1,0.5657
66.069,1,0.56224
67.608,1,0.5587
69.183,1,0.5551
70.795,1,0.55142
72.444,1,0.54768
74.131,1,0.54386
75.858,1,0.53997
77.625,1,0.53601
79.433,1,0.53198
81.283,1,0.52787
83.176,1,0.5237
85.114,1,0.51945
87.096,1,0.51513
89.125,1,0.51074
91.201,1,0.50628
93.325,1,0.50175
95.499,1,0.49715
97.724,1,0.49249
100,1,0.48777
0.01,2,14.849
0.010233,2,14.592
0.010471,2,14.34
0.010715,2,14.093
0.010965,2,13.851
0.01122,2,13.614
0.011482,2,13.381
0.011749,2,13.153
0.012023,2,12.929
0.012303,2,12.709
0.012589,2,12.494
0.012882,2,12.283
0.013183,2,12.077
0.01349,2,11.874
0.013804,2,11.675
0.014125,2,11.48
0.014454,2,11.289
0.014791,2,11.101
0.015136,2,10.917
0.015488,2,10.737
0.015849,2,10.56
0.016218,2,10.386
0.016596,2,10.216
0.016982,2,10.049
0.017378,2,9.8852
0.017783,2,9.7245
0.018197,2,9.5669
0.018621,2,9.4123
0.019055,2,9.2607
0.019498,2,9.1119
0.019953,2,8.966
0.020417,2,8.8228
0.020893,2,8.6823
0.02138,2,8.5444
0.021878,2,8.4091
0.022387,2,8.2764
0.022909,2,8.1462
0.023442,2,8.0184
0.023988,2,7.893
0.024547,2,7.77
0.025119,2,7.6492
0.025704,2,7.5307
0.026303,2,7.4144
0.026915,2,7.3002
0.027542,2,7.1882
0.028184,2,7.0782
0.02884,2,6.9703
0.029512,2,6.8643
0.0302,2,6.7603
0.030903,2,6.6582
0.031623,2,6.558
0.032359,2,6.4596
0.033113,2,6.363
0.033884,2,6.2682
0.034674,2,6.1751
0.035481,2,6.0837
0.036308,2,5.9939
0.037154,2,5.9058
0.038019,2,5.8193
0.038905,2,5.7343
0.039811,2,5.6508
0.040738,2,5.5689
0.041687,2,5.4884
0.042658,2,5.4094
0.043652,2,5.3318
0.044668,2,5.2556
0.045709,2,5.1807
0.046774,2,5.1072
0.047863,2,5.0349
0.048978,2,4.964
0.050119,2,4.8943
0.051286,2,4.8258
0.052481,2,4.7586
0.053703,2,4.6925
0.054954,2,4.6276
0.056234,2,4.5638
0.057544,2,4.5012
0.058884,2,4.4396
0.060256,2,4.3791
0.06166,2,4.3197
0.063096,2,4.2613
0.064565,2,4.2039
0.066069,2,4.1475
0.067608,2,4.0921
0.069183,2,4.0376
0.070795,2,3.9841
0.072444,2,3.9315
0.074131,2,3.8798
0.075858,2,3.829
0.077625,2,3.779
0.079433,2,3.7299
0.081283,2,3.6817
0.083176,2,3.6342
0.085114,2,3.5876
0.087096,2,3.5417
0.089125,2,3.4966
0.091201,2,3.4523
0.093325,2,3.4087
0.095499,2,3.3659
0.097724,2,3.3238
0.1,2,3.2824
0.10233,2,3.2416
0.10471,2,3.2016
0.10715,2,3.1622
0.10965,2,3.1235
0.1122,2,3.0854
0.11482,2,3.0479
0.11749,2,3.0111
0.12023,2,2.9749
0.12303,2,2.9392
0.12589,2,2.9042
0.12882,2,2.8697
0.13183,2,2.8358
0.1349,2,2.8024
0.13804,2,2.7696
0.14125,2,2.7373
0.14454,2,2.7055
0.14791,2,2.6743
0.15136,2,2.6435
0.15488,2,2.6133
0.15849,2,2.5835
0.16218,2,2.5542
0.16596,2,2.5254
0.16982,2,2.4971
0.17378,2,2.4691
0.17783,2,2.4417
0.18197,2,2.4147
0.18621,2,2.3881
0.19055,2,2.3619
0.19498,2,2.3361
0.19953,2,2.3108
0.20417,2,2.2858
0.20893,2,2.2613
0.2138,2,2.2371
0.21878,2,2.2133
0.22387,2,2.1899
0.22909,2,2.1668
0.23442,2,2.1441
0.23988,2,2.1217
0.24547,2,2.0997
0.25119,2,2.0781
0.25704,2,2.0568
0.26303,2,2.0357
0.26915,2,2.0151
0.27542,2,1.9947
0.28184,2,1.9747
0.2884,2,1.9549
0.29512,2,1.9355
0.302,2,1.9163
0.30903,2,1.8975
0.31623,2,1.8789
0.32359,2,1.8606
0.33113,2,1.8426
0.33884,2,1.8249
0.34674,2,1.8074
0.35481,2,1.7902
0.36308,2,1.7733
0.37154,2,1.7566
0.38019,2,1.7401
0.38905,2,1.7239
0.39811,2,1.708
0.40738,2,1.6922
0.41687,2,1.6767
0.42658,2,1.6615
0.43652,2,1.6464
0.44668,2,1.6316
0.45709,2,1.617
0.46774,2,1.6027
0.47863,2,1.5885
0.48978,2,1.5745
0.50119,2,1.5608
0.51286,2,1.5472
0.52481,2,1.5339
0.53703,2,1.5207
0.54954,2,1.5077
0.56234,2,1.4949
0.57544,2,1.4823
0.58884,2,1.4699
0.60256,2,1.4577
0.6166,2,1.4456
0.63096,2,1.4337
0.64565,2,1.422
0.66069,2,1.4105
0.67608,2,1.3991
0.69183,2,1.3878
0.70795,2,1.3768
0.72444,2,1.3659
0.74131,2,1.3551
0.75858,2,1.3445
0.77625,2,1.3341
0.79433,2,1.3238
0.81283,2,1.3136
0.83176,2,1.3036
0.85114,2,1.2937
0.87096,2,1.284
0.89125,2,1.2744
0.91201,2,1.2649
0.93325,2,1.2556
0.95499,2,1.2464
0.97724,2,1.2373
1,2,1.2284
1.0233,2,1.2196
1.0471,2,1.2108
1.0715,2,1.2023
1.0965,2,1.1938
1.122,2,1.1855
1.1482,2,1.1772
1.1749,2,1.1691
1.2023,2,1.1611
1.2303,2,1.1532
1.2589,2,1.1454
1.2882,2,1.1377
1.3183,2,1.1302
1.349,2,1.1227
1.3804,2,1.1153
1.4125,2,1.108
1.4454,2,1.1009
1.4791,2,1.0938
1.5136,2,1.0868
1.5488,2,1.0799
1.5849,2,1.0731
1.6218,2,1.0664
1.6596,2,1.0598
1.6982,2,1.0533
1.7378,2,1.0468
1.7783,2,1.0405
1.8197,2,1.0342
1.8621,2,1.028
1.9055,2,1.0219
1.9498,2,1.0159
1.9953,2,1.01
2.0417,2,1.0041
2.0893,2,0.99833
2.138,2,0.99262
2.1878,2,0.98699
2.2387,2,0.98143
2.2909,2,0.97594
2.3442,2,0.97053
2.3988,2,0.96519
2.4547,2,0.95992
2.5119,2,0.95471
2.5704,2,0.94958
2.6303,2,0.94451
2.6915,2,0.93951
2.7542,2,0.93457
2.8184,2,0.9297
2.884,2,0.92489
2.9512,2,0.92014
3.02,2,0.91545
3.0903,2,0.91083
3.1623,2,0.90626
3.2359,2,0.90175
3.3113,2,0.8973
3.3884,2,0.89291
3.4674,2,0.88857
3.5481,2,0.88429
3.6308,2,0.88006
3.7154,2,0.87589
3.8019,2,0.87177
3.8905,2,0.8677
3.9811,2,0.86368
4.0738,2,0.85972
4.1687,2,0.8558
4.2658,2,0.85194
4.3652,2,0.84812
4.4668,2,0.84435
4.5709,2,0.84062
4.6774,2,0.83695
4.7863,2,0.83332
4.8978,2,0.82973
5.0119,2,0.82619
5.1286,2,0.82269
5.2481,2,0.81924
5.3703,2,0.81582
5.4954,2,0.81245
5.6234,2,0.80913
5.7544,2,0.80584
5.8884,2,0.80259
6.0256,2,0.79938
6.166,2,0.79621
6.3096,2,0.79307
6.4565,2,0.78998
6.6069,2,0.78692
6.7608,2,0.7839
6.9183,2,0.78091
7.0795,2,0.77796
7.2444,2,0.77505
7.4131,2,0.77216
7.5858,2,0.76931
7.7625,2,0.7665
7.9433,2,0.76371
8.1283,2,0.76096
8.3176,2,0.75824
8.5114,2,0.75555
8.7096,2,0.75289
8.9125,2,0.75026
9.1201,2,0.74766
9.3325,2,0.74508
9.5499,2,0.74254
9.7724,2,0.74002
10,2,0.73753
10.233,2,0.73507
10.471,2,0.73263
10.715,2,0.73021
10.965,2,0.72782
11.22,2,0.72546
11.482,2,0.72311
11.749,2,0.72079
12.023,2,0.7185
12.303,2,0.71622
12.589,2,0.71397
12.882,2,0.71173
13.183,2,0.70952
13.49,2,0.70733
13.804,2,0.70515
14.125,2,0.70299
14.454,2,0.70085
14.791,2,0.69873
15.136,2,0.69662
15.488,2,0.69453
15.849,2,0.69245
16.218,2,0.69039
16.596,2,0.68834
16.982,2,0.6863
17.378,2,0.68428
17.783,2,0.68226
18.197,2,0.68026
18.621,2,0.67827
19.055,2,0.67629
19.498,2,0.67431
19.953,2,0.67234
20.417,2,0.67038
20.893,2,0.66843
21.38,2,0.66648
21.878,2,0.66453
22.387,2,0.66259
22.909,2,0.66065
23.442,2,0.65871
23.988,2,0.65677
24.547,2,0.65483
25.119,2,0.65289
25.704,2,0.65095
26.303,2,0.649
26.915,2,0.64705
27.542,2,0.64509
28.184,2,0.64312
28.84,2,0.64115
29.512,2,0.63916
30.2,2,0.63717
30.903,2,0.63516
31.623,2,0.63314
32.359,2,0.63111
33.113,2,0.62906
33.884,2,0.62699
34.674,2,0.6249
35.481,2,0.6228
36.308,2,0.62067
37.154,2,0.61852
38.019,2,0.61634
38.905,2,0.61414
39.811,2,0.61191
40.738,2,0.60965
41.687,2,0.60736
42.658,2,0.60503
43.652,2,0.60267
44.668,2,0.60028
45.709,2,0.59785
46.774,2,0.59538
47.863,2,0.59287
48.978,2,0.59031
50.119,2,0.58771
51.286,2,0.58507
52.481,2,0.58238
53.703,2,0.57963
54.954,2,0.57684
56.234,2,0.574
57.544,2,0.5711
58.884,2,0.56814
60.256,2,0.56513
61.66,2,0.56206
63.096,2,0.55893
64.565,2,0.55574
66.069,2,0.55248
67.608,2,0.54916
69.183,2,0.54578
70.795,2,0.54233
72.444,2,0.53882
74.131,2,0.53523
75.858,2,0.53158
77.625,2,0.52786
79.433,2,0.52408
81.283,2,0.52022
83.176,2,0.51629
85.114,2,0.51229
87.096,2,0.50823
89.125,2,0.50409
91.201,2,0.49989
93.325,2,0.49562
95.499,2,0.49128
97.724,2,0.48688
100,2,0.48241
0.01,3,15.935
0.010233,3,15.654
0.010471,3,15.378
0.010715,3,15.108
0.010965,3,14.843
0.01122,3,14.584
0.011482,3,14.329
0.011749,3,14.08
0.012023,3,13.836
0.012303,3,13.596
0.012589,3,13.361
0.012882,3,13.131
0.013183,3,12.905
0.01349,3,12.684
0.013804,3,12.467
0.014125,3,12.254
0.014454,3,12.046
0.014791,3,11.842
0.015136,3,11.641
0.015488,3,11.445
0.015849,3,11.252
0.016218,3,11.063
0.016596,3,10.878
0.016982,3,10.696
0.017378,3,10.518
0.017783,3,10.343
0.018197,3,10.172
0.018621,3,10.004
0.019055,3,9.8393
0.019498,3,9.6777
0.019953,3,9.5192
0.020417,3,9.3637
0.020893,3,9.2112
0.02138,3,9.0617
0.021878,3,8.915
0.022387,3,8.771
0.022909,3,8.6299
0.023442,3,8.4914
0.023988,3,8.3555
0.024547,3,8.2222
0.025119,3,8.0915
0.025704,3,7.9632
0.026303,3,7.8373
0.026915,3,7.7138
0.027542,3,7.5926
0.028184,3,7.4737
0.02884,3,7.357
0.029512,3,7.2425
0.0302,3,7.1301
0.030903,3,7.0199
0.031623,3,6.9117
0.032359,3,6.8055
0.033113,3,6.7012
0.033884,3,6.5989
0.034674,3,6.4985
0.035481,3,6.4
0.036308,3,6.3032
0.037154,3,6.2083
0.038019,3,6.1151
0.038905,3,6.0236
0.039811,3,5.9338
0.040738,3,5.8456
0.041687,3,5.759
0.042658,3,5.674
0.043652,3,5.5906
0.044668,3,5.5087
0.045709,3,5.4282
0.046774,3,5.3492
0.047863,3,5.2717
0.048978,3,5.1955
0.050119,3,5.1207
0.051286,3,5.0472
0.052481,3,4.9751
0.053703,3,4.9043
0.054954,3,4.8347
0.056234,3,4.7664
0.057544,3,4.6993
0.058884,3,4.6333
0.060256,3,4.5686
0.06166,3,4.505
0.063096,3,4.4425
0.064565,3,4.3811
0.066069,3,4.3208
0.067608,3,4.2616
0.069183,3,4.2034
0.070795,3,4.1462
0.072444,3,4.09
0.074131,3,4.0348
0.075858,3,3.9806
0.077625,3,3.9273
0.079433,3,3.8749
0.081283,3,3.8235
0.083176,3,3.7729
0.085114,3,3.7232
0.087096,3,3.6744
0.089125,3,3.6264
0.091201,3,3.5792
0.093325,3,3.5328
0.095499,3,3.4872
0.097724,3,3.4424
0.1,3,3.3984
0.10233,3,3.3551
0.10471,3,3.3126
0.10715,3,3.2707
0.10965,3,3.2296
0.1122,3,3.1892
0.11482,3,3.1494
0.11749,3,3.1103
0.12023,3,3.0719
0.12303,3,3.0341
0.12589,3,2.997
0.12882,3,2.9604
0.13183,3,2.9245
0.1349,3,2.8892
0.13804,3,2.8544
0.14125,3,2.8203
0.14454,3,2.7867
0.14791,3,2.7536
0.15136,3,2.7211
0.15488,3,2.6891
0.15849,3,2.6577
0.16218,3,2.6267
0.16596,3,2.5963
0.16982,3,2.5664
0.17378,3,2.5369
0.17783,3,2.508
0.18197,3,2.4795
0.18621,3,2.4514
0.19055,3,2.4238
0.19498,3,2.3967
0.19953,3,2.37
0.20417,3,2.3437
0.20893,3,2.3178
0.2138,3,2.2924
0.21878,3,2.2674
0.22387,3,2.2427
0.22909,3,2.2185
0.23442,3,2.1946
0.23988,3,2.1711
0.24547,3,2.148
0.25119,3,2.1252
0.25704,3,2.1028
0.26303,3,2.0808
0.26915,3,2.0591
0.27542,3,2.0377
0.28184,3,2.0167
0.2884,3,1.996
0.29512,3,1.9756
0.302,3,1.9556
0.30903,3,1.9358
0.31623,3,1.9164
0.32359,3,1.8972
0.33113,3,1.8784
0.33884,3,1.8598
0.34674,3,1.8415
0.35481,3,1.8235
0.36308,3,1.8058
0.37154,3,1.7884
0.38019,3,1.7712
0.38905,3,1.7542
0.39811,3,1.7376
0.40738,3,1.7212
0.41687,3,1.705
0.42658,3,1.6891
0.43652,3,1.6734
0.44668,3,1.6579
0.45709,3,1.6427
0.46774,3,1.6277
0.47863,3,1.613
0.48978,3,1.5984
0.50119,3,1.5841
0.51286,3,1.57
0.52481,3,1.556
0.53703,3,1.5423
0.54954,3,1.5288
0.56234,3,1.5155
0.57544,3,1.5024
0.58884,3,1.4895
0.60256,3,1.4768
0.6166,3,1.4643
0.63096,3,1.4519
0.64565,3,1.4397
0.66069,3,1.4277
0.67608,3,1.4159
0.69183,3,1.4043
0.70795,3,1.3928
0.72444,3,1.3815
0.74131,3,1.3703
0.75858,3,1.3593
0.77625,3,1.3485
0.79433,3,1.3378
0.81283,3,1.3273
0.83176,3,1.3169
0.85114,3,1.3067
0.87096,3,1.2966
0.89125,3,1.2867
0.91201,3,1.2769
0.93325,3,1.2672
0.95499,3,1.2577
0.97724,3,1.2483
1,3,1.239
1.0233,3,1.2299
1.0471,3,1.2209
1.0715,3,1.212
1.0965,3,1.2033
1.122,3,1.1947
1.1482,3,1.1862
1.1749,3,1.1778
1.2023,3,1.1695
1.2303,3,1.1614
1.2589,3,1.1533
1.2882,3,1.1454
1.3183,3,1.1376
1.349,3,1.1299
1.3804,3,1.1223
1.4125,3,1.1148
1.4454,3,1.1074
1.4791,3,1.1001
1.5136,3,1.0929
1.5488,3,1.0858
1.5849,3,1.0788
1.6218,3,1.0719
1.6596,3,1.0651
1.6982,3,1.0584
1.7378,3,1.0517
1.7783,3,1.0452
1.8197,3,1.0387
1.8621,3,1.0324
1.9055,3,1.0261
1.9498,3,1.0199
1.9953,3,1.0138
2.0417,3,1.0078
2.0893,3,1.0018
2.138,3,0.99598
2.1878,3,0.99019
2.2387,3,0.98448
2.2909,3,0.97885
2.3442,3,0.97329
2.3988,3,0.96781
2.4547,3,0.9624
2.5119,3,0.95705
2.5704,3,0.95179
2.6303,3,0.94658
2.6915,3,0.94145
2.7542,3,0.93639
2.8184,3,0.93139
2.884,3,0.92646
2.9512,3,0.92159
3.02,3,0.91679
3.0903,3,0.91205
3.1623,3,0.90737
3.2359,3,0.90275
3.3113,3,0.89819
3.3884,3,0.89369
3.4674,3,0.88925
3.5481,3,0.88487
3.6308,3,0.88054
3.7154,3,0.87627
3.8019,3,0.87205
3.8905,3,0.86789
3.9811,3,0.86378
4.0738,3,0.85972
4.1687,3,0.85571
4.2658,3,0.85176
4.3652,3,0.84786
4.4668,3,0.844
4.5709,3,0.8402
4.6774,3,0.83644
4.7863,3,0.83273
4.8978,3,0.82906
5.0119,3,0.82545
5.1286,3,0.82187
5.2481,3,0.81834
5.3703,3,0.81486
5.4954,3,0.81142
5.6234,3,0.80802
5.7544,3,0.80466
5.8884,3,0.80135
6.0256,3,0.79807
6.166,3,0.79484
6.3096,3,0.79164
6.4565,3,0.78848
6.6069,3,0.78537
6.7608,3,0.78228
6.9183,3,0.77924
7.0795,3,0.77623
7.2444,3,0.77326
7.4131,3,0.77032
7.5858,3,0.76742
7.7625,3,0.76455
7.9433,3,0.76172
8.1283,3,0.75891
8.3176,3,0.75614
8.5114,3,0.7534
8.7096,3,0.7507
8.9125,3,0.74802
9.1201,3,0.74537
9.3325,3,0.74276
9.5499,3,0.74017
9.7724,3,0.73761
10,3,0.73507
10.233,3,0.73257
10.471,3,0.73009
10.715,3,0.72764
10.965,3,0.72521
11.22,3,0.72281
11.482,3,0.72043
11.749,3,0.71807
12.023,3,0.71574
12.303,3,0.71343
12.589,3,0.71115
12.882,3,0.70888
13.183,3,0.70664
13.49,3,0.70441
13.804,3,0.70221
14.125,3,0.70002
14.454,3,0.69786
14.791,3,0.69571
15.136,3,0.69358
15.488,3,0.69146
15.849,3,0.68936
16.218,3,0.68727
16.596,3,0.6852
16.982,3,0.68315
17.378,3,0.6811
17.783,3,0.67907
18.197,3,0.67705
18.621,3,0.67504
19.055,3,0.67304
19.498,3,0.67105
19.953,3,0.66907
20.417,3,0.6671
20.893,3,0.66513
21.38,3,0.66317
21.878,3,0.66122
22.387,3,0.65927
22.909,3,0.65732
23.442,3,0.65537
23.988,3,0.65343
24.547,3,0.65149
25.119,3,0.64954
25.704,3,0.6476
26.303,3,0.64565
26.915,3,0.6437
27.542,3,0.64174
28.184,3,0.63978
28.84,3,0.63781
29.512,3,0.63584
30.2,3,0.63385
30.903,3,0.63185
31.623,3,0.62984
32.359,3,0.62782
33.113,3,0.62579
33.884,3,0.62373
34.674,3,0.62166
35.481,3,0.61958
36.308,3,0.61747
37.154,3,0.61534
38.019,3,0.61319
38.905,3,0.61101
39.811,3,0.60881
40.738,3,0.60658
41.687,3,0.60432
42.658,3,0.60203
43.652,3,0.5997
44.668,3,0.59735
45.709,3,0.59495
46.774,3,0.59252
47.863,3,0.59005
48.978,3,0.58754
50.119,3,0.58499
51.286,3,0.5824
52.481,3,0.57975
53.703,3,0.57707
54.954,3,0.57433
56.234,3,0.57154
57.544,3,0.5687
58.884,3,0.5658
60.256,3,0.56285
61.66,3,0.55985
63.096,3,0.55678
64.565,3,0.55366
66.069,3,0.55048
67.608,3,0.54723
69.183,3,0.54392
70.795,3,0.54055
72.444,3,0.53711
74.131,3,0.5336
75.858,3,0.53003
77.625,3,0.52639
79.433,3,0.52269
81.283,3,0.51891
83.176,3,0.51507
85.114,3,0.51116
87.096,3,0.50718
89.125,3,0.50313
91.201,3,0.49901
93.325,3,0.49483
95.499,3,0.49058
97.724,3,0.48626
100,3,0.48188
0.01,4,16.548
0.010233,4,16.253
0.010471,4,15.963
0.010715,4,15.68
0.010965,4,15.402
0.01122,4,15.129
0.011482,4,14.863
0.011749,4,14.601
0.012023,4,14.345
0.012303,4,14.093
0.012589,4,13.847
0.012882,4,13.606
0.013183,4,13.369
0.01349,4,13.137
0.013804,4,12.91
0.014125,4,12.687
0.014454,4,12.469
0.014791,4,12.254
0.015136,4,12.045
0.015488,4,11.839
0.015849,4,11.637
0.016218,4,11.439
0.016596,4,11.245
0.016982,4,11.055
0.017378,4,10.869
0.017783,4,10.686
0.018197,4,10.506
0.018621,4,10.331
0.019055,4,10.158
0.019498,4,9.9892
0.019953,4,9.8234
0.020417,4,9.6609
0.020893,4,9.5014
0.02138,4,9.3451
0.021878,4,9.1917
0.022387,4,9.0413
0.022909,4,8.8938
0.023442,4,8.7491
0.023988,4,8.6071
0.024547,4,8.4679
0.025119,4,8.3313
0.025704,4,8.1974
0.026303,4,8.0659
0.026915,4,7.937
0.027542,4,7.8105
0.028184,4,7.6864
0.02884,4,7.5646
0.029512,4,7.4452
0.0302,4,7.328
0.030903,4,7.213
0.031623,4,7.1001
0.032359,4,6.9894
0.033113,4,6.8807
0.033884,4,6.7741
0.034674,4,6.6695
0.035481,4,6.5668
0.036308,4,6.466
0.037154,4,6.3671
0.038019,4,6.27
0.038905,4,6.1747
0.039811,4,6.0812
0.040738,4,5.9894
0.041687,4,5.8992
0.042658,4,5.8108
0.043652,4,5.7239
0.044668,4,5.6387
0.045709,4,5.555
0.046774,4,5.4729
0.047863,4,5.3922
0.048978,4,5.313
0.050119,4,5.2352
0.051286,4,5.1589
0.052481,4,5.0839
0.053703,4,5.0103
0.054954,4,4.938
0.056234,4,4.867
0.057544,4,4.7973
0.058884,4,4.7289
0.060256,4,4.6616
0.06166,4,4.5956
0.063096,4,4.5308
0.064565,4,4.4671
0.066069,4,4.4045
0.067608,4,4.343
0.069183,4,4.2827
0.070795,4,4.2234
0.072444,4,4.1651
0.074131,4,4.1079
0.075858,4,4.0517
0.077625,4,3.9964
0.079433,4,3.9422
0.081283,4,3.8888
0.083176,4,3.8364
0.085114,4,3.785
0.087096,4,3.7344
0.089125,4,3.6847
0.091201,4,3.6358
0.093325,4,3.5878
0.095499,4,3.5407
0.097724,4,3.4943
0.1,4,3.4487
0.10233,4,3.404
0.10471,4,3.36
0.10715,4,3.3167
0.10965,4,3.2742
0.1122,4,3.2324
0.11482,4,3.1913
0.11749,4,3.1509
0.12023,4,3.1112
0.12303,4,3.0722
0.12589,4,3.0338
0.12882,4,2.996
0.13183,4,2.9589
0.1349,4,2.9225
0.13804,4,2.8866
0.14125,4,2.8513
0.14454,4,2.8167
0.14791,4,2.7826
0.15136,4,2.749
0.15488,4,2.716
0.15849,4,2.6836
0.16218,4,2.6517
0.16596,4,2.6203
0.16982,4,2.5895
0.17378,4,2.5591
0.17783,4,2.5293
0.18197,4,2.4999
0.18621,4,2.471
0.19055,4,2.4426
0.19498,4,2.4147
0.19953,4,2.3872
0.20417,4,2.3601
0.20893,4,2.3335
0.2138,4,2.3073
0.21878,4,2.2815
0.22387,4,2.2562
0.22909,4,2.2312
0.23442,4,2.2067
0.23988,4,2.1825
0.24547,4,2.1588
0.25119,4,2.1354
0.25704,4,2.1124
0.26303,4,2.0897
0.26915,4,2.0674
0.27542,4,2.0455
0.28184,4,2.0239
0.2884,4,2.0026
0.29512,4,1.9817
0.302,4,1.9611
0.30903,4,1.9408
0.31623,4,1.9208
0.32359,4,1.9012
0.33113,4,1.8818
0.33884,4,1.8628
0.34674,4,1.844
0.35481,4,1.8256
0.36308,4,1.8074
0.37154,4,1.7895
0.38019,4,1.7719
0.38905,4,1.7545
0.39811,4,1.7374
0.40738,4,1.7206
0.41687,4,1.7041
0.42658,4,1.6877
0.43652,4,1.6717
0.44668,4,1.6558
0.45709,4,1.6403
0.46774,4,1.6249
0.47863,4,1.6098
0.48978,4,1.5949
0.50119,4,1.5802
0.51286,4,1.5658
0.52481,4,1.5516
0.53703,4,1.5375
0.54954,4,1.5237
0.56234,4,1.5101
0.57544,4,1.4967
0.58884,4,1.4835
0.60256,4,1.4705
0.6166,4,1.4577
0.63096,4,1.4451
0.64565,4,1.4326
0.66069,4,1.4204
0.67608,4,1.4083
0.69183,4,1.3964
0.70795,4,1.3846
0.72444,4,1.3731
0.74131,4,1.3617
0.75858,4,1.3505
0.77625,4,1.3394
0.79433,4,1.3285
0.81283,4,1.3178
0.83176,4,1.3072
0.85114,4,1.2967
0.87096,4,1.2864
0.89125,4,1.2763
0.91201,4,1.2663
0.93325,4,1.2565
0.95499,4,1.2468
0.97724,4,1.2372
1,4,1.2277
1.0233,4,1.2184
1.0471,4,1.2093
1.0715,4,1.2002
1.0965,4,1.1913
1.122,4,1.1825
1.1482,4,1.1739
1.1749,4,1.1653
1.2023,4,1.1569
1.2303,4,1.1486
1.2589,4,1.1404
1.2882,4,1.1323
1.3183,4,1.1244
1.349,4,1.1165
1.3804,4,1.1088
1.4125,4,1.1012
1.4454,4,1.0936
1.4791,4,1.0862
1.5136,4,1.0789
1.5488,4,1.0717
1.5849,4,1.0646
1.6218,4,1.0575
1.6596,4,1.0506
1.6982,4,1.0438
1.7378,4,1.037
1.7783,4,1.0304
1.8197,4,1.0238
1.8621,4,1.0174
1.9055,4,1.011
1.9498,4,1.0047
1.9953,4,0.99849
2.0417,4,0.99236
2.0893,4,0.98632
2.138,4,0.98037
2.1878,4,0.97449
2.2387,4,0.96869
2.2909,4,0.96297
2.3442,4,0.95732
2.3988,4,0.95175
2.4547,4,0.94626
2.5119,4,0.94084
2.5704,4,0.93549
2.6303,4,0.93021
2.6915,4,0.925
2.7542,4,0.91986
2.8184,4,0.91479
2.884,4,0.90978
2.9512,4,0.90484
3.02,4,0.89997
3.0903,4,0.89516
3.1623,4,0.89041
3.2359,4,0.88573
3.3113,4,0.88111
3.3884,4,0.87655
3.4674,4,0.87204
3.5481,4,0.8676
3.6308,4,0.86321
3.7154,4,0.85888
3.8019,4,0.85461
3.8905,4,0.85039
3.9811,4,0.84622
4.0738,4,0.84211
4.1687,4,0.83806
4.2658,4,0.83405
4.3652,4,0.83009
4.4668,4,0.82619
4.5709,4,0.82234
4.6774,4,0.81853
4.7863,4,0.81477
4.8978,4,0.81106
5.0119,4,0.8074
5.1286,4,0.80378
5.2481,4,0.80021
5.3703,4,0.79669
5.4954,4,0.79321
5.6234,4,0.78977
5.7544,4,0.78637
5.8884,4,0.78302
6.0256,4,0.7797
6.166,4,0.77643
6.3096,4,0.7732
6.4565,4,0.77001
6.6069,4,0.76686
6.7608,4,0.76374
6.9183,4,0.76067
7.0795,4,0.75763
7.2444,4,0.75462
7.4131,4,0.75166
7.5858,4,0.74872
7.7625,4,0.74583
7.9433,4,0.74296
8.1283,4,0.74014
8.3176,4,0.73734
8.5114,4,0.73458
8.7096,4,0.73184
8.9125,4,0.72914
9.1201,4,0.72647
9.3325,4,0.72384
9.5499,4,0.72123
9.7724,4,0.71865
10,4,0.71609
10.233,4,0.71357
10.471,4,0.71107
10.715,4,0.7086
10.965,4,0.70616
11.22,4,0.70374
11.482,4,0.70135
11.749,4,0.69898
12.023,4,0.69664
12.303,4,0.69432
12.589,4,0.69202
12.882,4,0.68975
13.183,4,0.6875
13.49,4,0.68526
13.804,4,0.68305
14.125,4,0.68086
14.454,4,0.67869
14.791,4,0.67654
15.136,4,0.6744
15.488,4,0.67229
15.849,4,0.67019
16.218,4,0.6681
16.596,4,0.66604
16.982,4,0.66398
17.378,4,0.66195
17.783,4,0.65992
18.197,4,0.65791
18.621,4,0.65591
19.055,4,0.65392
19.498,4,0.65194
19.953,4,0.64998
20.417,4,0.64802
20.893,4,0.64607
21.38,4,0.64413
21.878,4,0.6422
22.387,4,0.64027
22.909,4,0.63834
23.442,4,0.63643
23.988,4,0.63451
24.547,4,0.6326
25.119,4,0.63069
25.704,4,0.62878
26.303,4,0.62687
26.915,4,0.62496
27.542,4,0.62304
28.184,4,0.62113
28.84,4,0.6192
29.512,4,0.61728
30.2,4,0.61534
30.903,4,0.6134
31.623,4,0.61145
32.359,4,0.60949
33.113,4,0.60752
33.884,4,0.60554
34.674,4,0.60354
35.481,4,0.60153
36.308,4,0.5995
37.154,4,0.59745
38.019,4,0.59538
38.905,4,0.5933
39.811,4,0.59119
40.738,4,0.58905
41.687,4,0.58689
42.658,4,0.58471
43.652,4,0.5825
44.668,4,0.58025
45.709,4,0.57798
46.774,4,0.57567
47.863,4,0.57333
48.978,4,0.57095
50.119,4,0.56854
51.286,4,0.56608
52.481,4,0.56359
53.703,4,0.56105
54.954,4,0.55847
56.234,4,0.55584
57.544,4,0.55316
58.884,4,0.55044
60.256,4,0.54767
61.66,4,0.54484
63.096,4,0.54196
64.565,4,0.53903
66.069,4,0.53604
67.608,4,0.53299
69.183,4,0.52989
70.795,4,0.52672
72.444,4,0.5235
74.131,4,0.52021
75.858,4,0.51686
77.625,4,0.51345
79.433,4,0.50997
81.283,4,0.50643
83.176,4,0.50283
85.114,4,0.49915
87.096,4,0.49542
89.125,4,0.49161
91.201,4,0.48775
93.325,4,0.48381
95.499,4,0.47981
97.724,4,0.47575
100,4,0.47162
0.01,5,17.14
0.010233,5,16.83
0.010471,5,16.527
0.010715,5,16.229
0.010965,5,15.938
0.01122,5,15.653
0.011482,5,15.373
0.011749,5,15.099
0.012023,5,14.83
0.012303,5,14.567
0.012589,5,14.309
0.012882,5,14.056
0.013183,5,13.808
0.01349,5,13.565
0.013804,5,13.327
0.014125,5,13.094
0.014454,5,12.866
0.014791,5,12.641
0.015136,5,12.422
0.015488,5,12.207
0.015849,5,11.996
0.016218,5,11.789
0.016596,5,11.586
0.016982,5,11.387
0.017378,5,11.192
0.017783,5,11.001
0.018197,5,10.814
0.018621,5,10.63
0.019055,5,10.45
0.019498,5,10.274
0.019953,5,10.101
0.020417,5,9.9312
0.020893,5,9.7649
0.02138,5,9.6017
0.021878,5,9.4418
0.022387,5,9.2849
0.022909,5,9.1311
0.023442,5,8.9803
0.023988,5,8.8323
0.024547,5,8.6873
0.025119,5,8.545
0.025704,5,8.4054
0.026303,5,8.2685
0.026915,5,8.1343
0.027542,5,8.0026
0.028184,5,7.8735
0.02884,5,7.7468
0.029512,5,7.6225
0.0302,5,7.5006
0.030903,5,7.381
0.031623,5,7.2636
0.032359,5,7.1485
0.033113,5,7.0356
0.033884,5,6.9248
0.034674,5,6.8161
0.035481,5,6.7094
0.036308,5,6.6047
0.037154,5,6.502
0.038019,5,6.4013
0.038905,5,6.3024
0.039811,5,6.2053
0.040738,5,6.1101
0.041687,5,6.0166
0.042658,5,5.9249
0.043652,5,5.8349
0.044668,5,5.7465
0.045709,5,5.6598
0.046774,5,5.5747
0.047863,5,5.4911
0.048978,5,5.4091
0.050119,5,5.3286
0.051286,5,5.2496
0.052481,5,5.172
0.053703,5,5.0958
0.054954,5,5.021
0.056234,5,4.9476
0.057544,5,4.8756
0.058884,5,4.8048
0.060256,5,4.7353
0.06166,5,4.6671
0.063096,5,4.6001
0.064565,5,4.5343
0.066069,5,4.4696
0.067608,5,4.4062
0.069183,5,4.3439
0.070795,5,4.2827
0.072444,5,4.2226
0.074131,5,4.1635
0.075858,5,4.1056
0.077625,5,4.0486
0.079433,5,3.9927
0.081283,5,3.9377
0.083176,5,3.8837
0.085114,5,3.8307
0.087096,5,3.7786
0.089125,5,3.7274
0.091201,5,3.6772
0.093325,5,3.6278
0.095499,5,3.5792
0.097724,5,3.5315
0.1,5,3.4847
0.10233,5,3.4386
0.10471,5,3.3934
0.10715,5,3.3489
0.10965,5,3.3052
0.1122,5,3.2623
0.11482,5,3.2201
0.11749,5,3.1786
0.12023,5,3.1378
0.12303,5,3.0978
0.12589,5,3.0584
0.12882,5,3.0197
0.13183,5,2.9816
0.1349,5,2.9442
0.13804,5,2.9075
0.14125,5,2.8713
0.14454,5,2.8358
0.14791,5,2.8008
0.15136,5,2.7665
0.15488,5,2.7327
0.15849,5,2.6995
0.16218,5,2.6668
0.16596,5,2.6347
0.16982,5,2.6032
0.17378,5,2.5721
0.17783,5,2.5416
0.18197,5,2.5116
0.18621,5,2.482
0.19055,5,2.453
0.19498,5,2.4244
0.19953,5,2.3963
0.20417,5,2.3687
0.20893,5,2.3415
0.2138,5,2.3148
0.21878,5,2.2885
0.22387,5,2.2626
0.22909,5,2.2371
0.23442,5,2.2121
0.23988,5,2.1875
0.24547,5,2.1632
0.25119,5,2.1394
0.25704,5,2.1159
0.26303,5,2.0928
0.26915,5,2.0701
0.27542,5,2.0478
0.28184,5,2.0258
0.2884,5,2.0041
0.29512,5,1.9828
0.302,5,1.9619
0.30903,5,1.9412
0.31623,5,1.9209
0.32359,5,1.9009
0.33113,5,1.8813
0.33884,5,1.8619
0.34674,5,1.8429
0.35481,5,1.8241
0.36308,5,1.8056
0.37154,5,1.7875
0.38019,5,1.7696
0.38905,5,1.7519
0.39811,5,1.7346
0.40738,5,1.7175
0.41687,5,1.7007
0.42658,5,1.6842
0.43652,5,1.6679
0.44668,5,1.6518
0.45709,5,1.636
0.46774,5,1.6205
0.47863,5,1.6051
0.48978,5,1.5901
0.50119,5,1.5752
0.51286,5,1.5606
0.52481,5,1.5461
0.53703,5,1.532
0.54954,5,1.518
0.56234,5,1.5042
0.57544,5,1.4906
0.58884,5,1.4773
0.60256,5,1.4641
0.6166,5,1.4512
0.63096,5,1.4384
0.64565,5,1.4258
0.66069,5,1.4134
0.67608,5,1.4012
0.69183,5,1.3892
0.70795,5,1.3773
0.72444,5,1.3657
0.74131,5,1.3542
0.75858,5,1.3428
0.77625,5,1.3317
0.79433,5,1.3207
0.81283,5,1.3098
0.83176,5,1.2991
0.85114,5,1.2886
0.87096,5,1.2782
0.89125,5,1.268
0.91201,5,1.2579
0.93325,5,1.248
0.95499,5,1.2382
0.97724,5,1.2286
1,5,1.2191
1.0233,5,1.2097
1.0471,5,1.2005
1.0715,5,1.1914
1.0965,5,1.1824
1.122,5,1.1735
1.1482,5,1.1648
1.1749,5,1.1562
1.2023,5,1.1478
1.2303,5,1.1394
1.2589,5,1.1312
1.2882,5,1.123
1.3183,5,1.115
1.349,5,1.1072
1.3804,5,1.0994
1.4125,5,1.0917
1.4454,5,1.0841
1.4791,5,1.0767
1.5136,5,1.0693
1.5488,5,1.0621
1.5849,5,1.0549
1.6218,5,1.0479
1.6596,5,1.0409
1.6982,5,1.0341
1.7378,5,1.0273
1.7783,5,1.0206
1.8197,5,1.014
1.8621,5,1.0076
1.9055,5,1.0012
1.9498,5,0.99485
1.9953,5,0.98863
2.0417,5,0.98249
2.0893,5,0.97643
2.138,5,0.97046
2.1878,5,0.96457
2.2387,5,0.95875
2.2909,5,0.95302
2.3442,5,0.94737
2.3988,5,0.94179
2.4547,5,0.93628
2.5119,5,0.93085
2.5704,5,0.9255
2.6303,5,0.92021
2.6915,5,0.915
2.7542,5,0.90985
2.8184,5,0.90478
2.884,5,0.89977
2.9512,5,0.89483
3.02,5,0.88995
3.0903,5,0.88514
3.1623,5,0.8804
3.2359,5,0.87571
3.3113,5,0.87109
3.3884,5,0.86653
3.4674,5,0.86203
3.5481,5,0.85759
3.6308,5,0.8532
3.7154,5,0.84887
3.8019,5,0.8446
3.8905,5,0.84039
3.9811,5,0.83623
4.0738,5,0.83212
4.1687,5,0.82807
4.2658,5,0.82407
4.3652,5,0.82012
4.4668,5,0.81623
4.5709,5,0.81238
4.6774,5,0.80858
4.7863,5,0.80483
4.8978,5,0.80113
5.0119,5,0.79748
5.1286,5,0.79387
5.2481,5,0.79031
5.3703,5,0.78679
5.4954,5,0.78332
5.6234,5,0.77989
5.7544,5,0.7765
5.8884,5,0.77316
6.0256,5,0.76986
6.166,5,0.7666
6.3096,5,0.76338
6.4565,5,0.7602
6.6069,5,0.75706
6.7608,5,0.75395
6.9183,5,0.75089
7.0795,5,0.74786
7.2444,5,0.74487
7.4131,5,0.74192
7.5858,5,0.739
7.7625,5,0.73612
7.9433,5,0.73327
8.1283,5,0.73045
8.3176,5,0.72767
8.5114,5,0.72492
8.7096,5,0.72221
8.9125,5,0.71952
9.1201,5,0.71687
9.3325,5,0.71424
9.5499,5,0.71165
9.7724,5,0.70908
10,5,0.70655
10.233,5,0.70404
10.471,5,0.70156
10.715,5,0.69911
10.965,5,0.69668
11.22,5,0.69428
11.482,5,0.69191
11.749,5,0.68956
12.023,5,0.68724
12.303,5,0.68494
12.589,5,0.68266
12.882,5,0.6804
13.183,5,0.67817
13.49,5,0.67596
13.804,5,0.67377
14.125,5,0.6716
14.454,5,0.66945
14.791,5,0.66732
15.136,5,0.66521
15.488,5,0.66311
15.849,5,0.66104
16.218,5,0.65898
16.596,5,0.65693
16.982,5,0.65491
17.378,5,0.65289
17.783,5,0.65089
18.197,5,0.64891
18.621,5,0.64694
19.055,5,0.64498
19.498,5,0.64303
19.953,5,0.64109
20.417,5,0.63916
20.893,5,0.63725
21.38,5,0.63534
21.878,5,0.63344
22.387,5,0.63154
22.909,5,0.62965
23.442,5,0.62777
23.988,5,0.62589
24.547,5,0.62402
25.119,5,0.62214
25.704,5,0.62027
26.303,5,0.61841
26.915,5,0.61654
27.542,5,0.61467
28.184,5,0.61279
28.84,5,0.61092
29.512,5,0.60904
30.2,5,0.60715
30.903,5,0.60526
31.623,5,0.60337
32.359,5,0.60146
33.113,5,0.59954
33.884,5,0.59762
34.674,5,0.59568
35.481,5,0.59373
36.308,5,0.59176
37.154,5,0.58978
38.019,5,0.58777
38.905,5,0.58576
39.811,5,0.58372
40.738,5,0.58166
41.687,5,0.57957
42.658,5,0.57746
43.652,5,0.57533
44.668,5,0.57317
45.709,5,0.57098
46.774,5,0.56876
47.863,5,0.56651
48.978,5,0.56422
50.119,5,0.5619
51.286,5,0.55954
52.481,5,0.55715
53.703,5,0.55471
54.954,5,0.55224
56.234,5,0.54972
57.544,5,0.54715
58.884,5,0.54454
60.256,5,0.54188
61.66,5,0.53918
63.096,5,0.53642
64.565,5,0.53361
66.069,5,0.53074
67.608,5,0.52783
69.183,5,0.52485
70.795,5,0.52182
72.444,5,0.51873
74.131,5,0.51558
75.858,5,0.51237
77.625,5,0.5091
79.433,5,0.50577
81.283,5,0.50237
83.176,5,0.49891
85.114,5,0.49539
87.096,5,0.4918
89.125,5,0.48815
91.201,5,0.48443
93.325,5,0.48065
95.499,5,0.4768
97.724,5,0.47289
100,5,0.46892
0.01,6,18.175
0.010233,6,17.846
0.010471,6,17.524
0.010715,6,17.208
0.010965,6,16.898
0.01122,6,16.595
0.011482,6,16.297
0.011749,6,16.006
0.012023,6,15.721
0.012303,6,15.441
0.012589,6,15.167
0.012882,6,14.898
0.013183,6,14.635
0.01349,6,14.377
0.013804,6,14.124
0.014125,6,13.877
0.014454,6,13.634
0.014791,6,13.396
0.015136,6,13.162
0.015488,6,12.934
0.015849,6,12.71
0.016218,6,12.49
0.016596,6,12.275
0.016982,6,12.063
0.017378,6,11.857
0.017783,6,11.654
0.018197,6,11.455
0.018621,6,11.26
0.019055,6,11.069
0.019498,6,10.881
0.019953,6,10.697
0.020417,6,10.517
0.020893,6,10.341
0.02138,6,10.167
0.021878,6,9.9975
0.022387,6,9.831
0.022909,6,9.6677
0.023442,6,9.5075
0.023988,6,9.3504
0.024547,6,9.1964
0.025119,6,9.0453
0.025704,6,8.8972
0.026303,6,8.7519
0.026915,6,8.6094
0.027542,6,8.4696
0.028184,6,8.3325
0.02884,6,8.198
0.029512,6,8.066
0.0302,6,7.9366
0.030903,6,7.8097
0.031623,6,7.6851
0.032359,6,7.563
0.033113,6,7.4431
0.033884,6,7.3255
0.034674,6,7.2101
0.035481,6,7.0969
0.036308,6,6.9858
0.037154,6,6.8769
0.038019,6,6.7699
0.038905,6,6.665
0.039811,6,6.562
0.040738,6,6.4609
0.041687,6,6.3618
0.042658,6,6.2645
0.043652,6,6.1689
0.044668,6,6.0752
0.045709,6,5.9832
0.046774,6,5.8929
0.047863,6,5.8042
0.048978,6,5.7172
0.050119,6,5.6318
0.051286,6,5.548
0.052481,6,5.4657
0.053703,6,5.3849
0.054954,6,5.3056
0.056234,6,5.2277
0.057544,6,5.1512
0.058884,6,5.0762
0.060256,6,5.0025
0.06166,6,4.9301
0.063096,6,4.859
0.064565,6,4.7893
0.066069,6,4.7208
0.067608,6,4.6535
0.069183,6,4.5874
0.070795,6,4.5225
0.072444,6,4.4588
0.074131,6,4.3962
0.075858,6,4.3347
0.077625,6,4.2743
0.079433,6,4.215
0.081283,6,4.1567
0.083176,6,4.0995
0.085114,6,4.0433
0.087096,6,3.9881
0.089125,6,3.9338
0.091201,6,3.8805
0.093325,6,3.8281
0.095499,6,3.7767
0.097724,6,3.7261
0.1,6,3.6765
0.10233,6,3.6277
0.10471,6,3.5797
0.10715,6,3.5326
0.10965,6,3.4863
0.1122,6,3.4408
0.11482,6,3.396
0.11749,6,3.3521
0.12023,6,3.3089
0.12303,6,3.2664
0.12589,6,3.2247
0.12882,6,3.1837
0.13183,6,3.1434
0.1349,6,3.1037
0.13804,6,3.0648
0.14125,6,3.0265
0.14454,6,2.9888
0.14791,6,2.9518
0.15136,6,2.9154
0.15488,6,2.8796
0.15849,6,2.8445
0.16218,6,2.8099
0.16596,6,2.7759
0.16982,6,2.7424
0.17378,6,2.7095
0.17783,6,2.6772
0.18197,6,2.6454
0.18621,6,2.6141
0.19055,6,2.5833
0.19498,6,2.5531
0.19953,6,2.5233
0.20417,6,2.4941
0.20893,6,2.4653
0.2138,6,2.437
0.21878,6,2.4091
0.22387,6,2.3817
0.22909,6,2.3548
0.23442,6,2.3283
0.23988,6,2.3022
0.24547,6,2.2765
0.25119,6,2.2513
0.25704,6,2.2264
0.26303,6,2.202
0.26915,6,2.178
0.27542,6,2.1543
0.28184,6,2.131
0.2884,6,2.1081
0.29512,6,2.0856
0.302,6,2.0634
0.30903,6,2.0415
0.31623,6,2.02
0.32359,6,1.9989
0.33113,6,1.9781
0.33884,6,1.9576
0.34674,6,1.9374
0.35481,6,1.9176
0.36308,6,1.898
0.37154,6,1.8788
0.38019,6,1.8598
0.38905,6,1.8412
0.39811,6,1.8228
0.40738,6,1.8048
0.41687,6,1.787
0.42658,6,1.7695
0.43652,6,1.7522
0.44668,6,1.7353
0.45709,6,1.7185
0.46774,6,1.7021
0.47863,6,1.6859
0.48978,6,1.6699
0.50119,6,1.6542
0.51286,6,1.6387
0.52481,6,1.6235
0.53703,6,1.6084
0.54954,6,1.5937
0.56234,6,1.5791
0.57544,6,1.5647
0.58884,6,1.5506
0.60256,6,1.5367
0.6166,6,1.523
0.63096,6,1.5095
0.64565,6,1.4962
0.66069,6,1.4831
0.67608,6,1.4702
0.69183,6,1.4575
0.70795,6,1.4449
0.72444,6,1.4326
0.74131,6,1.4204
0.75858,6,1.4084
0.77625,6,1.3966
0.79433,6,1.385
0.81283,6,1.3735
0.83176,6,1.3622
0.85114,6,1.3511
0.87096,6,1.3401
0.89125,6,1.3293
0.91201,6,1.3187
0.93325,6,1.3082
0.95499,6,1.2978
0.97724,6,1.2876
1,6,1.2776
1.0233,6,1.2677
1.0471,6,1.2579
1.0715,6,1.2483
1.0965,6,1.2388
1.122,6,1.2295
1.1482,6,1.2202
1.1749,6,1.2112
1.2023,6,1.2022
1.2303,6,1.1934
1.2589,6,1.1847
1.2882,6,1.1761
1.3183,6,1.1676
1.349,6,1.1593
1.3804,6,1.1511
1.4125,6,1.143
1.4454,6,1.135
1.4791,6,1.1271
1.5136,6,1.1193
1.5488,6,1.1117
1.5849,6,1.1041
1.6218,6,1.0966
1.6596,6,1.0893
1.6982,6,1.082
1.7378,6,1.0749
1.7783,6,1.0679
1.8197,6,1.0609
1.8621,6,1.0541
1.9055,6,1.0473
1.9498,6,1.0406
1.9953,6,1.0341
2.0417,6,1.0276
2.0893,6,1.0212
2.138,6,1.0149
2.1878,6,1.0086
2.2387,6,1.0025
2.2909,6,0.99644
2.3442,6,0.99046
2.3988,6,0.98457
2.4547,6,0.97876
2.5119,6,0.97302
2.5704,6,0.96736
2.6303,6,0.96178
2.6915,6,0.95627
2.7542,6,0.95084
2.8184,6,0.94548
2.884,6,0.94019
2.9512,6,0.93497
3.02,6,0.92982
3.0903,6,0.92474
3.1623,6,0.91973
3.2359,6,0.91478
3.3113,6,0.9099
3.3884,6,0.90508
3.4674,6,0.90033
3.5481,6,0.89564
3.6308,6,0.89101
3.7154,6,0.88644
3.8019,6,0.88193
3.8905,6,0.87748
3.9811,6,0.87309
4.0738,6,0.86875
4.1687,6,0.86447
4.2658,6,0.86025
4.3652,6,0.85608
4.4668,6,0.85196
4.5709,6,0.8479
4.6774,6,0.84389
4.7863,6,0.83993
4.8978,6,0.83602
5.0119,6,0.83216
5.1286,6,0.82835
5.2481,6,0.82459
5.3703,6,0.82088
5.4954,6,0.81721
5.6234,6,0.81359
5.7544,6,0.81002
5.8884,6,0.80649
6.0256,6,0.803
6.166,6,0.79956
6.3096,6,0.79616
6.4565,6,0.7928
6.6069,6,0.78949
6.7608,6,0.78621
6.9183,6,0.78297
7.0795,6,0.77978
7.2444,6,0.77662
7.4131,6,0.7735
7.5858,6,0.77042
7.7625,6,0.76738
7.9433,6,0.76437
8.1283,6,0.7614
8.3176,6,0.75846
8.5114,6,0.75556
8.7096,6,0.75269
8.9125,6,0.74985
9.1201,6,0.74705
9.3325,6,0.74428
9.5499,6,0.74154
9.7724,6,0.73883
10,6,0.73616
10.233,6,0.73351
10.471,6,0.73089
10.715,6,0.7283
10.965,6,0.72574
11.22,6,0.7232
11.482,6,0.7207
11.749,6,0.71822
12.023,6,0.71576
12.303,6,0.71333
12.589,6,0.71092
12.882,6,0.70854
13.183,6,0.70618
13.49,6,0.70385
13.804,6,0.70153
14.125,6,0.69924
14.454,6,0.69697
14.791,6,0.69472
15.136,6,0.69249
15.488,6,0.69027
15.849,6,0.68808
16.218,6,0.6859
16.596,6,0.68374
16.982,6,0.6816
17.378,6,0.67947
17.783,6,0.67736
18.197,6,0.67526
18.621,6,0.67317
19.055,6,0.6711
19.498,6,0.66904
19.953,6,0.66699
20.417,6,0.66495
20.893,6,0.66292
21.38,6,0.6609
21.878,6,0.65889
22.387,6,0.65688
22.909,6,0.65488
23.442,6,0.65289
23.988,6,0.6509
24.547,6,0.64891
25.119,6,0.64693
25.704,6,0.64495
26.303,6,0.64297
26.915,6,0.64099
27.542,6,0.639
28.184,6,0.63702
28.84,6,0.63503
29.512,6,0.63304
30.2,6,0.63104
30.903,6,0.62903
31.623,6,0.62702
32.359,6,0.625
33.113,6,0.62296
33.884,6,0.62092
34.674,6,0.61886
35.481,6,0.61678
36.308,6,0.61469
37.154,6,0.61259
38.019,6,0.61046
38.905,6,0.60831
39.811,6,0.60615
40.738,6,0.60396
41.687,6,0.60174
42.658,6,0.5995
43.652,6,0.59723
44.668,6,0.59493
45.709,6,0.5926
46.774,6,0.59024
47.863,6,0.58784
48.978,6,0.58541
50.119,6,0.58294
51.286,6,0.58044
52.481,6,0.57789
53.703,6,0.57529
54.954,6,0.57266
56.234,6,0.56998
57.544,6,0.56725
58.884,6,0.56447
60.256,6,0.56165
61.66,6,0.55877
63.096,6,0.55583
64.565,6,0.55285
66.069,6,0.5498
67.608,6,0.5467
69.183,6,0.54354
70.795,6,0.54032
72.444,6,0.53704
74.131,6,0.53369
75.858,6,0.53029
77.625,6,0.52682
79.433,6,0.52328
81.283,6,0.51968
83.176,6,0.51601
85.114,6,0.51228
87.096,6,0.50848
89.125,6,0.50461
91.201,6,0.50067
93.325,6,0.49667
95.499,6,0.49261
97.724,6,0.48847
100,6,0.48427
0.01,7,19.123
0.010233,7,18.774
0.010471,7,18.432
0.010715,7,18.097
0.010965,7,17.769
0.01122,7,17.448
0.011482,7,17.133
0.011749,7,16.825
0.012023,7,16.522
0.012303,7,16.226
0.012589,7,15.936
0.012882,7,15.652
0.013183,7,15.373
0.01349,7,15.1
0.013804,7,14.832
0.014125,7,14.57
0.014454,7,14.313
0.014791,7,14.061
0.015136,7,13.814
0.015488,7,13.573
0.015849,7,13.335
0.016218,7,13.103
0.016596,7,12.875
0.016982,7,12.652
0.017378,7,12.433
0.017783,7,12.219
0.018197,7,12.009
0.018621,7,11.802
0.019055,7,11.6
0.019498,7,11.402
0.019953,7,11.208
0.020417,7,11.018
0.020893,7,10.831
0.02138,7,10.648
0.021878,7,10.469
0.022387,7,10.293
0.022909,7,10.12
0.023442,7,9.9513
0.023988,7,9.7854
0.024547,7,9.6228
0.025119,7,9.4634
0.025704,7,9.307
0.026303,7,9.1537
0.026915,7,9.0033
0.027542,7,8.8558
0.028184,7,8.7112
0.02884,7,8.5693
0.029512,7,8.4301
0.0302,7,8.2937
0.030903,7,8.1598
0.031623,7,8.0285
0.032359,7,7.8997
0.033113,7,7.7734
0.033884,7,7.6494
0.034674,7,7.5278
0.035481,7,7.4085
0.036308,7,7.2915
0.037154,7,7.1767
0.038019,7,7.0641
0.038905,7,6.9535
0.039811,7,6.8451
0.040738,7,6.7387
0.041687,7,6.6343
0.042658,7,6.5318
0.043652,7,6.4313
0.044668,7,6.3326
0.045709,7,6.2358
0.046774,7,6.1408
0.047863,7,6.0475
0.048978,7,5.956
0.050119,7,5.8662
0.051286,7,5.778
0.052481,7,5.6915
0.053703,7,5.6065
0.054954,7,5.5232
0.056234,7,5.4413
0.057544,7,5.361
0.058884,7,5.2821
0.060256,7,5.2046
0.06166,7,5.1286
0.063096,7,5.054
0.064565,7,4.9807
0.066069,7,4.9087
0.067608,7,4.8381
0.069183,7,4.7687
0.070795,7,4.7006
0.072444,7,4.6337
0.074131,7,4.568
0.075858,7,4.5035
0.077625,7,4.4401
0.079433,7,4.3779
0.081283,7,4.3168
0.083176,7,4.2567
0.085114,7,4.1978
0.087096,7,4.1399
0.089125,7,4.083
0.091201,7,4.0271
0.093325,7,3.9722
0.095499,7,3.9183
0.097724,7,3.8654
0.1,7,3.8133
0.10233,7,3.7622
0.10471,7,3.712
0.10715,7,3.6626
0.10965,7,3.6141
0.1122,7,3.5665
0.11482,7,3.5196
0.11749,7,3.4736
0.12023,7,3.4284
0.12303,7,3.384
0.12589,7,3.3403
0.12882,7,3.2974
0.13183,7,3.2552
0.1349,7,3.2138
0.13804,7,3.173
0.14125,7,3.133
0.14454,7,3.0936
0.14791,7,3.0549
0.15136,7,3.0169
0.15488,7,2.9795
0.15849,7,2.9427
0.16218,7,2.9066
0.16596,7,2.8711
0.16982,7,2.8361
0.17378,7,2.8018
0.17783,7,2.768
0.18197,7,2.7348
0.18621,7,2.7022
0.19055,7,2.6701
0.19498,7,2.6385
0.19953,7,2.6074
0.20417,7,2.5769
0.20893,7,2.5469
0.2138,7,2.5173
0.21878,7,2.4883
0.22387,7,2.4597
0.22909,7,2.4316
0.23442,7,2.404
0.23988,7,2.3768
0.24547,7,2.35
0.25119,7,2.3237
0.25704,7,2.2978
0.26303,7,2.2724
0.26915,7,2.2473
0.27542,7,2.2227
0.28184,7,2.1984
0.2884,7,2.1746
0.29512,7,2.1511
0.302,7,2.128
0.30903,7,2.1052
0.31623,7,2.0829
0.32359,7,2.0609
0.33113,7,2.0392
0.33884,7,2.0179
0.34674,7,1.9969
0.35481,7,1.9762
0.36308,7,1.9559
0.37154,7,1.9359
0.38019,7,1.9162
0.38905,7,1.8968
0.39811,7,1.8778
0.40738,7,1.859
0.41687,7,1.8405
0.42658,7,1.8223
0.43652,7,1.8044
0.44668,7,1.7867
0.45709,7,1.7694
0.46774,7,1.7523
0.47863,7,1.7354
0.48978,7,1.7188
0.50119,7,1.7025
0.51286,7,1.6865
0.52481,7,1.6706
0.53703,7,1.655
0.54954,7,1.6397
0.56234,7,1.6246
0.57544,7,1.6097
0.58884,7,1.595
0.60256,7,1.5806
0.6166,7,1.5664
0.63096,7,1.5524
0.64565,7,1.5386
0.66069,7,1.525
0.67608,7,1.5116
0.69183,7,1.4984
0.70795,7,1.4854
0.72444,7,1.4726
0.74131,7,1.46
0.75858,7,1.4476
0.77625,7,1.4354
0.79433,7,1.4233
0.81283,7,1.4115
0.83176,7,1.3998
0.85114,7,1.3882
0.87096,7,1.3769
0.89125,7,1.3657
0.91201,7,1.3546
0.93325,7,1.3438
0.95499,7,1.3331
0.97724,7,1.3225
1,7,1.3121
1.0233,7,1.3019
1.0471,7,1.2918
1.0715,7,1.2818
1.0965,7,1.272
1.122,7,1.2623
1.1482,7,1.2528
1.1749,7,1.2434
1.2023,7,1.2341
1.2303,7,1.225
1.2589,7,1.216
1.2882,7,1.2071
1.3183,7,1.1984
1.349,7,1.1898
1.3804,7,1.1813
1.4125,7,1.1729
1.4454,7,1.1646
1.4791,7,1.1565
1.5136,7,1.1485
1.5488,7,1.1406
1.5849,7,1.1328
1.6218,7,1.1251
1.6596,7,1.1175
1.6982,7,1.11
1.7378,7,1.1026
1.7783,7,1.0953
1.8197,7,1.0882
1.8621,7,1.0811
1.9055,7,1.0741
1.9498,7,1.0672
1.9953,7,1.0604
2.0417,7,1.0537
2.0893,7,1.0471
2.138,7,1.0406
2.1878,7,1.0342
2.2387,7,1.0279
2.2909,7,1.0216
2.3442,7,1.0155
2.3988,7,1.0094
2.4547,7,1.0034
2.5119,7,0.99749
2.5704,7,0.99165
2.6303,7,0.9859
2.6915,7,0.98022
2.7542,7,0.97462
2.8184,7,0.96909
2.884,7,0.96364
2.9512,7,0.95827
3.02,7,0.95296
3.0903,7,0.94772
3.1623,7,0.94256
3.2359,7,0.93746
3.3113,7,0.93243
3.3884,7,0.92747
3.4674,7,0.92257
3.5481,7,0.91774
3.6308,7,0.91297
3.7154,7,0.90827
3.8019,7,0.90362
3.8905,7,0.89904
3.9811,7,0.89452
4.0738,7,0.89006
4.1687,7,0.88565
4.2658,7,0.8813
4.3652,7,0.87701
4.4668,7,0.87278
4.5709,7,0.86859
4.6774,7,0.86447
4.7863,7,0.86039
4.8978,7,0.85637
5.0119,7,0.8524
5.1286,7,0.84848
5.2481,7,0.84461
5.3703,7,0.84079
5.4954,7,0.83702
5.6234,7,0.8333
5.7544,7,0.82962
5.8884,7,0.82599
6.0256,7,0.82241
6.166,7,0.81887
6.3096,7,0.81537
6.4565,7,0.81192
6.6069,7,0.80851
6.7608,7,0.80514
6.9183,7,0.80181
7.0795,7,0.79853
7.2444,7,0.79528
7.4131,7,0.79208
7.5858,7,0.78891
7.7625,7,0.78578
7.9433,7,0.78269
8.1283,7,0.77964
8.3176,7,0.77662
8.5114,7,0.77364
8.7096,7,0.77069
8.9125,7,0.76778
9.1201,7,0.7649
9.3325,7,0.76205
9.5499,7,0.75924
9.7724,7,0.75646
10,7,0.75371
10.233,7,0.75099
10.471,7,0.7483
10.715,7,0.74564
10.965,7,0.74301
11.22,7,0.7404
11.482,7,0.73783
11.749,7,0.73528
12.023,7,0.73276
12.303,7,0.73027
12.589,7,0.7278
12.882,7,0.72535
13.183,7,0.72293
13.49,7,0.72053
13.804,7,0.71816
14.125,7,0.7158
14.454,7,0.71347
14.791,7,0.71116
15.136,7,0.70887
15.488,7,0.7066
15.849,7,0.70435
16.218,7,0.70212
16.596,7,0.6999
16.982,7,0.6977
17.378,7,0.69552
17.783,7,0.69335
18.197,7,0.6912
18.621,7,0.68906
19.055,7,0.68693
19.498,7,0.68482
19.953,7,0.68271
20.417,7,0.68062
20.893,7,0.67854
21.38,7,0.67647
21.878,7,0.6744
22.387,7,0.67235
22.909,7,0.6703
23.442,7,0.66825
23.988,7,0.66621
24.547,7,0.66418
25.119,7,0.66214
25.704,7,0.66011
26.303,7,0.65808
26.915,7,0.65605
27.542,7,0.65402
28.184,7,0.65198
28.84,7,0.64995
29.512,7,0.6479
30.2,7,0.64585
30.903,7,0.6438
31.623,7,0.64173
32.359,7,0.63966
33.113,7,0.63757
33.884,7,0.63548
34.674,7,0.63337
35.481,7,0.63124
36.308,7,0.6291
37.154,7,0.62694
38.019,7,0.62476
38.905,7,0.62257
39.811,7,0.62034
40.738,7,0.6181
41.687,7,0.61583
42.658,7,0.61353
43.652,7,0.61121
44.668,7,0.60885
45.709,7,0.60647
46.774,7,0.60405
47.863,7,0.60159
48.978,7,0.5991
50.119,7,0.59657
51.286,7,0.594
52.481,7,0.59139
53.703,7,0.58874
54.954,7,0.58604
56.234,7,0.58329
57.544,7,0.5805
58.884,7,0.57765
60.256,7,0.57476
61.66,7,0.57181
63.096,7,0.56881
64.565,7,0.56575
66.069,7,0.56263
67.608,7,0.55945
69.183,7,0.55622
70.795,7,0.55292
72.444,7,0.54956
74.131,7,0.54613
75.858,7,0.54264
77.625,7,0.53909
79.433,7,0.53547
81.283,7,0.53178
83.176,7,0.52802
85.114,7,0.5242
87.096,7,0.52031
89.125,7,0.51635
91.201,7,0.51232
93.325,7,0.50822
95.499,7,0.50406
97.724,7,0.49983
100,7,0.49553
0.01,8,20.408
0.010233,8,20.035
0.010471,8,19.67
0.010715,8,19.313
0.010965,8,18.963
0.01122,8,18.62
0.011482,8,18.284
0.011749,8,17.955
0.012023,8,17.632
0.012303,8,17.316
0.012589,8,17.006
0.012882,8,16.703
0.013183,8,16.405
0.01349,8,16.114
0.013804,8,15.828
0.014125,8,15.549
0.014454,8,15.274
0.014791,8,15.006
0.015136,8,14.742
0.015488,8,14.484
0.015849,8,14.231
0.016218,8,13.983
0.016596,8,13.74
0.016982,8,13.502
0.017378,8,13.269
0.017783,8,13.04
0.018197,8,12.816
0.018621,8,12.596
0.019055,8,12.38
0.019498,8,12.169
0.019953,8,11.962
0.020417,8,11.759
0.020893,8,11.56
0.02138,8,11.364
0.021878,8,11.173
0.022387,8,10.986
0.022909,8,10.802
0.023442,8,10.621
0.023988,8,10.444
0.024547,8,10.271
0.025119,8,10.101
0.025704,8,9.9343
0.026303,8,9.7708
0.026915,8,9.6104
0.027542,8,9.4532
0.028184,8,9.299
0.02884,8,9.1477
0.029512,8,8.9994
0.0302,8,8.8539
0.030903,8,8.7112
0.031623,8,8.5712
0.032359,8,8.4339
0.033113,8,8.2993
0.033884,8,8.1672
0.034674,8,8.0376
0.035481,8,7.9104
0.036308,8,7.7857
0.037154,8,7.6633
0.038019,8,7.5433
0.038905,8,7.4255
0.039811,8,7.31
0.040738,8,7.1966
0.041687,8,7.0853
0.042658,8,6.9762
0.043652,8,6.869
0.044668,8,6.7639
0.045709,8,6.6608
0.046774,8,6.5595
0.047863,8,6.4602
0.048978,8,6.3627
0.050119,8,6.267
0.051286,8,6.1731
0.052481,8,6.0809
0.053703,8,5.9904
0.054954,8,5.9016
0.056234,8,5.8144
0.057544,8,5.7288
0.058884,8,5.6448
0.060256,8,5.5623
0.06166,8,5.4814
0.063096,8,5.4019
0.064565,8,5.3238
0.066069,8,5.2472
0.067608,8,5.172
0.069183,8,5.0981
0.070795,8,5.0256
0.072444,8,4.9544
0.074131,8,4.8844
0.075858,8,4.8157
0.077625,8,4.7483
0.079433,8,4.682
0.081283,8,4.617
0.083176,8,4.5531
0.085114,8,4.4903
0.087096,8,4.4287
0.089125,8,4.3682
0.091201,8,4.3087
0.093325,8,4.2503
0.095499,8,4.1929
0.097724,8,4.1365
0.1,8,4.0812
0.10233,8,4.0268
0.10471,8,3.9733
0.10715,8,3.9208
0.10965,8,3.8692
0.1122,8,3.8185
0.11482,8,3.7687
0.11749,8,3.7197
0.12023,8,3.6716
0.12303,8,3.6244
0.12589,8,3.5779
0.12882,8,3.5323
0.13183,8,3.4874
0.1349,8,3.4433
0.13804,8,3.4
0.14125,8,3.3574
0.14454,8,3.3155
0.14791,8,3.2744
0.15136,8,3.2339
0.15488,8,3.1942
0.15849,8,3.1551
0.16218,8,3.1166
0.16596,8,3.0789
0.16982,8,3.0417
0.17378,8,3.0052
0.17783,8,2.9693
0.18197,8,2.934
0.18621,8,2.8993
0.19055,8,2.8651
0.19498,8,2.8316
0.19953,8,2.7986
0.20417,8,2.7661
0.20893,8,2.7342
0.2138,8,2.7028
0.21878,8,2.6719
0.22387,8,2.6416
0.22909,8,2.6117
0.23442,8,2.5823
0.23988,8,2.5534
0.24547,8,2.525
0.25119,8,2.497
0.25704,8,2.4695
0.26303,8,2.4425
0.26915,8,2.4159
0.27542,8,2.3897
0.28184,8,2.3639
0.2884,8,2.3386
0.29512,8,2.3136
0.302,8,2.2891
0.30903,8,2.2649
0.31623,8,2.2412
0.32359,8,2.2178
0.33113,8,2.1948
0.33884,8,2.1721
0.34674,8,2.1498
0.35481,8,2.1279
0.36308,8,2.1063
0.37154,8,2.0851
0.38019,8,2.0642
0.38905,8,2.0436
0.39811,8,2.0233
0.40738,8,2.0034
0.41687,8,1.9838
0.42658,8,1.9644
0.43652,8,1.9454
0.44668,8,1.9267
0.45709,8,1.9082
0.46774,8,1.8901
0.47863,8,1.8722
0.48978,8,1.8546
0.50119,8,1.8373
0.51286,8,1.8202
0.52481,8,1.8034
0.53703,8,1.7869
0.54954,8,1.7706
0.56234,8,1.7546
0.57544,8,1.7388
0.58884,8,1.7232
0.60256,8,1.7079
0.6166,8,1.6928
0.63096,8,1.6779
0.64565,8,1.6633
0.66069,8,1.6489
0.67608,8,1.6347
0.69183,8,1.6207
0.70795,8,1.6069
0.72444,8,1.5933
0.74131,8,1.58
0.75858,8,1.5668
0.77625,8,1.5538
0.79433,8,1.541
0.81283,8,1.5284
0.83176,8,1.516
0.85114,8,1.5038
0.87096,8,1.4917
0.89125,8,1.4799
0.91201,8,1.4682
0.93325,8,1.4566
0.95499,8,1.4453
0.97724,8,1.4341
1,8,1.4231
1.0233,8,1.4122
1.0471,8,1.4015
1.0715,8,1.3909
1.0965,8,1.3805
1.122,8,1.3703
1.1482,8,1.3601
1.1749,8,1.3502
1.2023,8,1.3404
1.2303,8,1.3307
1.2589,8,1.3211
1.2882,8,1.3117
1.3183,8,1.3025
1.349,8,1.2933
1.3804,8,1.2843
1.4125,8,1.2754
1.4454,8,1.2667
1.4791,8,1.2581
1.5136,8,1.2495
1.5488,8,1.2411
1.5849,8,1.2329
1.6218,8,1.2247
1.6596,8,1.2167
1.6982,8,1.2087
1.7378,8,1.2009
1.7783,8,1.1932
1.8197,8,1.1856
1.8621,8,1.1781
1.9055,8,1.1707
1.9498,8,1.1634
1.9953,8,1.1562
2.0417,8,1.1491
2.0893,8,1.1421
2.138,8,1.1352
2.1878,8,1.1284
2.2387,8,1.1217
2.2909,8,1.1151
2.3442,8,1.1086
2.3988,8,1.1021
2.4547,8,1.0958
2.5119,8,1.0895
2.5704,8,1.0833
2.6303,8,1.0772
2.6915,8,1.0712
2.7542,8,1.0653
2.8184,8,1.0594
2.884,8,1.0537
2.9512,8,1.048
3.02,8,1.0423
3.0903,8,1.0368
3.1623,8,1.0313
3.2359,8,1.0259
3.3113,8,1.0206
3.3884,8,1.0153
3.4674,8,1.0102
3.5481,8,1.005
3.6308,8,0.99998
3.7154,8,0.995
3.8019,8,0.99008
3.8905,8,0.98522
3.9811,8,0.98043
4.0738,8,0.9757
4.1687,8,0.97103
4.2658,8,0.96643
4.3652,8,0.96188
4.4668,8,0.95739
4.5709,8,0.95296
4.6774,8,0.94859
4.7863,8,0.94427
4.8978,8,0.94001
5.0119,8,0.9358
5.1286,8,0.93165
5.2481,8,0.92755
5.3703,8,0.9235
5.4954,8,0.9195
5.6234,8,0.91556
5.7544,8,0.91166
5.8884,8,0.90781
6.0256,8,0.90401
6.166,8,0.90026
6.3096,8,0.89655
6.4565,8,0.89289
6.6069,8,0.88927
6.7608,8,0.8857
6.9183,8,0.88218
7.0795,8,0.87869
7.2444,8,0.87525
7.4131,8,0.87185
7.5858,8,0.86849
7.7625,8,0.86517
7.9433,8,0.86189
8.1283,8,0.85864
8.3176,8,0.85544
8.5114,8,0.85227
8.7096,8,0.84914
8.9125,8,0.84605
9.1201,8,0.84299
9.3325,8,0.83997
9.5499,8,0.83698
9.7724,8,0.83402
10,8,0.8311
10.233,8,0.8282
10.471,8,0.82534
10.715,8,0.82251
10.965,8,0.81971
11.22,8,0.81694
11.482,8,0.8142
11.749,8,0.81148
12.023,8,0.80879
12.303,8,0.80613
12.589,8,0.8035
12.882,8,0.80089
13.183,8,0.7983
13.49,8,0.79574
13.804,8,0.7932
14.125,8,0.79068
14.454,8,0.78819
14.791,8,0.78571
15.136,8,0.78326
15.488,8,0.78082
15.849,8,0.77841
16.218,8,0.77601
16.596,8,0.77363
16.982,8,0.77126
17.378,8,0.76891
17.783,8,0.76657
18.197,8,0.76425
18.621,8,0.76194
19.055,8,0.75964
19.498,8,0.75736
19.953,8,0.75508
20.417,8,0.75281
20.893,8,0.75055
21.38,8,0.7483
21.878,8,0.74606
22.387,8,0.74381
22.909,8,0.74158
23.442,8,0.73934
23.988,8,0.73711
24.547,8,0.73488
25.119,8,0.73265
25.704,8,0.73041
26.303,8,0.72818
26.915,8,0.72594
27.542,8,0.72369
28.184,8,0.72144
28.84,8,0.71918
29.512,8,0.71691
30.2,8,0.71463
30.903,8,0.71234
31.623,8,0.71003
32.359,8,0.70771
33.113,8,0.70538
33.884,8,0.70302
34.674,8,0.70065
35.481,8,0.69825
36.308,8,0.69583
37.154,8,0.69339
38.019,8,0.69092
38.905,8,0.68842
39.811,8,0.68589
40.738,8,0.68334
41.687,8,0.68074
42.658,8,0.67812
43.652,8,0.67545
44.668,8,0.67275
45.709,8,0.67
46.774,8,0.66722
47.863,8,0.66439
48.978,8,0.66151
50.119,8,0.65858
51.286,8,0.65561
52.481,8,0.65258
53.703,8,0.6495
54.954,8,0.64636
56.234,8,0.64316
57.544,8,0.63991
58.884,8,0.6366
60.256,8,0.63322
61.66,8,0.62978
63.096,8,0.62627
64.565,8,0.62269
66.069,8,0.61905
67.608,8,0.61533
69.183,8,0.61155
70.795,8,0.60769
72.444,8,0.60376
74.131,8,0.59975
75.858,8,0.59567
77.625,8,0.59151
79.433,8,0.58728
81.283,8,0.58297
83.176,8,0.57858
85.114,8,0.57412
87.096,8,0.56958
89.125,8,0.56496
91.201,8,0.56027
93.325,8,0.5555
95.499,8,0.55066
97.724,8,0.54574
100,8,0.54075
0.01,9,21.331
0.010233,9,20.936
0.010471,9,20.55
0.010715,9,20.172
0.010965,9,19.801
0.01122,9,19.438
0.011482,9,19.082
0.011749,9,18.734
0.012023,9,18.392
0.012303,9,18.058
0.012589,9,17.73
0.012882,9,17.409
0.013183,9,17.095
0.01349,9,16.786
0.013804,9,16.485
0.014125,9,16.189
0.014454,9,15.899
0.014791,9,15.615
0.015136,9,15.337
0.015488,9,15.064
0.015849,9,14.797
0.016218,9,14.535
0.016596,9,14.278
0.016982,9,14.027
0.017378,9,13.781
0.017783,9,13.539
0.018197,9,13.302
0.018621,9,13.07
0.019055,9,12.843
0.019498,9,12.62
0.019953,9,12.402
0.020417,9,12.188
0.020893,9,11.978
0.02138,9,11.772
0.021878,9,11.57
0.022387,9,11.373
0.022909,9,11.179
0.023442,9,10.989
0.023988,9,10.803
0.024547,9,10.62
0.025119,9,10.441
0.025704,9,10.266
0.026303,9,10.094
0.026915,9,9.9249
0.027542,9,9.7595
0.028184,9,9.5972
0.02884,9,9.4382
0.029512,9,9.2822
0.0302,9,9.1292
0.030903,9,8.9792
0.031623,9,8.8321
0.032359,9,8.6879
0.033113,9,8.5464
0.033884,9,8.4076
0.034674,9,8.2715
0.035481,9,8.138
0.036308,9,8.0071
0.037154,9,7.8787
0.038019,9,7.7527
0.038905,9,7.6291
0.039811,9,7.5079
0.040738,9,7.389
0.041687,9,7.2723
0.042658,9,7.1579
0.043652,9,7.0456
0.044668,9,6.9354
0.045709,9,6.8273
0.046774,9,6.7213
0.047863,9,6.6172
0.048978,9,6.5151
0.050119,9,6.4149
0.051286,9,6.3166
0.052481,9,6.2201
0.053703,9,6.1255
0.054954,9,6.0326
0.056234,9,5.9414
0.057544,9,5.8519
0.058884,9,5.764
0.060256,9,5.6778
0.06166,9,5.5932
0.063096,9,5.5101
0.064565,9,5.4286
0.066069,9,5.3486
0.067608,9,5.27
0.069183,9,5.1929
0.070795,9,5.1172
0.072444,9,5.0428
0.074131,9,4.9699
0.075858,9,4.8982
0.077625,9,4.8279
0.079433,9,4.7588
0.081283,9,4.691
0.083176,9,4.6244
0.085114,9,4.559
0.087096,9,4.4947
0.089125,9,4.4317
0.091201,9,4.3697
0.093325,9,4.3089
0.095499,9,4.2492
0.097724,9,4.1905
0.1,9,4.1329
0.10233,9,4.0763
0.10471,9,4.0207
0.10715,9,3.966
0.10965,9,3.9124
0.1122,9,3.8597
0.11482,9,3.8079
0.11749,9,3.7571
0.12023,9,3.7071
0.12303,9,3.658
0.12589,9,3.6098
0.12882,9,3.5624
0.13183,9,3.5158
0.1349,9,3.47
0.13804,9,3.4251
0.14125,9,3.3809
0.14454,9,3.3375
0.14791,9,3.2948
0.15136,9,3.2528
0.15488,9,3.2116
0.15849,9,3.1711
0.16218,9,3.1313
0.16596,9,3.0922
0.16982,9,3.0537
0.17378,9,3.0159
0.17783,9,2.9787
0.18197,9,2.9422
0.18621,9,2.9063
0.19055,9,2.871
0.19498,9,2.8362
0.19953,9,2.8021
0.20417,9,2.7685
0.20893,9,2.7355
0.2138,9,2.7031
0.21878,9,2.6712
0.22387,9,2.6398
0.22909,9,2.609
0.23442,9,2.5786
0.23988,9,2.5488
0.24547,9,2.5195
0.25119,9,2.4906
0.25704,9,2.4622
0.26303,9,2.4343
0.26915,9,2.4069
0.27542,9,2.3799
0.28184,9,2.3533
0.2884,9,2.3272
0.29512,9,2.3015
0.302,9,2.2762
0.30903,9,2.2513
0.31623,9,2.2268
0.32359,9,2.2028
0.33113,9,2.1791
0.33884,9,2.1558
0.34674,9,2.1328
0.35481,9,2.1103
0.36308,9,2.0881
0.37154,9,2.0662
0.38019,9,2.0447
0.38905,9,2.0236
0.39811,9,2.0027
0.40738,9,1.9822
0.41687,9,1.9621
0.42658,9,1.9422
0.43652,9,1.9227
0.44668,9,1.9035
0.45709,9,1.8845
0.46774,9,1.8659
0.47863,9,1.8476
0.48978,9,1.8295
0.50119,9,1.8117
0.51286,9,1.7942
0.52481,9,1.777
0.53703,9,1.76
0.54954,9,1.7433
0.56234,9,1.7269
0.57544,9,1.7107
0.58884,9,1.6948
0.60256,9,1.6791
0.6166,9,1.6636
0.63096,9,1.6484
0.64565,9,1.6334
0.66069,9,1.6187
0.67608,9,1.6041
0.69183,9,1.5898
0.70795,9,1.5757
0.72444,9,1.5619
0.74131,9,1.5482
0.75858,9,1.5347
0.77625,9,1.5214
0.79433,9,1.5084
0.81283,9,1.4955
0.83176,9,1.4828
0.85114,9,1.4703
0.87096,9,1.458
0.89125,9,1.4459
0.91201,9,1.434
0.93325,9,1.4222
0.95499,9,1.4106
0.97724,9,1.3992
1,9,1.3879
1.0233,9,1.3768
1.0471,9,1.3659
1.0715,9,1.3551
1.0965,9,1.3445
1.122,9,1.3341
1.1482,9,1.3238
1.1749,9,1.3136
1.2023,9,1.3036
1.2303,9,1.2938
1.2589,9,1.2841
1.2882,9,1.2745
1.3183,9,1.265
1.349,9,1.2557
1.3804,9,1.2466
1.4125,9,1.2375
1.4454,9,1.2286
1.4791,9,1.2198
1.5136,9,1.2112
1.5488,9,1.2026
1.5849,9,1.1942
1.6218,9,1.1859
1.6596,9,1.1778
1.6982,9,1.1697
1.7378,9,1.1617
1.7783,9,1.1539
1.8197,9,1.1462
1.8621,9,1.1386
1.9055,9,1.1311
1.9498,9,1.1236
1.9953,9,1.1163
2.0417,9,1.1091
2.0893,9,1.102
2.138,9,1.095
2.1878,9,1.0881
2.2387,9,1.0813
2.2909,9,1.0746
2.3442,9,1.068
2.3988,9,1.0615
2.4547,9,1.055
2.5119,9,1.0487
2.5704,9,1.0424
2.6303,9,1.0362
2.6915,9,1.0301
2.7542,9,1.0241
2.8184,9,1.0182
2.884,9,1.0123
2.9512,9,1.0065
3.02,9,1.0008
3.0903,9,0.99523
3.1623,9,0.98969
3.2359,9,0.98422
3.3113,9,0.97883
3.3884,9,0.97351
3.4674,9,0.96826
3.5481,9,0.96308
3.6308,9,0.95797
3.7154,9,0.95292
3.8019,9,0.94795
3.8905,9,0.94304
3.9811,9,0.93819
4.0738,9,0.93341
4.1687,9,0.92869
4.2658,9,0.92404
4.3652,9,0.91944
4.4668,9,0.9149
4.5709,9,0.91043
4.6774,9,0.90601
4.7863,9,0.90165
4.8978,9,0.89735
5.0119,9,0.8931
5.1286,9,0.88891
5.2481,9,0.88477
5.3703,9,0.88068
5.4954,9,0.87665
5.6234,9,0.87267
5.7544,9,0.86873
5.8884,9,0.86485
6.0256,9,0.86102
6.166,9,0.85724
6.3096,9,0.8535
6.4565,9,0.84981
6.6069,9,0.84617
6.7608,9,0.84257
6.9183,9,0.83902
7.0795,9,0.83551
7.2444,9,0.83204
7.4131,9,0.82862
7.5858,9,0.82524
7.7625,9,0.82189
7.9433,9,0.81859
8.1283,9,0.81533
8.3176,9,0.81211
8.5114,9,0.80893
8.7096,9,0.80578
8.9125,9,0.80267
9.1201,9,0.7996
9.3325,9,0.79656
9.5499,9,0.79356
9.7724,9,0.79059
10,9,0.78766
10.233,9,0.78476
10.471,9,0.78189
10.715,9,0.77905
10.965,9,0.77625
11.22,9,0.77347
11.482,9,0.77073
11.749,9,0.76801
12.023,9,0.76532
12.303,9,0.76266
12.589,9,0.76003
12.882,9,0.75742
13.183,9,0.75484
13.49,9,0.75228
13.804,9,0.74975
14.125,9,0.74724
14.454,9,0.74476
14.791,9,0.74229
15.136,9,0.73985
15.488,9,0.73743
15.849,9,0.73503
16.218,9,0.73265
16.596,9,0.73029
16.982,9,0.72794
17.378,9,0.72562
17.783,9,0.7233
18.197,9,0.72101
18.621,9,0.71873
19.055,9,0.71646
19.498,9,0.71421
19.953,9,0.71197
20.417,9,0.70974
20.893,9,0.70752
21.38,9,0.70531
21.878,9,0.70311
22.387,9,0.70091
22.909,9,0.69873
23.442,9,0.69655
23.988,9,0.69437
24.547,9,0.6922
25.119,9,0.69003
25.704,9,0.68786
26.303,9,0.6857
26.915,9,0.68353
27.542,9,0.68136
28.184,9,0.67919
28.84,9,0.67701
29.512,9,0.67483
30.2,9,0.67265
30.903,9,0.67045
31.623,9,0.66825
32.359,9,0.66603
33.113,9,0.66381
33.884,9,0.66157
34.674,9,0.65931
35.481,9,0.65704
36.308,9,0.65475
37.154,9,0.65245
38.019,9,0.65012
38.905,9,0.64777
39.811,9,0.6454
40.738,9,0.643
41.687,9,0.64057
42.658,9,0.63812
43.652,9,0.63563
44.668,9,0.63311
45.709,9,0.63056
46.774,9,0.62797
47.863,9,0.62535
48.978,9,0.62269
50.119,9,0.61998
51.286,9,0.61724
52.481,9,0.61444
53.703,9,0.61161
54.954,9,0.60872
56.234,9,0.60579
57.544,9,0.6028
58.884,9,0.59976
60.256,9,0.59667
61.66,9,0.59352
63.096,9,0.59031
64.565,9,0.58705
66.069,9,0.58372
67.608,9,0.58033
69.183,9,0.57688
70.795,9,0.57336
72.444,9,0.56978
74.131,9,0.56613
75.858,9,0.56241
77.625,9,0.55863
79.433,9,0.55477
81.283,9,0.55085
83.176,9,0.54685
85.114,9,0.54279
87.096,9,0.53865
89.125,9,0.53445
91.201,9,0.53017
93.325,9,0.52582
95.499,9,0.52141
97.724,9,0.51692
100,9,0.51237
0.01,10,22.319
0.010233,10,21.903
0.010471,10,21.497
0.010715,10,21.099
0.010965,10,20.709
0.01122,10,20.327
0.011482,10,19.952
0.011749,10,19.586
0.012023,10,19.227
0.012303,10,18.875
0.012589,10,18.53
0.012882,10,18.193
0.013183,10,17.862
0.01349,10,17.538
0.013804,10,17.221
0.014125,10,16.91
0.014454,10,16.605
0.014791,10,16.307
0.015136,10,16.014
0.015488,10,15.728
0.015849,10,15.447
0.016218,10,15.172
0.016596,10,14.902
0.016982,10,14.638
0.017378,10,14.379
0.017783,10,14.125
0.018197,10,13.877
0.018621,10,13.633
0.019055,10,13.394
0.019498,10,13.16
0.019953,10,12.931
0.020417,10,12.706
0.020893,10,12.486
0.02138,10,12.27
0.021878,10,12.058
0.022387,10,11.851
0.022909,10,11.647
0.023442,10,11.448
0.023988,10,11.252
0.024547,10,11.061
0.025119,10,10.873
0.025704,10,10.689
0.026303,10,10.508
0.026915,10,10.331
0.027542,10,10.158
0.028184,10,9.9877
0.02884,10,9.8209
0.029512,10,9.6574
0.0302,10,9.497
0.030903,10,9.3398
0.031623,10,9.1856
0.032359,10,9.0343
0.033113,10,8.8861
0.033884,10,8.7406
0.034674,10,8.598
0.035481,10,8.4581
0.036308,10,8.321
0.037154,10,8.1864
0.038019,10,8.0545
0.038905,10,7.925
0.039811,10,7.7981
0.040738,10,7.6735
0.041687,10,7.5514
0.042658,10,7.4315
0.043652,10,7.314
0.044668,10,7.1987
0.045709,10,7.0855
0.046774,10,6.9745
0.047863,10,6.8656
0.048978,10,6.7588
0.050119,10,6.6539
0.051286,10,6.5511
0.052481,10,6.4502
0.053703,10,6.3511
0.054954,10,6.2539
0.056234,10,6.1586
0.057544,10,6.065
0.058884,10,5.9731
0.060256,10,5.883
0.06166,10,5.7945
0.063096,10,5.7077
0.064565,10,5.6225
0.066069,10,5.5389
0.067608,10,5.4568
0.069183,10,5.3762
0.070795,10,5.2971
0.072444,10,5.2194
0.074131,10,5.1432
0.075858,10,5.0684
0.077625,10,4.9949
0.079433,10,4.9228
0.081283,10,4.8519
0.083176,10,4.7824
0.085114,10,4.7141
0.087096,10,4.6471
0.089125,10,4.5813
0.091201,10,4.5167
0.093325,10,4.4532
0.095499,10,4.3908
0.097724,10,4.3296
0.1,10,4.2695
0.10233,10,4.2105
0.10471,10,4.1525
0.10715,10,4.0955
0.10965,10,4.0396
0.1122,10,3.9846
0.11482,10,3.9307
0.11749,10,3.8777
0.12023,10,3.8256
0.12303,10,3.7744
0.12589,10,3.7241
0.12882,10,3.6748
0.13183,10,3.6262
0.1349,10,3.5786
0.13804,10,3.5317
0.14125,10,3.4857
0.14454,10,3.4405
0.14791,10,3.3961
0.15136,10,3.3524
0.15488,10,3.3095
0.15849,10,3.2673
0.16218,10,3.2259
0.16596,10,3.1851
0.16982,10,3.1451
0.17378,10,3.1058
0.17783,10,3.0671
0.18197,10,3.0291
0.18621,10,2.9917
0.19055,10,2.955
0.19498,10,2.9189
0.19953,10,2.8834
0.20417,10,2.8485
0.20893,10,2.8142
0.2138,10,2.7805
0.21878,10,2.7473
0.22387,10,2.7147
0.22909,10,2.6827
0.23442,10,2.6511
0.23988,10,2.6202
0.24547,10,2.5897
0.25119,10,2.5597
0.25704,10,2.5302
0.26303,10,2.5012
0.26915,10,2.4727
0.27542,10,2.4447
0.28184,10,2.4171
0.2884,10,2.39
0.29512,10,2.3633
0.302,10,2.3371
0.30903,10,2.3113
0.31623,10,2.2859
0.32359,10,2.2609
0.33113,10,2.2363
0.33884,10,2.2121
0.34674,10,2.1883
0.35481,10,2.1649
0.36308,10,2.1419
0.37154,10,2.1193
0.38019,10,2.097
0.38905,10,2.075
0.39811,10,2.0534
0.40738,10,2.0322
0.41687,10,2.0113
0.42658,10,1.9907
0.43652,10,1.9705
0.44668,10,1.9506
0.45709,10,1.9309
0.46774,10,1.9116
0.47863,10,1.8926
0.48978,10,1.8739
0.50119,10,1.8555
0.51286,10,1.8374
0.52481,10,1.8196
0.53703,10,1.802
0.54954,10,1.7847
0.56234,10,1.7677
0.57544,10,1.751
0.58884,10,1.7345
0.60256,10,1.7182
0.6166,10,1.7023
0.63096,10,1.6865
0.64565,10,1.671
0.66069,10,1.6557
0.67608,10,1.6407
0.69183,10,1.6259
0.70795,10,1.6113
0.72444,10,1.597
0.74131,10,1.5828
0.75858,10,1.5689
0.77625,10,1.5552
0.79433,10,1.5417
0.81283,10,1.5284
0.83176,10,1.5153
0.85114,10,1.5024
0.87096,10,1.4897
0.89125,10,1.4771
0.91201,10,1.4648
0.93325,10,1.4527
0.95499,10,1.4407
0.97724,10,1.4289
1,10,1.4173
1.0233,10,1.4058
1.0471,10,1.3945
1.0715,10,1.3834
1.0965,10,1.3725
1.122,10,1.3617
1.1482,10,1.351
1.1749,10,1.3406
1.2023,10,1.3302
1.2303,10,1.3201
1.2589,10,1.31
1.2882,10,1.3002
1.3183,10,1.2904
1.349,10,1.2808
1.3804,10,1.2714
1.4125,10,1.262
1.4454,10,1.2529
1.4791,10,1.2438
1.5136,10,1.2349
1.5488,10,1.2261
1.5849,10,1.2174
1.6218,10,1.2089
1.6596,10,1.2004
1.6982,10,1.1921
1.7378,10,1.1839
1.7783,10,1.1758
1.8197,10,1.1679
1.8621,10,1.16
1.9055,10,1.1523
1.9498,10,1.1447
1.9953,10,1.1371
2.0417,10,1.1297
2.0893,10,1.1224
2.138,10,1.1152
2.1878,10,1.1081
2.2387,10,1.1011
2.2909,10,1.0942
2.3442,10,1.0873
2.3988,10,1.0806
2.4547,10,1.074
2.5119,10,1.0674
2.5704,10,1.061
2.6303,10,1.0546
2.6915,10,1.0484
2.7542,10,1.0422
2.8184,10,1.0361
2.884,10,1.03
2.9512,10,1.0241
3.02,10,1.0182
3.0903,10,1.0125
3.1623,10,1.0068
3.2359,10,1.0011
3.3113,10,0.99559
3.3884,10,0.99012
3.4674,10,0.98472
3.5481,10,0.97939
3.6308,10,0.97414
3.7154,10,0.96895
3.8019,10,0.96384
3.8905,10,0.95879
3.9811,10,0.95381
4.0738,10,0.94889
4.1687,10,0.94404
4.2658,10,0.93925
4.3652,10,0.93453
4.4668,10,0.92987
4.5709,10,0.92527
4.6774,10,0.92073
4.7863,10,0.91625
4.8978,10,0.91183
5.0119,10,0.90746
5.1286,10,0.90315
5.2481,10,0.8989
5.3703,10,0.8947
5.4954,10,0.89056
5.6234,10,0.88647
5.7544,10,0.88243
5.8884,10,0.87845
6.0256,10,0.87451
6.166,10,0.87062
6.3096,10,0.86679
6.4565,10,0.863
6.6069,10,0.85926
6.7608,10,0.85556
6.9183,10,0.85192
7.0795,10,0.84831
7.2444,10,0.84475
7.4131,10,0.84124
7.5858,10,0.83777
7.7625,10,0.83434
7.9433,10,0.83095
8.1283,10,0.8276
8.3176,10,0.8243
8.5114,10,0.82103
8.7096,10,0.8178
8.9125,10,0.81461
9.1201,10,0.81146
9.3325,10,0.80834
9.5499,10,0.80526
9.7724,10,0.80222
10,10,0.79921
10.233,10,0.79623
10.471,10,0.79329
10.715,10,0.79038
10.965,10,0.7875
11.22,10,0.78466
11.482,10,0.78184
11.749,10,0.77905
12.023,10,0.7763
12.303,10,0.77357
12.589,10,0.77087
12.882,10,0.7682
13.183,10,0.76555
13.49,10,0.76293
13.804,10,0.76033
14.125,10,0.75776
14.454,10,0.75521
14.791,10,0.75269
15.136,10,0.75019
15.488,10,0.74771
15.849,10,0.74525
16.218,10,0.74281
16.596,10,0.74039
16.982,10,0.73798
17.378,10,0.7356
17.783,10,0.73323
18.197,10,0.73088
18.621,10,0.72854
19.055,10,0.72622
19.498,10,0.72391
19.953,10,0.72162
20.417,10,0.71933
20.893,10,0.71706
21.38,10,0.7148
21.878,10,0.71254
22.387,10,0.7103
22.909,10,0.70806
23.442,10,0.70583
23.988,10,0.7036
24.547,10,0.70138
25.119,10,0.69916
25.704,10,0.69694
26.303,10,0.69472
26.915,10,0.6925
27.542,10,0.69028
28.184,10,0.68806
28.84,10,0.68584
29.512,10,0.6836
30.2,10,0.68137
30.903,10,0.67912
31.623,10,0.67687
32.359,10,0.6746
33.113,10,0.67232
33.884,10,0.67003
34.674,10,0.66773
35.481,10,0.66541
36.308,10,0.66307
37.154,10,0.66071
38.019,10,0.65833
38.905,10,0.65593
39.811,10,0.6535
40.738,10,0.65105
41.687,10,0.64857
42.658,10,0.64606
43.652,10,0.64352
44.668,10,0.64095
45.709,10,0.63835
46.774,10,0.6357
47.863,10,0.63302
48.978,10,0.63031
50.119,10,0.62754
51.286,10,0.62474
52.481,10,0.62189
53.703,10,0.619
54.954,10,0.61605
56.234,10,0.61306
57.544,10,0.61001
58.884,10,0.60691
60.256,10,0.60375
61.66,10,0.60054
63.096,10,0.59727
64.565,10,0.59394
66.069,10,0.59055
67.608,10,0.58709
69.183,10,0.58358
70.795,10,0.57999
72.444,10,0.57634
74.131,10,0.57262
75.858,10,0.56884
77.625,10,0.56498
79.433,10,0.56106
81.283,10,0.55706
83.176,10,0.55299
85.114,10,0.54886
87.096,10,0.54465
89.125,10,0.54037
91.201,10,0.53602
93.325,10,0.5316
95.499,10,0.52711
97.724,10,0.52254
100,10,0.51791
0.01,11,23.302
0.010233,11,22.866
0.010471,11,22.439
0.010715,11,22.022
0.010965,11,21.612
0.01122,11,21.211
0.011482,11,20.819
0.011749,11,20.434
0.012023,11,20.057
0.012303,11,19.688
0.012589,11,19.327
0.012882,11,18.973
0.013183,11,18.626
0.01349,11,18.286
0.013804,11,17.953
0.014125,11,17.627
0.014454,11,17.307
0.014791,11,16.994
0.015136,11,16.688
0.015488,11,16.387
0.015849,11,16.093
0.016218,11,15.804
0.016596,11,15.522
0.016982,11,15.245
0.017378,11,14.973
0.017783,11,14.708
0.018197,11,14.447
0.018621,11,14.192
0.019055,11,13.941
0.019498,11,13.696
0.019953,11,13.456
0.020417,11,13.221
0.020893,11,12.99
0.02138,11,12.764
0.021878,11,12.542
0.022387,11,12.325
0.022909,11,12.112
0.023442,11,11.903
0.023988,11,11.698
0.024547,11,11.498
0.025119,11,11.301
0.025704,11,11.108
0.026303,11,10.919
0.026915,11,10.734
0.027542,11,10.553
0.028184,11,10.375
0.02884,11,10.2
0.029512,11,10.029
0.0302,11,9.8611
0.030903,11,9.6966
0.031623,11,9.5353
0.032359,11,9.3772
0.033113,11,9.2221
0.033884,11,9.07
0.034674,11,8.9209
0.035481,11,8.7746
0.036308,11,8.6312
0.037154,11,8.4906
0.038019,11,8.3526
0.038905,11,8.2173
0.039811,11,8.0846
0.040738,11,7.9545
0.041687,11,7.8269
0.042658,11,7.7017
0.043652,11,7.5788
0.044668,11,7.4584
0.045709,11,7.3402
0.046774,11,7.2243
0.047863,11,7.1105
0.048978,11,6.9989
0.050119,11,6.8895
0.051286,11,6.7821
0.052481,11,6.6767
0.053703,11,6.5733
0.054954,11,6.4719
0.056234,11,6.3724
0.057544,11,6.2747
0.058884,11,6.1788
0.060256,11,6.0848
0.06166,11,5.9925
0.063096,11,5.9019
0.064565,11,5.813
0.066069,11,5.7258
0.067608,11,5.6402
0.069183,11,5.5561
0.070795,11,5.4736
0.072444,11,5.3927
0.074131,11,5.3132
0.075858,11,5.2352
0.077625,11,5.1586
0.079433,11,5.0834
0.081283,11,5.0096
0.083176,11,4.9372
0.085114,11,4.866
0.087096,11,4.7962
0.089125,11,4.7276
0.091201,11,4.6603
0.093325,11,4.5942
0.095499,11,4.5293
0.097724,11,4.4655
0.1,11,4.4029
0.10233,11,4.3414
0.10471,11,4.2811
0.10715,11,4.2218
0.10965,11,4.1636
0.1122,11,4.1064
0.11482,11,4.0502
0.11749,11,3.995
0.12023,11,3.9408
0.12303,11,3.8876
0.12589,11,3.8353
0.12882,11,3.784
0.13183,11,3.7335
0.1349,11,3.6839
0.13804,11,3.6352
0.14125,11,3.5874
0.14454,11,3.5404
0.14791,11,3.4942
0.15136,11,3.4488
0.15488,11,3.4042
0.15849,11,3.3604
0.16218,11,3.3173
0.16596,11,3.275
0.16982,11,3.2334
0.17378,11,3.1925
0.17783,11,3.1524
0.18197,11,3.1129
0.18621,11,3.0741
0.19055,11,3.0359
0.19498,11,2.9985
0.19953,11,2.9616
0.20417,11,2.9254
0.20893,11,2.8898
0.2138,11,2.8548
0.21878,11,2.8204
0.22387,11,2.7865
0.22909,11,2.7533
0.23442,11,2.7206
0.23988,11,2.6884
0.24547,11,2.6568
0.25119,11,2.6257
0.25704,11,2.5951
0.26303,11,2.5651
0.26915,11,2.5355
0.27542,11,2.5065
0.28184,11,2.4779
0.2884,11,2.4498
0.29512,11,2.4221
0.302,11,2.3949
0.30903,11,2.3682
0.31623,11,2.3418
0.32359,11,2.316
0.33113,11,2.2905
0.33884,11,2.2655
0.34674,11,2.2408
0.35481,11,2.2166
0.36308,11,2.1927
0.37154,11,2.1693
0.38019,11,2.1462
0.38905,11,2.1235
0.39811,11,2.1011
0.40738,11,2.0792
0.41687,11,2.0575
0.42658,11,2.0362
0.43652,11,2.0153
0.44668,11,1.9947
0.45709,11,1.9744
0.46774,11,1.9544
0.47863,11,1.9348
0.48978,11,1.9154
0.50119,11,1.8964
0.51286,11,1.8777
0.52481,11,1.8592
0.53703,11,1.8411
0.54954,11,1.8232
0.56234,11,1.8056
0.57544,11,1.7883
0.58884,11,1.7712
0.60256,11,1.7545
0.6166,11,1.7379
0.63096,11,1.7217
0.64565,11,1.7056
0.66069,11,1.6899
0.67608,11,1.6744
0.69183,11,1.6591
0.70795,11,1.644
0.72444,11,1.6292
0.74131,11,1.6146
0.75858,11,1.6002
0.77625,11,1.586
0.79433,11,1.5721
0.81283,11,1.5584
0.83176,11,1.5448
0.85114,11,1.5315
0.87096,11,1.5184
0.89125,11,1.5055
0.91201,11,1.4928
0.93325,11,1.4802
0.95499,11,1.4679
0.97724,11,1.4557
1,11,1.4437
1.0233,11,1.4319
1.0471,11,1.4203
1.0715,11,1.4088
1.0965,11,1.3975
1.122,11,1.3864
1.1482,11,1.3754
1.1749,11,1.3646
1.2023,11,1.354
1.2303,11,1.3435
1.2589,11,1.3332
1.2882,11,1.323
1.3183,11,1.3129
1.349,11,1.3031
1.3804,11,1.2933
1.4125,11,1.2837
1.4454,11,1.2742
1.4791,11,1.2649
1.5136,11,1.2557
1.5488,11,1.2467
1.5849,11,1.2377
1.6218,11,1.2289
1.6596,11,1.2202
1.6982,11,1.2117
1.7378,11,1.2032
1.7783,11,1.1949
1.8197,11,1.1867
1.8621,11,1.1787
1.9055,11,1.1707
1.9498,11,1.1628
1.9953,11,1.1551
2.0417,11,1.1475
2.0893,11,1.1399
2.138,11,1.1325
2.1878,11,1.1252
2.2387,11,1.118
2.2909,11,1.1109
2.3442,11,1.1039
2.3988,11,1.0969
2.4547,11,1.0901
2.5119,11,1.0834
2.5704,11,1.0768
2.6303,11,1.0702
2.6915,11,1.0638
2.7542,11,1.0574
2.8184,11,1.0511
2.884,11,1.0449
2.9512,11,1.0388
3.02,11,1.0328
3.0903,11,1.0269
3.1623,11,1.021
3.2359,11,1.0152
3.3113,11,1.0095
3.3884,11,1.0039
3.4674,11,0.99836
3.5481,11,0.99289
3.6308,11,0.98749
3.7154,11,0.98216
3.8019,11,0.97691
3.8905,11,0.97172
3.9811,11,0.96661
4.0738,11,0.96156
4.1687,11,0.95658
4.2658,11,0.95166
4.3652,11,0.94681
4.4668,11,0.94203
4.5709,11,0.9373
4.6774,11,0.93264
4.7863,11,0.92804
4.8978,11,0.9235
5.0119,11,0.91902
5.1286,11,0.9146
5.2481,11,0.91024
5.3703,11,0.90593
5.4954,11,0.90168
5.6234,11,0.89748
5.7544,11,0.89333
5.8884,11,0.88924
6.0256,11,0.8852
6.166,11,0.88122
6.3096,11,0.87728
6.4565,11,0.8734
6.6069,11,0.86956
6.7608,11,0.86577
6.9183,11,0.86203
7.0795,11,0.85833
7.2444,11,0.85468
7.4131,11,0.85108
7.5858,11,0.84752
7.7625,11,0.844
7.9433,11,0.84053
8.1283,11,0.8371
8.3176,11,0.83371
8.5114,11,0.83036
8.7096,11,0.82705
8.9125,11,0.82378
9.1201,11,0.82055
9.3325,11,0.81735
9.5499,11,0.81419
9.7724,11,0.81107
10,11,0.80799
10.233,11,0.80494
10.471,11,0.80193
10.715,11,0.79894
10.965,11,0.796
11.22,11,0.79308
11.482,11,0.79019
11.749,11,0.78734
12.023,11,0.78452
12.303,11,0.78172
12.589,11,0.77896
12.882,11,0.77622
13.183,11,0.77351
13.49,11,0.77083
13.804,11,0.76817
14.125,11,0.76554
14.454,11,0.76293
14.791,11,0.76035
15.136,11,0.75778
15.488,11,0.75525
15.849,11,0.75273
16.218,11,0.75023
16.596,11,0.74775
16.982,11,0.7453
17.378,11,0.74286
17.783,11,0.74044
18.197,11,0.73803
18.621,11,0.73564
19.055,11,0.73327
19.498,11,0.73091
19.953,11,0.72856
20.417,11,0.72622
20.893,11,0.7239
21.38,11,0.72159
21.878,11,0.71929
22.387,11,0.71699
22.909,11,0.7147
23.442,11,0.71242
23.988,11,0.71015
24.547,11,0.70788
25.119,11,0.70561
25.704,11,0.70335
26.303,11,0.70108
26.915,11,0.69882
27.542,11,0.69655
28.184,11,0.69429
28.84,11,0.69202
29.512,11,0.68974
30.2,11,0.68746
30.903,11,0.68517
31.623,11,0.68287
32.359,11,0.68056
33.113,11,0.67824
33.884,11,0.67591
34.674,11,0.67356
35.481,11,0.67119
36.308,11,0.66881
37.154,11,0.66641
38.019,11,0.66399
38.905,11,0.66154
39.811,11,0.65907
40.738,11,0.65658
41.687,11,0.65406
42.658,11,0.65151
43.652,11,0.64892
44.668,11,0.64631
45.709,11,0.64366
46.774,11,0.64097
47.863,11,0.63825
48.978,11,0.63549
50.119,11,0.63268
51.286,11,0.62984
52.481,11,0.62694
53.703,11,0.624
54.954,11,0.62102
56.234,11,0.61798
57.544,11,0.61489
58.884,11,0.61174
60.256,11,0.60854
61.66,11,0.60528
63.096,11,0.60197
64.565,11,0.59859
66.069,11,0.59515
67.608,11,0.59165
69.183,11,0.58809
70.795,11,0.58446
72.444,11,0.58076
74.131,11,0.57699
75.858,11,0.57316
77.625,11,0.56926
79.433,11,0.56528
81.283,11,0.56124
83.176,11,0.55712
85.114,11,0.55294
87.096,11,0.54868
89.125,11,0.54435
91.201,11,0.53995
93.325,11,0.53548
95.499,11,0.53094
97.724,11,0.52633
100,11,0.52165
0.01,12,24.281
0.010233,12,23.824
0.010471,12,23.378
0.010715,12,22.94
0.010965,12,22.511
0.01122,12,22.092
0.011482,12,21.68
0.011749,12,21.278
0.012023,12,20.883
0.012303,12,20.497
0.012589,12,20.119
0.012882,12,19.748
0.013183,12,19.385
0.01349,12,19.029
0.013804,12,18.681
0.014125,12,18.34
0.014454,12,18.005
0.014791,12,17.678
0.015136,12,17.357
0.015488,12,17.043
0.015849,12,16.735
0.016218,12,16.433
0.016596,12,16.137
0.016982,12,15.848
0.017378,12,15.564
0.017783,12,15.286
0.018197,12,15.013
0.018621,12,14.746
0.019055,12,14.485
0.019498,12,14.229
0.019953,12,13.977
0.020417,12,13.731
0.020893,12,13.49
0.02138,12,13.254
0.021878,12,13.022
0.022387,12,12.795
0.022909,12,12.572
0.023442,12,12.354
0.023988,12,12.14
0.024547,12,11.931
0.025119,12,11.725
0.025704,12,11.524
0.026303,12,11.327
0.026915,12,11.133
0.027542,12,10.944
0.028184,12,10.758
0.02884,12,10.575
0.029512,12,10.397
0.0302,12,10.222
0.030903,12,10.05
0.031623,12,9.8815
0.032359,12,9.7164
0.033113,12,9.5545
0.033884,12,9.3958
0.034674,12,9.2402
0.035481,12,9.0876
0.036308,12,8.9379
0.037154,12,8.7912
0.038019,12,8.6473
0.038905,12,8.5062
0.039811,12,8.3678
0.040738,12,8.232
0.041687,12,8.0989
0.042658,12,7.9683
0.043652,12,7.8403
0.044668,12,7.7146
0.045709,12,7.5914
0.046774,12,7.4706
0.047863,12,7.352
0.048978,12,7.2357
0.050119,12,7.1216
0.051286,12,7.0097
0.052481,12,6.8999
0.053703,12,6.7922
0.054954,12,6.6865
0.056234,12,6.5828
0.057544,12,6.4811
0.058884,12,6.3812
0.060256,12,6.2833
0.06166,12,6.1871
0.063096,12,6.0928
0.064565,12,6.0003
0.066069,12,5.9094
0.067608,12,5.8203
0.069183,12,5.7328
0.070795,12,5.6469
0.072444,12,5.5627
0.074131,12,5.48
0.075858,12,5.3988
0.077625,12,5.3191
0.079433,12,5.2409
0.081283,12,5.1641
0.083176,12,5.0887
0.085114,12,5.0147
0.087096,12,4.9421
0.089125,12,4.8708
0.091201,12,4.8007
0.093325,12,4.732
0.095499,12,4.6645
0.097724,12,4.5982
0.1,12,4.5332
0.10233,12,4.4693
0.10471,12,4.4065
0.10715,12,4.3449
0.10965,12,4.2844
0.1122,12,4.225
0.11482,12,4.1666
0.11749,12,4.1093
0.12023,12,4.053
0.12303,12,3.9977
0.12589,12,3.9434
0.12882,12,3.8901
0.13183,12,3.8377
0.1349,12,3.7862
0.13804,12,3.7357
0.14125,12,3.686
0.14454,12,3.6372
0.14791,12,3.5892
0.15136,12,3.5421
0.15488,12,3.4959
0.15849,12,3.4504
0.16218,12,3.4057
0.16596,12,3.3618
0.16982,12,3.3187
0.17378,12,3.2763
0.17783,12,3.2346
0.18197,12,3.1937
0.18621,12,3.1534
0.19055,12,3.1139
0.19498,12,3.075
0.19953,12,3.0368
0.20417,12,2.9993
0.20893,12,2.9624
0.2138,12,2.9261
0.21878,12,2.8904
0.22387,12,2.8554
0.22909,12,2.8209
0.23442,12,2.787
0.23988,12,2.7537
0.24547,12,2.721
0.25119,12,2.6888
0.25704,12,2.6571
0.26303,12,2.626
0.26915,12,2.5954
0.27542,12,2.5653
0.28184,12,2.5357
0.2884,12,2.5066
0.29512,12,2.478
0.302,12,2.4498
0.30903,12,2.4222
0.31623,12,2.3949
0.32359,12,2.3681
0.33113,12,2.3418
0.33884,12,2.3159
0.34674,12,2.2904
0.35481,12,2.2653
0.36308,12,2.2407
0.37154,12,2.2164
0.38019,12,2.1926
0.38905,12,2.1691
0.39811,12,2.146
0.40738,12,2.1233
0.41687,12,2.1009
0.42658,12,2.0789
0.43652,12,2.0572
0.44668,12,2.0359
0.45709,12,2.015
0.46774,12,1.9943
0.47863,12,1.974
0.48978,12,1.9541
0.50119,12,1.9344
0.51286,12,1.9151
0.52481,12,1.896
0.53703,12,1.8773
0.54954,12,1.8588
0.56234,12,1.8407
0.57544,12,1.8228
0.58884,12,1.8052
0.60256,12,1.7879
0.6166,12,1.7708
0.63096,12,1.754
0.64565,12,1.7375
0.66069,12,1.7212
0.67608,12,1.7052
0.69183,12,1.6894
0.70795,12,1.6739
0.72444,12,1.6586
0.74131,12,1.6435
0.75858,12,1.6287
0.77625,12,1.6141
0.79433,12,1.5997
0.81283,12,1.5856
0.83176,12,1.5716
0.85114,12,1.5579
0.87096,12,1.5444
0.89125,12,1.5311
0.91201,12,1.5179
0.93325,12,1.505
0.95499,12,1.4923
0.97724,12,1.4797
1,12,1.4674
1.0233,12,1.4552
1.0471,12,1.4432
1.0715,12,1.4314
1.0965,12,1.4198
1.122,12,1.4083
1.1482,12,1.3971
1.1749,12,1.3859
1.2023,12,1.375
1.2303,12,1.3642
1.2589,12,1.3535
1.2882,12,1.3431
1.3183,12,1.3327
1.349,12,1.3226
1.3804,12,1.3125
1.4125,12,1.3026
1.4454,12,1.2929
1.4791,12,1.2833
1.5136,12,1.2738
1.5488,12,1.2645
1.5849,12,1.2553
1.6218,12,1.2463
1.6596,12,1.2373
1.6982,12,1.2285
1.7378,12,1.2199
1.7783,12,1.2113
1.8197,12,1.2029
1.8621,12,1.1946
1.9055,12,1.1864
1.9498,12,1.1783
1.9953,12,1.1704
2.0417,12,1.1625
2.0893,12,1.1548
2.138,12,1.1471
2.1878,12,1.1396
2.2387,12,1.1322
2.2909,12,1.1249
2.3442,12,1.1177
2.3988,12,1.1106
2.4547,12,1.1036
2.5119,12,1.0967
2.5704,12,1.0899
2.6303,12,1.0831
2.6915,12,1.0765
2.7542,12,1.07
2.8184,12,1.0635
2.884,12,1.0572
2.9512,12,1.0509
3.02,12,1.0447
3.0903,12,1.0386
3.1623,12,1.0326
3.2359,12,1.0267
3.3113,12,1.0208
3.3884,12,1.015
3.4674,12,1.0093
3.5481,12,1.0037
3.6308,12,0.99818
3.7154,12,0.99271
3.8019,12,0.98732
3.8905,12,0.982
3.9811,12,0.97675
4.0738,12,0.97157
4.1687,12,0.96646
4.2658,12,0.96141
4.3652,12,0.95644
4.4668,12,0.95153
4.5709,12,0.94668
4.6774,12,0.9419
4.7863,12,0.93718
4.8978,12,0.93253
5.0119,12,0.92793
5.1286,12,0.9234
5.2481,12,0.91892
5.3703,12,0.91451
5.4954,12,0.91015
5.6234,12,0.90584
5.7544,12,0.90159
5.8884,12,0.8974
6.0256,12,0.89326
6.166,12,0.88917
6.3096,12,0.88514
6.4565,12,0.88116
6.6069,12,0.87722
6.7608,12,0.87334
6.9183,12,0.8695
7.0795,12,0.86572
7.2444,12,0.86198
7.4131,12,0.85828
7.5858,12,0.85464
7.7625,12,0.85103
7.9433,12,0.84748
8.1283,12,0.84396
8.3176,12,0.84049
8.5114,12,0.83706
8.7096,12,0.83367
8.9125,12,0.83032
9.1201,12,0.82701
9.3325,12,0.82374
9.5499,12,0.82051
9.7724,12,0.81731
10,12,0.81416
10.233,12,0.81103
10.471,12,0.80795
10.715,12,0.8049
10.965,12,0.80188
11.22,12,0.79889
11.482,12,0.79594
11.749,12,0.79302
12.023,12,0.79013
12.303,12,0.78727
12.589,12,0.78445
12.882,12,0.78165
13.183,12,0.77887
13.49,12,0.77613
13.804,12,0.77341
14.125,12,0.77072
14.454,12,0.76805
14.791,12,0.76541
15.136,12,0.76279
15.488,12,0.7602
15.849,12,0.75763
16.218,12,0.75507
16.596,12,0.75254
16.982,12,0.75003
17.378,12,0.74754
17.783,12,0.74507
18.197,12,0.74261
18.621,12,0.74017
19.055,12,0.73775
19.498,12,0.73534
19.953,12,0.73294
20.417,12,0.73056
20.893,12,0.72819
21.38,12,0.72583
21.878,12,0.72348
22.387,12,0.72114
22.909,12,0.71881
23.442,12,0.71648
23.988,12,0.71416
24.547,12,0.71185
25.119,12,0.70954
25.704,12,0.70723
26.303,12,0.70493
26.915,12,0.70262
27.542,12,0.70032
28.184,12,0.69801
28.84,12,0.6957
29.512,12,0.69338
30.2,12,0.69106
30.903,12,0.68873
31.623,12,0.6864
32.359,12,0.68405
33.113,12,0.68169
33.884,12,0.67932
34.674,12,0.67693
35.481,12,0.67453
36.308,12,0.67211
37.154,12,0.66968
38.019,12,0.66722
38.905,12,0.66474
39.811,12,0.66224
40.738,12,0.65971
41.687,12,0.65715
42.658,12,0.65457
43.652,12,0.65195
44.668,12,0.6493
45.709,12,0.64662
46.774,12,0.6439
47.863,12,0.64115
48.978,12,0.63835
50.119,12,0.63552
51.286,12,0.63264
52.481,12,0.62971
53.703,12,0.62674
54.954,12,0.62372
56.234,12,0.62065
57.544,12,0.61753
58.884,12,0.61436
60.256,12,0.61113
61.66,12,0.60784
63.096,12,0.60449
64.565,12,0.60109
66.069,12,0.59762
67.608,12,0.59409
69.183,12,0.5905
70.795,12,0.58684
72.444,12,0.58311
74.131,12,0.57931
75.858,12,0.57545
77.625,12,0.57152
79.433,12,0.56752
81.283,12,0.56345
83.176,12,0.5593
85.114,12,0.55509
87.096,12,0.55081
89.125,12,0.54645
91.201,12,0.54202
93.325,12,0.53752
95.499,12,0.53296
97.724,12,0.52832
100,12,0.52361
