2.000165000555002681e+00
1.900175341204491497e+00
1.800174558638744537e+00
1.700176534078884583e+00
1.600160146479957968e+00
1.500176075691582289e+00
1.400176934592056499e+00
1.300175767452689257e+00
1.200155289568145101e+00
1.100136100700128017e+00
1.000160659238177763e+00
9.001594917290702824e-01
8.001883190960784598e-01
7.001046352496641534e-01
6.000925304509178160e-01
5.001719572629028665e-01
4.001838475499488457e-01
3.002867164148950718e-01
2.000402265285826375e-01
1.003050513289693441e-01
5.555414660992596650e-04
-1.000843351534792397e-01
-2.000566822582577342e-01
-2.997013518159412082e-01
-3.994049633440007185e-01
-4.992559554013307754e-01
-5.994464695328939330e-01
-7.003641534698165083e-01
-8.014528749354934423e-01
-8.993090224337036975e-01
-9.999739431127846467e-01
-1.097547264591466343e+00
-1.200315597901091991e+00
-1.297478133445832515e+00
-1.399475780427884342e+00
-1.492386969498227689e+00
-1.602941634826243744e+00
-1.705108505801151697e+00
-1.797498060365544825e+00
-1.907440754819827111e+00
-2.009701556906277720e+00
-2.003272985189389122e+00
2.000173683058465102e+00
1.900168236338762640e+00
1.800169742375671955e+00
1.700173069348051680e+00
1.600171051305258052e+00
1.500171957262902867e+00
1.400166564948891912e+00
1.300169240160376605e+00
1.200231981328518938e+00
1.100160240528644362e+00
1.000095534277633424e+00
9.001660502028464572e-01
8.001993271480378755e-01
7.001202287776615574e-01
6.002212099752366470e-01
5.002337295926774230e-01
4.000334658793793241e-01
3.000952573237168353e-01
2.000895429927380120e-01
1.004842740180220129e-01
6.596264233148554619e-04
-9.995748435525965425e-02
-1.993385864446779177e-01
-2.990126133861841784e-01
-4.010443395883780959e-01
-4.987037899865113810e-01
-5.999838227072203933e-01
-6.998612218342883384e-01
-7.989526371979472907e-01
-8.984556899494617888e-01
-9.995095243020574172e-01
-1.101252884899635909e+00
-1.200620159013598087e+00
-1.301606252289618570e+00
-1.402691025288826721e+00
-1.498690097533631915e+00
-1.600063359071203228e+00
-1.693849576252666189e+00
-1.801821450262252489e+00
-1.902125188522858057e+00
-2.011430787828624389e+00
-2.007928759289550946e+00
2.000165000555002681e+00
1.900169329402594087e+00
1.800180750898499271e+00
1.700179998782076707e+00
1.600173232237461107e+00
1.500177448492463483e+00
1.400187303987631138e+00
1.300169240160376605e+00
1.200193637141200087e+00
1.100242995469829399e+00
1.000130268805227152e+00
9.001430951113058576e-01
8.002240942448241023e-01
7.002865249145368010e-01
6.001088901330101644e-01
5.001019379992439617e-01
4.000853275101717843e-01
3.001235463670998693e-01
2.003360413462453860e-01
1.002085161606843106e-01
1.259271411988378483e-04
-9.942096549121999527e-02
-2.002246843999928028e-01
-3.001432037358899296e-01
-3.999860046026346705e-01
-4.995563101829588737e-01
-6.015391503917767446e-01
-6.991285507583960834e-01
-8.003435372558497241e-01
-8.999121829826426389e-01
-9.997134601896833228e-01
-1.098555301605563805e+00
-1.200028458766785322e+00
-1.302667764311725263e+00
-1.398756162966626082e+00
-1.500083461620175695e+00
-1.595568277257285228e+00
-1.688667927122859069e+00
-1.804828470034055998e+00
-1.909780756595544027e+00
-2.002413117457405356e+00
-1.999032601554171285e+00
2.000165000555002681e+00
1.900169875933478192e+00
1.800169742375671955e+00
1.700171336972269742e+00
1.600166689407995557e+00
1.500170584444664001e+00
1.400170021524124175e+00
1.300186646055208950e+00
1.200152550326212042e+00
1.100177482441832666e+00
1.000151976474334292e+00
9.001567590024319720e-01
8.002179026030412645e-01
7.002163764968896142e-01
6.003106088913729987e-01
5.001280249267145983e-01
4.001250839000979331e-01
3.002475611940847444e-01
2.001662463631074806e-01
1.000981639727198391e-01
1.997295274052388915e-04
-1.003244689173321824e-01
-1.994547494080476102e-01
-2.996043778409352987e-01
-4.002140548891270355e-01
-4.999777054733919313e-01
-5.995103641764666369e-01
-6.994240793651538279e-01
-7.996201513676851613e-01
-9.025691460557578871e-01
-9.996353457685457355e-01
-1.100047697712628114e+00
-1.199954810976083808e+00
-1.297384238547854896e+00
-1.401797337086916562e+00
-1.507169794321311596e+00
-1.599496548321850176e+00
-1.706644075789274462e+00
-1.791542519065651540e+00
-1.880051639969078314e+00
-2.035073172483256698e+00
-2.001850121066964583e+00
2.000165000555002681e+00
1.900174248155790835e+00
1.800170430416523804e+00
1.700165273602613381e+00
1.600186317600688302e+00
1.500167838795167574e+00
1.400171749801423671e+00
1.300186646055208950e+00
1.200163507190282086e+00
1.100184379015446634e+00
1.000182365388348149e+00
9.001769807723840611e-01
8.001566693923731766e-01
7.000855757328439122e-01
6.002332035815644007e-01
5.001252790081391897e-01
4.001579233904483668e-01
3.002388595544787098e-01
2.002456748607239490e-01
1.002257561574275702e-01
1.432935368946343943e-04
-9.965800105944992715e-02
-2.004168648852622248e-01
-2.998780386426772582e-01
-4.001343873519070948e-01
-4.998623644949917177e-01
-5.997556687618494919e-01
-7.008000630331125969e-01
-7.990155148365121196e-01
-9.009550399845317470e-01
-9.994054237515896943e-01
-1.100630435194489776e+00
-1.201955303729819624e+00
-1.300480526590472863e+00
-1.400358148373114897e+00
-1.494543409461949413e+00
-1.596891495043274212e+00
-1.700505776091865595e+00
-1.804496095432678970e+00
-1.892325448119227982e+00
-1.990081915334098728e+00
-1.993717983559203155e+00
2.000165000555002681e+00
1.900164957130761723e+00
1.800162861907199874e+00
1.700168738395639867e+00
1.600175413158711812e+00
1.500182939652593639e+00
1.400178662841845778e+00
1.300180118926396844e+00
1.200133375148899839e+00
1.100118857143933537e+00
1.000199729527405212e+00
9.001638640559257443e-01
8.001174480812003331e-01
7.002207069742644174e-01
6.001056182458922583e-01
5.001568560235966077e-01
4.001924885925759456e-01
3.001975243852382236e-01
2.005632436633710547e-01
1.007426380849796577e-01
-3.908667926177280886e-06
-1.002352921355457449e-01
-1.994726233912575697e-01
-3.003807766139136581e-01
-3.992328714902277920e-01
-5.007515563512795476e-01
-6.005581948550275939e-01
-6.985077268318921062e-01
-7.993136240303831963e-01
-9.006163548981233058e-01
-9.985648591149334230e-01
-1.100676430873043454e+00
-1.200946317497793681e+00
-1.299949946507900744e+00
-1.399153383722929744e+00
-1.506592143241929360e+00
-1.617023524379109567e+00
-1.706248632980985613e+00
-1.793044664165352575e+00
-1.889292473846623910e+00
-2.028464858366348711e+00
-2.016921097366620508e+00
2.000165000555002681e+00
1.900175341204491497e+00
1.800170430416523804e+00
1.700169604589577332e+00
1.600174322699455587e+00
1.500169211622085497e+00
1.400189032196156536e+00
1.300158361121844131e+00
1.200158028792800868e+00
1.100163688966043996e+00
1.000169341828431646e+00
9.001491072763647683e-01
8.001738706044327909e-01
7.001592101483024022e-01
6.001808654139242361e-01
5.001884307432952204e-01
4.002667944628154895e-01
3.000843764317397411e-01
2.001772028816484472e-01
1.000602239311525338e-01
-2.011249091314098374e-04
-9.999138050996193849e-02
-1.995001232634792399e-01
-2.993395414318283376e-01
-3.997384492109827825e-01
-4.996729422202774717e-01
-6.000979446428823527e-01
-7.008393163631632117e-01
-8.006645144593937946e-01
-9.008755289450565140e-01
-9.985432165687253558e-01
-1.098153874797731300e+00
-1.196008539341905097e+00
-1.303228739309923556e+00
-1.397028946540814331e+00
-1.503754143056690085e+00
-1.604249132106453368e+00
-1.711299271382502596e+00
-1.804258050012801373e+00
-1.890826578574527739e+00
-1.993102017521148461e+00
-2.001676132652305817e+00
2.000160659238177541e+00
1.900178073814207114e+00
1.800173870604432791e+00
1.700166139803461318e+00
1.600166689407995557e+00
1.500165093128313032e+00
1.400185575772228574e+00
1.300177943194993135e+00
1.200133375148899839e+00
1.100146446505221753e+00
1.000069481558728102e+00
9.001835389820579403e-01
8.001566693923731766e-01
7.002925865916002079e-01
6.002800845012251640e-01
5.002364748256389326e-01
4.004412768709216253e-01
3.001322503174351786e-01
1.999689817477761367e-01
1.008424976661859429e-01
1.953885577274416026e-04
-9.939202761348532589e-02
-1.991303956961195387e-01
-2.996961562325990980e-01
-4.004465930500967219e-01
-4.999969319483067998e-01
-5.989149543037090018e-01
-6.990981401091361791e-01
-8.002036983222814426e-01
-8.989199976675608106e-01
-9.998349994449970968e-01
-1.097458656195391180e+00
-1.196975345520958633e+00
-1.300534314345840325e+00
-1.395417582768800235e+00
-1.505857933887688516e+00
-1.607406797490136929e+00
-1.699758965019274592e+00
-1.794000338641371872e+00
-1.889797624122911746e+00
-1.992081609354400928e+00
-2.003311493921768438e+00
2.000169341828431868e+00
1.900168782871022310e+00
1.800167678246576086e+00
1.700177400257274041e+00
1.600165598926834409e+00
1.500176075691582289e+00
1.400183847549948846e+00
1.300204051252466186e+00
1.200160768000179790e+00
1.100115408350534896e+00
1.000178024245103270e+00
9.001638640559257443e-01
8.001277698222983847e-01
7.002103137560209412e-01
6.001819558567529356e-01
5.002076490140260345e-01
4.001717498014236707e-01
3.000930811671302378e-01
2.003387794310867720e-01
1.001740341139561868e-01
-8.730196500399287562e-05
-9.972356368531874737e-02
-2.000773347555781234e-01
-2.998962310738637060e-01
-3.992709872240006730e-01
-4.989585483312519720e-01
-5.995621775460389102e-01
-7.004338696045728785e-01
-8.003435372558497241e-01
-8.993296883619447124e-01
-9.997308208581339173e-01
-1.098908558978980654e+00
-1.201837778861664319e+00
-1.298458781432787923e+00
-1.404679074518637716e+00
-1.504730478802128957e+00
-1.592843728913471812e+00
-1.705670476863250240e+00
-1.785516448007535173e+00
-1.890283121797113219e+00
-2.003202103041451743e+00
-1.994725085912997686e+00
2.000165000555002681e+00
1.900171515522003585e+00
1.800173182569031027e+00
1.700167872199974672e+00
1.600175413158711812e+00
1.500181566869070116e+00
1.400182119320791729e+00
1.300167064374471604e+00
1.200193637141200087e+00
1.100201619970359257e+00
1.000169341828431646e+00
9.001857250299416524e-01
8.002007031349144262e-01
7.001288916068485468e-01
6.001296115123546659e-01
5.001705844446640015e-01
4.002598828251293650e-01
3.002062268530778510e-01
2.000977618589991625e-01
1.002498910031868334e-01
3.733327443566119208e-04
-9.994381729935838954e-02
-1.995269373155584836e-01
-2.998191350464440297e-01
-3.992198040086931132e-01
-5.007020325917317383e-01
-5.987270088661893475e-01
-6.990503562479519761e-01
-8.006343270102043164e-01
-9.015397201526745841e-01
-9.989806052877306941e-01
-1.101189832225556442e+00
-1.198539348309706210e+00
-1.300330476620146891e+00
-1.403332543372652230e+00
-1.496915108137357953e+00
-1.600305515932474609e+00
-1.708453560307789720e+00
-1.803105653088719729e+00
-1.896066352100551189e+00
-1.995579738732992547e+00
-2.002514883815321500e+00
2.000165000555002681e+00
1.900172062050136557e+00
1.800175934704097758e+00
1.700185195785039349e+00
1.600172141772728596e+00
1.500182939652593639e+00
1.400171749801423671e+00
1.300195348741030932e+00
1.200171724656929895e+00
1.100170585758699637e+00
1.000169341828431646e+00
9.001846320073751961e-01
8.002240942448241023e-01
7.002648753771940626e-01
6.001710513052581630e-01
5.002186305011963041e-01
4.001752063353897770e-01
3.001866460552089499e-01
2.000128260729300833e-01
1.000774698154753561e-01
3.472966853635024720e-04
-9.968367857547856536e-02
-1.999899125709222736e-01
-2.998572482258589633e-01
-4.003843523256017112e-01
-5.002950512039525677e-01
-6.010085353542488074e-01
-7.005733354571064275e-01
-7.980460248137760670e-01
-8.999294284560737101e-01
-9.997655442771217205e-01
-1.098794045948705556e+00
-1.200830444572073219e+00
-1.297137107747700746e+00
-1.398861690301766991e+00
-1.508118864502612455e+00
-1.602478853132359715e+00
-1.703975757163001425e+00
-1.797972377438082470e+00
-1.904447103980598133e+00
-2.004076687383958610e+00
-2.000536250325209320e+00
2.000173683058465102e+00
1.900164957130761723e+00
1.800177310765091132e+00
1.700165273602613381e+00
1.600172141772728596e+00
1.500178821289005038e+00
1.400182119320791729e+00
1.300190997419918837e+00
1.200179941968094521e+00
1.100170585758699637e+00
1.000121585433766391e+00
9.001671432721801702e-01
8.001587335737929685e-01
7.001730693480515688e-01
6.001666894079954462e-01
5.003325470485510129e-01
4.001077989603567531e-01
3.001866460552089499e-01
2.002182873645362293e-01
1.000291796134793604e-01
1.129018886852159876e-04
-9.992796405331871856e-02
-1.992623069624912258e-01
-2.995377207915620454e-01
-4.001245663386434614e-01
-5.003129173815962227e-01
-5.992755544007741797e-01
-7.000592768973851188e-01
-8.005382899929240903e-01
-8.972953735934320330e-01
-9.994357838346243916e-01
-1.098043914837423474e+00
-1.199703676456007839e+00
-1.296268530534056662e+00
-1.400418201437761301e+00
-1.497149717406016878e+00
-1.594983371079107259e+00
-1.700163781899174609e+00
-1.795348332194450336e+00
-1.897322800914184926e+00
-2.020398821210657836e+00
-1.984154240952299864e+00
2.000160659238177541e+00
1.900163864055925744e+00
1.800164926059187209e+00
1.700173069348051680e+00
1.600173232237461107e+00
1.500178821289005038e+00
1.400187303987631138e+00
1.300175767452689257e+00
1.200166246363107536e+00
1.100194723670527397e+00
1.000199729527405212e+00
9.001900970926987045e-01
8.001814389219108481e-01
7.001730693480515688e-01
6.002604605460204468e-01
5.001472458706324176e-01
4.001527383728454845e-01
3.000996096041774752e-01
2.001114596238014187e-01
1.002223082128280152e-01
4.210614656340104880e-04
-9.955912948488523928e-02
-1.994870606070536234e-01
-2.995446457230578896e-01
-4.005940408832486255e-01
-4.988845708347392494e-01
-6.011801339927506094e-01
-7.005144928387880832e-01
-8.001242021425272188e-01
-8.993848023120853963e-01
-9.988679680621224133e-01
-1.101592978861643202e+00
-1.197894302259767896e+00
-1.298076436241633491e+00
-1.398922624976270290e+00
-1.495216612326386363e+00
-1.600241504205375698e+00
-1.697822811925415287e+00
-1.791843608412116318e+00
-1.892528853627049701e+00
-1.980190223545204242e+00
-1.984854090846616792e+00
2.000165000555002681e+00
1.900163317517476136e+00
1.800167678246576086e+00
1.700167006002581749e+00
1.600178684520053185e+00
1.500181566869070116e+00
1.400159651715892961e+00
1.300180118926396844e+00
1.200171724656929895e+00
1.100205068079209925e+00
1.000251817779405084e+00
9.001862715401933723e-01
8.001779987939527938e-01
7.001999202890486496e-01
6.001612369748094977e-01
5.002419652395037053e-01
3.999677655885870986e-01
3.002214557522041027e-01
2.002511521527141902e-01
9.965302213999513437e-02
5.251786540546386339e-04
-9.970826485397675520e-02
-1.990514055255437342e-01
-3.001449373737290482e-01
-4.005853018383697672e-01
-5.010859895225754368e-01
-5.993825842883008237e-01
-7.001224123289468970e-01
-7.998145799108390408e-01
-9.017890539715255338e-01
-1.000760246078013171e+00
-1.100910317588668530e+00
-1.200115200218282885e+00
-1.300349555242344302e+00
-1.400442224988925899e+00
-1.498646284585190447e+00
-1.600797163582782678e+00
-1.707475900999106955e+00
-1.796782114643983741e+00
-1.906011300419261811e+00
-2.010057430946728285e+00
-1.999800270472594788e+00
2.000165000555002681e+00
1.900167689805815296e+00
1.800167678246576086e+00
1.700167006002581749e+00
1.600171051305258052e+00
1.500154110287306386e+00
1.400154466718924740e+00
1.300197524385238168e+00
1.200155289568145101e+00
1.100174034113956090e+00
1.000112901888685180e+00
9.001726085775818564e-01
8.001332746505798177e-01
7.002059831750105934e-01
6.000881677649447798e-01
5.001911762626108926e-01
4.000956990931997526e-01
3.002693145303563238e-01
2.003415174986655778e-01
1.005979731440373032e-01
2.908798689967298447e-04
-9.919497372459866458e-02
-2.002239957339780885e-01
-2.993594418241782296e-01
-4.010399655110637451e-01
-5.001919914514902921e-01
-5.989563477135839697e-01
-6.998808056734839855e-01
-8.009857290653801254e-01
-8.996260081145123211e-01
-9.997004401437562526e-01
-1.098591813357436164e+00
-1.199920400401758958e+00
-1.298755913889032554e+00
-1.397886810856304063e+00
-1.496977840062667875e+00
-1.602656252485884947e+00
-1.707128375968221645e+00
-1.797953285712521776e+00
-1.901204038260957851e+00
-1.992572301474677232e+00
-1.985878657958998650e+00
2.000165000555002681e+00
1.900172062050136557e+00
1.800171806494957671e+00
1.700178266433935770e+00
1.600164508442935452e+00
1.500167838795167574e+00
1.400163108346148322e+00
1.300175767452689257e+00
1.200188159123781961e+00
1.100163688966043996e+00
1.000212752176105280e+00
9.001742481557908349e-01
8.001098786484814873e-01
7.001782664339357698e-01
6.001045276113752269e-01
5.001321437720250840e-01
4.002080420360580870e-01
3.002780155597859491e-01
2.003031829815850318e-01
1.000671223670621945e-01
7.816597201616296085e-05
-1.002686628975546779e-01
-1.997848492660858066e-01
-2.998407898516975423e-01
-3.991555612761565341e-01
-4.992710367608310107e-01
-5.995086371706034312e-01
-6.995632212665428007e-01
-7.992725876850335087e-01
-8.990025932552837551e-01
-9.998914399489652327e-01
-1.099843240997568028e+00
-1.199428627217314469e+00
-1.299820867391130008e+00
-1.401603490576253774e+00
-1.500931815489205512e+00
-1.600795431452283424e+00
-1.700322764809308884e+00
-1.789146634685106818e+00
-1.905962333907869288e+00
-1.986240352750911375e+00
-2.018533409085049524e+00
2.000169341828431868e+00
1.900168782871022310e+00
1.800170430416523804e+00
1.700166139803461318e+00
1.600177594069010834e+00
1.500177448492463483e+00
1.400175206335389833e+00
1.300175767452689257e+00
1.200179941968094521e+00
1.100180930742329366e+00
1.000204070453693639e+00
9.001879110668219441e-01
8.002034550955886560e-01
7.001903927258126270e-01
6.001023463341245145e-01
5.000744763826334705e-01
4.005379893919462364e-01
3.001257223710376287e-01
2.002374587932128081e-01
1.004567061101882125e-01
3.516361369240932717e-04
-9.956677620685557006e-02
-2.002343258388643299e-01
-2.997039496309209516e-01
-3.992132704153680267e-01
-4.998554999264169241e-01
-5.984082049579048102e-01
-6.998612218342883384e-01
-7.995927740576647125e-01
-9.001019208650452574e-01
-1.003251544306927645e+00
-1.098832758880489591e+00
-1.200179234785250681e+00
-1.297039843948438298e+00
-1.401074959363161954e+00
-1.499305314525710031e+00
-1.597664664781824673e+00
-1.692904210841086110e+00
-1.795323933704194852e+00
-1.889969509151692595e+00
-2.007524246839594184e+00
-2.001245603953675900e+00
2.000160659238177541e+00
1.900174794680485002e+00
1.800187631083566497e+00
1.700154879057678370e+00
1.600167779886418229e+00
1.500188430743295331e+00
1.400159651715892961e+00
1.300160536951352253e+00
1.200188159123781961e+00
1.100139549329210320e+00
1.000273519374039966e+00
9.002540334821148571e-01
8.001346508467477303e-01
7.002683393756937713e-01
6.002190292839547636e-01
5.000909535609755485e-01
3.999141606205053323e-01
3.004041609007888081e-01
2.002922296408889968e-01
1.002429954698295239e-01
2.474773303442276287e-04
-9.943789231348340585e-02
-2.003569285120083976e-01
-2.995005011764541591e-01
-3.984995230822296342e-01
-4.996551023502554534e-01
-5.996295441692655048e-01
-6.995849662161224281e-01
-8.030863343688524614e-01
-8.992125944357078904e-01
-9.999739431127846467e-01
-1.101080745306702413e+00
-1.202463100048825728e+00
-1.298296480958398114e+00
-1.399762435189162657e+00
-1.497353057005105459e+00
-1.601509654764599944e+00
-1.706098503221118223e+00
-1.803022864624881372e+00
-1.918569874445370749e+00
-1.983530774556849563e+00
-1.996966216712265485e+00
2.000169341828431868e+00
1.900173155104339262e+00
1.800173870604432791e+00
1.700170470781787291e+00
1.600154693964626285e+00
1.500178821289005038e+00
1.400190760397804768e+00
1.300199700018546345e+00
1.200163507190282086e+00
1.100146446505221753e+00
1.000138952003074122e+00
9.001299773713653529e-01
8.002406048580349429e-01
7.002709373564368622e-01
6.002462871379973253e-01
5.002831411311753351e-01
4.001285408054947590e-01
3.001692401603766047e-01
2.001662463631074806e-01
1.002016199703591737e-01
4.340774793185928982e-04
-9.999466092340082712e-02
-1.996190802666956698e-01
-2.997212687945802201e-01
-4.000481882601876760e-01
-5.005851238963965333e-01
-5.995759954886550336e-01
-7.011163712843485607e-01
-8.004587325492753536e-01
-8.987445341827861034e-01
-1.002265969664084100e+00
-1.097008283251827532e+00
-1.198160156296718570e+00
-1.303220882402579273e+00
-1.401577212963714736e+00
-1.506466668524848451e+00
-1.602656252485884947e+00
-1.731426708039806250e+00
-1.814084053854529532e+00
-1.902520566090170728e+00
-2.031796864572613881e+00
-1.964638313286833915e+00
2.000160659238177541e+00
1.900181352923170364e+00
1.800170430416523804e+00
1.700170470781787291e+00
1.600175413158711812e+00
1.500156856023596497e+00
1.400173478071845556e+00
1.300173591699485431e+00
1.200160768000179790e+00
1.100180930742329366e+00
1.000147635027314408e+00
9.001409088488306898e-01
8.002151507339142489e-01
7.002804631528660728e-01
6.001350643426004439e-01
5.002803961931827637e-01
3.999746818767389023e-01
3.000778477656974585e-01
2.002922296408889968e-01
1.001361007001280862e-01
-2.610894488643985514e-04
-1.001898901344728393e-01
-1.993234669241569224e-01
-2.997507129579773388e-01
-3.992328714902277920e-01
-5.002016093270059693e-01
-6.013916922841184842e-01
-7.022351131598683072e-01
-7.995462365910366298e-01
-9.026871486008544165e-01
-1.001843142746239312e+00
-1.099250641938920525e+00
-1.200585006444546909e+00
-1.301966474928642592e+00
-1.404212876274784971e+00
-1.507560912211220794e+00
-1.602972968702073953e+00
-1.691933122499212017e+00
-1.809015949350702090e+00
-1.906361221865534805e+00
-1.986231937821984594e+00
-2.011996974685766215e+00
