-8.439780473709106445e-01
-8.323851823806762695e-01
-8.212360143661499023e-01
-8.106791377067565918e-01
-8.005911707878112793e-01
-7.906715869903564453e-01
-7.807833552360534668e-01
-7.707901000976562500e-01
-7.607676386833190918e-01
-7.505760788917541504e-01
-7.398389577865600586e-01
-7.276434898376464844e-01
-7.151105999946594238e-01
-7.021459937095642090e-01
-6.872104406356811523e-01
-6.714125871658325195e-01
-6.542282700538635254e-01
-6.345158815383911133e-01
-6.152679324150085449e-01
-5.936354994773864746e-01
-5.698134899139404297e-01
-5.427474379539489746e-01
-5.149703621864318848e-01
-4.829039275646209717e-01
-4.447983205318450928e-01
-4.033975601196289062e-01
-3.546716868877410889e-01
-3.002849519252777100e-01
-2.401000261306762695e-01
-1.721611618995666504e-01
-1.012043505907058716e-01
-2.617545053362846375e-02
5.210463330149650574e-02
1.307477355003356934e-01
2.032041698694229126e-01
2.835592925548553467e-01
3.620041608810424805e-01
4.197758138179779053e-01
4.985173642635345459e-01
5.585259795188903809e-01
6.297785639762878418e-01
6.237471103668212891e-01
