2.000165000555002681e+00
1.900172062050136557e+00
1.800169054333730090e+00
1.700167006002581749e+00
1.600161236974809498e+00
1.500163720288376190e+00
1.400185575772228574e+00
1.300156185281435173e+00
1.200182681037265331e+00
1.100156792063862632e+00
1.000160659238177763e+00
9.001567590024319720e-01
8.001546052011424548e-01
7.002423587134546379e-01
6.002680921895229282e-01
5.002049035988460624e-01
4.000645836010207623e-01
3.001670643744715483e-01
2.000977618589991625e-01
9.998088404138766316e-02
5.902392236300950173e-04
-9.973613098567130075e-02
-1.995970742029425093e-01
-2.998572482258589633e-01
-3.997896935906720128e-01
-5.006428866125410826e-01
-6.002034476507354110e-01
-7.000527461696639531e-01
-8.008951060167840419e-01
-8.996777125058995628e-01
-1.001933433430450604e+00
-1.100955247022483041e+00
-1.202893877703107517e+00
-1.300944013868481131e+00
-1.404533540491195609e+00
-1.497389913969307207e+00
-1.601999194356184653e+00
-1.699039497012685862e+00
-1.805816014040957151e+00
-1.897617754059455430e+00
-1.998720717293996252e+00
-1.994416278667994646e+00
2.000160659238177541e+00
1.900168236338762640e+00
1.800176622735139453e+00
1.700171336972269742e+00
1.600173232237461107e+00
1.500170584444664001e+00
1.400171749801423671e+00
1.300223631265629898e+00
1.200166246363107536e+00
1.100198171834131822e+00
1.000212752176105280e+00
9.001813529231704747e-01
8.000775350406660325e-01
7.001514141540802205e-01
6.001579654820399234e-01
5.001321437720250840e-01
4.002356912269715572e-01
3.001387781657116616e-01
1.998949844105822882e-01
1.001947236705273414e-01
4.342727686266485671e-05
-9.940731530864090060e-02
-2.005340058150129057e-01
-2.999785396902675538e-01
-3.998856567765699532e-01
-4.995576821425101177e-01
-5.998126960123688622e-01
-7.007804376984614336e-01
-8.013016845138086763e-01
-8.992849134269184086e-01
-1.002694452581363249e+00
-1.100525867910219224e+00
-1.196565419083864601e+00
-1.299748980893105310e+00
-1.390805923710090042e+00
-1.493465203884209558e+00
-1.593487070270822814e+00
-1.700385938559756838e+00
-1.805535611793353423e+00
-1.897597169431434416e+00
-2.003664795826580747e+00
-2.044570594658015938e+00
2.000160659238177541e+00
1.900178620334087132e+00
1.800169054333730090e+00
1.700160076361244110e+00
1.600163417956298240e+00
1.500176075691582289e+00
1.400166564948891912e+00
1.300158361121844131e+00
1.200174463777927025e+00
1.100167137376062199e+00
1.000125927141198856e+00
9.001775272936395345e-01
8.000802877819184200e-01
7.000795111657118763e-01
6.001241586136443207e-01
5.002666712429749696e-01
4.001198984904090206e-01
3.002497365767446413e-01
2.000429664790692730e-01
9.992913282505576367e-02
3.255987771427446562e-04
-9.936309166380866142e-02
-1.996816661053861797e-01
-2.998009458444266806e-01
-3.992916800233149432e-01
-5.003252867043789243e-01
-5.989149543037090018e-01
-6.991785157340723034e-01
-7.996502684021716822e-01
-8.994364779932796372e-01
-1.000940831606185633e+00
-1.098740071705150312e+00
-1.201064291340244505e+00
-1.307562902695750706e+00
-1.402933680114216264e+00
-1.491389489570587479e+00
-1.597563215199828024e+00
-1.705282528907662298e+00
-1.775065717626765904e+00
-1.922279714158531716e+00
-1.987145909817188194e+00
-1.989013518826673099e+00
2.000165000555002681e+00
1.900174794680485002e+00
1.800174558638744537e+00
1.700178266433935770e+00
1.600155784473169085e+00
1.500145872974277816e+00
1.400163108346148322e+00
1.300173591699485431e+00
1.200179941968094521e+00
1.100177482441832666e+00
1.000134610425851944e+00
9.001551193581951438e-01
8.001628619071998738e-01
7.002094476432735304e-01
6.001939505471680647e-01
5.001431271685483626e-01
4.002460592197600309e-01
3.001583611218441860e-01
2.001169386087559288e-01
1.000705715439263593e-01
3.863501885510037346e-04
-9.943243197615383999e-02
-1.991949722475081508e-01
-2.995948547789146765e-01
-3.996599589069734226e-01
-5.012663875533084346e-01
-5.998023268643722927e-01
-7.001855569401377322e-01
-8.003188565249077513e-01
-9.015189487944289537e-01
-9.997004401437562526e-01
-1.098732439525181626e+00
-1.200980809458208176e+00
-1.298122161848672462e+00
-1.403642657114066550e+00
-1.500180999854564545e+00
-1.598492622130899932e+00
-1.694538995786009306e+00
-1.798089673597139226e+00
-1.900875528945056514e+00
-2.000379304673292058e+00
-2.001393713443145206e+00
2.000156317877955114e+00
1.900169875933478192e+00
1.800177310765091132e+00
1.700167872199974672e+00
1.600179774968357727e+00
1.500173330076802092e+00
1.400154466718924740e+00
1.300154009430124713e+00
1.200193637141200087e+00
1.100191275479545316e+00
1.000191047544659151e+00
9.001753412044913860e-01
8.002013911267178425e-01
7.002059831750105934e-01
6.000859864055236859e-01
5.002282390746947138e-01
4.002184106889339343e-01
3.001191943265160145e-01
2.001580287928009516e-01
1.000981639727198391e-01
8.685802780287228285e-06
-1.000728514439375993e-01
-1.992300124800481242e-01
-2.998927657901213073e-01
-3.990205736182658169e-01
-5.000971980743332823e-01
-5.997332055371845660e-01
-6.997263349331384052e-01
-8.006398154812597312e-01
-9.002192548484418966e-01
-1.000166801108913761e+00
-1.101034158741772906e+00
-1.199355081067410289e+00
-1.297543613461797030e+00
-1.402490196481986473e+00
-1.498933887765578010e+00
-1.598091356275634256e+00
-1.694738938794855043e+00
-1.802929056773628691e+00
-1.902603849358497579e+00
-2.018362575344230692e+00
-1.995111404008499623e+00
2.000160659238177541e+00
1.900168236338762640e+00
1.800172494532539469e+00
1.700181731123307616e+00
1.600174322699455587e+00
1.500189803505122654e+00
1.400159651715892961e+00
1.300143130010052328e+00
1.200171724656929895e+00
1.100198171834131822e+00
1.000125927141198856e+00
9.002168750167343081e-01
8.000933630645977734e-01
7.001072342098787482e-01
6.000848957217044255e-01
5.000840881459721610e-01
4.001423681519251652e-01
3.000865526319442256e-01
2.002128096580391980e-01
1.001809307423292827e-01
2.301151002922950325e-04
-9.955858329561075026e-02
-1.998901213515184572e-01
-2.998381912180554942e-01
-4.006442938041869795e-01
-4.994863459922341820e-01
-5.994671910900276623e-01
-6.996110615928639032e-01
-7.992233491883804497e-01
-8.999397760688475634e-01
-1.000661064774277298e+00
-1.100025279310424375e+00
-1.201954612314068083e+00
-1.301180287556716886e+00
-1.402760184569133983e+00
-1.496971020936181729e+00
-1.595924395293946141e+00
-1.691239291286730007e+00
-1.798821443616674731e+00
-1.901789053971525423e+00
-1.998560530519408518e+00
-1.990073425641261773e+00
2.000165000555002681e+00
1.900167143272180059e+00
1.800169742375671955e+00
1.700162674989703193e+00
1.600166689407995557e+00
1.500170584444664001e+00
1.400164836650959144e+00
1.300147481810785877e+00
1.200190898141128226e+00
1.100163688966043996e+00
1.000212752176105280e+00
9.001502003883425918e-01
8.002289099051833610e-01
7.001531466093348088e-01
6.002081256632959549e-01
5.001431271685483626e-01
4.001492816600523139e-01
3.002084024427909004e-01
2.002538907728048656e-01
1.003912253147955791e-01
3.908474458413416355e-05
-9.929267071011607659e-02
-1.997181213548532286e-01
-2.999230879604122824e-01
-3.997210056952458235e-01
-4.999172849500522209e-01
-5.994257489644037040e-01
-6.989700043360187465e-01
-8.000173164251239699e-01
-8.992401431076267881e-01
-1.000802448501647346e+00
-1.099775474451077706e+00
-1.200991157580533208e+00
-1.298259367562787592e+00
-1.402565907912803223e+00
-1.502727477657049393e+00
-1.599527634612824434e+00
-1.692685847612088512e+00
-1.797770593073119150e+00
-1.892359342422143875e+00
-2.024264521330688016e+00
-2.011620326920406931e+00
2.000156317877955114e+00
1.900166050202846568e+00
1.800166990201363948e+00
1.700172203161024465e+00
1.600173232237461107e+00
1.500176075691582289e+00
1.400189032196156536e+00
1.300140954093333079e+00
1.200163507190282086e+00
1.100129203359808239e+00
1.000134610425851944e+00
9.001731551043392621e-01
8.001779987939527938e-01
7.001938573184457448e-01
6.001884984562287917e-01
5.000374004455151455e-01
4.004188226695157282e-01
3.001605369513523081e-01
2.001826810372652476e-01
1.002636817414576664e-01
1.085600510348161207e-04
-1.000799603711819974e-01
-2.000931690019916165e-01
-2.994546302252060754e-01
-3.999423722640332857e-01
-4.987133749603926414e-01
-6.016016183334405021e-01
-7.003946529017216482e-01
-8.019563059498363566e-01
-9.009619546759605191e-01
-9.997221404371607889e-01
-1.097387999879152698e+00
-1.198879050775043309e+00
-1.298194642485258399e+00
-1.401627579784567645e+00
-1.497151081784026116e+00
-1.591395448258261069e+00
-1.697686391480786927e+00
-1.783831457633995532e+00
-1.907079443454692935e+00
-1.997782085281589293e+00
-2.002773119221486375e+00
2.000160659238177541e+00
1.900177527293639423e+00
1.800171806494957671e+00
1.700176534078884583e+00
1.600166689407995557e+00
1.500182939652593639e+00
1.400168293239946848e+00
1.300186646055208950e+00
1.200207331882451545e+00
1.100215412241505986e+00
1.000225774434322812e+00
9.001813529231704747e-01
8.001621738543572837e-01
7.001340892214197309e-01
6.002212099752366470e-01
5.001952945090409886e-01
4.002080420360580870e-01
3.000582611786847265e-01
2.001114596238014187e-01
1.011557011576850185e-01
7.382378707942974954e-05
-9.955585235954170220e-02
-1.999100777610992030e-01
-2.999820056584797667e-01
-3.999576430839122398e-01
-5.002084793684973274e-01
-6.008214141351824189e-01
-7.000527461696639531e-01
-8.005382899929240903e-01
-9.007200059575505291e-01
-1.002475135318174893e+00
-1.099906098456601589e+00
-1.198314398814092296e+00
-1.301129894883669591e+00
-1.401685618364757024e+00
-1.503916251400105208e+00
-1.595188511619233251e+00
-1.700468731869154704e+00
-1.799171381275253889e+00
-1.901165987617156272e+00
-1.998011149256734731e+00
-1.985664306736206752e+00
2.000165000555002681e+00
1.900177527293639423e+00
1.800169054333730090e+00
1.700179132608869992e+00
1.600175413158711812e+00
1.500177448492463483e+00
1.400178662841845778e+00
1.300158361121844131e+00
1.200179941968094521e+00
1.100153343571698583e+00
1.000165000555002903e+00
9.001758877278100979e-01
8.001883190960784598e-01
7.001635411957343180e-01
6.001328832187177165e-01
5.001390084274035530e-01
4.001544667189245730e-01
3.002236312656297867e-01
2.002484135153539957e-01
1.001188571439335095e-01
2.170929722301843815e-04
-9.969569835995667484e-02
-1.993124712398361420e-01
-2.999499465079006333e-01
-3.995912915256628617e-01
-4.996468688112500889e-01
-6.000166729179589042e-01
-7.001224123289468970e-01
-7.993738176850850863e-01
-8.997432135729382940e-01
-1.000004777265576017e+00
-1.098768966172953387e+00
-1.196784681597934830e+00
-1.297536720363602569e+00
-1.395521222182098731e+00
-1.503567170127018127e+00
-1.600892441400738608e+00
-1.692867809344219765e+00
-1.803917816299715593e+00
-1.892620417195551408e+00
-1.997769123008404035e+00
-2.007241091339297512e+00
2.000160659238177541e+00
1.900178620334087132e+00
1.800174558638744537e+00
1.700167006002581749e+00
1.600173232237461107e+00
1.500169211622085497e+00
1.400182119320791729e+00
1.300156185281435173e+00
1.200185420089161070e+00
1.100180930742329366e+00
1.000178024245103270e+00
9.001627709783386333e-01
8.001786868217243276e-01
7.001228276445613519e-01
6.001972217688784639e-01
5.002062763086053687e-01
4.003048065040321624e-01
3.001779431949931909e-01
2.002045929687483461e-01
1.002119642147829143e-01
3.820110838395762579e-04
-1.000055958138220819e-01
-1.997208728186303239e-01
-2.998364588042657375e-01
-3.999271019810935468e-01
-4.995082943289428368e-01
-5.998973866557169021e-01
-7.000766926514425670e-01
-8.001461306697675857e-01
-8.998673479563391586e-01
-1.000682378143707307e+00
-1.099088023455867313e+00
-1.201199552249552660e+00
-1.301427991719439126e+00
-1.395354979272932061e+00
-1.502889203160192810e+00
-1.597979481266054158e+00
-1.696899022425464754e+00
-1.801609618749977493e+00
-1.895181831215143387e+00
-1.995132876204149364e+00
-2.003774303327600315e+00
2.000156317877955114e+00
1.900170422463674402e+00
1.800165614107669398e+00
1.700172203161024465e+00
1.600171051305258052e+00
1.500156856023596497e+00
1.400164836650959144e+00
1.300158361121844131e+00
1.200185420089161070e+00
1.100142997930908084e+00
1.000173683058464880e+00
9.001982945917391676e-01
8.001587335737929685e-01
7.002579472973053942e-01
6.001972217688784639e-01
5.001225330722017803e-01
4.003341771663938009e-01
3.001300743462051446e-01
2.001333751488999224e-01
1.001326520436608136e-01
4.123839064525102187e-04
-9.980279839919287133e-02
-2.001000536370269867e-01
-2.996000491504938190e-01
-3.992579185955690835e-01
-5.005149937822513939e-01
-5.990098200411589913e-01
-7.000483924057415708e-01
-8.000502015364356900e-01
-9.001743881115531476e-01
-9.994878346295295035e-01
-1.099927964053318830e+00
-1.199688544220127051e+00
-1.299188155260272204e+00
-1.397710978734170384e+00
-1.497772318866222419e+00
-1.604820435516677080e+00
-1.696054836844490543e+00
-1.805713271411310883e+00
-1.896463093031440339e+00
-2.011697504175701035e+00
-1.998279264311631831e+00
2.000160659238177541e+00
1.900176434250441027e+00
1.800172494532539469e+00
1.700175667898767840e+00
1.600174322699455587e+00
1.500177448492463483e+00
1.400171749801423671e+00
1.300180118926396844e+00
1.200163507190282086e+00
1.100170585758699637e+00
1.000173683058464880e+00
9.002010270570349748e-01
8.001511648606219884e-01
7.001141646944150088e-01
6.001983121706396807e-01
5.001747028863620104e-01
4.001060704285452907e-01
3.002649639502692480e-01
2.000648854606788818e-01
1.000533253856646793e-01
8.250811353898195781e-05
-9.978203204184468711e-02
-1.994767482610836917e-01
-2.995446457230578896e-01
-4.001725822926280318e-01
-5.003541498276518062e-01
-5.999094866673531090e-01
-7.002095107462663615e-01
-8.001296841705362040e-01
-8.993848023120853963e-01
-9.998480235256657078e-01
-1.099020374640621300e+00
-1.199148943297129621e+00
-1.298742953292117086e+00
-1.401971544195811159e+00
-1.500561745933364444e+00
-1.603136637904337025e+00
-1.696179957698684460e+00
-1.794468143399143623e+00
-1.907100482475571734e+00
-1.990931723807781495e+00
-2.006364524751170553e+00
2.000160659238177541e+00
1.900169875933478192e+00
1.800175934704097758e+00
1.700166139803461318e+00
1.600187408029827507e+00
1.500187057977128591e+00
1.400190760397804768e+00
1.300173591699485431e+00
1.200226503794740829e+00
1.100170585758699637e+00
1.000134610425851944e+00
9.001283376260134084e-01
8.001676782465759752e-01
7.001262927762360588e-01
6.002713628528284495e-01
5.001513645336566061e-01
4.002529710774454519e-01
3.001170182898695860e-01
2.004209139501876291e-01
9.997053429145005832e-02
2.908798689967298447e-04
-1.000925379890669764e-01
-1.993605794142062904e-01
-3.003278750547835330e-01
-4.005219490214808054e-01
-4.995864942943057385e-01
-6.002276650723817886e-01
-6.993306184315589702e-01
-7.992260845139683711e-01
-9.018964501322280780e-01
-9.958033425386287885e-01
-1.099160048291836667e+00
-1.197197550668588573e+00
-1.298020364238934077e+00
-1.401668096466616165e+00
-1.512033435649264401e+00
-1.613263887027479138e+00
-1.701029090823047429e+00
-1.793492543458275801e+00
-1.890353968909026960e+00
-1.993949196243583577e+00
-1.983334296207488467e+00
2.000147635027314408e+00
1.900180259889600265e+00
1.800173870604432791e+00
1.700181731123307616e+00
1.600165598926834409e+00
1.500171957262902867e+00
1.400163108346148322e+00
1.300173591699485431e+00
1.200171724656929895e+00
1.100149895052151772e+00
1.000165000555002903e+00
9.001671432721801702e-01
8.001497887167828837e-01
7.001704707817872908e-01
6.003062483955583506e-01
5.002227484872979746e-01
3.998570899959160707e-01
3.001039618410222265e-01
2.002018540377717981e-01
9.976693906917707966e-02
6.379441142672592725e-04
-1.001116785413099092e-01
-1.997105549193479435e-01
-2.996251561556514398e-01
-4.006038725189381977e-01
-5.003156660895471397e-01
-6.014298531099552259e-01
-6.994306006460305758e-01
-7.985673687772024687e-01
-8.999328776329378332e-01
-1.002386042013824419e+00
-1.097423870110831867e+00
-1.200728391650127236e+00
-1.300289720553133188e+00
-1.405825203984705229e+00
-1.508432415336502963e+00
-1.606652970933520885e+00
-1.680142646980146814e+00
-1.822807031539663836e+00
-1.892305112807132650e+00
-2.008255296509372734e+00
-1.971794880094557278e+00
2.000160659238177541e+00
1.900174794680485002e+00
1.800175934704097758e+00
1.700170470781787291e+00
1.600168870362102869e+00
1.500160974595483587e+00
1.400170021524124175e+00
1.300167064374471604e+00
1.200174463777927025e+00
1.100174034113956090e+00
1.000186706488199739e+00
9.001649571307617226e-01
8.001724945325393579e-01
7.001288916068485468e-01
6.001666894079954462e-01
5.002172578304853179e-01
4.000870561245438162e-01
2.998340406458583352e-01
2.002292425702655587e-01
1.003291817686195048e-01
1.042181699765782471e-04
-1.001078503633745787e-01
-1.996293959929408834e-01
-2.998555157360488499e-01
-3.992622747613512324e-01
-5.002950512039525677e-01
-6.001567464365119564e-01
-6.991220340114303600e-01
-7.975716273439559245e-01
-9.007718407654603521e-01
-9.966558123521179757e-01
-1.098796772098557861e+00
-1.193946939977283517e+00
-1.300947487550442094e+00
-1.409773610207999406e+00
-1.499441081050622238e+00
-1.587042440489243811e+00
-1.704619851819711318e+00
-1.813213123266751436e+00
-1.913761219082023679e+00
-2.028984991862723408e+00
-1.962262833665196604e+00
2.000165000555002681e+00
1.900174794680485002e+00
1.800178686821724439e+00
1.700182597291331810e+00
1.600178684520053185e+00
1.500170584444664001e+00
1.400163108346148322e+00
1.300167064374471604e+00
1.200174463777927025e+00
1.100170585758699637e+00
1.000130268805227152e+00
9.001704224636744023e-01
8.001938231569357685e-01
7.001124320836493720e-01
6.001950409571426004e-01
5.001197871189025923e-01
4.004050041223607970e-01
3.002040512524661309e-01
2.001936371412000870e-01
1.006703116380552598e-01
1.737143184982659324e-05
-1.000914442687035333e-01
-1.993014758339025361e-01
-2.999915372136917058e-01
-4.001802216838848403e-01
-4.996235412983813240e-01
-5.999008437674986371e-01
-6.999569734441714042e-01
-7.998556675032528762e-01
-9.009688694774844464e-01
-9.999913141972196495e-01
-1.100455258174799278e+00
-1.198697843060910762e+00
-1.299298013115327333e+00
-1.396431287529843912e+00
-1.496451718176347034e+00
-1.598020785605987593e+00
-1.694214553074057550e+00
-1.806029907740894780e+00
-1.890627344654158826e+00
-1.981599118097556955e+00
-2.007274212322957663e+00
2.000156317877955114e+00
1.900169329402594087e+00
1.800166302155061793e+00
1.700162674989703193e+00
1.600171051305258052e+00
1.500178821289005038e+00
1.400159651715892961e+00
1.300162712769959539e+00
1.200160768000179790e+00
1.100163688966043996e+00
1.000195388557727494e+00
9.001430951113058576e-01
8.002406048580349429e-01
7.001938573184457448e-01
6.001099807565717370e-01
5.000978188674508607e-01
4.002097701620617176e-01
3.002453858005283971e-01
2.003196124746698115e-01
9.972206627010719859e-02
2.214337249691483180e-04
-9.956186044156169201e-02
-2.006084411744325224e-01
-2.997931507053326339e-01
-3.993396039758727034e-01
-4.995137815864404973e-01
-6.000218600204888508e-01
-6.997546141994716029e-01
-7.967549156509139419e-01
-8.987238960797296894e-01
-1.001498291737556112e+00
-1.098128287569063000e+00
-1.203504762763283331e+00
-1.298121299056807176e+00
-1.394083277455911318e+00
-1.499541218913939211e+00
-1.613872171434890479e+00
-1.694814210010409550e+00
-1.791881259261723258e+00
-1.902569146055757887e+00
-2.002417484622522004e+00
-2.000760246078013171e+00
2.000169341828431868e+00
1.900172062050136557e+00
1.800166302155061793e+00
1.700165273602613381e+00
1.600174322699455587e+00
1.500173330076802092e+00
1.400163108346148322e+00
1.300204051252466186e+00
1.200179941968094521e+00
1.100149895052151772e+00
1.000195388557727494e+00
9.001857250299416524e-01
8.001683662906980965e-01
7.002821950934056128e-01
6.001296115123546659e-01
5.001760756915824002e-01
4.001769345920564991e-01
3.001627127699594832e-01
2.000265265168496287e-01
9.988427678213884775e-02
-1.893936849340326350e-04
-1.000192648140347806e-01
-1.998116809039215402e-01
-2.995316615670805538e-01
-4.008289686069462232e-01
-5.006016267456520064e-01
-5.995379972043066719e-01
-6.996001883286667722e-01
-8.002036983222814426e-01
-9.002434157806386006e-01
-9.987726824525784419e-01
-1.100028559979926435e+00
-1.197758697167198294e+00
-1.297984136948556744e+00
-1.399804959042857400e+00
-1.500743301999169610e+00
-1.595002171595049534e+00
-1.692902069492103312e+00
-1.795426958877366808e+00
-1.894431913159157821e+00
-2.019377234319819081e+00
-1.993893522679741181e+00
2.000165000555002681e+00
1.900166596737857150e+00
1.800168366290697985e+00
1.700162674989703193e+00
1.600176503615230450e+00
1.500173330076802092e+00
1.400176934592056499e+00
1.300186646055208950e+00
1.200182681037265331e+00
1.100136100700128017e+00
1.000156317877955114e+00
9.001818994389239048e-01
8.001167599564047439e-01
7.001089668413813527e-01
6.001416076485247553e-01
5.002062763086053687e-01
4.002598828251293650e-01
3.002301577405208644e-01
2.001580287928009516e-01
9.974277736887858514e-02
4.427546050600049301e-04
-1.001439459533674109e-01
-1.997229364279028141e-01
-2.998321278000254386e-01
-4.000143679736215541e-01
-4.998033327508271118e-01
-5.996209068386995078e-01
-7.005929514350336396e-01
-7.998830613912440990e-01
-8.990404548166993637e-01
-9.995442300313832629e-01
-1.099587532273769597e+00
-1.201857824971753086e+00
-1.300377307461786591e+00
-1.403770285938924944e+00
-1.500569996835445119e+00
-1.598235975910750506e+00
-1.698659594739669432e+00
-1.787056369165029412e+00
-1.891830892302911904e+00
-2.000182876475081084e+00
-2.010387797238572638e+00
2.000169341828431868e+00
1.900178620334087132e+00
1.800182126944232408e+00
1.700175667898767840e+00
1.600159055982367962e+00
1.500171957262902867e+00
1.400189032196156536e+00
1.300195348741030932e+00
1.200155289568145101e+00
1.100184379015446634e+00
1.000199729527405212e+00
9.001977480966170120e-01
8.000974920194500184e-01
7.001254264959093643e-01
6.001754131587119234e-01
5.004231099686797801e-01
4.004430040690982184e-01
3.000277913985380795e-01
2.001087201054032871e-01
9.981525843748489946e-02
-3.474494836871280291e-05
-1.001712930946982438e-01
-2.002701387716079862e-01
-2.991890201742166133e-01
-3.999314648642887660e-01
-4.997882328957449216e-01
-6.002276650723817886e-01
-6.993175789699397349e-01
-7.999433340277856130e-01
-8.989096743234984421e-01
-9.985562019670261025e-01
-1.100424062180876961e+00
-1.200431333525072253e+00
-1.301886399628476854e+00
-1.399698112144037943e+00
-1.495709961266794563e+00
-1.598656334838975956e+00
-1.700364153469816619e+00
-1.799691340451660571e+00
-1.905015568313320085e+00
-1.996858412275885675e+00
-1.997259580236482535e+00
2.000160659238177541e+00
1.900169875933478192e+00
1.800170430416523804e+00
1.700183463457628497e+00
1.600174322699455587e+00
1.500192549015759935e+00
1.400168293239946848e+00
1.300171415935381214e+00
1.200190898141128226e+00
1.100153343571698583e+00
1.000199729527405212e+00
9.002037595051388674e-01
8.002137747928117495e-01
7.002163764968896142e-01
6.002113967782376491e-01
5.001280249267145983e-01
4.002391472520696603e-01
3.002693145303563238e-01
2.000813239709348657e-01
1.000188310144319442e-01
8.685021164894765936e-05
-9.971809975511518320e-02
-2.002570529345549799e-01
-3.001622741327542587e-01
-4.001289312060088421e-01
-4.991599953822120073e-01
-5.993704989477474099e-01
-6.989830333659122763e-01
-7.998419712071990206e-01
-9.006750874611663127e-01
-9.996657219294818875e-01
-1.100993057098800465e+00
-1.201828792974734883e+00
-1.296530640618068331e+00
-1.395986824983036501e+00
-1.501237463741203815e+00
-1.601409037698367399e+00
-1.705040237298695027e+00
-1.809113879692266114e+00
-1.919405978164837379e+00
-2.003090990118254311e+00
-1.997432239629453044e+00
2.000160659238177541e+00
1.900174794680485002e+00
1.800175934704097758e+00
1.700172203161024465e+00
1.600167779886418229e+00
1.500177448492463483e+00
1.400178662841845778e+00
1.300190997419918837e+00
1.200149811067001471e+00
1.100184379015446634e+00
1.000208411336593217e+00
9.001704224636744023e-01
8.001422198477213810e-01
7.001167635976031089e-01
6.001176150448165325e-01
5.002790237176805155e-01
4.001976731356277628e-01
3.001278983640726095e-01
2.001169386087559288e-01
1.001188571439335095e-01
-4.864370607155637393e-05
-9.955366762305074835e-02
-1.996197679741556763e-01
-2.997463828087492121e-01
-4.004553293042402151e-01
-5.004008846660580323e-01
-5.994637374285123332e-01
-6.997654913307057578e-01
-8.001132382941011922e-01
-8.987170169299812938e-01
-9.997438418149131589e-01
-1.099135493028516652e+00
-1.198337025657088217e+00
-1.297885820962194181e+00
-1.399100037079175518e+00
-1.499180556458584501e+00
-1.598337582787341837e+00
-1.699463208519329527e+00
-1.794511434046731191e+00
-1.891066455885490383e+00
-2.004062659118908574e+00
-1.996698910804231675e+00
2.000160659238177541e+00
1.900168782871022310e+00
1.800169054333730090e+00
1.700171336972269742e+00
1.600168870362102869e+00
1.500167838795167574e+00
1.400178662841845778e+00
1.300160536951352253e+00
1.200168985518656806e+00
1.100187827261185136e+00
1.000186706488199739e+00
9.001786203340871317e-01
8.002185905675985866e-01
7.001098331545404507e-01
6.001612369748094977e-01
5.002158851554356911e-01
4.002287790942671841e-01
3.002801907899054767e-01
2.002429361888238557e-01
9.994983405160520751e-02
1.302688052270466689e-04
-1.000996472385685954e-01
-1.999795882779320244e-01
-3.000287989368471964e-01
-3.995008415468578877e-01
-5.001590174952400547e-01
-5.987580401212359016e-01
-7.002095107462663615e-01
-7.995626610098381937e-01
-9.008098568903015746e-01
-9.994791590638143486e-01
-1.099274112049934304e+00
-1.201742399703243702e+00
-1.302360102961814148e+00
-1.398363652351763964e+00
-1.500381640299993213e+00
-1.602007879116804201e+00
-1.700431690805953133e+00
-1.802388676830286141e+00
-1.905605744441466465e+00
-1.997579054103336693e+00
-1.994557788065734583e+00
2.000160659238177541e+00
1.900167143272180059e+00
1.800169054333730090e+00
1.700180864953555915e+00
1.600163417956298240e+00
1.500145872974277816e+00
1.400170021524124175e+00
1.300186646055208950e+00
1.200163507190282086e+00
1.100122305909944975e+00
1.000247477330344248e+00
9.001791668532792556e-01
8.001993271480378755e-01
7.001574777172360209e-01
6.002451968566823171e-01
5.001362625782728166e-01
4.001924885925759456e-01
3.002954170956907975e-01
2.003634214178673933e-01
1.001567920638626458e-01
2.127521761052655143e-04
-9.961812197007563485e-02
-1.992904807063420325e-01
-2.997186708760008478e-01
-3.999980042642928835e-01
-4.998953159345986275e-01
-6.008612572683413866e-01
-6.995697446370975348e-01
-7.988187108384497970e-01
-8.999880681885976674e-01
-9.987770131631401593e-01
-1.100212864047823924e+00
-1.200749765614626652e+00
-1.299342137083465243e+00
-1.402696513718265647e+00
-1.490618687336538573e+00
-1.605569333931333720e+00
-1.713359432010920891e+00
-1.783704752663448634e+00
-1.909819569590820443e+00
-2.008673782228637794e+00
-1.982737046444786655e+00
2.000160659238177541e+00
1.900174248155790835e+00
1.800178686821724439e+00
1.700173935533351166e+00
1.600162327466922996e+00
1.500148618762647157e+00
1.400187303987631138e+00
1.300190997419918837e+00
1.200179941968094521e+00
1.100222308212827960e+00
1.000208411336593217e+00
9.001589451851181867e-01
8.002158387028306397e-01
7.001340892214197309e-01
6.002615507890172175e-01
5.000634912497585738e-01
4.002564269650374373e-01
3.004280808842762496e-01
2.004017506183956299e-01
1.000222805748469529e-01
-1.020711970827103325e-04
-9.967439078804379848e-02
-2.001923182777200494e-01
-2.999066270909932497e-01
-4.005055661762708663e-01
-4.995000635726894456e-01
-6.001048620877421635e-01
-6.997285101959432874e-01
-7.990838704227281042e-01
-9.010311076460603141e-01
-9.980976199002131732e-01
-1.099124580023785658e+00
-1.197805263839538004e+00
-1.302423709107126237e+00
-1.395709131680441528e+00
-1.496519832757537083e+00
-1.596491705144320150e+00
-1.686848056825650977e+00
-1.804313397770442196e+00
-1.912733370012077661e+00
-2.016394458486390207e+00
-2.002269025639449307e+00
