-3.910584747791290283e-01
-3.811803758144378662e-01
-3.708588182926177979e-01
-3.607956469058990479e-01
-3.504323065280914307e-01
-3.400967419147491455e-01
-3.293528854846954346e-01
-3.187429606914520264e-01
-3.078147470951080322e-01
-2.964608967304229736e-01
-2.846292555332183838e-01
-2.718437612056732178e-01
-2.588418424129486084e-01
-2.442654073238372803e-01
-2.286841571331024170e-01
-2.118224203586578369e-01
-1.934438645839691162e-01
-1.737745106220245361e-01
-1.514667570590972900e-01
-1.266509592533111572e-01
-9.993895888328552246e-02
-6.999066472053527832e-02
-3.717723488807678223e-02
-4.702508449554443359e-04
3.980305790901184082e-02
8.535510301589965820e-02
1.334923505783081055e-01
1.865192949771881104e-01
2.439347505569458008e-01
3.061468601226806641e-01
3.696601986885070801e-01
4.377464354038238525e-01
5.085730552673339844e-01
5.778723359107971191e-01
6.548254489898681641e-01
7.356368303298950195e-01
8.120188713073730469e-01
8.922058343887329102e-01
9.709013700485229492e-01
1.056110978126525879e+00
1.151277422904968262e+00
1.135980606079101562e+00
