2.000165000555002681e+00
1.900174248155790835e+00
1.800188319096078571e+00
1.700185195785039349e+00
1.600175413158711812e+00
1.500169211622085497e+00
1.400178662841845778e+00
1.300206226853077851e+00
1.200163507190282086e+00
1.100215412241505986e+00
1.000160659238177763e+00
9.001868180497571981e-01
8.001876310835664974e-01
7.002622773601873130e-01
6.002146678685413850e-01
5.002611811414402476e-01
4.001319976833753733e-01
3.004193828608952566e-01
2.003305651247739017e-01
1.003119458771097178e-01
-4.553792774766212206e-04
-1.001450398059584163e-01
-1.988213855733716728e-01
-3.008684681589667287e-01
-3.983658259488647158e-01
-4.987133749603926414e-01
-5.995777227623949601e-01
-7.008698491840233968e-01
-8.015326147192199935e-01
-8.984660025076544043e-01
-9.992970122058110194e-01
-1.100174574867381017e+00
-1.200408597307500047e+00
-1.299826930651948320e+00
-1.403219330066949544e+00
-1.502985990810653316e+00
-1.602885935739477574e+00
-1.692320014223516411e+00
-1.806719529037752237e+00
-1.923792974905023767e+00
-1.982403278634014443e+00
-2.005107249730161634e+00
