-9.063174208812395383e-02
-6.610067320945138374e-03
7.401877086675379136e-02
1.517681028951786137e-01
2.245097545844746967e-01
2.923801377712330618e-01
3.534892243666797884e-01
4.073144075121493679e-01
4.488855646183274040e-01
4.818051059178394269e-01
5.058727483014106019e-01
5.269127876835996149e-01
5.418711714094507359e-01
5.539000098948929640e-01
5.632472628629325850e-01
5.710201680211917097e-01
5.784821938723694323e-01
5.838117962432836094e-01
5.898513436447091474e-01
5.964519400507313218e-01
6.031703645295735106e-01
6.089782772543069767e-01
6.116755223670428121e-01
6.210650964682615793e-01
6.238930165670920625e-01
6.297204263831753801e-01
6.376568106832356531e-01
6.435908391148129626e-01
6.513768822906942368e-01
6.545721377747394376e-01
6.625935239956584066e-01
6.730015432489764304e-01
6.833298682550834613e-01
6.913043314999119948e-01
7.055181910728399730e-01
7.147747254820304708e-01
7.291388608899979085e-01
7.248409041250767348e-01
7.593837609700523350e-01
7.875504413805736181e-01
7.695936808207970437e-01
7.908310323726410740e-01
