-3.768292069435119629e-01
-2.325444966554641724e-01
-8.967240154743194580e-02
5.048458650708198547e-02
1.866628378629684448e-01
3.177518248558044434e-01
4.428431391716003418e-01
5.612806677818298340e-01
6.727513670921325684e-01
7.769007086753845215e-01
8.739714026451110840e-01
9.639818072319030762e-01
1.047357678413391113e+00
1.124410510063171387e+00
1.195698857307434082e+00
1.261447072029113770e+00
1.322151064872741699e+00
1.377704262733459473e+00
1.428687930107116699e+00
1.474887371063232422e+00
1.516576647758483887e+00
1.552895903587341309e+00
1.583857655525207520e+00
1.610467910766601562e+00
1.630596518516540527e+00
1.645797610282897949e+00
1.655401825904846191e+00
1.659378528594970703e+00
1.657866597175598145e+00
1.651514649391174316e+00
1.640169262886047363e+00
1.624436974525451660e+00
1.604985833168029785e+00
1.582495808601379395e+00
1.556358575820922852e+00
1.529103398323059082e+00
1.500415563583374023e+00
1.474025607109069824e+00
1.439950346946716309e+00
1.405455708503723145e+00
1.388568520545959473e+00
1.382121801376342773e+00
