2.000165000555002681e+00
1.900176980772384061e+00
1.800178686821724439e+00
1.700181731123307616e+00
1.600185227168811286e+00
1.500177448492463483e+00
1.400175206335389833e+00
1.300180118926396844e+00
1.200182681037265331e+00
1.100139549329210320e+00
1.000151976474334292e+00
9.001414554154812953e-01
8.002406048580349429e-01
7.001626749897031932e-01
6.001852271688112861e-01
5.001637202883761901e-01
4.001717498014236707e-01
3.003563169810711808e-01
2.003196124746698115e-01
1.000602239311525338e-01
3.950282679178880835e-04
-9.970334748692558091e-02
-2.000394725940164709e-01
-2.995576302672357527e-01
-3.985310511674843292e-01
-5.001397838435214238e-01
-6.016259138486438340e-01
-6.997154587825400451e-01
-7.995900364215807743e-01
-9.028815756553502103e-01
-1.001402863038640012e+00
-1.095960489716689246e+00
-1.201129156111101048e+00
-1.298853562819798801e+00
-1.404912913096330485e+00
-1.506515459940565682e+00
-1.598428877034158146e+00
-1.701253873590272248e+00
-1.800381932292069331e+00
-1.900616354898123195e+00
-1.997751840579284011e+00
-2.013269906273067456e+00
