3.405592143535614014e-01
3.904872834682464600e-01
4.394041001796722412e-01
4.858140051364898682e-01
5.275405645370483398e-01
5.618451833724975586e-01
5.858819484710693359e-01
5.975545644760131836e-01
5.964499711990356445e-01
5.843815207481384277e-01
5.651319622993469238e-01
5.433225631713867188e-01
5.231539607048034668e-01
5.073969364166259766e-01
4.973596632480621338e-01
4.930306673049926758e-01
4.936722517013549805e-01
4.982312321662902832e-01
5.056869387626647949e-01
5.151611566543579102e-01
5.258712768554687500e-01
5.374194383621215820e-01
5.494429469108581543e-01
5.615906119346618652e-01
5.737613439559936523e-01
5.862778425216674805e-01
5.987750291824340820e-01
6.108533143997192383e-01
6.231726408004760742e-01
6.359720230102539062e-01
6.482795476913452148e-01
6.602262258529663086e-01
6.737231016159057617e-01
6.865174174308776855e-01
7.007462978363037109e-01
7.147769927978515625e-01
7.278659343719482422e-01
7.430216073989868164e-01
7.582167387008666992e-01
7.742390632629394531e-01
7.904699444770812988e-01
7.931320667266845703e-01
