2.000165000555002681e+00
1.900172608577581856e+00
1.800173870604432791e+00
1.700172203161024465e+00
1.600176503615230450e+00
1.500162347444099709e+00
1.400185575772228574e+00
1.300164888577665767e+00
1.200190898141128226e+00
1.100167137376062199e+00
1.000225774434322812e+00
9.001354431444921200e-01
8.001332746505798177e-01
7.001955896043978722e-01
6.001459697977056251e-01
5.002872585056347132e-01
4.003687283440074407e-01
3.003215180922671479e-01
2.001936371412000870e-01
9.998088404138766316e-02
0.000000000000000000e+00
-9.976181312165785520e-02
-1.995723187139988031e-01
-3.002923218899479774e-01
-4.002904621461911838e-01
-4.992573264123715826e-01
-5.998023268643722927e-01
-6.992393504207158328e-01
-7.992862660359867366e-01
-9.014704861549187598e-01
-1.000546251554825128e+00
-1.098558026257179243e+00
-1.199122839493168780e+00
-1.302725311589494117e+00
-1.402443020670945284e+00
-1.498843477669913993e+00
-1.599684827153030175e+00
-1.707300996956070405e+00
-1.785908874820496983e+00
-1.901910309636047680e+00
-2.012350267174215279e+00
-2.005415400775561796e+00
