-4.167315622154585397e-02
3.357116349545677392e-03
4.310280291400920422e-02
7.755321318007082909e-02
1.074914912112692050e-01
1.319425003239252658e-01
1.523342181378553872e-01
1.699534917175454518e-01
1.849695173172211937e-01
1.979913918005486717e-01
2.085757089475749060e-01
2.191442459805499621e-01
2.292030099831665890e-01
2.388762426039146569e-01
2.492399498004791714e-01
2.586636173131732219e-01
2.685662719816611643e-01
2.793109686858066820e-01
2.906533184707270623e-01
3.029734514661503453e-01
3.148864047530791077e-01
3.287851633212306446e-01
3.417470250044168378e-01
3.597008112076285347e-01
3.761990659844449136e-01
3.919965945040014277e-01
4.133433590225827903e-01
4.330798536234770624e-01
4.561716200624409412e-01
4.837655421927807287e-01
5.093517434029172231e-01
5.356409106668198472e-01
5.684305487035578031e-01
6.046083232205540225e-01
6.371223251275592858e-01
6.729582019127643422e-01
7.111945683771678794e-01
7.650378858581533548e-01
7.875483163940159015e-01
8.507136099186021205e-01
9.099291909820264035e-01
9.115091650100857201e-01
