3.981083929538726807e-01
4.754485189914703369e-01
5.395772457122802734e-01
5.911208391189575195e-01
6.310606002807617188e-01
6.605988740921020508e-01
6.810078620910644531e-01
6.935879588127136230e-01
6.995416879653930664e-01
6.999868154525756836e-01
6.959165334701538086e-01
6.881865262985229492e-01
6.775658130645751953e-01
6.647095680236816406e-01
6.501536369323730469e-01
6.344296932220458984e-01
6.179269552230834961e-01
6.010078191757202148e-01
5.840203762054443359e-01
5.672770142555236816e-01
5.511205196380615234e-01
5.358199477195739746e-01
5.215942859649658203e-01
5.085971355438232422e-01
4.972970187664031982e-01
4.879336655139923096e-01
4.805222451686859131e-01
4.755187928676605225e-01
4.730621874332427979e-01
4.734700620174407959e-01
4.769133627414703369e-01
4.834890067577362061e-01
4.937256276607513428e-01
5.081812143325805664e-01
5.260298252105712891e-01
5.471055507659912109e-01
5.733050107955932617e-01
6.060643196105957031e-01
6.331746578216552734e-01
6.781194210052490234e-01
7.263590097427368164e-01
7.231750488281250000e-01
