-7.306182384490966797e-02
-9.229123592376708984e-03
4.250645637512207031e-02
8.357456326484680176e-02
1.155981123447418213e-01
1.402632594108581543e-01
1.591766178607940674e-01
1.738273799419403076e-01
1.854709982872009277e-01
1.951658725738525391e-01
2.037242949008941650e-01
2.117920517921447754e-01
2.198043465614318848e-01
2.280839383602142334e-01
2.368644177913665771e-01
2.462642490863800049e-01
2.564069032669067383e-01
2.673725187778472900e-01
2.792197763919830322e-01
2.920097708702087402e-01
3.057626783847808838e-01
3.205404281616210938e-01
3.364586234092712402e-01
3.537518680095672607e-01
3.722330331802368164e-01
3.918969631195068359e-01
4.133594632148742676e-01
4.361388683319091797e-01
4.606894254684448242e-01
4.875204861164093018e-01
5.152814984321594238e-01
5.444727540016174316e-01
5.762382745742797852e-01
6.108971834182739258e-01
6.461122632026672363e-01
6.818758249282836914e-01
7.210774421691894531e-01
7.648999094963073730e-01
7.981828451156616211e-01
8.492180109024047852e-01
8.998755216598510742e-01
8.966362476348876953e-01
