2.000165000555002681e+00
1.900174794680485002e+00
1.800179374848406066e+00
1.700180864953555915e+00
1.600185227168811286e+00
1.500184312431777744e+00
1.400178662841845778e+00
1.300149657694800398e+00
1.200177202881648419e+00
1.100198171834131822e+00
1.000182365388348149e+00
9.002316294938516039e-01
8.001883190960784598e-01
7.000812439078196725e-01
6.004043489633764663e-01
5.002296117106979079e-01
4.002892565256642166e-01
3.001518335679132510e-01
2.000402265285826375e-01
1.000740206933972143e-01
3.038997848124583463e-04
-9.957879275626693727e-02
-1.999128304412848278e-01
-2.997437847399357369e-01
-3.992241597921840079e-01
-4.998843318436005378e-01
-5.996157245228136423e-01
-7.001507173986299959e-01
-7.987394677492082318e-01
-8.983010309546398675e-01
-9.970222855965896747e-01
-1.101294011141241258e+00
-1.201185748185774615e+00
-1.294860144819037107e+00
-1.405599714168340952e+00
-1.502846346948361944e+00
-1.601192269796735568e+00
-1.687038151487522342e+00
-1.810394600879746241e+00
-1.907851541454515187e+00
-2.022373321768851095e+00
-1.965828936236234670e+00
2.000160659238177541e+00
1.900176980772384061e+00
1.800165614107669398e+00
1.700160076361244110e+00
1.600175413158711812e+00
1.500192549015759935e+00
1.400175206335389833e+00
1.300223631265629898e+00
1.200141593185703126e+00
1.100184379015446634e+00
1.000173683058464880e+00
9.001600382723344840e-01
8.001470364160228055e-01
7.002241713250744182e-01
6.000968930930662415e-01
5.001911762626108926e-01
4.001077989603567531e-01
3.004085100866896729e-01
1.998675747895096444e-01
1.000912660298686474e-01
6.596264233148554619e-04
-1.000389489301799634e-01
-1.997222485570558648e-01
-3.007365117805947397e-01
-4.002522568373277911e-01
-5.007845753286599422e-01
-5.999855516037336800e-01
-7.017059736462067931e-01
-8.004450172215168413e-01
-8.995191718747588272e-01
-1.001099721929993303e+00
-1.105788645928369229e+00
-1.195350213697901731e+00
-1.305184285074959316e+00
-1.402152399072564615e+00
-1.502480167952157775e+00
-1.601426383805407472e+00
-1.688277917751916490e+00
-1.825908195869597073e+00
-1.911608727487371651e+00
-2.019329101274021987e+00
-1.995025525840514291e+00
2.000169341828431868e+00
1.900172062050136557e+00
1.800167678246576086e+00
1.700183463457628497e+00
1.600183046296843603e+00
1.500178821289005038e+00
1.400140639757696981e+00
1.300167064374471604e+00
1.200207331882451545e+00
1.100229204074653522e+00
1.000182365388348149e+00
9.002332688492563628e-01
8.001559813297197676e-01
7.002345642116978297e-01
6.001459697977056251e-01
5.001280249267145983e-01
4.002218668515492017e-01
3.003280430963148340e-01
2.001744637779269975e-01
1.004601521943687820e-01
2.214337249691483180e-04
-9.956950721161711426e-02
-1.994911856140054451e-01
-2.998286630277303133e-01
-4.010683978011098660e-01
-5.007405505833291137e-01
-6.004456826579375184e-01
-6.994892965808432450e-01
-8.014061377302943434e-01
-8.986482314248834813e-01
-9.983268504051329151e-01
-1.102913639469089935e+00
-1.199237570547926568e+00
-1.308745178481304228e+00
-1.409417839074996959e+00
-1.492566489431703447e+00
-1.592981507570299327e+00
-1.709075440617245700e+00
-1.792266022858276964e+00
-1.902295087406998375e+00
-1.965764711679206522e+00
-1.979340449544229052e+00
2.000173683058465102e+00
1.900178073814207114e+00
1.800173182569031027e+00
1.700165273602613381e+00
1.600154693964626285e+00
1.500160974595483587e+00
1.400164836650959144e+00
1.300147481810785877e+00
1.200160768000179790e+00
1.100149895052151772e+00
1.000225774434322812e+00
9.001818994389239048e-01
8.001862550552728548e-01
7.002683393756937713e-01
6.000794422615208790e-01
5.001692116220856077e-01
3.999850561024503870e-01
3.003215180922671479e-01
2.001908981411281985e-01
1.013448905148410240e-01
5.251786540546386339e-04
-9.907929398434245361e-02
-2.005229794392995035e-01
-3.003877150013038455e-01
-3.989117431573340755e-01
-5.010777288117246320e-01
-6.007885029993690340e-01
-6.999373861700839416e-01
-8.005712145779204647e-01
-9.028433777566171603e-01
-9.994531334064509220e-01
-1.100858271007051359e+00
-1.198771277984783667e+00
-1.300257638680162309e+00
-1.399632708646762813e+00
-1.499590610472033347e+00
-1.588028624260855670e+00
-1.700780437698461434e+00
-1.796888206996110293e+00
-1.898167037695417836e+00
-1.998759690579997805e+00
-1.995450788886867111e+00
2.000173683058465102e+00
1.900169875933478192e+00
1.800166302155061793e+00
1.700178266433935770e+00
1.600169960835049698e+00
1.500166465963910012e+00
1.400161380034459668e+00
1.300169240160376605e+00
1.200152550326212042e+00
1.100174034113956090e+00
1.000112901888685180e+00
9.001529331562501124e-01
8.000775350406660325e-01
7.002129120838996856e-01
6.002092160376807373e-01
5.001513645336566061e-01
4.003756382496877486e-01
2.999516075942583737e-01
1.999909044636426492e-01
1.004429215000157832e-01
5.425290922940620778e-04
-9.937510257868996388e-02
-2.006780635659245471e-01
-2.999014290513213887e-01
-3.989541837931553925e-01
-4.985792045725956911e-01
-5.989235776054235849e-01
-6.992828089861812257e-01
-8.002777250899557604e-01
-9.006267188909304888e-01
-1.001571511530116920e+00
-1.100297112129257293e+00
-1.201315523710902333e+00
-1.300028798936847085e+00
-1.396133847398566274e+00
-1.499747054140994296e+00
-1.604867640963574482e+00
-1.700224754765359281e+00
-1.793519538894667864e+00
-1.904994630049825499e+00
-2.009262558804600030e+00
-1.989013518826673099e+00
2.000165000555002681e+00
1.900169329402594087e+00
1.800174558638744537e+00
1.700163541195734318e+00
1.600183046296843603e+00
1.500165093128313032e+00
1.400163108346148322e+00
1.300158361121844131e+00
1.200166246363107536e+00
1.100229204074653522e+00
1.000156317877955114e+00
9.001452813627753846e-01
8.001883190960784598e-01
7.003012459834992987e-01
6.002920764817890609e-01
5.002282390746947138e-01
4.000472962531493870e-01
3.002236312656297867e-01
2.003634214178673933e-01
9.948036377666318042e-02
3.820110838395762579e-04
-9.952854394330871990e-02
-1.992671169844972001e-01
-3.005039494715516790e-01
-3.993123738086244989e-01
-5.006043772814965376e-01
-5.996416367206568454e-01
-6.998459905698752870e-01
-8.001269431478819083e-01
-8.997397659020556215e-01
-1.000799837923460389e+00
-1.100757482732532599e+00
-1.199908701427549129e+00
-1.297464349437233322e+00
-1.402116222071586371e+00
-1.500215349518666752e+00
-1.597803981633482806e+00
-1.695888783799390787e+00
-1.802537489926376857e+00
-1.898882146605621601e+00
-1.998283590104681373e+00
-1.999717800291735514e+00
2.000165000555002681e+00
1.900178073814207114e+00
1.800173870604432791e+00
1.700174801716923367e+00
1.600167779886418229e+00
1.500155483157621372e+00
1.400182119320791729e+00
1.300158361121844131e+00
1.200190898141128226e+00
1.100163688966043996e+00
1.000217092972230271e+00
9.001873645586334627e-01
8.002309737432766745e-01
7.001531466093348088e-01
6.001732322374611073e-01
5.000799688448750446e-01
3.998830321186234715e-01
3.001039618410222265e-01
2.001005014465222775e-01
9.996363432112984060e-02
-2.258390024548710136e-05
-9.983886864320046239e-02
-1.993894468770016359e-01
-2.996771062921079753e-01
-3.987866218329536583e-01
-4.990092438920053497e-01
-6.008820464411432916e-01
-6.997263349331384052e-01
-8.001899910461932608e-01
-8.980742973429465259e-01
-1.000211987436311123e+00
-1.097323875635450419e+00
-1.199558566274297133e+00
-1.300346953562691699e+00
-1.399067379102538755e+00
-1.500470996354733133e+00
-1.599969991782882461e+00
-1.697337956018343919e+00
-1.794054394363467919e+00
-1.892600068067519459e+00
-1.993850701717390761e+00
-2.002967661818523037e+00
2.000173683058465102e+00
1.900172608577581856e+00
1.800166302155061793e+00
1.700173935533351166e+00
1.600168870362102869e+00
1.500195294509040878e+00
1.400173478071845556e+00
1.300217104692658943e+00
1.200136114511779706e+00
1.100149895052151772e+00
1.000130268805227152e+00
9.001502003883425918e-01
8.001848790226192554e-01
7.003220278196337079e-01
6.002942568063162065e-01
5.001815668690701155e-01
4.001786628418456671e-01
3.003497924018103116e-01
2.002045929687483461e-01
1.001981718341318633e-01
7.246668562316386543e-04
-1.002610038074226301e-01
-2.002033362613102607e-01
-3.008962535587820786e-01
-4.002347926726180227e-01
-4.996976447886402051e-01
-5.993376975756825598e-01
-6.992784629339348079e-01
-8.005163416562154355e-01
-8.999432253278939475e-01
-9.995832772922835785e-01
-1.099291579002269481e+00
-1.199621143392342493e+00
-1.299220158223463706e+00
-1.400948120062543545e+00
-1.501726673047164118e+00
-1.598258361824824059e+00
-1.694736788380379444e+00
-1.814319051738215283e+00
-1.893414777814765637e+00
-1.998911286614853733e+00
-2.003455494322735397e+00
2.000169341828431868e+00
1.900181352923170364e+00
1.800171118456285857e+00
1.700167006002581749e+00
1.600179774968357727e+00
1.500170584444664001e+00
1.400192488592576057e+00
1.300147481810785877e+00
1.200155289568145101e+00
1.100191275479545316e+00
1.000178024245103270e+00
9.001840854950604598e-01
8.002137747928117495e-01
7.001869281055402849e-01
6.003127891228625668e-01
5.001225330722017803e-01
4.001700215241241199e-01
3.001801189263968994e-01
2.001498110670014152e-01
1.004015650441432012e-01
-1.207506510873879234e-04
-1.007070973652770540e-01
-2.002122885788035767e-01
-2.996805698554996789e-01
-3.994648847402549885e-01
-5.004723712068764874e-01
-5.999440599868982593e-01
-7.010356362492327076e-01
-7.973427932119531159e-01
-8.999363268371955993e-01
-9.986297932254926124e-01
-1.100284528585383725e+00
-1.204436264179198579e+00
-1.304280227298206363e+00
-1.404151194853332285e+00
-1.499564542005278112e+00
-1.603420593560373586e+00
-1.694201666316105914e+00
-1.801274201000199859e+00
-1.904213656340022043e+00
-1.992149846369531296e+00
-2.005661727139632866e+00
2.000165000555002681e+00
1.900172062050136557e+00
1.800171118456285857e+00
1.700172203161024465e+00
1.600185227168811286e+00
1.500165093128313032e+00
1.400166564948891912e+00
1.300177943194993135e+00
1.200168985518656806e+00
1.100184379015446634e+00
1.000173683058464880e+00
9.001627709783386333e-01
8.002013911267178425e-01
7.002224391531237657e-01
6.001732322374611073e-01
5.001335167117813008e-01
4.003117174268169265e-01
3.001953487410309318e-01
2.001470717905132202e-01
9.987737544123218014e-02
4.514315574373706989e-04
-9.966619584643091057e-02
-1.994513121879187001e-01
-2.999638096339488635e-01
-4.006453863235714952e-01
-5.001796259245087084e-01
-5.996692781025557695e-01
-7.004839849899536786e-01
-7.996338406699076140e-01
-9.009861569629836753e-01
-9.997264806259599235e-01
-1.100435555181088709e+00
-1.198871498943889335e+00
-1.297478133445832515e+00
-1.399421304723068804e+00
-1.498758564115399095e+00
-1.606179204659132553e+00
-1.705840313127601870e+00
-1.798264312613050420e+00
-1.903312402709961937e+00
-2.006547015317631910e+00
-1.994154822019343687e+00
2.000173683058465102e+00
1.900174794680485002e+00
1.800171118456285857e+00
1.700168738395639867e+00
1.600179774968357727e+00
1.500176075691582289e+00
1.400166564948891912e+00
1.300195348741030932e+00
1.200158028792800868e+00
1.100177482441832666e+00
1.000212752176105280e+00
9.001075669823290770e-01
8.001883190960784598e-01
7.001618087819445613e-01
6.001994025696633095e-01
5.001788212890049268e-01
3.999694946709511090e-01
3.001213703522593867e-01
2.002182873645362293e-01
1.000222805748469529e-01
2.040704536936119111e-04
-9.983394979715350115e-02
-1.999541227378772157e-01
-2.993879961539003820e-01
-3.993701037902647188e-01
-5.005782478942827352e-01
-5.997539407802399136e-01
-7.002356436780318161e-01
-7.987312710134382154e-01
-8.994502592134532293e-01
-1.001042253513588998e+00
-1.100764602875374587e+00
-1.202756010066817094e+00
-1.301630605755203840e+00
-1.400035096223924524e+00
-1.502032881414565146e+00
-1.596917245203779201e+00
-1.696167012490272796e+00
-1.793441256751608481e+00
-1.894571572474601728e+00
-1.985727340231999927e+00
-1.996281036176885459e+00
2.000173683058465102e+00
1.900178073814207114e+00
1.800180750898499271e+00
1.700169604589577332e+00
1.600177594069010834e+00
1.500167838795167574e+00
1.400189032196156536e+00
1.300180118926396844e+00
1.200160768000179790e+00
1.100118857143933537e+00
1.000238796302081790e+00
9.001671432721801702e-01
8.003032018983913254e-01
7.002259034901163748e-01
6.002255713249515789e-01
5.001046840654014281e-01
4.002218668515492017e-01
3.001801189263968994e-01
1.999799432440387270e-01
1.003016040138538512e-01
-8.773634701388363991e-05
-9.960009563830279911e-02
-2.004967929189147569e-01
-2.997524450297573972e-01
-4.003046535455425103e-01
-4.990229464108001389e-01
-5.995276346128244338e-01
-7.000549230679925516e-01
-7.989827079762601425e-01
-9.001329767757608735e-01
-9.998567064631053158e-01
-1.098142986431059009e+00
-1.202582179108475202e+00
-1.298068671994062617e+00
-1.403127022612875363e+00
-1.500616754908375095e+00
-1.594809077774357098e+00
-1.695671070175131412e+00
-1.804797991770005661e+00
-1.898830536837025074e+00
-2.008552401996197112e+00
-2.001722348339689983e+00
2.000169341828431868e+00
1.900173155104339262e+00
1.800172494532539469e+00
1.700173069348051680e+00
1.600156874978973631e+00
1.500162347444099709e+00
1.400163108346148322e+00
1.300184470356504640e+00
1.200166246363107536e+00
1.100177482441832666e+00
1.000169341828431646e+00
9.002146891256406214e-01
8.001814389219108481e-01
7.001332229566442633e-01
6.000870770866036930e-01
5.001760756915824002e-01
4.001786628418456671e-01
3.002171046926589426e-01
2.000484463281842207e-01
1.001740341139561868e-01
-5.211846499883996135e-05
-9.957496927266157316e-02
-1.998763588447032835e-01
-2.997359906267479390e-01
-3.996577788232331119e-01
-4.995137815864404973e-01
-5.997383892551368945e-01
-6.995349544596889402e-01
-7.994066541044189123e-01
-9.004643780784474805e-01
-9.992709974612176138e-01
-1.100217240169112598e+00
-1.201036692248233395e+00
-1.295897550031512857e+00
-1.397962809730870504e+00
-1.495597107531841274e+00
-1.598447827301823443e+00
-1.697617114964145468e+00
-1.801862728168413419e+00
-1.897096577302825215e+00
-1.997440874401242406e+00
-1.998409056849677068e+00
2.000173683058465102e+00
1.900174794680485002e+00
1.800174558638744537e+00
1.700174801716923367e+00
1.600168870362102869e+00
1.500193921764569893e+00
1.400171749801423671e+00
1.300149657694800398e+00
1.200199115089521706e+00
1.100201619970359257e+00
1.000143293536894573e+00
9.001638640559257443e-01
8.002268460572822262e-01
7.001557452792587233e-01
6.002037641383808353e-01
5.003009828052517038e-01
4.002737059905071004e-01
3.000778477656974585e-01
2.000073457743439531e-01
1.000498760718278729e-01
1.519764743343161655e-04
-9.962139956533246077e-02
-1.991365781417765712e-01
-2.997818913069788538e-01
-3.996076399174151583e-01
-4.991490298728275543e-01
-5.997643087730284428e-01
-6.992067593502592215e-01
-8.005904217385959587e-01
-9.020038728573676057e-01
-1.001388920874814348e+00
-1.097374413443801267e+00
-1.198710195730806394e+00
-1.299441648760114143e+00
-1.396787401935142725e+00
-1.486418863803836921e+00
-1.609331553879270738e+00
-1.710025525883035469e+00
-1.797484438218470704e+00
-1.915044996587901283e+00
-2.010558191936546724e+00
-1.993996310218835610e+00
2.000165000555002681e+00
1.900174248155790835e+00
1.800166302155061793e+00
1.700178266433935770e+00
1.600189588879892266e+00
1.500171957262902867e+00
1.400168293239946848e+00
1.300169240160376605e+00
1.200155289568145101e+00
1.100146446505221753e+00
1.000182365388348149e+00
9.002305365868105147e-01
8.001098786484814873e-01
7.001990541555732639e-01
6.001950409571426004e-01
5.001170411482411815e-01
4.001198984904090206e-01
3.001583611218441860e-01
2.001525503262119865e-01
1.003498639355354799e-01
1.172436829288385637e-04
-1.004979510612640931e-01
-2.006746166502753892e-01
-2.999499465079006333e-01
-3.999510983810711795e-01
-5.002455794705927827e-01
-5.995639047648230191e-01
-7.000570999772329772e-01
-7.983270906669505118e-01
-8.993434661937863561e-01
-9.960614900671991290e-01
-1.101756538194838653e+00
-1.204190170315516006e+00
-1.295627243055114119e+00
-1.399702472727416991e+00
-1.496532094516773492e+00
-1.599696921243847658e+00
-1.694341293232160872e+00
-1.800063904401103976e+00
-1.899650136064464645e+00
-1.980950209492865488e+00
-2.015155070283864980e+00
2.000169341828431868e+00
1.900173701630408996e+00
1.800173182569031027e+00
1.700175667898767840e+00
1.600169960835049698e+00
1.500151364533656606e+00
1.400166564948891912e+00
1.300188821743013534e+00
1.200196376123997766e+00
1.100149895052151772e+00
1.000125927141198856e+00
9.002086778684031954e-01
8.000954275469307486e-01
7.001574777172360209e-01
6.002964371198973303e-01
5.002872585056347132e-01
3.999539326818421503e-01
3.001735916994854314e-01
2.002621065294614422e-01
9.997053429145005832e-02
3.863501885510037346e-04
-9.902037464062118932e-02
-1.998908094883076469e-01
-2.997273306650349856e-01
-3.999510983810711795e-01
-5.006373850704693984e-01
-5.998956581101460017e-01
-7.013477493743794922e-01
-7.979887424423011133e-01
-8.998983870969393672e-01
-1.001850121066964805e+00
-1.101735129275198233e+00
-1.199462998847350637e+00
-1.294516033908808428e+00
-1.401300299812709094e+00
-1.504923509376112634e+00
-1.596994504847223162e+00
-1.713034083321941514e+00
-1.793614036138615475e+00
-1.885058917335369566e+00
-1.998543216568725356e+00
-1.977518015521203765e+00
2.000160659238177541e+00
1.900186271540193372e+00
1.800173182569031027e+00
1.700151414154080332e+00
1.600185227168811286e+00
1.500176075691582289e+00
1.400156195058125608e+00
1.300223631265629898e+00
1.200201854037771687e+00
1.100225756157427570e+00
1.000060796971777632e+00
9.001502003883425918e-01
8.000809759645052255e-01
7.002259034901163748e-01
6.000685351357112340e-01
5.002364748256389326e-01
4.002546990246789171e-01
3.001409540933330233e-01
2.003716351027611808e-01
1.004808281252412006e-01
4.167227077164003071e-04
-9.916223104910117103e-02
-1.998178730557675364e-01
-2.997992135792033053e-01
-3.986441362301605396e-01
-5.007983339768528053e-01
-6.010605277820401104e-01
-6.999243284781266894e-01
-8.003325678689378053e-01
-9.006889080421580651e-01
-1.000234147834257570e+00
-1.099593540794072233e+00
-1.198589429144548690e+00
-1.302483838549389317e+00
-1.402569200013570550e+00
-1.498498448507608050e+00
-1.602065202893014684e+00
-1.699437122024831215e+00
-1.808001571872401625e+00
-1.894023412083957858e+00
-1.978959627427001600e+00
-2.010843964420475416e+00
2.000165000555002681e+00
1.900176980772384061e+00
1.800177310765091132e+00
1.700173069348051680e+00
1.600177594069010834e+00
1.500171957262902867e+00
1.400173478071845556e+00
1.300208402442790900e+00
1.200097761858999190e+00
1.100122305909944975e+00
1.000221433724969078e+00
9.001398157134659073e-01
8.000954275469307486e-01
7.000500534920993667e-01
6.002768139036018802e-01
5.003037276131310218e-01
3.999919721152524477e-01
2.999886128254936613e-01
2.000950222541941770e-01
1.005841930170561505e-01
6.032501680395929277e-04
-1.006621935948388696e-01
-1.996679102026910346e-01
-2.996216930341623064e-01
-4.006213515319616003e-01
-4.988119755432178781e-01
-6.010431962811697559e-01
-7.000070338251823676e-01
-7.978687467291931679e-01
-8.997535567498062825e-01
-9.986384518404937127e-01
-1.100652337291025518e+00
-1.199087121040648851e+00
-1.297941875595505667e+00
-1.400191135333078707e+00
-1.505679793193057669e+00
-1.605487031938440223e+00
-1.699739386673400521e+00
-1.804006306738868748e+00
-1.909597323923694967e+00
-1.999340373576685037e+00
-1.982390767329661019e+00
2.000160659238177541e+00
1.900177527293639423e+00
1.800182126944232408e+00
1.700179132608869992e+00
1.600175413158711812e+00
1.500176075691582289e+00
1.400187303987631138e+00
1.300195348741030932e+00
1.200168985518656806e+00
1.100125754648569654e+00
1.000217092972230271e+00
9.001638640559257443e-01
8.001580455144098325e-01
7.000708473514721808e-01
6.002855354425306045e-01
5.001719572629028665e-01
4.004412768709216253e-01
2.999929661748176324e-01
2.000018654066017809e-01
1.001740341139561868e-01
-8.251673547304921684e-06
-1.003124317182754049e-01
-2.006491103247084740e-01
-2.996978880868069184e-01
-4.000874667371416837e-01
-5.002483277523848137e-01
-5.987390763130172600e-01
-6.993871272897140834e-01
-7.997269393700907614e-01
-8.999397760688475634e-01
-9.991669540631787916e-01
-1.100444859261172859e+00
-1.200563640586994163e+00
-1.298902827692167694e+00
-1.399032546634092267e+00
-1.503028860805446953e+00
-1.603338697725571027e+00
-1.694732487583370917e+00
-1.803884637032975746e+00
-1.900305550064755433e+00
-1.992969527925035234e+00
-2.007590092589632835e+00
2.000169341828431868e+00
1.900169329402594087e+00
1.800175246671966267e+00
1.700168738395639867e+00
1.600168870362102869e+00
1.500187057977128591e+00
1.400180391084757447e+00
1.300201875640955684e+00
1.200149811067001471e+00
1.100167137376062199e+00
1.000121585433766391e+00
9.001950156106908185e-01
8.000878577303972561e-01
7.001210950683561807e-01
6.001012556913907225e-01
5.001774484924633724e-01
4.000853275101717843e-01
3.000952573237168353e-01
2.002155485199239304e-01
9.986357243040415443e-02
1.215854337664553671e-04
-9.963451019372343564e-02
-1.993956330115359277e-01
-2.999577444618513611e-01
-4.000951046313198645e-01
-4.992641815324981858e-01
-6.001653944306399868e-01
-6.990894517433134947e-01
-7.976969923861966238e-01
-9.005334518582005510e-01
-9.992840046387251318e-01
-1.099535097806602080e+00
-1.200544343296502392e+00
-1.296152565081728492e+00
-1.403408401806838901e+00
-1.495992904343289576e+00
-1.607542238303322657e+00
-1.694006264018890429e+00
-1.802033385147906897e+00
-1.904879487641550684e+00
-1.994755120554634553e+00
-1.985454261132870935e+00
2.000160659238177541e+00
1.900170968993182941e+00
1.800175934704097758e+00
1.700191258876561973e+00
1.600162327466922996e+00
1.500173330076802092e+00
1.400157923390448422e+00
1.300195348741030932e+00
1.200174463777927025e+00
1.100201619970359257e+00
1.000225774434322812e+00
9.002048524795668305e-01
8.001883190960784598e-01
7.001626749897031932e-01
6.001797749683577266e-01
5.001431271685483626e-01
3.995958529400812642e-01
3.002736650668616503e-01
2.001059805697241734e-01
1.002740245077860526e-01
-2.176360578193812015e-04
-1.003605825164186616e-01
-1.985571846572366517e-01
-3.001250009563870003e-01
-3.990336351064443510e-01
-4.993985637359495411e-01
-5.995483600430541182e-01
-6.993262719008520589e-01
-7.994504398592258143e-01
-9.000225658478531177e-01
-1.000865977408089913e+00
-1.099075474895725213e+00
-1.200946317497793681e+00
-1.301477549510160259e+00
-1.395092790275385797e+00
-1.498465602878948699e+00
-1.608276464144987150e+00
-1.700924377418088884e+00
-1.804845095443295522e+00
-1.892745924558522752e+00
-2.008716317635773851e+00
-2.002093123780487094e+00
2.000173683058465102e+00
1.900179713371783707e+00
1.800171806494957671e+00
1.700164407400037714e+00
1.600187408029827507e+00
1.500166465963910012e+00
1.400180391084757447e+00
1.300208402442790900e+00
1.200174463777927025e+00
1.100149895052151772e+00
1.000082508113538937e+00
9.001316171105262498e-01
8.001415317621748402e-01
7.002267695700467032e-01
6.002615507890172175e-01
5.000621180886118955e-01
4.003497255364834584e-01
3.003693658455362514e-01
2.001443324967472071e-01
9.955288865005468280e-02
1.736830584648996938e-04
-9.967493712298276798e-02
-2.009794297271942920e-01
-3.003278750547835330e-01
-3.991620940013476115e-01
-4.995206407558104300e-01
-5.996329991495911171e-01
-6.999265047328560030e-01
-7.990155148365121196e-01
-8.980433882924921951e-01
-9.999392030282222565e-01
-1.092967199358811925e+00
-1.198968996314265345e+00
-1.300081664075737775e+00
-1.396358801525952487e+00
-1.494661415974354091e+00
-1.599657184781500430e+00
-1.696981153592753477e+00
-1.803939937219199541e+00
-1.876667863780914880e+00
-2.015754957269240144e+00
-1.994849528667352434e+00
2.000173683058465102e+00
1.900174248155790835e+00
1.800169742375671955e+00
1.700172203161024465e+00
1.600183046296843603e+00
1.500180194081207175e+00
1.400178662841845778e+00
1.300160536951352253e+00
1.200196376123997766e+00
1.100211964214782956e+00
1.000234455722878391e+00
9.001671432721801702e-01
8.001601096892889675e-01
7.001029026008803724e-01
6.002048545237160804e-01
5.001925490157599352e-01
4.003549082028148853e-01
3.001322503174351786e-01
2.000402265285826375e-01
1.003291817686195048e-01
2.995598562438129089e-04
-9.976399890548699745e-02
-2.002129772262544460e-01
-2.995212745217874506e-01
-4.007022011191416766e-01
-4.997497992698418101e-01
-5.997850455011860538e-01
-6.987550817564277539e-01
-7.997378934705385856e-01
-8.989578520287081487e-01
-1.000455814027794155e+00
-1.100102928469897767e+00
-1.199091242250633460e+00
-1.300917962139353401e+00
-1.397327000551485732e+00
-1.501930787968154268e+00
-1.600054713108620019e+00
-1.699380606661587079e+00
-1.797896015570993322e+00
-1.898562264861150872e+00
-1.987420055015238995e+00
-2.003944313670232180e+00
2.000169341828431868e+00
1.900170968993182941e+00
1.800174558638744537e+00
1.700160942572458200e+00
1.600187408029827507e+00
1.500154110287306386e+00
1.400173478071845556e+00
1.300164888577665767e+00
1.200144332496747124e+00
1.100194723670527397e+00
1.000125927141198856e+00
9.001786203340871317e-01
8.001697423756719552e-01
7.000483206255436741e-01
6.001503319030725425e-01
5.001994127164196557e-01
4.000611261864966406e-01
3.000495557453485285e-01
2.002182873645362293e-01
1.002257561574275702e-01
3.689935095832460113e-04
-9.929212485584969217e-02
-2.002956228490472557e-01
-2.997948829463733533e-01
-3.994191258369995112e-01
-5.001109349629798695e-01
-5.996675504646447052e-01
-6.998633977728117017e-01
-8.002064398294155279e-01
-8.995191718747588272e-01
-1.000872504876992641e+00
-1.099801158913826349e+00
-1.196704067556812356e+00
-1.300879755763246992e+00
-1.402527501914320407e+00
-1.504244810256174514e+00
-1.599268650152422921e+00
-1.702064493640352616e+00
-1.794847082959033724e+00
-1.896401506022062255e+00
-1.999323028508811273e+00
-2.001924272650333236e+00
2.000165000555002681e+00
1.900173155104339262e+00
1.800171118456285857e+00
1.700179998782076707e+00
1.600178684520053185e+00
1.500159601742527604e+00
1.400176934592056499e+00
1.300149657694800398e+00
1.200168985518656806e+00
1.100149895052151772e+00
1.000208411336593217e+00
9.001529331562501124e-01
8.001676782465759752e-01
7.001470829857079359e-01
6.002877157998963709e-01
5.001760756915824002e-01
4.001198984904090206e-01
3.000996096041774752e-01
2.003990129305394663e-01
1.003084986167211146e-01
1.302863902847818206e-05
-1.008642971340566602e-01
-1.997408214523523073e-01
-3.005638136853528430e-01
-3.997090136845792285e-01
-5.010983808834720277e-01
-6.007573263290162391e-01
-6.972492686476505774e-01
-8.008539199723987423e-01
-9.046004811710366411e-01
-1.001747638250522154e+00
-1.099558037107023045e+00
-1.195009176523712080e+00
-1.292263801867055584e+00
-1.408618139834336036e+00
-1.495132404877815846e+00
-1.605353980857174401e+00
-1.689888968724481133e+00
-1.793284734784150292e+00
-1.907697012003319870e+00
-1.986863510386759568e+00
-2.037136503440076130e+00
2.000160659238177541e+00
1.900163864055925744e+00
1.800166302155061793e+00
1.700172203161024465e+00
1.600169960835049698e+00
1.500163720288376190e+00
1.400178662841845778e+00
1.300149657694800398e+00
1.200210070778881866e+00
1.100180930742329366e+00
1.000099876245509778e+00
9.002321759463407513e-01
8.003052653834681340e-01
7.002440908059587299e-01
6.001655989268345204e-01
5.002103944118507783e-01
4.001821193207918403e-01
3.002801907899054767e-01
2.002456748607239490e-01
1.003636514996467249e-01
-2.067733893577156318e-04
-1.001603540315219726e-01
-2.003300631675017929e-01
-3.000660638572690275e-01
-3.993014822197583080e-01
-4.994534255668244827e-01
-6.013691442812270083e-01
-6.991741707253740223e-01
-7.995517113282876176e-01
-9.023575159382850597e-01
-9.978382596031200036e-01
-1.098293270006664324e+00
-1.197384975070488577e+00
-1.300608066451965028e+00
-1.394850163737726856e+00
-1.506076534408983481e+00
-1.604832673473195026e+00
-1.711357359322387639e+00
-1.796627103195822528e+00
-1.915466617466158539e+00
-2.007329861262521664e+00
-1.993782196958386210e+00
