-2.719798946815885424e-02
5.712955963567529355e-02
1.340112659819436003e-01
1.966762617615933906e-01
2.480517757816259883e-01
2.905154097801747604e-01
3.271851818407428003e-01
3.571760740022406622e-01
3.818241802160985410e-01
4.014970399446793348e-01
4.178966454111525675e-01
4.319568947372832146e-01
4.449265490522672506e-01
4.567803892232617513e-01
4.661451719662526028e-01
4.782229641243174734e-01
4.875130933753060725e-01
4.973277993017868881e-01
5.099440887086180707e-01
5.195037920206481141e-01
5.321719576104996241e-01
5.437241952049097771e-01
5.572508805052153180e-01
5.707868701463904015e-01
5.854799057245934080e-01
6.025678188505849686e-01
6.205836578733392450e-01
6.414820427509633216e-01
6.597821848170940529e-01
6.823454737388747748e-01
7.052194871744845717e-01
7.382952724476766759e-01
7.663035160764267717e-01
7.915966235588768329e-01
8.347410604881051466e-01
8.676895871230062562e-01
9.016626151585168669e-01
9.295568561736898827e-01
9.961490249890205817e-01
1.040906793256423546e+00
1.099991233544684421e+00
1.054049715022081779e+00
-3.227048170972597607e-02
5.351252096273834830e-02
1.319008320032991899e-01
1.975258996635170239e-01
2.490686613648783465e-01
2.927654038516277479e-01
3.298532937238162766e-01
3.615578614405224878e-01
3.867503733510986308e-01
4.066117053996684549e-01
4.227900353004920841e-01
4.376681341478614873e-01
4.502044445335058320e-01
4.624234557948262991e-01
4.728003152312846291e-01
4.834146858819555193e-01
4.933729962354743148e-01
5.044504726034834130e-01
5.157546611908557788e-01
5.267307414675779231e-01
5.387797737405752851e-01
5.517414630150050403e-01
5.642149684858087655e-01
5.797767392813799603e-01
5.949712239878950371e-01
6.131173938817370273e-01
6.309015773107357061e-01
6.539752368120573811e-01
6.745157714709540953e-01
6.959866004291664909e-01
7.242799666992169039e-01
7.570975385982166017e-01
7.761088906486979244e-01
8.179373681756874070e-01
8.491220014754881085e-01
8.860375817469071658e-01
9.252765005885396077e-01
9.541759125128715935e-01
1.040293715274521524e+00
1.073076513140031496e+00
1.132695046833319008e+00
1.118076149087941173e+00
-4.319548668557880722e-02
3.827831357960213843e-02
1.130605037012871600e-01
1.755581974798970935e-01
2.275422161855608638e-01
2.712396801285367753e-01
3.092659738018184723e-01
3.399143094973692270e-01
3.659650722847775928e-01
3.883019541679272324e-01
4.070661245631364000e-01
4.209865927475427982e-01
4.352947823355004520e-01
4.481619516258542046e-01
4.596834279065150075e-01
4.710084469610863467e-01
4.826177888451373410e-01
4.939972729747547087e-01
5.059310056734015459e-01
5.190544973643810289e-01
5.320456845567957949e-01
5.470285053328743929e-01
5.629123332012047065e-01
5.807379950232680610e-01
6.002168485817230836e-01
6.203036998587490025e-01
6.429104570753595427e-01
6.659157283551029316e-01
6.954361432302288426e-01
7.203602732024434463e-01
7.497981324479503495e-01
7.901499978790288425e-01
8.224779922351984629e-01
8.720857306003387821e-01
9.122970017447322721e-01
9.416614718551318264e-01
9.873050963319186524e-01
1.056184239286028781e+00
1.092843408485402179e+00
1.160195322894222114e+00
1.181314683913817110e+00
1.197492827988365871e+00
-5.117885234847984605e-02
2.547381461399935917e-02
9.577589346370224410e-02
1.553998102938845549e-01
2.053613747144322488e-01
2.477769306975662056e-01
2.850326885680345979e-01
3.154833269810553564e-01
3.410287297296684672e-01
3.617655991132996962e-01
3.794813759393005359e-01
3.957648353217186332e-01
4.097928421484912098e-01
4.227572226979572356e-01
4.355067331989721513e-01
4.473332648294651159e-01
4.599561015205329562e-01
4.727301276418866549e-01
4.864049730461833532e-01
4.974701050954790094e-01
5.137075701041529108e-01
5.300023632586735589e-01
5.491921513105123553e-01
5.678330041628492086e-01
5.856366677342718097e-01
6.112398997309336224e-01
6.340306543884995927e-01
6.589372221809339791e-01
6.875093417189096501e-01
7.207801074050897983e-01
7.482516154712943734e-01
7.842605825660837748e-01
8.215665837657623038e-01
8.615589027045398307e-01
9.046912067988471806e-01
9.503760524078573857e-01
9.887016174635899768e-01
1.054632202921428785e+00
1.105373914143847003e+00
1.164575894982305071e+00
1.223298607550187933e+00
1.223511516097877339e+00
-6.762264316238561501e-02
3.210568522306206981e-03
6.616932744792819454e-02
1.199747180494651067e-01
1.669597070491585789e-01
2.064561637777915792e-01
2.402995820027124807e-01
2.678097897218614243e-01
2.907222563973209661e-01
3.110138711089250330e-01
3.286506979935771011e-01
3.445415981494553970e-01
3.598620322826781570e-01
3.726193076543694582e-01
3.858456950831247179e-01
3.971732367140876629e-01
4.096254595320035219e-01
4.224388117334504922e-01
4.356612486992408328e-01
4.501012382185443639e-01
4.656712937555502752e-01
4.827349872698570854e-01
5.023834151960387961e-01
5.210595896564261809e-01
5.410672735093945418e-01
5.637740759866524121e-01
5.886279623477851386e-01
6.160741180711579723e-01
6.458838303420194604e-01
6.781102965397192150e-01
7.127136627709339534e-01
7.480778883694075843e-01
7.874966051827835267e-01
8.279569823263320805e-01
8.681599210587657156e-01
9.201368977812299788e-01
9.727234018478140287e-01
1.024895960107484960e+00
1.075408256973736210e+00
1.146084604058430489e+00
1.207951962014290226e+00
1.189321841020496651e+00
-8.913077326085036556e-02
-2.416120245054494825e-02
3.391808720584540970e-02
8.322303340593623089e-02
1.266800192252662827e-01
1.633939704383863267e-01
1.934863597097427890e-01
2.187691316581533152e-01
2.403045767351396356e-01
2.593836084401088260e-01
2.775519157378884549e-01
2.931857067065979372e-01
3.060967699180774937e-01
3.189977325487602933e-01
3.308458234376965290e-01
3.422351040662149346e-01
3.550279387685588706e-01
3.679649971415314136e-01
3.812775721514821137e-01
3.980737507772367789e-01
4.128753231374429067e-01
4.291221768508534651e-01
4.478662841509702397e-01
4.696821359088722558e-01
4.913028499504358826e-01
5.163647955360127773e-01
5.400340039919201418e-01
5.693153754169785197e-01
5.991087269113685165e-01
6.308964974093885791e-01
6.672745286174199819e-01
7.053658691963510252e-01
7.436829776196723918e-01
7.865512599414182793e-01
8.361024803450120002e-01
8.821458593711419827e-01
9.312477922279679410e-01
9.833140962497046722e-01
1.048468994661365450e+00
1.104446138202132666e+00
1.168397295492864973e+00
1.167816338895563577e+00
-1.025021167930394023e-01
-4.183715234528127130e-02
1.241959529082594868e-02
5.972998540739542228e-02
1.008252821350679312e-01
1.345691348544735821e-01
1.625644065230190116e-01
1.865834389354761591e-01
2.065101559930747621e-01
2.261770032570897537e-01
2.441211922297412129e-01
2.576353832150100054e-01
2.705414236604471445e-01
2.835816200231580098e-01
2.949113151922067577e-01
3.076692932662124513e-01
3.197554530660093319e-01
3.333767337015581256e-01
3.468652179801324231e-01
3.619638015120711372e-01
3.783161223215163460e-01
3.969504278605919811e-01
4.145973534942396510e-01
4.361944623209360605e-01
4.578834099525473933e-01
4.823074891156820532e-01
5.114301220043084850e-01
5.387119421169120903e-01
5.703981509217621593e-01
5.999965412344379079e-01
6.396050075984635042e-01
6.740579177064248695e-01
7.164215682251614536e-01
7.621269070418562608e-01
8.068126328712328377e-01
8.582850892459253922e-01
9.099735427602152482e-01
9.635044994142908381e-01
1.016699138064971475e+00
1.077407880342244217e+00
1.142833546033314995e+00
1.148522450976467324e+00
-1.146116374115651454e-01
-5.473432998191340298e-02
-1.885450536436571482e-03
4.378653953835811435e-02
8.269204081350399471e-02
1.164084806298992247e-01
1.438357465010023095e-01
1.672996080810211228e-01
1.879773359450711834e-01
2.081805939819500184e-01
2.248618313897349230e-01
2.381490162162119562e-01
2.524719463252608209e-01
2.641233409783049213e-01
2.765353292899226378e-01
2.884929167079417489e-01
3.028372381662844948e-01
3.159430700677552939e-01
3.316034082204372679e-01
3.484547953488114080e-01
3.641981636767956942e-01
3.850805127747951584e-01
4.049636435634301201e-01
4.283113928144079430e-01
4.525683819880989001e-01
4.765316618415523231e-01
5.054891384167239377e-01
5.348418638568237515e-01
5.684504918056453304e-01
6.047097734691482263e-01
6.414780766456413819e-01
6.825448766094200925e-01
7.252817753136480139e-01
7.713581481275971763e-01
8.244759932135062863e-01
8.759538340626081832e-01
9.304283804451509710e-01
9.820110308075828964e-01
1.061750200488396745e+00
1.106031025706159632e+00
1.180338094055740417e+00
1.183104637969887740e+00
-1.074746572324188076e-01
-4.763334515444118261e-02
5.686608304291542598e-03
5.125674061735785436e-02
9.103351605447067285e-02
1.245661693290078670e-01
1.517650408066716639e-01
1.753871314975583573e-01
1.977325405948150983e-01
2.172864927524904566e-01
2.337370802043493567e-01
2.480100694194874722e-01
2.618217375609912523e-01
2.742271460457703647e-01
2.875643701555058440e-01
2.988792642321060344e-01
3.133693939008269091e-01
3.266041392622779926e-01
3.426180693799336652e-01
3.569298552925065371e-01
3.766225738289821767e-01
3.966386517799982969e-01
4.163625364895464642e-01
4.376554514249127448e-01
4.608783065792093070e-01
4.887776747570613534e-01
5.168274494202219627e-01
5.476528890028328211e-01
5.767086747673804137e-01
6.140520498223117629e-01
6.515154538738848755e-01
6.944393457392168401e-01
7.431968659394703192e-01
7.860618227484400533e-01
8.358331995415511084e-01
8.823839244506406221e-01
9.429079708409165983e-01
9.907054967510237065e-01
1.059188407270001964e+00
1.123685075055211202e+00
1.176690172285561165e+00
1.191199419701518325e+00
-1.136739995548509685e-01
-5.446888490373100189e-02
-1.552769574400158148e-03
4.398281663890470095e-02
8.339152369988422908e-02
1.149410826646305450e-01
1.426584701495600682e-01
1.664804381680533574e-01
1.876363293032787261e-01
2.070200512673121551e-01
2.235322820763359364e-01
2.377899695955680293e-01
2.504273218171326199e-01
2.621377151029760100e-01
2.751316092890961906e-01
2.881083141852269769e-01
3.007171910138187187e-01
3.145223841144181298e-01
3.292737774936734252e-01
3.460065745237659862e-01
3.618750935257241674e-01
3.803469375358323745e-01
4.008435285023088657e-01
4.233654933001006482e-01
4.477903998306171918e-01
4.725765527324383708e-01
4.999014282563545297e-01
5.308564081310229721e-01
5.610870660125473197e-01
5.973989750590311676e-01
6.326566776741577858e-01
6.722225841834582605e-01
7.136643940908018457e-01
7.588475757351035300e-01
8.077866024597394334e-01
8.588991592632264638e-01
9.180576104611491983e-01
9.777318339484442067e-01
1.028087078000650800e+00
1.095650471490775324e+00
1.159618319075941928e+00
1.146391634457858855e+00
-1.236678256465610914e-01
-6.590269887241402558e-02
-1.517755671996565137e-02
2.878671990351067134e-02
6.606862753454521842e-02
9.744473448892183864e-02
1.243085526156519349e-01
1.478679279322042683e-01
1.695480647773918437e-01
1.876814364556568526e-01
2.025809421404844990e-01
2.170441629629371594e-01
2.302777245208678658e-01
2.429089820065295224e-01
2.545263255885520937e-01
2.665115688066001520e-01
2.801889696597882340e-01
2.951556997594009801e-01
3.103002519877647858e-01
3.265283827846015008e-01
3.445101656865322548e-01
3.629628734202162144e-01
3.832155537959355263e-01
4.055444202358364780e-01
4.293436249582006092e-01
4.560941343537273096e-01
4.834603417680038984e-01
5.145437682889640874e-01
5.454716470228097025e-01
5.817665314962923162e-01
6.213196376302811963e-01
6.620661865292477577e-01
7.062166468309927225e-01
7.522290460219680508e-01
8.005968060377011142e-01
8.526007497507827049e-01
9.039820881428678456e-01
9.590151429602481459e-01
1.019764131787890049e+00
1.083810673301475180e+00
1.142642834941563823e+00
1.151765040806671747e+00
-1.404732339933005558e-01
-8.542626780967957356e-02
-3.654179504698332193e-02
5.656602121814871716e-03
4.098188523930334365e-02
7.123007651284679609e-02
9.591172640553405349e-02
1.200669585186911331e-01
1.413149173551470350e-01
1.583896346521725673e-01
1.739376179437416292e-01
1.875630201870381597e-01
1.997085648645558487e-01
2.122728563023330017e-01
2.242455095443843804e-01
2.376191299461890838e-01
2.512779837842338271e-01
2.661799358665875026e-01
2.816513990105198872e-01
2.977036224538037734e-01
3.167207953732123493e-01
3.359290501267885309e-01
3.572027870177565401e-01
3.780816048772191462e-01
4.047259845488339058e-01
4.297781108762575020e-01
4.584776970129185170e-01
4.913855093302806898e-01
5.231987024237700901e-01
5.612397631389367536e-01
6.002419259963145404e-01
6.403591812716750153e-01
6.906487511364246545e-01
7.325762859935662785e-01
7.898302188010288827e-01
8.403150327183801505e-01
8.921870196310726087e-01
9.514851732481476310e-01
1.022762315440236103e+00
1.081761238717666274e+00
1.159594260605747884e+00
1.154174341836588402e+00
-1.591896896576638076e-01
-1.074268235844815234e-01
-6.243948301795312211e-02
-2.330391572064509365e-02
9.174593234024251351e-03
3.704781935688513522e-02
6.089417260409052401e-02
8.396461813520260387e-02
1.028348825308637859e-01
1.194241622862380198e-01
1.340431635150202416e-01
1.474196901246380420e-01
1.605255529121333846e-01
1.727517566382563430e-01
1.850234114449859635e-01
1.981565353426949505e-01
2.121582951984156140e-01
2.268318106587208227e-01
2.423426210246432400e-01
2.588239844260818989e-01
2.776917109608494916e-01
2.972942421259517909e-01
3.187455598714801219e-01
3.413058989660105458e-01
3.670482644844933473e-01
3.934611311531034938e-01
4.241103243038161219e-01
4.554844018035453801e-01
4.900146951367638781e-01
5.282982256497037454e-01
5.670393124140654662e-01
6.104898181251923184e-01
6.544537855408172344e-01
6.988614171415781229e-01
7.502761433486473397e-01
8.019631982875466969e-01
8.595921770893307778e-01
9.179700139176530937e-01
9.813469219649780806e-01
1.043346556669360270e+00
1.108548111624656496e+00
1.107444018439222244e+00
-1.752683996008309597e-01
-1.248866243971416823e-01
-8.085807625865584769e-02
-4.291542570370597554e-02
-1.105017567686271580e-02
1.641068279110779321e-02
4.033725257651895463e-02
6.277370829719360057e-02
8.142652511124683079e-02
9.740309152389772795e-02
1.114372719380779669e-01
1.247519498190431536e-01
1.373509459475213967e-01
1.493453785095178177e-01
1.614997681556650522e-01
1.747457593442192925e-01
1.890156150129553847e-01
2.036827538158382800e-01
2.192412507942826383e-01
2.369627824677578432e-01
2.552121822360789438e-01
2.744949896163202396e-01
2.958858320871547987e-01
3.202522493484912802e-01
3.457500214025240326e-01
3.715739361839945909e-01
4.018087924560167501e-01
4.339585470578163351e-01
4.673890534727626056e-01
5.055515150335535557e-01
5.434832144664893949e-01
5.810628793228139743e-01
6.279042936629983807e-01
6.716466966387280024e-01
7.201667483904040656e-01
7.604330390635896109e-01
8.400646713313379976e-01
8.974450892689878057e-01
9.476263176986852166e-01
1.026492407052839617e+00
1.085172799583077996e+00
1.070481175066018809e+00
-6.220938047221846040e-02
1.892091788966809851e-02
9.024394077735958808e-02
1.484144608875908045e-01
1.980849808510437016e-01
2.406216246650525470e-01
2.760410931072864171e-01
3.043892667597191126e-01
3.272117602627316324e-01
3.476344027314761109e-01
3.636063396674427128e-01
3.754496140686558459e-01
3.884884110528938339e-01
3.992547973272831396e-01
4.098114362354304818e-01
4.203221846353479840e-01
4.302057114276321426e-01
4.399150474433282110e-01
4.504538868632977922e-01
4.618975222008528392e-01
4.733891515525324722e-01
4.859342637717517510e-01
4.994396292017423966e-01
5.125283102652047340e-01
5.275667496047012905e-01
5.437837986758876641e-01
5.606047632611457221e-01
5.788076239818185087e-01
5.992005409228292612e-01
6.204754427150136475e-01
6.413858544848866083e-01
6.732799312480971521e-01
7.041247673917702121e-01
7.259059178563754822e-01
7.603402914472894292e-01
7.939628114492344180e-01
8.350649906974905168e-01
8.719959331099300659e-01
9.229868899462311260e-01
9.660553347568184845e-01
9.930758591029023030e-01
1.030919355144967575e+00
-7.949526760020998728e-02
9.429647995078836373e-03
9.461086303213701865e-02
1.709009487578696806e-01
2.343881907935462527e-01
2.868604855223733652e-01
3.299426940273130771e-01
3.663968053730202734e-01
3.974672390423863999e-01
4.252341537039907582e-01
4.469066882464233781e-01
4.650138418758881786e-01
4.796386431677354678e-01
4.922168318004894738e-01
5.032280503619969148e-01
5.132176000679389283e-01
5.235032458193449312e-01
5.319219268542713097e-01
5.416229207929447176e-01
5.528384942880281150e-01
5.624950915084148129e-01
5.716599272637689078e-01
5.846534327485869431e-01
5.963034352853416875e-01
6.097032359751504149e-01
6.247913967889036080e-01
6.384513169289285361e-01
6.564077541782157299e-01
6.704610910105839316e-01
6.904494922476996921e-01
7.125764713839348730e-01
7.351340197484231842e-01
7.575782120363739880e-01
7.783191451257541749e-01
8.124300186897851495e-01
8.471152987829568826e-01
8.697056636537582319e-01
9.213545164562075840e-01
9.368117150356158884e-01
9.698392828404917010e-01
1.025928181081209756e+00
1.000290879868996674e+00
-7.869962004722205751e-02
9.731269423659804144e-03
9.445715272950007402e-02
1.742197661839476053e-01
2.442870191387717382e-01
3.028221007176717383e-01
3.514658237284289943e-01
3.916706659579492489e-01
4.251672627392928394e-01
4.538791963142383423e-01
4.811027998978414932e-01
5.013934170818485914e-01
5.168829347803668428e-01
5.292442249484791139e-01
5.398310643976840240e-01
5.499468879767333007e-01
5.593655136796891192e-01
5.687565621715048314e-01
5.773125301992076963e-01
5.853005186199221610e-01
5.968751749445406762e-01
6.051207282336621418e-01
6.158501419186884762e-01
6.273422975266583768e-01
6.377598287072161476e-01
6.532491859832330050e-01
6.664290533997843102e-01
6.792325110072304772e-01
6.956943936597059785e-01
7.124922834341762545e-01
7.309138356644407919e-01
7.480010850450199422e-01
7.685589296200601162e-01
7.948740695010440005e-01
8.171718805226447779e-01
8.416316014596325612e-01
8.731071811450386022e-01
9.021683053622142623e-01
9.440827397321794878e-01
9.638760934493756372e-01
9.859812261159529578e-01
1.014499537549867991e+00
-7.685653373660317200e-02
9.841669961309737480e-03
9.362827613386258407e-02
1.731600350673856703e-01
2.446160104491304221e-01
3.057231555380138799e-01
3.566663039022851533e-01
3.990330541068978221e-01
4.344155965729715185e-01
4.644850762941208355e-01
4.906817010439304960e-01
5.117938202711688200e-01
5.270134613275583302e-01
5.393571695656533826e-01
5.498354753224905522e-01
5.597785909872921017e-01
5.692287303229337514e-01
5.784088238289782913e-01
5.867549144947470374e-01
5.952338022373282467e-01
6.032948875149543033e-01
6.144342137889454714e-01
6.221186542802445985e-01
6.325514297361904958e-01
6.437684122193985115e-01
6.529170930732233202e-01
6.679523378102834030e-01
6.801604910224909872e-01
6.922986399293618032e-01
7.086817384346600912e-01
7.244135109436148356e-01
7.449849551950264992e-01
7.646863714929226230e-01
7.830305418873720891e-01
8.094587041726881704e-01
8.378585258016542081e-01
8.679986874526712803e-01
8.900105647338776294e-01
9.280069641472473707e-01
9.666386568311476912e-01
9.947296904350313440e-01
9.771632326126296064e-01
-7.995132448883836285e-02
2.619565396332816740e-03
8.406483195509538431e-02
1.599069168110122119e-01
2.272875304472555535e-01
2.851926185926120239e-01
3.335278785210915586e-01
3.751128537672782093e-01
4.088468747377742574e-01
4.368350440758066444e-01
4.623350955223293757e-01
4.797954964955088997e-01
4.940376528382188770e-01
5.057914458830548021e-01
5.158208777402855105e-01
5.264478374408788630e-01
5.343091940929111106e-01
5.428005383101055514e-01
5.510423506562808216e-01
5.593774924657405334e-01
5.689276799144521446e-01
5.773573545466487156e-01
5.870685872179017828e-01
5.958157626175002441e-01
6.075890440402663684e-01
6.185313074341687312e-01
6.281620157805236637e-01
6.416842661101859191e-01
6.554371497207369668e-01
6.717253137770209381e-01
6.855724650879008175e-01
7.053333441217647382e-01
7.248646358627544029e-01
7.409032469807373955e-01
7.631703355916823472e-01
7.909034349959294108e-01
8.182199533752498866e-01
8.399190314076213637e-01
8.773506098291902200e-01
9.070387181816621514e-01
9.352532653221081738e-01
9.422993048943215655e-01
-8.063474033256400053e-02
1.439469480591461020e-03
8.102308645133386722e-02
1.553481853925574030e-01
2.218339833529437422e-01
2.793452097679107737e-01
3.281899404960815780e-01
3.697963845066630229e-01
4.044881954088587195e-01
4.321223124189191855e-01
4.541830092603085234e-01
4.723190100638928746e-01
4.859115660964506422e-01
4.986137646997580442e-01
5.075738933832838473e-01
5.164309191311147185e-01
5.247750717902620599e-01
5.333042220281204449e-01
5.420158148705880308e-01
5.498391487227640706e-01
5.582680541705233868e-01
5.660307031086970753e-01
5.742790344226833543e-01
5.843583669244537537e-01
5.936747638496159274e-01
6.037666680313792389e-01
6.165784300107799432e-01
6.280689671016390641e-01
6.391576556827678335e-01
6.566117654442372720e-01
6.706836387480499262e-01
6.887116267966392202e-01
7.081029243911670656e-01
7.225796323303659285e-01
7.527665535162235688e-01
7.635387993974865894e-01
8.068546418731409320e-01
8.148825867117496236e-01
8.534749245891039005e-01
8.866023865405534554e-01
9.120992459931187568e-01
9.010390821489241420e-01
-7.860956977945084134e-02
2.619565396332816740e-03
8.241193190572076999e-02
1.572753964540354599e-01
2.244605446527589976e-01
2.837872759601912098e-01
3.341440048383648165e-01
3.766389946942009237e-01
4.104448498553145974e-01
4.388823734335763893e-01
4.616665695341795606e-01
4.793665337832844209e-01
4.922028496339523884e-01
5.038151880105721236e-01
5.137701080093518557e-01
5.220632436523640063e-01
5.320992594272320186e-01
5.395691070979351522e-01
5.469964614470388398e-01
5.553556725302203345e-01
5.630453858340388473e-01
5.733184400988422524e-01
5.789416211279194702e-01
5.892836938646551781e-01
5.972288367544432708e-01
6.071653970072667938e-01
6.201683394546585459e-01
6.310905074347840094e-01
6.438916841718542727e-01
6.586694982061681580e-01
6.740753948822721942e-01
6.883281477137187521e-01
7.078791816255410874e-01
7.240676861294369493e-01
7.388439545113270057e-01
7.630436976048909914e-01
7.973208719661228905e-01
8.200417727046487304e-01
8.546448415326428627e-01
8.713639102191902408e-01
9.177564560965632001e-01
9.133098844137086392e-01
-7.772411634437700889e-02
3.072595967674963176e-03
8.245862927153355115e-02
1.563976972825033007e-01
2.243310181819237192e-01
2.832808706725652992e-01
3.349962802432249753e-01
3.763561041361571657e-01
4.106608437272152301e-01
4.376744753704482904e-01
4.618570393774010241e-01
4.787093131507431099e-01
4.925816072374382126e-01
5.037743456533947395e-01
5.135412020505903952e-01
5.223229271164498977e-01
5.303905408610964933e-01
5.371816622680759545e-01
5.460735695945911905e-01
5.539837033591696880e-01
5.599185889066358168e-01
5.686873927179000310e-01
5.788843624490214168e-01
5.869078441952759739e-01
5.951135655163366511e-01
6.052231367285035857e-01
6.166498268679765360e-01
6.288393407988200901e-01
6.400538887663835830e-01
6.526253369153753869e-01
6.687324684007778242e-01
6.786549281630445130e-01
7.011723638159063077e-01
7.228600586919563531e-01
7.380722714251115590e-01
7.621539432876970332e-01
7.870259627443974004e-01
8.112089183041337748e-01
8.465709000674171980e-01
8.507448437499173233e-01
9.217249621514764790e-01
8.957633279450891717e-01
-8.136322846306164036e-02
-1.507263377526855811e-04
7.832266631902483345e-02
1.515720856924419324e-01
2.186720213218856790e-01
2.789889704854605079e-01
3.305963821648471024e-01
3.729984852090230119e-01
4.051926306373343500e-01
4.333153065325691111e-01
4.559953580158221387e-01
4.734110531336215288e-01
4.860718430384591282e-01
4.968867697497628688e-01
5.059770641101064559e-01
5.157798246689608845e-01
5.231635490550380352e-01
5.306516928605833350e-01
5.384103399876669638e-01
5.468620978790659226e-01
5.530111368361085855e-01
5.608770197627398479e-01
5.712591683501401230e-01
5.775710685794552823e-01
5.898837264727782026e-01
5.986810989071633671e-01
6.091000780102149292e-01
6.198662295137377098e-01
6.331784924850737406e-01
6.464458791721623410e-01
6.636745466156788176e-01
6.799200603318155123e-01
6.940582577817403509e-01
7.174358207473294780e-01
7.337724646998950995e-01
7.634564464072720602e-01
7.853291230520164090e-01
8.136283514358784164e-01
8.417816697432010109e-01
8.724068670498028588e-01
8.964336169163519275e-01
9.093019033302220944e-01
-8.202421570655329952e-02
-1.807040935297309265e-04
7.900749350203721544e-02
1.540982061891175703e-01
2.236828057325542796e-01
2.865170960788078203e-01
3.413613115926791286e-01
3.850805127747951584e-01
4.213291157803468190e-01
4.490925311194188807e-01
4.744129636696667318e-01
4.923552309663707938e-01
5.083546192351777737e-01
5.192371614969834015e-01
5.303405968579563146e-01
5.398999742756800391e-01
5.485392760847791482e-01
5.570594433331556017e-01
5.653731398432175759e-01
5.725079896707013782e-01
5.804858997914130736e-01
5.886246028119074269e-01
5.993994047176883777e-01
6.088211679443754631e-01
6.186619539078357377e-01
6.300798932319466861e-01
6.420587253936497207e-01
6.555456351373732948e-01
6.698224880599058517e-01
6.839210543165488154e-01
7.028680572494576673e-01
7.192807268587079195e-01
7.373652126314331756e-01
7.617752825984722698e-01
7.856173709039598885e-01
8.150913850170060648e-01
8.379827853813778260e-01
8.761808777862322151e-01
9.014953737988797844e-01
9.391756746761524832e-01
9.782490122426428236e-01
9.758406341071951262e-01
-7.418478980697722214e-02
1.197199087307586340e-02
9.101238541642449331e-02
1.527957442281926981e-01
2.063940644308735195e-01
2.502906706515912183e-01
2.880971287833038463e-01
3.176100123828111688e-01
3.413830789046256031e-01
3.623391942581937197e-01
3.782779536918728924e-01
3.921304186237136169e-01
4.036969090579305974e-01
4.153490172082486831e-01
4.245664138578159608e-01
4.350492362488314058e-01
4.445116458048939401e-01
4.550307287439771531e-01
4.629936210089278803e-01
4.734022926337257409e-01
4.837427308864122311e-01
4.968383536508355625e-01
5.063778372031113584e-01
5.198109365577809893e-01
5.313102758579912877e-01
5.495353760370449425e-01
5.643203845118902606e-01
5.761316401770001372e-01
5.985432057541067996e-01
6.226356746653372021e-01
6.405837872239802389e-01
6.608996133464901668e-01
6.833649839681812388e-01
7.046300358407612263e-01
7.523273828205845337e-01
7.695730099393011114e-01
8.146224458671624813e-01
8.382923335470230386e-01
8.804585829140965103e-01
9.358562741318794398e-01
9.577628773850129784e-01
1.011705743098167076e+00
-8.564520542551605498e-02
5.334977139648715630e-03
9.160365500125985938e-02
1.746818604736684599e-01
2.509369441358627051e-01
3.172608195230055550e-01
3.714502426427709891e-01
4.158193975799912567e-01
4.530506465261840421e-01
4.825405921194464987e-01
5.083357581290719462e-01
5.305979391083193164e-01
5.463686640755021084e-01
5.593559304129535059e-01
5.708382064327985894e-01
5.812998345447348836e-01
5.891237687705310755e-01
5.967103272731933972e-01
6.043459536648562169e-01
6.130358862272534681e-01
6.212677025693741362e-01
6.286688320399302921e-01
6.371623842976524843e-01
6.453908260764236182e-01
6.535482383778942195e-01
6.628720549904937309e-01
6.745470129679700388e-01
6.820782566980474471e-01
6.947692347552497649e-01
7.097167490295354098e-01
7.169977409190586570e-01
7.321693163544283900e-01
7.456071788656649657e-01
7.652989119675210894e-01
7.753417065952520337e-01
8.078967894241344538e-01
8.253793750391752448e-01
8.552968029759464574e-01
8.610723912761744092e-01
9.053932295660592766e-01
9.215293728998235068e-01
9.001753412044913860e-01
