-1.510931963847186033e-01
-1.188151303964455480e-01
-9.011195869398366809e-02
-6.600430826876958756e-02
-4.551821197469316932e-02
-2.913079667282691618e-02
-1.435082184550440405e-02
-1.802583476893306058e-03
1.000721816458418657e-02
2.119343518816523692e-02
3.145290141349123963e-02
4.049948953447568556e-02
5.144195563497044876e-02
6.245035989561949913e-02
7.392353807762055973e-02
8.479426406910613168e-02
9.805157444771206432e-02
1.117865776714878634e-01
1.263100256975446256e-01
1.423706921763746303e-01
1.582780377348840251e-01
1.785165237335825661e-01
1.965906541173065292e-01
2.182649715674018220e-01
2.421884827665923279e-01
2.678965124404240061e-01
2.952129231184404401e-01
3.248172754538278806e-01
3.568973974531698956e-01
3.927954056257567661e-01
4.298055544964288766e-01
4.676495354489975109e-01
5.074416108104287115e-01
5.555551128027885754e-01
6.026458934835006165e-01
6.547558566077585906e-01
7.138776234563942724e-01
7.584304212714950699e-01
8.166846507288882950e-01
8.729262438953215852e-01
9.368348207220388302e-01
9.442067087918604162e-01
1.334654552980269193e-01
1.284832758939329633e-01
1.151610089791054725e-01
9.939055429301406341e-02
8.872774410030039027e-02
7.756047854546684051e-02
6.844932803767836416e-02
5.708005762326124471e-02
4.577659909749411116e-02
3.538970919867700377e-02
2.495337012528834122e-02
1.284144113598478104e-02
3.658676843486718001e-03
-6.059222918845260687e-03
-1.487813287931646390e-02
-2.579652159807249365e-02
-3.927671059879344478e-02
-4.878637481713830881e-02
-5.702071049939904518e-02
-6.669750377455509194e-02
-7.618834920087112772e-02
-8.762328350118996079e-02
-9.742604415948907803e-02
-1.072166404623423885e-01
-1.159436216568322520e-01
-1.245318485790088692e-01
-1.350394313857544437e-01
-1.436524171807076200e-01
-1.525519716443308749e-01
-1.636771504597643034e-01
-1.726740292987646863e-01
-1.821451972526300922e-01
-1.912024841376236406e-01
-1.988605146966223314e-01
-2.090417438633473679e-01
-2.176327372746689470e-01
-2.280636070656359149e-01
-2.368199245540662801e-01
-2.450129261555694105e-01
-2.529037334772729073e-01
-2.633979537540905302e-01
-2.720035417059438743e-01
-2.829672630845832537e-01
-2.896778113347359684e-01
-2.986340995454589975e-01
-3.050439977501818167e-01
-3.137642526689726763e-01
-3.240118916170516838e-01
-3.328871440931480130e-01
-3.418845760258216737e-01
-3.499733531460658686e-01
-3.567467499432565581e-01
-3.660369324687713366e-01
-3.751189703313178025e-01
-3.819205096407793931e-01
-3.918977707127832555e-01
-3.978542439808461784e-01
-4.054439293101260722e-01
-4.146374208541673267e-01
-4.230945486767598296e-01
-4.320988647632099666e-01
-4.391086556744751013e-01
-4.440317933359357316e-01
-4.525834583918565412e-01
-4.617656913623587323e-01
-4.664668820045562159e-01
-4.759000001791191536e-01
-4.842413655314588006e-01
-4.922021280238696450e-01
-4.993807351330063482e-01
-5.061308535147861498e-01
-5.139494292573414391e-01
-5.222263461730950462e-01
-5.303753015874403953e-01
-5.367701519237568775e-01
-5.455804996680232444e-01
-5.532500869602907656e-01
-5.578778479601356199e-01
-5.658224566163393421e-01
-5.737100086623099227e-01
-5.811818412641074350e-01
-5.874033893485244295e-01
-5.936080159065665329e-01
-6.016363266283835110e-01
-6.094322565691578930e-01
-6.159836847233687296e-01
-6.224478883569942722e-01
-6.311703538041961714e-01
-6.393876550914076029e-01
-6.462183654711830538e-01
