9.374462946423144372e-01
9.312371147887192890e-01
9.250508823302954209e-01
9.188876370848988451e-01
9.127474180824843852e-01
9.066302635640823837e-01
9.005362109808574544e-01
8.944652969932513908e-01
8.884175574702030120e-01
8.823930274884451697e-01
8.763917413318726979e-01
8.704137324909818618e-01
8.644590336623741988e-01
8.585276767483259741e-01
8.526196928564155897e-01
8.467351122992112789e-01
8.408739645940093155e-01
8.350362784626266244e-01
8.292220818312394659e-01
8.234314018302683058e-01
8.176642647943036524e-01
8.119206962620724166e-01
8.062007209764386895e-01
8.005043628844396020e-01
7.948316451373496072e-01
7.891825900907746272e-01
7.835572193047687373e-01
7.779555535439742764e-01
7.723776127777812750e-01
7.668234161805034255e-01
7.612929821315684853e-01
7.557863282157207818e-01
7.503034712232323766e-01
7.448444271501225566e-01
7.394092111983818771e-01
7.339978377761984252e-01
7.286103204981853043e-01
7.232466721856063430e-01
7.179069048666010255e-01
7.125910297763996537e-01
7.072990573575381745e-01
7.020309972600580206e-01
6.967868583417032857e-01
6.915666486681008029e-01
6.863703755129312301e-01
6.811980453580860351e-01
6.760496638938096048e-01
6.709252360188251441e-01
6.658247658404456981e-01
6.607482566746669672e-01
6.556957110462428018e-01
6.506671306887419348e-01
6.456625165445876169e-01
6.406818687650760458e-01
6.357251867103783649e-01
6.307924689495212345e-01
6.258837132603501940e-01
6.209989166294737073e-01
6.161380752521886661e-01
6.113011845323876869e-01
6.064882390824487546e-01
6.016992327231107662e-01
5.969341584833278702e-01
5.921930086001140348e-01
5.874757745183701863e-01
5.827824468907001343e-01
5.781130155772122858e-01
5.734674696453152531e-01
5.688457973694991399e-01
5.642479862311146066e-01
5.596740229181409454e-01
5.551238933249549312e-01
5.505975825520937894e-01
5.460950749060191622e-01
5.416163538988832959e-01
5.371614022482976702e-01
5.327302018771084002e-01
5.283227339131795208e-01
5.239389786891869294e-01
5.195789157424247628e-01
5.152425238146274289e-01
5.109297808518098449e-01
5.066406640041277720e-01
5.023751496257609084e-01
4.981332132748225172e-01
4.939148297132978094e-01
4.897199729070131902e-01
4.855486160256390349e-01
4.814007314427323769e-01
4.772762907358155671e-01
4.731752646865021728e-01
4.690976232806650659e-01
4.650433357086571351e-01
4.610123703655797378e-01
4.570046948516110485e-01
4.530202759723869765e-01
4.490590797394486411e-01
4.451210713707490219e-01
4.412062152912294977e-01
4.373144751334660518e-01
4.334458137383871423e-01
4.296001931560697318e-01
4.257775746466114231e-01
4.219779186810869720e-01
4.182011849425881778e-01
4.144473323273509258e-01
4.107163189459737129e-01
4.070081021247279329e-01
4.033226384069644177e-01
3.996598835546186779e-01
3.960197925498156191e-01
3.924023195965792854e-01
3.888074181226470749e-01
3.852350407813929789e-01
3.816851394538606779e-01
3.781576652509090475e-01
3.746525685154735164e-01
3.711697988249427205e-01
3.677093049936543401e-01
3.642710350755122839e-01
3.608549363667248322e-01
3.574609554086676244e-01
3.540890379908710472e-01
3.507391291541359091e-01
3.474111731937757352e-01
3.441051136629899587e-01
3.408208933763652304e-01
3.375584544135116216e-01
3.343177381228275014e-01
3.310986851253997498e-01
3.279012353190363660e-01
3.247253278824343559e-01
3.215709012794800703e-01
3.184378932636863779e-01
3.153262408827628427e-01
3.122358804833213486e-01
3.091667477157160615e-01
3.061187775390171728e-01
3.030919042261192020e-01
3.000860613689806944e-01
2.971011818839981999e-01
2.941371980175102596e-01
2.911940413514325088e-01
2.882716428090212890e-01
2.853699326607662123e-01
2.824888405304083472e-01
2.796282954010833044e-01
2.767882256215877246e-01
2.739685589127670018e-01
2.711692223740218566e-01
2.683901424899318156e-01
2.656312451369939875e-01
2.628924555904728066e-01
2.601736985313609640e-01
2.574748980534447562e-01
2.547959776704759594e-01
2.521368603234419581e-01
2.494974683879350175e-01
2.468777236816149800e-01
2.442775474717627515e-01
2.416968604829205780e-01
2.391355829046154513e-01
2.365936343991624780e-01
2.340709341095412732e-01
2.315674006673459906e-01
2.290829522007984398e-01
2.266175063428261249e-01
2.241709802391950168e-01
2.217432905566951440e-01
2.193343534913740345e-01
2.169440847768110414e-01
2.145723996924291110e-01
2.122192130718363601e-01
2.098844393111949647e-01
2.075679923776076186e-01
2.052697858175187295e-01
2.029897327651228600e-01
2.007277459507735284e-01
1.984837377093876254e-01
1.962576199888364792e-01
1.940493043583189359e-01
1.918587020167075441e-01
1.896857238008616831e-01
1.875302801938998898e-01
1.853922813334241693e-01
1.832716370196865729e-01
1.811682567236933827e-01
1.790820495952352709e-01
1.770129244708367189e-01
1.749607898816153417e-01
1.729255540610431796e-01
1.709071249525987157e-01
1.689054102173022376e-01
1.669203172411231340e-01
1.649517531422509120e-01
1.629996247782173058e-01
1.610638387528607884e-01
1.591443014231221365e-01
1.572409189056582779e-01
1.553535970832656543e-01
1.534822416110981635e-01
1.516267579226694695e-01
1.497870512356260231e-01
1.479630265572772219e-01
1.461545886898710511e-01
1.443616422355983586e-01
1.425840916013142445e-01
1.408218410029589418e-01
1.390747944696651972e-01
1.373428558475333072e-01
1.356259288030605969e-01
1.339239168262053858e-01
1.322367232330687870e-01
1.305642511681757711e-01
1.289064036063367613e-01
1.272630833540696615e-01
1.256341930505607274e-01
1.240196351681452092e-01
1.224193120122834127e-01
1.208331257210102788e-01
1.192609782638340971e-01
1.177027714400597502e-01
1.161584068765107863e-01
1.146277860246224245e-01
1.131108101568783081e-01
1.116073803625625971e-01
1.101173975427948704e-01
1.086407624048182224e-01
1.071773754555063324e-01
1.057271369940566696e-01
1.042899471038322978e-01
1.028657056433161104e-01
1.014543122361385719e-01
1.000556662601378155e-01
9.866966683541124328e-02
9.729621281131223265e-02
9.593520275234897199e-02
9.458653492293433995e-02
9.325010727093957508e-02
9.192581740999747342e-02
9.061356260050146272e-02
8.931323972924425092e-02
8.802474528763577777e-02
8.674797534843832481e-02
8.548282554095538999e-02
8.422919102460575680e-02
8.298696646081329953e-02
8.175604598313683524e-02
8.053632316556706694e-02
7.932769098890622705e-02
7.813004180515044361e-02
7.694326729978613610e-02
7.576725845190769582e-02
7.460190549206552335e-02
7.344709785774213018e-02
7.230272414635333100e-02
7.116867206566887538e-02
7.004482838153693047e-02
6.893107886279860319e-02
6.782730822326732412e-02
6.673340006064766572e-02
6.564923679226052078e-02
6.457469958743539129e-02
6.350966829642752665e-02
6.245402137570762319e-02
6.140763580947038863e-02
6.037038702719747102e-02
5.934214881710621337e-02
5.832279323530961679e-02
5.731219051050161911e-02
5.631020894398124782e-02
5.531671480481462067e-02
5.433157221993217822e-02
5.335464305894669496e-02
5.238578681347177968e-02
5.142486047071099381e-02
5.047171838108079067e-02
4.952621211962014713e-02
4.858819034093309064e-02
4.765749862740014525e-02
4.673397933038467289e-02
4.581747140415499964e-02
4.490781023222979729e-02
4.400482744584647415e-02
4.310835073424553604e-02
4.221820364644996576e-02
4.133420538421519325e-02
4.045617058581033737e-02
3.958390910028923571e-02
3.871722575189461696e-02
3.785592009423567605e-02
3.699978615386913944e-02
3.614861216290595619e-02
3.530218028026126109e-02
3.446026630115735234e-02
3.362263935448353558e-02
3.278906158761332040e-02
3.195928783827833852e-02
3.113306529308859302e-02
3.031013313229693334e-02
2.949022216040088351e-02
2.867305442217614117e-02
2.785834280374638317e-02
2.704579061829295861e-02
2.623509117602365603e-02
2.542592733802535518e-02
2.461797105364521218e-02
2.381088288105935938e-02
2.300431149071002074e-02
2.219789315131959206e-02
2.139125119821725859e-02
2.058399548375003385e-02
1.977572180958979409e-02
1.896601134079372100e-02
1.815443000152758279e-02
1.734052785241663869e-02
1.652383844956237247e-02
1.570387818532814270e-02
1.488014561108494914e-02
1.405212074219869267e-02
1.321926434563939004e-02
1.238101721070620879e-02
1.153679940348360106e-02
1.068600950577885608e-02
9.828023839437224560e-03
8.962195677089701204e-03
8.087854440565065556e-03
7.204304888379490547e-03
6.310826293928388855e-03
5.406671616213506483e-03
4.491066665180267793e-03
3.563209263986621533e-03
2.622268410792853808e-03
1.667383442945859391e-03
6.976632067316887930e-04
-2.878147638121676005e-04
-1.290005055199871468e-03
-2.309895165741481047e-03
-3.348506275189198911e-03
-4.406893987870471457e-03
-5.486149044000218460e-03
-6.587397993465097558e-03
-7.711803825966475484e-03
-8.860566550990271045e-03
-1.003492372065956269e-02
-1.123615088811326379e-02
-1.246556199363818736e-02
-1.372450967039539303e-02
-1.501438546119108521e-02
-1.633661993738968685e-02
-1.769268271073560356e-02
-1.908408232855766593e-02
-2.051236604258396129e-02
-2.197911944139884638e-02
-2.348596593644476996e-02
-2.503456609141175432e-02
-2.662661678487873718e-02
-2.826385019619375924e-02
-2.994803260479033530e-02
-3.168096299348162337e-02
-3.346447144672370921e-02
-3.530041733543587412e-02
-3.719068728070167029e-02
-3.913719288955713055e-02
-4.114186825712583262e-02
-4.320666723055990865e-02
-4.533356043163573601e-02
-4.752453203638506291e-02
-4.978157631186762300e-02
-5.210669391206027706e-02
-5.450188793687240491e-02
-5.696915976047309260e-02
-5.951050463742398738e-02
-6.212790709752694096e-02
-6.482333614280683109e-02
-6.759874026261335211e-02
-7.045604228543531078e-02
-7.339713408860901178e-02
-7.642387118967525206e-02
-7.953806724560626151e-02
-8.274148848849390003e-02
-8.603584812847271668e-02
-8.942280075664123251e-02
-9.290393678246369746e-02
-9.648077694157020101e-02
-1.001547669109569966e-01
-1.039272720693050905e-01
-1.077995724404454403e-01
-1.117728578578585374e-01
-1.158482233875269413e-01
-1.200266650453930550e-01
-1.243090758441637578e-01
-1.286962422022033259e-01
-1.331888407448227896e-01
-1.377874355253935201e-01
-1.424924756904523415e-01
-1.473042936093312827e-01
-1.522231034849256259e-01
-1.572490004580123502e-01
-1.623819602131807427e-01
-1.676218390899163746e-01
8.746871105922114920e-01
7.820018096530144680e-01
6.903200630246981717e-01
5.998305248555595437e-01
5.107495139371116544e-01
4.233217853246534768e-01
3.378198440225107513e-01
2.545412407736253324e-01
1.738032948603998873e-01
9.593480520099736952e-02
2.126457861878261121e-02
-4.989296127485650517e-02
-1.172542520298435337e-01
-1.805837192511955402e-01
-2.397096323774491333e-01
-2.945365906881176055e-01
-3.450527965830105237e-01
-3.913309717208556804e-01
-4.335227683318551573e-01
-4.718475643845902456e-01
-5.065773330776268679e-01
-5.380196610871210705e-01
-5.665009226307067269e-01
-5.923512008865149392e-01
-6.158919591733164056e-01
-6.374268723544099791e-01
-6.572357512554952708e-01
-6.755711790291037966e-01
-6.926573235295885311e-01
-7.086903585165376107e-01
-7.238399746273975754e-01
-7.382515491923714590e-01
-7.520486434810798038e-01
-7.653355893980211544e-01
-7.782000064276597406e-01
-7.907151512204890764e-01
-8.029420475090450759e-01
-8.149313755526140790e-01
-8.267251209887174213e-01
-8.383579956063441641e-01
-8.498586494977405925e-01
-8.612506971323756755e-01
