2.000165000555002681e+00
1.900172062050136557e+00
1.800169054333730090e+00
1.700167006002581749e+00
1.600161236974809498e+00
1.500163720288376190e+00
1.400185575772228574e+00
1.300156185281435173e+00
1.200182681037265331e+00
1.100156792063862632e+00
1.000160659238177763e+00
9.001567590024319720e-01
8.001546052011424548e-01
7.002423587134546379e-01
6.002680921895229282e-01
5.002049035988460624e-01
4.000645836010207623e-01
3.001670643744715483e-01
2.000977618589991625e-01
9.998088404138766316e-02
5.902392236300950173e-04
-9.973613098567130075e-02
-1.995970742029425093e-01
-2.998572482258589633e-01
-3.997896935906720128e-01
-5.006428866125410826e-01
-6.002034476507354110e-01
-7.000527461696639531e-01
-8.008951060167840419e-01
-8.996777125058995628e-01
-1.001933433430450604e+00
-1.100955247022483041e+00
-1.202893877703107517e+00
-1.300944013868481131e+00
-1.404533540491195609e+00
-1.497389913969307207e+00
-1.601999194356184653e+00
-1.699039497012685862e+00
-1.805816014040957151e+00
-1.897617754059455430e+00
-1.998720717293996252e+00
-1.994416278667994646e+00
