9.031833708286285400e-02
1.006087213754653931e-01
1.082146316766738892e-01
1.134916692972183228e-01
1.168271452188491821e-01
1.186175495386123657e-01
1.192516237497329712e-01
1.190928369760513306e-01
1.184715181589126587e-01
1.176760345697402954e-01
1.169527918100357056e-01
1.165083795785903931e-01
1.165104061365127563e-01
1.170969158411026001e-01
1.183807998895645142e-01
1.204618364572525024e-01
1.234288364648818970e-01
1.273492723703384399e-01
1.323217302560806274e-01
1.384266763925552368e-01
1.456943899393081665e-01
1.543443351984024048e-01
1.643692404031753540e-01
1.759624630212783813e-01
1.891547590494155884e-01
2.042449861764907837e-01
2.210102230310440063e-01
2.398065477609634399e-01
2.609210312366485596e-01
2.837887108325958252e-01
3.098439276218414307e-01
3.374789059162139893e-01
3.684834539890289307e-01
4.008183777332305908e-01
4.377157986164093018e-01
4.732129871845245361e-01
5.159727334976196289e-01
5.582671165466308594e-01
6.077153682708740234e-01
6.526446342468261719e-01
7.046664953231811523e-01
7.023981809616088867e-01
