2.309331297874450684e-02
8.658796548843383789e-02
1.375275254249572754e-01
1.775012910366058350e-01
2.082743644714355469e-01
2.316264808177947998e-01
2.492295801639556885e-01
2.625619173049926758e-01
2.728828787803649902e-01
2.812009155750274658e-01
2.883126139640808105e-01
2.948205471038818359e-01
3.011608719825744629e-01
3.076421916484832764e-01
3.144930899143218994e-01
3.218482136726379395e-01
3.298313021659851074e-01
3.384919762611389160e-01
3.479151129722595215e-01
3.582267463207244873e-01
3.693042695522308350e-01
3.814397156238555908e-01
3.944749534130096436e-01
4.086888730525970459e-01
4.239613413810729980e-01
4.406762123107910156e-01
4.586272239685058594e-01
4.781423211097717285e-01
4.989796876907348633e-01
5.217012166976928711e-01
5.461527705192565918e-01
5.721178650856018066e-01
6.003254652023315430e-01
6.304841041564941406e-01
6.624199748039245605e-01
6.978248357772827148e-01
7.352862358093261719e-01
7.731353044509887695e-01
8.161246776580810547e-01
8.577529191970825195e-01
9.056191444396972656e-01
8.980848789215087891e-01
