2.000160659238177541e+00
1.900170422463674402e+00
1.800174558638744537e+00
1.700176534078884583e+00
1.600180865413924236e+00
1.500187057977128591e+00
1.400190760397804768e+00
1.300182294646900605e+00
1.200147071790513165e+00
1.100139549329210320e+00
1.000199729527405212e+00
9.001649571307617226e-01
8.001353389431963281e-01
7.001479492228379620e-01
6.003116990084859106e-01
5.002405926425447236e-01
4.000974276662905837e-01
3.003280430963148340e-01
2.000265265168496287e-01
1.004704902828476576e-01
1.606592381776473990e-04
-9.983832210199961033e-02
-1.997504521552160850e-01
-3.005768287368713598e-01
-3.997362687332000064e-01
-5.010212848258462914e-01
-6.007278837507881164e-01
-6.969833151490236745e-01
-7.985755624200883140e-01
-8.999087339701313804e-01
-9.983008937077637590e-01
-1.103295251429120993e+00
-1.199967199450308941e+00
-1.306636287189185675e+00
-1.395822564690669232e+00
-1.490182103101666655e+00
-1.599082276924552071e+00
-1.699939562490246692e+00
-1.791488775069703498e+00
-1.885162254511623781e+00
-1.976784590765021221e+00
-2.001939976963127865e+00
