7.099410901511267469e-02
1.648493333905763636e-01
2.588072324230528132e-01
3.553135661375294574e-01
4.508016351330845772e-01
5.398536179250563727e-01
5.972035847453812663e-01
6.397145335978641212e-01
6.728530581459922777e-01
6.989778215663382532e-01
7.194307323488682293e-01
7.344773882330828396e-01
7.474856083700675002e-01
7.576078095962236469e-01
7.661249572539426955e-01
7.746096539868800868e-01
7.810333434532552577e-01
7.873350565358333553e-01
7.949938479811942127e-01
8.010028489638545413e-01
8.099218123724893914e-01
8.156713705288851646e-01
8.241336472402416291e-01
8.344048068136560303e-01
8.426111115655013917e-01
8.549597246501720038e-01
8.656345206432698447e-01
8.742208146975785077e-01
8.889199159778768955e-01
9.037750887452381532e-01
9.180481697670372920e-01
9.397308572206809485e-01
9.561804406655413091e-01
9.799487971205371739e-01
9.913302052522019459e-01
1.005909446494558823e+00
1.042760530509397654e+00
1.068697804663950368e+00
1.090325079401024411e+00
1.111000244316013186e+00
1.136970927563592415e+00
1.170428945257952380e+00
