2.731374502182006836e-01
3.414486646652221680e-01
4.145576953887939453e-01
4.897743463516235352e-01
5.629087686538696289e-01
6.293737888336181641e-01
6.855628490447998047e-01
7.297097444534301758e-01
7.618927955627441406e-01
7.834315299987792969e-01
7.962285280227661133e-01
8.022325038909912109e-01
8.031376600265502930e-01
8.003380298614501953e-01
7.949247360229492188e-01
7.877018451690673828e-01
7.793071269989013672e-01
7.702676057815551758e-01
7.608903646469116211e-01
7.516114711761474609e-01
7.425719499588012695e-01
7.341232299804687500e-01
7.264885902404785156e-01
7.198435068130493164e-01
7.145859003067016602e-01
7.107700109481811523e-01
7.087912559509277344e-01
7.087756395339965820e-01
7.110106945037841797e-01
7.157649993896484375e-01
7.229932546615600586e-01
7.337356805801391602e-01
7.465379238128662109e-01
7.640385627746582031e-01
7.814627885818481445e-01
8.027095794677734375e-01
8.308496475219726562e-01
8.603546619415283203e-01
8.899623155593872070e-01
9.229776859283447266e-01
9.578502178192138672e-01
9.678585529327392578e-01
