2.193220257759094238e-01
3.050741553306579590e-01
3.956429362297058105e-01
4.900752902030944824e-01
5.867336392402648926e-01
6.834738850593566895e-01
7.777794003486633301e-01
8.672910332679748535e-01
9.496880173683166504e-01
1.023049354553222656e+00
1.085685491561889648e+00
1.136654615402221680e+00
1.176358699798583984e+00
1.206183910369873047e+00
1.228301286697387695e+00
1.244848966598510742e+00
1.257567644119262695e+00
1.267822265625000000e+00
1.276390314102172852e+00
1.283782243728637695e+00
1.290261268615722656e+00
1.295947313308715820e+00
1.300952672958374023e+00
1.305216789245605469e+00
1.308827877044677734e+00
1.311736106872558594e+00
1.314093351364135742e+00
1.315972089767456055e+00
1.317411184310913086e+00
1.318523406982421875e+00
1.319463968276977539e+00
1.320335626602172852e+00
1.321291446685791016e+00
1.322601318359375000e+00
1.324075937271118164e+00
1.326246738433837891e+00
1.328889846801757812e+00
1.333328485488891602e+00
1.336634874343872070e+00
1.342558145523071289e+00
1.349555969238281250e+00
1.350027322769165039e+00
