-6.525713205337524414e-01
-5.546734333038330078e-01
-4.606445133686065674e-01
-3.719739615917205811e-01
-2.897042334079742432e-01
-2.144091427326202393e-01
-1.461505591869354248e-01
-8.477553725242614746e-02
-2.978482842445373535e-02
1.929399371147155762e-02
6.305757164955139160e-02
1.020899116992950439e-01
1.369376480579376221e-01
1.682083904743194580e-01
1.964758932590484619e-01
2.223199307918548584e-01
2.461664378643035889e-01
2.688603103160858154e-01
2.907408773899078369e-01
3.123018443584442139e-01
3.340970575809478760e-01
3.565878570079803467e-01
3.800525367259979248e-01
4.048621952533721924e-01
4.311973750591278076e-01
4.594002068042755127e-01
4.896292388439178467e-01
5.225883722305297852e-01
5.572830438613891602e-01
5.943043231964111328e-01
6.335122585296630859e-01
6.755195856094360352e-01
7.191621065139770508e-01
7.644616365432739258e-01
8.152568340301513672e-01
8.657910823822021484e-01
9.148844480514526367e-01
9.666002988815307617e-01
1.023118019104003906e+00
1.085505723953247070e+00
1.135071158409118652e+00
1.139173507690429688e+00
