1.591158218277690106e-01
1.863063842699078931e-01
2.184041992497216533e-01
2.496629873606059369e-01
2.791420064916382282e-01
3.069394421585399657e-01
3.327615356098077015e-01
3.575918475234408089e-01
3.801388532654173535e-01
4.023989589132324629e-01
4.236062707211680212e-01
4.434194617828172702e-01
4.636541359718276412e-01
4.832163124035260826e-01
5.053670712921362052e-01
5.263004993656293928e-01
5.484754085266063672e-01
5.723487407451598452e-01
5.971904092012392251e-01
6.245296040957317718e-01
6.532125137753437283e-01
6.845760873884552122e-01
7.177287378213428326e-01
7.537132511259518886e-01
7.933013536131150456e-01
8.335550677761917049e-01
8.790385052372370334e-01
9.248269788412343262e-01
9.765563001207820948e-01
1.030963842378275208e+00
1.086217415693343069e+00
1.144293927198530847e+00
1.206933761880597977e+00
1.271190838701294901e+00
1.342797591459367501e+00
1.405448816311575921e+00
1.473983023210335919e+00
1.543422327039723596e+00
1.615718646710097683e+00
1.704930858794878157e+00
1.781245407452571650e+00
1.788875115775416802e+00
