1.482014874585118047e-01
1.745540345208302369e-01
2.049606141156022909e-01
2.339854787802114477e-01
2.608343121723191160e-01
2.861869169410378166e-01
3.087137766390037341e-01
3.297638750133164431e-01
3.497048106562106184e-01
3.675236418690196460e-01
3.857670936267757478e-01
4.021925778788228434e-01
4.192120226230758306e-01
4.357010633732117388e-01
4.542959307398498070e-01
4.725516831144278007e-01
4.913897119293053617e-01
5.131909554173644805e-01
5.351801502694893964e-01
5.594158223609617675e-01
5.861482879084536357e-01
6.144015002033386130e-01
6.448520064261427098e-01
6.777529095297658568e-01
7.148995021730772947e-01
7.547992173259159276e-01
7.933432921464780296e-01
8.367354243933610158e-01
8.847500635961805804e-01
9.320727704507540956e-01
9.846758031672157019e-01
1.042023927248867166e+00
1.099577060916708371e+00
1.158030612590340347e+00
1.224170351689181979e+00
1.288338669395163505e+00
1.349122047476353448e+00
1.423884554449140305e+00
1.495849485226016240e+00
1.569689858030812513e+00
1.647304711806109490e+00
1.661216185615502994e+00
