1.075381875038146973e+00
1.106116414070129395e+00
1.133728623390197754e+00
1.158579707145690918e+00
1.181087851524353027e+00
1.201715111732482910e+00
1.220932364463806152e+00
1.239186167716979980e+00
1.256923079490661621e+00
1.274539589881896973e+00
1.292366385459899902e+00
1.310765266418457031e+00
1.329969763755798340e+00
1.350213646888732910e+00
1.371735453605651855e+00
1.394590258598327637e+00
1.418990015983581543e+00
1.444935917854309082e+00
1.472571372985839844e+00
1.501835346221923828e+00
1.532825708389282227e+00
1.565443158149719238e+00
1.599609732627868652e+00
1.635425686836242676e+00
1.672927975654602051e+00
1.711151003837585449e+00
1.751681685447692871e+00
1.792363524436950684e+00
1.835070490837097168e+00
1.878870606422424316e+00
1.923099160194396973e+00
1.967765927314758301e+00
2.014265775680541992e+00
2.060333967208862305e+00
2.109261274337768555e+00
2.153190612792968750e+00
2.199629545211791992e+00
2.245380640029907227e+00
2.292262554168701172e+00
2.344855308532714844e+00
2.391005039215087891e+00
2.393798828125000000e+00
