-1.690156757831573486e-01
-1.317783296108245850e-01
-9.727093577384948730e-02
-6.576648354530334473e-02
-3.746661543846130371e-02
-1.248088479042053223e-02
9.175866842269897461e-03
2.758684754371643066e-02
4.296305775642395020e-02
5.557832121849060059e-02
6.580278277397155762e-02
7.406744360923767090e-02
8.086398243904113770e-02
8.667823672294616699e-02
9.204491972923278809e-02
9.747996926307678223e-02
1.034533083438873291e-01
1.105346977710723877e-01
1.190662086009979248e-01
1.294626891613006592e-01
1.421053707599639893e-01
1.572408378124237061e-01
1.751754581928253174e-01
1.959658563137054443e-01
2.200560271739959717e-01
2.473538815975189209e-01
2.773762345314025879e-01
3.109758496284484863e-01
3.480733931064605713e-01
3.878047168254852295e-01
4.319229125976562500e-01
4.802530407905578613e-01
5.304571390151977539e-01
5.849682092666625977e-01
6.443406939506530762e-01
7.062773108482360840e-01
7.660193443298339844e-01
8.387817144393920898e-01
9.096246957778930664e-01
9.859195947647094727e-01
1.064966320991516113e+00
1.070236682891845703e+00
