1.900000000000000000e+01 1.500000000000000000e+00 1.200000000000000000e+01 8.449999999999999289e+00 1.000000000000000000e+00 2.500000000000000000e+01 0.000000000000000000e+00 2.500000000000000000e+01 2.101468575599341193e-05 9.521919697164094032e-09 1.210383680582328703e+00 7.125401452940542413e+01
1.900000000000000000e+01 1.500000000000000000e+00 1.200000000000000000e+01 8.449999999999999289e+00 5.000000000000000000e+00 2.500000000000000000e+01 0.000000000000000000e+00 2.500000000000000000e+01 2.550795502798131054e-05 6.537811403362070450e-09 5.033099726882473313e+00 2.528722607760305863e+01
1.900000000000000000e+01 1.500000000000000000e+00 1.200000000000000000e+01 8.449999999999999289e+00 1.000000000000000000e+01 2.500000000000000000e+01 0.000000000000000000e+00 2.500000000000000000e+01 3.962910871146974046e-05 1.224889412121399346e-08 8.916573246296357169e+00 1.611077870998729011e+01
1.900000000000000000e+01 1.500000000000000000e+00 1.200000000000000000e+01 8.449999999999999289e+00 1.000000000000000000e+00 2.500000000000000000e+01 1.000000000000000056e-01 2.500000000000000000e+01 9.119469948615233079e-05 1.542327494608031202e-07 1.185558640737366165e+00 7.314668417550784341e+01
1.900000000000000000e+01 1.500000000000000000e+00 1.200000000000000000e+01 8.449999999999999289e+00 5.000000000000000000e+00 2.500000000000000000e+01 1.000000000000000056e-01 2.500000000000000000e+01 4.138515404195075575e-05 1.326126430889473795e-08 4.775860110819496462e+00 2.650708457243449701e+01
1.900000000000000000e+01 1.500000000000000000e+00 1.200000000000000000e+01 8.449999999999999289e+00 1.000000000000000000e+01 2.500000000000000000e+01 1.000000000000000056e-01 2.500000000000000000e+01 4.559199264875246627e-05 1.268476990112787917e-08 8.631179403748266310e+00 1.662178897173042458e+01
1.900000000000000000e+01 1.500000000000000000e+00 1.200000000000000000e+01 8.449999999999999289e+00 1.000000000000000000e+00 3.500000000000000000e+01 1.000000000000000056e-01 2.500000000000000000e+01 3.198636519602393591e-03 1.890553190162513886e-04 1.114019765734266310e+00 7.572574978136206880e+01
1.900000000000000000e+01 1.500000000000000000e+00 1.200000000000000000e+01 8.449999999999999289e+00 5.000000000000000000e+00 3.500000000000000000e+01 1.000000000000000056e-01 2.500000000000000000e+01 2.820625948074528822e-05 6.760233262070869387e-09 4.486173996534822628e+00 2.752609816256683217e+01
1.900000000000000000e+01 1.500000000000000000e+00 1.200000000000000000e+01 8.449999999999999289e+00 1.000000000000000000e+01 3.500000000000000000e+01 1.000000000000000056e-01 2.500000000000000000e+01 4.374657202799170364e-05 1.351190470622043449e-08 7.965698897654342581e+00 1.750512849940517057e+01
1.900000000000000000e+01 1.500000000000000000e+00 1.200000000000000000e+01 8.449999999999999289e+00 1.000000000000000000e+00 4.000000000000000000e+01 1.000000000000000056e-01 2.500000000000000000e+01 5.300735594806482709e-04 6.374156326094393421e-06 1.058948961346085405e+00 7.829621682923421133e+01
1.900000000000000000e+01 1.500000000000000000e+00 1.200000000000000000e+01 8.449999999999999289e+00 5.000000000000000000e+00 4.000000000000000000e+01 1.000000000000000056e-01 2.500000000000000000e+01 3.104458464986414867e-05 1.303245911188355421e-08 4.483569585714409556e+00 2.733830305291752438e+01
1.900000000000000000e+01 1.500000000000000000e+00 1.200000000000000000e+01 8.449999999999999289e+00 1.000000000000000000e+01 4.000000000000000000e+01 1.000000000000000056e-01 2.500000000000000000e+01 1.990739280044451220e-05 6.191399837263134032e-09 8.087158095421056458e+00 1.728237241580941586e+01
1.900000000000000000e+01 1.500000000000000000e+00 1.200000000000000000e+01 8.449999999999999289e+00 1.000000000000000000e+00 2.500000000000000000e+01 1.000000000000000000e+00 2.500000000000000000e+01 5.896593820011508669e-03 4.857047973989558898e-04 1.156638207826513165e+00 7.454975369242293937e+01
1.900000000000000000e+01 1.500000000000000000e+00 1.200000000000000000e+01 8.449999999999999289e+00 1.000000000000000000e+00 3.500000000000000000e+01 1.000000000000000000e+00 2.500000000000000000e+01 3.711392483517039764e-03 2.459759422011043029e-04 1.047150941011984360e+00 7.810136916684022879e+01
1.900000000000000000e+01 1.500000000000000000e+00 1.200000000000000000e+01 8.449999999999999289e+00 1.000000000000000000e+00 4.000000000000000000e+01 1.000000000000000000e+00 2.500000000000000000e+01 4.035731338847270422e-05 2.792083786395949119e-08 9.987916281603910207e-01 7.719247864412758986e+01
1.900000000000000000e+01 1.500000000000000000e+00 1.200000000000000000e+01 8.449999999999999289e+00 5.000000000000000000e+00 4.000000000000000000e+01 1.000000000000000000e+00 2.500000000000000000e+01 1.634583766940700400e-05 6.600472390871914286e-09 4.129921780105888729e+00 2.808592964302436457e+01
1.900000000000000000e+01 1.500000000000000000e+00 1.200000000000000000e+01 8.449999999999999289e+00 1.000000000000000000e+01 4.000000000000000000e+01 1.000000000000000000e+00 2.500000000000000000e+01 1.635410936784431613e-05 6.071140701280342000e-09 7.116634826388935409e+00 1.844741256235015214e+01
1.900000000000000000e+01 1.500000000000000000e+00 1.200000000000000000e+01 8.449999999999999289e+00 1.000000000000000000e+00 2.500000000000000000e+01 2.000000000000000000e+00 2.500000000000000000e+01 1.078234764107199872e-02 1.352273043792484586e-03 1.088203305228655493e+00 7.928065917494011217e+01
1.900000000000000000e+01 1.500000000000000000e+00 1.200000000000000000e+01 8.449999999999999289e+00 5.000000000000000000e+00 2.500000000000000000e+01 2.000000000000000000e+00 2.500000000000000000e+01 6.075195178589787304e-05 1.457632436974165557e-08 4.069301543386075082e+00 3.127346692812700724e+01
1.900000000000000000e+01 1.500000000000000000e+00 1.200000000000000000e+01 8.449999999999999289e+00 1.000000000000000000e+01 2.500000000000000000e+01 2.000000000000000000e+00 2.500000000000000000e+01 5.852209682055686812e-05 1.305668329010245543e-08 6.126615360320278647e+00 2.288995923688664647e+01
1.900000000000000000e+01 1.500000000000000000e+00 1.200000000000000000e+01 8.449999999999999289e+00 1.000000000000000000e+00 3.500000000000000000e+01 2.000000000000000000e+00 2.500000000000000000e+01 6.474057499852303721e-04 9.869706413923040600e-06 9.961874015608935817e-01 8.052793610430241245e+01
1.900000000000000000e+01 1.500000000000000000e+00 1.200000000000000000e+01 8.449999999999999289e+00 5.000000000000000000e+00 3.500000000000000000e+01 2.000000000000000000e+00 2.500000000000000000e+01 2.136914786543542277e-05 6.640229699428346066e-09 3.844455927083095581e+00 3.081920963447164041e+01
1.900000000000000000e+01 1.500000000000000000e+00 1.200000000000000000e+01 8.449999999999999289e+00 1.000000000000000000e+01 3.500000000000000000e+01 2.000000000000000000e+00 2.500000000000000000e+01 2.110236504182516626e-05 6.767409299612836548e-09 6.511439327402168686e+00 2.063911988223656024e+01
1.900000000000000000e+01 1.500000000000000000e+00 1.200000000000000000e+01 8.449999999999999289e+00 1.000000000000000000e+00 4.000000000000000000e+01 2.000000000000000000e+00 2.500000000000000000e+01 1.179346272072678836e-02 1.311584093563133990e-03 9.680000407551530017e-01 7.391268723250139772e+01
1.900000000000000000e+01 1.500000000000000000e+00 1.200000000000000000e+01 8.449999999999999289e+00 5.000000000000000000e+00 4.000000000000000000e+01 2.000000000000000000e+00 2.500000000000000000e+01 2.578784763951347259e-05 6.567540733470877967e-09 3.708922783655622002e+00 2.858673292625853080e+01
1.900000000000000000e+01 1.500000000000000000e+00 1.200000000000000000e+01 8.449999999999999289e+00 1.000000000000000000e+01 4.000000000000000000e+01 2.000000000000000000e+00 2.500000000000000000e+01 1.621783532934628624e-05 7.027840975837307269e-09 6.363432012971858676e+00 1.971821611765907178e+01
1.900000000000000000e+01 1.500000000000000000e+00 1.200000000000000000e+01 8.449999999999999289e+00 1.000000000000000000e+00 2.500000000000000000e+01 3.000000000000000000e+00 2.500000000000000000e+01 1.721579141129048196e-02 3.505040410495707803e-03 9.781476675098537132e-01 8.526149588568770810e+01
1.900000000000000000e+01 1.500000000000000000e+00 1.200000000000000000e+01 8.449999999999999289e+00 1.000000000000000000e+00 3.500000000000000000e+01 3.000000000000000000e+00 2.500000000000000000e+01 5.779570986924831288e-03 6.275044620243086513e-04 8.842822488768022904e-01 8.439823869350453833e+01
1.900000000000000000e+01 1.500000000000000000e+00 1.200000000000000000e+01 8.449999999999999289e+00 1.000000000000000000e+00 4.000000000000000000e+01 3.000000000000000000e+00 2.500000000000000000e+01 6.075477514411176116e-07 5.888635579154311017e-09 8.087175041004672771e-01 1.017783893252802727e+02
1.900000000000000000e+01 1.500000000000000000e+00 1.200000000000000000e+01 8.449999999999999289e+00 5.000000000000000000e+00 4.000000000000000000e+01 3.000000000000000000e+00 2.500000000000000000e+01 4.833642976054264295e-05 1.271535654545630223e-08 2.967336403143062906e+00 3.343563522416803835e+01
1.900000000000000000e+01 1.500000000000000000e+00 1.200000000000000000e+01 8.449999999999999289e+00 1.000000000000000000e+01 4.000000000000000000e+01 3.000000000000000000e+00 2.500000000000000000e+01 2.486476315310959251e-05 6.406395192115610371e-09 5.411843480818400387e+00 2.163636141789698542e+01
1.900000000000000000e+01 1.500000000000000000e+00 1.200000000000000000e+01 8.449999999999999289e+00 1.000000000000000000e+00 2.500000000000000000e+01 4.000000000000000000e+00 2.500000000000000000e+01 2.101962722726624655e-02 5.072909362753730278e-03 9.411871223598525793e-01 8.698410347504228923e+01
1.900000000000000000e+01 1.500000000000000000e+00 1.200000000000000000e+01 8.449999999999999289e+00 5.000000000000000000e+00 2.500000000000000000e+01 4.000000000000000000e+00 2.500000000000000000e+01 2.377808720295249145e-03 2.001811415008880601e-05 3.134171850309859675e+00 3.944710975895128513e+01
1.900000000000000000e+01 1.500000000000000000e+00 1.200000000000000000e+01 8.449999999999999289e+00 1.000000000000000000e+01 2.500000000000000000e+01 4.000000000000000000e+00 2.500000000000000000e+01 1.019886244593148916e-04 3.515284197064261207e-08 4.331428722385182617e+00 3.120437149982946323e+01
1.900000000000000000e+01 1.500000000000000000e+00 1.200000000000000000e+01 8.449999999999999289e+00 1.000000000000000000e+00 3.500000000000000000e+01 4.000000000000000000e+00 2.500000000000000000e+01 3.111185675947214513e-02 7.764226647643868162e-03 8.465553768823929071e-01 8.211575673934036956e+01
1.900000000000000000e+01 1.500000000000000000e+00 1.200000000000000000e+01 8.449999999999999289e+00 5.000000000000000000e+00 3.500000000000000000e+01 4.000000000000000000e+00 2.500000000000000000e+01 1.676251327298317051e-05 6.479852654450724003e-09 3.139338191161565650e+00 3.580658122945902022e+01
1.900000000000000000e+01 1.500000000000000000e+00 1.200000000000000000e+01 8.449999999999999289e+00 1.000000000000000000e+01 3.500000000000000000e+01 4.000000000000000000e+00 2.500000000000000000e+01 1.796013082566716434e-05 6.390880269435683658e-09 5.257817121459985366e+00 2.425003154676288730e+01
1.900000000000000000e+01 1.500000000000000000e+00 1.200000000000000000e+01 8.449999999999999289e+00 1.000000000000000000e+00 4.000000000000000000e+01 4.000000000000000000e+00 2.500000000000000000e+01 2.206923051346620923e-04 1.191260696956386589e-02 7.347072748111419527e-01 1.137989987370792733e+02
1.900000000000000000e+01 1.500000000000000000e+00 1.200000000000000000e+01 8.449999999999999289e+00 5.000000000000000000e+00 4.000000000000000000e+01 4.000000000000000000e+00 2.500000000000000000e+01 5.581641354357458340e-05 1.299440288704545310e-08 2.600560516780794806e+00 3.675192006240577314e+01
1.900000000000000000e+01 1.500000000000000000e+00 1.200000000000000000e+01 8.449999999999999289e+00 1.000000000000000000e+01 4.000000000000000000e+01 4.000000000000000000e+00 2.500000000000000000e+01 3.385278422540771714e-05 6.118264117560556770e-09 4.823290811009550261e+00 2.324359851871885496e+01
1.900000000000000000e+01 1.500000000000000000e+00 1.200000000000000000e+01 8.449999999999999289e+00 1.000000000000000000e+00 2.500000000000000000e+01 5.000000000000000000e+00 2.500000000000000000e+01 2.352730439152295183e-02 6.156730183074499152e-03 9.298310182074217556e-01 8.827291185361758608e+01
1.900000000000000000e+01 1.500000000000000000e+00 1.200000000000000000e+01 8.449999999999999289e+00 1.000000000000000000e+00 3.500000000000000000e+01 5.000000000000000000e+00 2.500000000000000000e+01 2.791071400684330683e-02 6.728483109530891682e-03 7.825517907617451918e-01 8.506500872777964162e+01
1.900000000000000000e+01 1.500000000000000000e+00 1.200000000000000000e+01 8.449999999999999289e+00 1.000000000000000000e+00 4.000000000000000000e+01 5.000000000000000000e+00 2.500000000000000000e+01 3.595365023478791500e-07 6.738146485218976522e-09 7.460969435704079000e-01 1.091343489607577339e+02
1.900000000000000000e+01 1.500000000000000000e+00 1.200000000000000000e+01 8.449999999999999289e+00 5.000000000000000000e+00 4.000000000000000000e+01 5.000000000000000000e+00 2.500000000000000000e+01 3.483690998870914157e-03 2.786568089008234494e-05 2.267589195355164122e+00 4.091594767480410155e+01
1.900000000000000000e+01 1.500000000000000000e+00 1.200000000000000000e+01 8.449999999999999289e+00 1.000000000000000000e+01 4.000000000000000000e+01 5.000000000000000000e+00 2.500000000000000000e+01 3.453000344211254458e-05 6.277471209514828843e-09 4.443191361511256154e+00 2.493749267854477480e+01
1.900000000000000000e+01 1.500000000000000000e+00 1.200000000000000000e+01 8.449999999999999289e+00 1.000000000000000000e+00 2.500000000000000000e+01 6.000000000000000000e+00 2.500000000000000000e+01 2.614268441357059380e-02 7.470783353507037816e-03 9.027336418457618805e-01 8.867876510267720391e+01
1.900000000000000000e+01 1.500000000000000000e+00 1.200000000000000000e+01 8.449999999999999289e+00 5.000000000000000000e+00 2.500000000000000000e+01 6.000000000000000000e+00 2.500000000000000000e+01 5.526298065202217558e-03 1.187271844880211091e-04 2.815639442263590198e+00 4.324674750561703007e+01
1.900000000000000000e+01 1.500000000000000000e+00 1.200000000000000000e+01 8.449999999999999289e+00 1.000000000000000000e+01 2.500000000000000000e+01 6.000000000000000000e+00 2.500000000000000000e+01 1.484101007589444521e-04 7.236074073269094242e-08 3.548924866354805641e+00 3.872758713650620876e+01
1.900000000000000000e+01 1.500000000000000000e+00 1.200000000000000000e+01 8.449999999999999289e+00 1.000000000000000000e+00 3.500000000000000000e+01 6.000000000000000000e+00 2.500000000000000000e+01 5.699955029149172958e-02 1.833145016330850474e-02 7.213920215349995946e-01 8.769885692194186788e+01
1.900000000000000000e+01 1.500000000000000000e+00 1.200000000000000000e+01 8.449999999999999289e+00 5.000000000000000000e+00 3.500000000000000000e+01 6.000000000000000000e+00 2.500000000000000000e+01 2.175083748956474494e-05 6.657017381783703058e-09 2.646259699755809880e+00 3.961999453772056512e+01
1.900000000000000000e+01 1.500000000000000000e+00 1.200000000000000000e+01 8.449999999999999289e+00 1.000000000000000000e+01 3.500000000000000000e+01 6.000000000000000000e+00 2.500000000000000000e+01 1.896034719273131941e-05 6.134270869040392427e-09 4.651407019390015662e+00 2.653529369340668964e+01
1.900000000000000000e+01 1.500000000000000000e+00 1.200000000000000000e+01 8.449999999999999289e+00 1.000000000000000000e+00 4.000000000000000000e+01 6.000000000000000000e+00 2.500000000000000000e+01 3.626356025261401328e-04 3.604011949686111212e+08 7.093548485816931759e-01 1.155689206026424500e+02
1.900000000000000000e+01 1.500000000000000000e+00 1.200000000000000000e+01 8.449999999999999289e+00 5.000000000000000000e+00 4.000000000000000000e+01 6.000000000000000000e+00 2.500000000000000000e+01 6.789211665339633939e-03 1.280913730070665224e-04 2.031743829946562663e+00 4.441851098695316580e+01
1.900000000000000000e+01 1.500000000000000000e+00 1.200000000000000000e+01 8.449999999999999289e+00 1.000000000000000000e+01 4.000000000000000000e+01 6.000000000000000000e+00 2.500000000000000000e+01 3.774606105122479960e-05 6.783370531948662574e-09 3.952540883131851146e+00 2.701602097448830619e+01
1.900000000000000000e+01 1.500000000000000000e+00 1.200000000000000000e+01 8.449999999999999289e+00 1.000000000000000000e+00 2.500000000000000000e+01 7.000000000000000000e+00 2.500000000000000000e+01 3.123518016235404815e-02 9.840314363774638196e-03 8.794456730394266675e-01 9.108950538004961572e+01
1.900000000000000000e+01 1.500000000000000000e+00 1.200000000000000000e+01 8.449999999999999289e+00 1.000000000000000000e+00 3.500000000000000000e+01 7.000000000000000000e+00 2.500000000000000000e+01 6.130923564320345243e-02 1.694073476169122294e-02 7.290978689535038137e-01 8.744709561441365508e+01
1.900000000000000000e+01 1.500000000000000000e+00 1.200000000000000000e+01 8.449999999999999289e+00 5.000000000000000000e+00 4.000000000000000000e+01 7.000000000000000000e+00 2.500000000000000000e+01 1.511190474898294056e-02 4.906570584712888206e-04 1.876327180911723014e+00 4.702423963437271226e+01
1.900000000000000000e+01 1.500000000000000000e+00 1.200000000000000000e+01 8.449999999999999289e+00 1.000000000000000000e+01 4.000000000000000000e+01 7.000000000000000000e+00 2.500000000000000000e+01 7.909675941708549374e-05 1.310428099365879007e-08 3.627834120230881254e+00 2.907383078112906460e+01
1.900000000000000000e+01 1.500000000000000000e+00 1.200000000000000000e+01 8.449999999999999289e+00 1.000000000000000000e+00 2.500000000000000000e+01 8.000000000000000000e+00 2.500000000000000000e+01 3.141402434931483967e-02 9.854872529944769255e-03 9.174651792940268225e-01 8.747927097771606952e+01
1.900000000000000000e+01 1.500000000000000000e+00 1.200000000000000000e+01 8.449999999999999289e+00 5.000000000000000000e+00 2.500000000000000000e+01 8.000000000000000000e+00 2.500000000000000000e+01 1.015477036331535743e-02 4.249744188336013195e-04 2.665009753776200530e+00 4.508789603918683042e+01
1.900000000000000000e+01 1.500000000000000000e+00 1.200000000000000000e+01 8.449999999999999289e+00 1.000000000000000000e+01 2.500000000000000000e+01 8.000000000000000000e+00 2.500000000000000000e+01 8.279539504973953967e-05 2.085917860661368195e-08 3.093974390301283073e+00 4.224921909137940901e+01
1.900000000000000000e+01 1.500000000000000000e+00 1.200000000000000000e+01 8.449999999999999289e+00 1.000000000000000000e+00 3.500000000000000000e+01 8.000000000000000000e+00 2.500000000000000000e+01 4.166486056611518052e-06 5.995748120213306720e-09 8.667940998779687378e-01 8.551519169393060338e+01
1.900000000000000000e+01 1.500000000000000000e+00 1.200000000000000000e+01 8.449999999999999289e+00 5.000000000000000000e+00 3.500000000000000000e+01 8.000000000000000000e+00 2.500000000000000000e+01 2.326043541311939578e-05 6.768779536869828917e-09 2.656930908620748433e+00 3.903236659823582499e+01
1.900000000000000000e+01 1.500000000000000000e+00 1.200000000000000000e+01 8.449999999999999289e+00 1.000000000000000000e+01 3.500000000000000000e+01 8.000000000000000000e+00 2.500000000000000000e+01 1.543592157782214258e-05 6.365691973542197957e-09 4.417980362644822634e+00 2.771543655074233214e+01
1.900000000000000000e+01 1.500000000000000000e+00 1.200000000000000000e+01 8.449999999999999289e+00 5.000000000000000000e+00 4.000000000000000000e+01 8.000000000000000000e+00 2.500000000000000000e+01 1.068688120486882553e-05 7.275462010625233233e-09 2.774198262643810864e+00 3.754841953806480603e+01
1.900000000000000000e+01 1.500000000000000000e+00 1.200000000000000000e+01 8.449999999999999289e+00 1.000000000000000000e+01 4.000000000000000000e+01 8.000000000000000000e+00 2.500000000000000000e+01 1.110157349870632970e-05 6.174569744388236359e-09 4.601686834693774486e+00 2.505816060025804504e+01
1.900000000000000000e+01 1.500000000000000000e+00 1.200000000000000000e+01 8.449999999999999289e+00 1.000000000000000000e+00 2.500000000000000000e+01 9.000000000000000000e+00 2.500000000000000000e+01 3.022649856882209107e-02 8.904584922508451683e-03 9.714920369239429254e-01 8.479166268450302368e+01
1.900000000000000000e+01 1.500000000000000000e+00 1.200000000000000000e+01 8.449999999999999289e+00 1.000000000000000000e+00 3.500000000000000000e+01 9.000000000000000000e+00 2.500000000000000000e+01 2.348258702297267853e-02 8.263191445706086213e-03 7.415230761309240526e-01 8.618641114340256593e+01
1.900000000000000000e+01 1.500000000000000000e+00 1.200000000000000000e+01 8.449999999999999289e+00 5.000000000000000000e+00 4.000000000000000000e+01 9.000000000000000000e+00 2.500000000000000000e+01 5.851519060646737103e-04 1.176023774807077871e-06 2.144345805417367412e+00 4.256591413302377447e+01
1.900000000000000000e+01 1.500000000000000000e+00 1.200000000000000000e+01 8.449999999999999289e+00 1.000000000000000000e+01 4.000000000000000000e+01 9.000000000000000000e+00 2.500000000000000000e+01 5.847177477447118576e-05 1.342876942977966337e-08 3.682491063264549336e+00 2.882919802583837665e+01
1.900000000000000000e+01 1.500000000000000000e+00 1.200000000000000000e+01 8.449999999999999289e+00 1.000000000000000000e+00 2.500000000000000000e+01 1.000000000000000000e+01 2.500000000000000000e+01 3.107732900387571995e-02 1.194344654027612584e-02 7.879633066975402222e-01 9.821097843014918283e+01
1.900000000000000000e+01 1.500000000000000000e+00 1.200000000000000000e+01 8.449999999999999289e+00 5.000000000000000000e+00 2.500000000000000000e+01 1.000000000000000000e+01 2.500000000000000000e+01 1.422991460275269127e-02 9.851231908843960383e-04 2.351049440128317958e+00 4.916443290414856904e+01
1.900000000000000000e+01 1.500000000000000000e+00 1.200000000000000000e+01 8.449999999999999289e+00 1.000000000000000000e+01 2.500000000000000000e+01 1.000000000000000000e+01 2.500000000000000000e+01 6.330770753291581343e-03 1.585326865150005204e-04 2.811575038106163493e+00 4.699570821340887505e+01
1.900000000000000000e+01 1.500000000000000000e+00 1.200000000000000000e+01 8.449999999999999289e+00 5.000000000000000000e+00 3.500000000000000000e+01 1.000000000000000000e+01 2.500000000000000000e+01 6.302432815763481244e-05 2.042025482040799034e-08 2.211687270124362392e+00 4.362280804927186040e+01
1.900000000000000000e+01 1.500000000000000000e+00 1.200000000000000000e+01 8.449999999999999289e+00 1.000000000000000000e+01 3.500000000000000000e+01 1.000000000000000000e+01 2.500000000000000000e+01 2.387243590606935584e-05 6.797962193161311006e-09 4.069476023961033029e+00 2.895408946868884215e+01
1.900000000000000000e+01 1.500000000000000000e+00 1.200000000000000000e+01 8.449999999999999289e+00 5.000000000000000000e+00 4.000000000000000000e+01 1.000000000000000000e+01 2.500000000000000000e+01 7.924194793007544035e-06 6.485832537705960021e-09 2.559357275539098087e+00 4.175920141506610861e+01
1.900000000000000000e+01 1.500000000000000000e+00 1.200000000000000000e+01 8.449999999999999289e+00 1.000000000000000000e+01 4.000000000000000000e+01 1.000000000000000000e+01 2.500000000000000000e+01 4.636745914599060825e-05 6.471020386200621033e-09 3.269369128828729654e+00 3.146924225904440675e+01
1.900000000000000000e+01 1.500000000000000000e+00 1.200000000000000000e+01 8.449999999999999289e+00 1.000000000000000000e+00 2.500000000000000000e+01 1.100000000000000000e+01 2.500000000000000000e+01 3.123798940723698792e-02 1.126229756784336011e-02 8.304186321884260424e-01 9.375683651650824402e+01
1.900000000000000000e+01 1.500000000000000000e+00 1.200000000000000000e+01 8.449999999999999289e+00 5.000000000000000000e+00 4.000000000000000000e+01 1.100000000000000000e+01 2.500000000000000000e+01 2.007342731791261770e-05 6.754993453483848498e-09 2.303815667046331228e+00 4.054305353566177672e+01
1.900000000000000000e+01 1.500000000000000000e+00 1.200000000000000000e+01 8.449999999999999289e+00 1.000000000000000000e+01 4.000000000000000000e+01 1.100000000000000000e+01 2.500000000000000000e+01 6.463151996016769374e-05 1.336951749308923354e-08 3.119332107525031095e+00 3.263599977556879850e+01
1.900000000000000000e+01 1.500000000000000000e+00 1.200000000000000000e+01 8.449999999999999289e+00 1.000000000000000000e+00 2.500000000000000000e+01 1.200000000000000000e+01 2.500000000000000000e+01 3.396020877371275226e-02 1.312462380819545693e-02 7.465193446919107245e-01 9.800298757211341183e+01
1.900000000000000000e+01 1.500000000000000000e+00 1.200000000000000000e+01 8.449999999999999289e+00 5.000000000000000000e+00 2.500000000000000000e+01 1.200000000000000000e+01 2.500000000000000000e+01 1.514249764104835805e-02 1.158712838311259929e-03 2.095589777525021624e+00 5.334861191082887899e+01
1.900000000000000000e+01 1.500000000000000000e+00 1.200000000000000000e+01 8.449999999999999289e+00 1.000000000000000000e+01 2.500000000000000000e+01 1.200000000000000000e+01 2.500000000000000000e+01 1.042959588500469437e-02 4.839017023308134213e-04 2.433995301628134822e+00 5.219084322790914143e+01
1.900000000000000000e+01 1.500000000000000000e+00 1.200000000000000000e+01 8.449999999999999289e+00 5.000000000000000000e+00 3.500000000000000000e+01 1.200000000000000000e+01 2.500000000000000000e+01 2.607989148528666590e-05 6.578048994398955074e-09 1.947494712503854641e+00 4.631352995151208063e+01
1.900000000000000000e+01 1.500000000000000000e+00 1.200000000000000000e+01 8.449999999999999289e+00 1.000000000000000000e+01 3.500000000000000000e+01 1.200000000000000000e+01 2.500000000000000000e+01 5.554808500485286515e-05 1.335684407521853245e-08 3.530254997633626157e+00 3.130144266553845256e+01
1.900000000000000000e+01 1.500000000000000000e+00 1.200000000000000000e+01 8.449999999999999289e+00 5.000000000000000000e+00 4.000000000000000000e+01 1.200000000000000000e+01 2.500000000000000000e+01 4.664129531639638060e-05 1.312020070365349511e-08 2.115523409584608938e+00 4.301618181056718271e+01
1.900000000000000000e+01 1.500000000000000000e+00 1.200000000000000000e+01 8.449999999999999289e+00 1.000000000000000000e+01 4.000000000000000000e+01 1.200000000000000000e+01 2.500000000000000000e+01 8.362229239233798239e-05 1.331818011429675153e-08 3.162613335259956138e+00 3.208488011121306016e+01
1.900000000000000000e+01 1.500000000000000000e+00 1.200000000000000000e+01 8.449999999999999289e+00 1.000000000000000000e+01 4.000000000000000000e+01 1.300000000000000000e+01 2.500000000000000000e+01 1.475857543402625538e-04 3.454386976464718373e-08 3.119832439612976405e+00 3.267115620278374877e+01
1.900000000000000000e+01 1.500000000000000000e+00 1.200000000000000000e+01 8.449999999999999289e+00 5.000000000000000000e+00 2.500000000000000000e+01 1.400000000000000000e+01 2.500000000000000000e+01 1.945869175924919148e-02 1.840442966588806684e-03 2.146831230771830246e+00 5.197091490799219571e+01
1.900000000000000000e+01 1.500000000000000000e+00 1.200000000000000000e+01 8.449999999999999289e+00 1.000000000000000000e+01 2.500000000000000000e+01 1.400000000000000000e+01 2.500000000000000000e+01 1.016969316391080902e-02 3.781150345962824844e-04 2.651089275403544221e+00 4.967699888879493386e+01
1.900000000000000000e+01 1.500000000000000000e+00 1.200000000000000000e+01 8.449999999999999289e+00 5.000000000000000000e+00 3.500000000000000000e+01 1.400000000000000000e+01 2.500000000000000000e+01 9.893462988497248034e-05 3.548651439366778959e-08 2.027745607211111967e+00 4.539827000650909383e+01
1.900000000000000000e+01 1.500000000000000000e+00 1.200000000000000000e+01 8.449999999999999289e+00 1.000000000000000000e+01 3.500000000000000000e+01 1.400000000000000000e+01 2.500000000000000000e+01 4.485708957435718958e-05 6.386827067217382137e-09 3.607011570741220474e+00 3.020522119140751016e+01
1.900000000000000000e+01 1.500000000000000000e+00 1.200000000000000000e+01 8.449999999999999289e+00 1.000000000000000000e+01 4.000000000000000000e+01 1.400000000000000000e+01 2.500000000000000000e+01 4.598495625018905741e-05 6.353833237326966810e-09 3.458412879181673283e+00 3.009629340069498227e+01
1.900000000000000000e+01 1.500000000000000000e+00 1.200000000000000000e+01 8.449999999999999289e+00 1.000000000000000000e+01 4.000000000000000000e+01 1.500000000000000000e+01 2.500000000000000000e+01 9.258124389921462694e-05 1.341785171860010450e-08 3.403955368167259632e+00 3.042382528376235129e+01
1.900000000000000000e+01 1.500000000000000000e+00 1.200000000000000000e+01 8.449999999999999289e+00 5.000000000000000000e+00 2.500000000000000000e+01 1.600000000000000000e+01 2.500000000000000000e+01 1.858797391400934806e-02 1.850746551980586574e-03 1.999633431395115402e+00 5.427102265134348613e+01
1.900000000000000000e+01 1.500000000000000000e+00 1.200000000000000000e+01 8.449999999999999289e+00 1.000000000000000000e+01 2.500000000000000000e+01 1.600000000000000000e+01 2.500000000000000000e+01 1.293146604445483128e-02 8.046314463772130665e-04 2.309484364714221805e+00 5.316687415002583350e+01
1.900000000000000000e+01 1.500000000000000000e+00 1.200000000000000000e+01 8.449999999999999289e+00 5.000000000000000000e+00 3.500000000000000000e+01 1.600000000000000000e+01 2.500000000000000000e+01 3.386321469807107576e-03 4.344075041129435988e-05 1.686569259417492583e+00 5.075792140316308831e+01
1.900000000000000000e+01 1.500000000000000000e+00 1.200000000000000000e+01 8.449999999999999289e+00 1.000000000000000000e+01 3.500000000000000000e+01 1.600000000000000000e+01 2.500000000000000000e+01 9.172031170012751033e-05 2.014666833360934106e-08 3.192955000349786854e+00 3.258621630170522820e+01
1.900000000000000000e+01 1.500000000000000000e+00 1.200000000000000000e+01 8.449999999999999289e+00 1.000000000000000000e+01 4.000000000000000000e+01 1.600000000000000000e+01 2.500000000000000000e+01 1.089068953108629501e-02 1.292459255217703884e-04 2.941686675383204719e+00 3.318711972417874279e+01
1.900000000000000000e+01 1.500000000000000000e+00 1.200000000000000000e+01 8.449999999999999289e+00 1.000000000000000000e+01 4.000000000000000000e+01 1.700000000000000000e+01 2.500000000000000000e+01 3.625407425229543179e-04 1.280381931589857913e-07 3.012492902792769822e+00 3.260060403418981423e+01
1.900000000000000000e+01 1.500000000000000000e+00 1.200000000000000000e+01 8.449999999999999289e+00 5.000000000000000000e+00 2.500000000000000000e+01 1.800000000000000000e+01 2.500000000000000000e+01 1.889389916579498063e-02 1.763790357661054742e-03 1.940150470704023355e+00 5.574621756956300089e+01
1.900000000000000000e+01 1.500000000000000000e+00 1.200000000000000000e+01 8.449999999999999289e+00 1.000000000000000000e+01 2.500000000000000000e+01 1.800000000000000000e+01 2.500000000000000000e+01 1.389329378135806259e-02 9.593802119198802103e-04 2.234316799664972653e+00 5.495741919108080964e+01
1.900000000000000000e+01 1.500000000000000000e+00 1.200000000000000000e+01 8.449999999999999289e+00 5.000000000000000000e+00 3.500000000000000000e+01 1.800000000000000000e+01 2.500000000000000000e+01 1.531555408470097746e-02 6.160618927502081732e-04 1.720416042643684085e+00 4.983328986497240720e+01
1.900000000000000000e+01 1.500000000000000000e+00 1.200000000000000000e+01 8.449999999999999289e+00 1.000000000000000000e+01 4.000000000000000000e+01 1.800000000000000000e+01 2.500000000000000000e+01 3.170696519116500411e-03 1.112561540761447532e-05 3.270634611402905456e+00 3.093045193535073878e+01
1.900000000000000000e+01 1.500000000000000000e+00 1.200000000000000000e+01 8.449999999999999289e+00 5.000000000000000000e+00 2.500000000000000000e+01 2.200000000000000000e+01 2.500000000000000000e+01 2.168752285374120348e-02 1.836816844619004740e-03 1.819835228962774831e+00 5.685547782035847320e+01
1.900000000000000000e+01 1.500000000000000000e+00 1.200000000000000000e+01 8.449999999999999289e+00 1.000000000000000000e+01 2.500000000000000000e+01 2.200000000000000000e+01 2.500000000000000000e+01 1.857787963615287197e-02 1.426077735922515188e-03 2.099944043025824492e+00 5.646407998399902795e+01
1.900000000000000000e+01 1.500000000000000000e+00 1.200000000000000000e+01 8.449999999999999289e+00 1.000000000000000000e+01 3.500000000000000000e+01 2.200000000000000000e+01 2.500000000000000000e+01 1.345121378211056040e-02 1.220457834885113613e-04 2.883334465071072827e+00 3.443236742645547821e+01
1.900000000000000000e+01 1.500000000000000000e+00 1.200000000000000000e+01 8.449999999999999289e+00 5.000000000000000000e+00 2.500000000000000000e+01 2.400000000000000000e+01 2.500000000000000000e+01 2.321205645299850850e-02 2.808451919183996282e-03 1.681950799957988130e+00 5.938322580112829741e+01
