1.100000000000000000e+01 3.500000000000000000e+00 1.200000000000000000e+01 4.450000000000000178e+00 1.000000000000000000e+00 2.500000000000000000e+01 0.000000000000000000e+00 2.500000000000000000e+01 1.340615047292303963e-02 2.803718815034272893e-04 2.505011814205908127e+00 3.560271162895785579e+01
1.100000000000000000e+01 3.500000000000000000e+00 1.200000000000000000e+01 4.450000000000000178e+00 5.000000000000000000e+00 2.500000000000000000e+01 0.000000000000000000e+00 2.500000000000000000e+01 4.067678329737978160e-03 1.522120419661376900e-05 5.525286966912174691e+00 1.547482580673780461e+01
1.100000000000000000e+01 3.500000000000000000e+00 1.200000000000000000e+01 4.450000000000000178e+00 1.000000000000000000e+01 2.500000000000000000e+01 0.000000000000000000e+00 2.500000000000000000e+01 4.595799346105433614e-04 1.330636252294681299e-07 1.109530973936678500e+01 8.557545751987071014e+00
1.100000000000000000e+01 3.500000000000000000e+00 1.200000000000000000e+01 4.450000000000000178e+00 1.000000000000000000e+00 2.500000000000000000e+01 1.000000000000000056e-01 2.500000000000000000e+01 2.300894216918525359e-02 8.040257202268641379e-04 2.542107946198181700e+00 3.462087192420202797e+01
1.100000000000000000e+01 3.500000000000000000e+00 1.200000000000000000e+01 4.450000000000000178e+00 5.000000000000000000e+00 2.500000000000000000e+01 1.000000000000000056e-01 2.500000000000000000e+01 1.120739557429550892e-02 1.073485906066817819e-04 5.448150489769414406e+00 1.561120955896830864e+01
1.100000000000000000e+01 3.500000000000000000e+00 1.200000000000000000e+01 4.450000000000000178e+00 1.000000000000000000e+01 2.500000000000000000e+01 1.000000000000000056e-01 2.500000000000000000e+01 2.443705334322920919e-04 3.433563899868374847e-08 1.056706047931172776e+01 8.987310426149413445e+00
1.100000000000000000e+01 3.500000000000000000e+00 1.200000000000000000e+01 4.450000000000000178e+00 1.000000000000000000e+00 3.500000000000000000e+01 1.000000000000000056e-01 2.500000000000000000e+01 1.084418107844076218e-02 2.526595765595107679e-04 2.204612783846021440e+00 3.732456474623795373e+01
1.100000000000000000e+01 3.500000000000000000e+00 1.200000000000000000e+01 4.450000000000000178e+00 5.000000000000000000e+00 3.500000000000000000e+01 1.000000000000000056e-01 2.500000000000000000e+01 5.453699516782428702e-03 3.283211430726851177e-05 5.130476567871069982e+00 1.606685219298424272e+01
1.100000000000000000e+01 3.500000000000000000e+00 1.200000000000000000e+01 4.450000000000000178e+00 1.000000000000000000e+01 3.500000000000000000e+01 1.000000000000000056e-01 2.500000000000000000e+01 1.340718886966296708e-04 1.342487143674020444e-08 1.035491707807310213e+01 9.113015855828178857e+00
1.100000000000000000e+01 3.500000000000000000e+00 1.200000000000000000e+01 4.450000000000000178e+00 1.000000000000000000e+00 4.000000000000000000e+01 1.000000000000000056e-01 2.500000000000000000e+01 6.879928168708859815e-03 1.206151699217894446e-04 2.336670602157731036e+00 3.456724401843565886e+01
1.100000000000000000e+01 3.500000000000000000e+00 1.200000000000000000e+01 4.450000000000000178e+00 5.000000000000000000e+00 4.000000000000000000e+01 1.000000000000000056e-01 2.500000000000000000e+01 1.019341768619952404e-04 1.407039706968760129e-08 5.162138779804122279e+00 1.578700293408070365e+01
1.100000000000000000e+01 3.500000000000000000e+00 1.200000000000000000e+01 4.450000000000000178e+00 1.000000000000000000e+01 4.000000000000000000e+01 1.000000000000000056e-01 2.500000000000000000e+01 1.141134920987774137e-04 1.279076067284279361e-08 1.024372968619748470e+01 9.125060587568500026e+00
1.100000000000000000e+01 3.500000000000000000e+00 1.200000000000000000e+01 4.450000000000000178e+00 1.000000000000000000e+00 2.500000000000000000e+01 1.000000000000000000e+00 2.500000000000000000e+01 4.267594616279435371e-02 2.090399958170285899e-03 2.368326017348568069e+00 3.527018153090474328e+01
1.100000000000000000e+01 3.500000000000000000e+00 1.200000000000000000e+01 4.450000000000000178e+00 1.000000000000000000e+00 3.500000000000000000e+01 1.000000000000000000e+00 2.500000000000000000e+01 1.076807157043280228e-04 2.054497705294977550e-08 2.808852884025367036e+00 2.740589447651709065e+01
1.100000000000000000e+01 3.500000000000000000e+00 1.200000000000000000e+01 4.450000000000000178e+00 1.000000000000000000e+00 4.000000000000000000e+01 1.000000000000000000e+00 2.500000000000000000e+01 4.019013128919723954e-05 6.730317192449319919e-09 3.586437872506327285e+00 2.124739542920792701e+01
1.100000000000000000e+01 3.500000000000000000e+00 1.200000000000000000e+01 4.450000000000000178e+00 5.000000000000000000e+00 4.000000000000000000e+01 1.000000000000000000e+00 2.500000000000000000e+01 4.827446628197229472e-05 6.503997118656457133e-09 7.183249309941080796e+00 1.126942683497613018e+01
1.100000000000000000e+01 3.500000000000000000e+00 1.200000000000000000e+01 4.450000000000000178e+00 1.000000000000000000e+01 4.000000000000000000e+01 1.000000000000000000e+00 2.500000000000000000e+01 7.905070197411490085e-05 1.316086795100090967e-08 1.193056208094621162e+01 7.323603240023130567e+00
1.100000000000000000e+01 3.500000000000000000e+00 1.200000000000000000e+01 4.450000000000000178e+00 1.000000000000000000e+00 2.500000000000000000e+01 2.000000000000000000e+00 2.500000000000000000e+01 4.701380796158471931e-02 2.416401131025036619e-03 2.197730862761866799e+00 3.680513622487722358e+01
1.100000000000000000e+01 3.500000000000000000e+00 1.200000000000000000e+01 4.450000000000000178e+00 5.000000000000000000e+00 2.500000000000000000e+01 2.000000000000000000e+00 2.500000000000000000e+01 3.019302503357224055e-02 8.165307800584997722e-04 3.059527266786219890e+00 2.672323448542947588e+01
1.100000000000000000e+01 3.500000000000000000e+00 1.200000000000000000e+01 4.450000000000000178e+00 1.000000000000000000e+01 2.500000000000000000e+01 2.000000000000000000e+00 2.500000000000000000e+01 2.342250727056027770e-02 5.128311799569296170e-04 3.019355997771397515e+00 2.833851767385389309e+01
1.100000000000000000e+01 3.500000000000000000e+00 1.200000000000000000e+01 4.450000000000000178e+00 1.000000000000000000e+00 3.500000000000000000e+01 2.000000000000000000e+00 2.500000000000000000e+01 8.039980666985080404e-05 1.336860244727233749e-08 3.153124198994524452e+00 2.416414220648375633e+01
1.100000000000000000e+01 3.500000000000000000e+00 1.200000000000000000e+01 4.450000000000000178e+00 5.000000000000000000e+00 3.500000000000000000e+01 2.000000000000000000e+00 2.500000000000000000e+01 6.117015812923121132e-05 6.460456836165917593e-09 6.170335843354427752e+00 1.311717655349043454e+01
1.100000000000000000e+01 3.500000000000000000e+00 1.200000000000000000e+01 4.450000000000000178e+00 1.000000000000000000e+01 3.500000000000000000e+01 2.000000000000000000e+00 2.500000000000000000e+01 6.476478953154618523e-05 6.222425907864703731e-09 1.001331813951622607e+01 8.928057422300813784e+00
1.100000000000000000e+01 3.500000000000000000e+00 1.200000000000000000e+01 4.450000000000000178e+00 1.000000000000000000e+00 4.000000000000000000e+01 2.000000000000000000e+00 2.500000000000000000e+01 3.350916580568963354e-05 6.659407914000325945e-09 4.120893595780067642e+00 1.842357076972939822e+01
1.100000000000000000e+01 3.500000000000000000e+00 1.200000000000000000e+01 4.450000000000000178e+00 5.000000000000000000e+00 4.000000000000000000e+01 2.000000000000000000e+00 2.500000000000000000e+01 4.085043567592094860e-05 6.526478912860511628e-09 7.244945158255840845e+00 1.109119506751772910e+01
1.100000000000000000e+01 3.500000000000000000e+00 1.200000000000000000e+01 4.450000000000000178e+00 1.000000000000000000e+01 4.000000000000000000e+01 2.000000000000000000e+00 2.500000000000000000e+01 4.876759109473383091e-05 6.703615218484060279e-09 1.138377962296075019e+01 7.601956014420359509e+00
1.100000000000000000e+01 3.500000000000000000e+00 1.200000000000000000e+01 4.450000000000000178e+00 1.000000000000000000e+00 2.500000000000000000e+01 3.000000000000000000e+00 2.500000000000000000e+01 4.714444221034752580e-02 2.786467824839267138e-03 1.921943453594012530e+00 4.068160579665487120e+01
1.100000000000000000e+01 3.500000000000000000e+00 1.200000000000000000e+01 4.450000000000000178e+00 1.000000000000000000e+00 3.500000000000000000e+01 3.000000000000000000e+00 2.500000000000000000e+01 7.571900372616013897e-05 1.341687960731974272e-08 3.261038801696654499e+00 2.336853121965015134e+01
1.100000000000000000e+01 3.500000000000000000e+00 1.200000000000000000e+01 4.450000000000000178e+00 1.000000000000000000e+00 4.000000000000000000e+01 3.000000000000000000e+00 2.500000000000000000e+01 3.173111306686848820e-05 6.412553155143996264e-09 4.369856141156600593e+00 1.756242210792091285e+01
1.100000000000000000e+01 3.500000000000000000e+00 1.200000000000000000e+01 4.450000000000000178e+00 5.000000000000000000e+00 4.000000000000000000e+01 3.000000000000000000e+00 2.500000000000000000e+01 3.844670440278363799e-05 6.688051445991050059e-09 7.385984470123795553e+00 1.095878744869660437e+01
1.100000000000000000e+01 3.500000000000000000e+00 1.200000000000000000e+01 4.450000000000000178e+00 1.000000000000000000e+01 4.000000000000000000e+01 3.000000000000000000e+00 2.500000000000000000e+01 4.692461853150753370e-05 6.621907022719142333e-09 1.074598819088697255e+01 8.027335971143598314e+00
1.100000000000000000e+01 3.500000000000000000e+00 1.200000000000000000e+01 4.450000000000000178e+00 1.000000000000000000e+00 2.500000000000000000e+01 4.000000000000000000e+00 2.500000000000000000e+01 4.695570439836616039e-02 3.367256641060745181e-03 1.680707940793660704e+00 4.496190682290811935e+01
1.100000000000000000e+01 3.500000000000000000e+00 1.200000000000000000e+01 4.450000000000000178e+00 5.000000000000000000e+00 2.500000000000000000e+01 4.000000000000000000e+00 2.500000000000000000e+01 4.065563431025220886e-02 2.341922856077705006e-03 1.863782307267162874e+00 4.153924188696467468e+01
1.100000000000000000e+01 3.500000000000000000e+00 1.200000000000000000e+01 4.450000000000000178e+00 1.000000000000000000e+01 2.500000000000000000e+01 4.000000000000000000e+00 2.500000000000000000e+01 3.948146689955045474e-02 2.398696153658397279e-03 1.830839119123423231e+00 4.256590673696133820e+01
1.100000000000000000e+01 3.500000000000000000e+00 1.200000000000000000e+01 4.450000000000000178e+00 1.000000000000000000e+00 3.500000000000000000e+01 4.000000000000000000e+00 2.500000000000000000e+01 6.437895821131967011e-05 1.276217709289539926e-08 3.034217784132322127e+00 2.491306742012188735e+01
1.100000000000000000e+01 3.500000000000000000e+00 1.200000000000000000e+01 4.450000000000000178e+00 5.000000000000000000e+00 3.500000000000000000e+01 4.000000000000000000e+00 2.500000000000000000e+01 5.136972072627976615e-05 6.794326212755663619e-09 5.321888118998080230e+00 1.497752741991434711e+01
1.100000000000000000e+01 3.500000000000000000e+00 1.200000000000000000e+01 4.450000000000000178e+00 1.000000000000000000e+01 3.500000000000000000e+01 4.000000000000000000e+00 2.500000000000000000e+01 5.619524492317395925e-05 6.378667372075597086e-09 8.298281962819775259e+00 1.050944894223454540e+01
1.100000000000000000e+01 3.500000000000000000e+00 1.200000000000000000e+01 4.450000000000000178e+00 1.000000000000000000e+00 4.000000000000000000e+01 4.000000000000000000e+00 2.500000000000000000e+01 1.996985133678741420e-05 6.294892385128036949e-09 3.608745343884661061e+00 2.086585955185399044e+01
1.100000000000000000e+01 3.500000000000000000e+00 1.200000000000000000e+01 4.450000000000000178e+00 5.000000000000000000e+00 4.000000000000000000e+01 4.000000000000000000e+00 2.500000000000000000e+01 2.931222068514038881e-05 6.823967391156315898e-09 6.456091145468901615e+00 1.226682325734825163e+01
1.100000000000000000e+01 3.500000000000000000e+00 1.200000000000000000e+01 4.450000000000000178e+00 1.000000000000000000e+01 4.000000000000000000e+01 4.000000000000000000e+00 2.500000000000000000e+01 3.500872769768292869e-05 6.705846766763556843e-09 9.694261309200644661e+00 8.737246617108315405e+00
1.100000000000000000e+01 3.500000000000000000e+00 1.200000000000000000e+01 4.450000000000000178e+00 1.000000000000000000e+00 2.500000000000000000e+01 5.000000000000000000e+00 2.500000000000000000e+01 4.582823801571467293e-02 3.605959391356661214e-03 1.537794105216514495e+00 4.826660903263676516e+01
1.100000000000000000e+01 3.500000000000000000e+00 1.200000000000000000e+01 4.450000000000000178e+00 1.000000000000000000e+00 3.500000000000000000e+01 5.000000000000000000e+00 2.500000000000000000e+01 6.023965866197578123e-05 1.310856512226621362e-08 2.993089411797341004e+00 2.524485685047519468e+01
1.100000000000000000e+01 3.500000000000000000e+00 1.200000000000000000e+01 4.450000000000000178e+00 1.000000000000000000e+00 4.000000000000000000e+01 5.000000000000000000e+00 2.500000000000000000e+01 1.393957207262985776e-05 6.143659803115042450e-09 3.554990138075199813e+00 2.136419046965760415e+01
1.100000000000000000e+01 3.500000000000000000e+00 1.200000000000000000e+01 4.450000000000000178e+00 5.000000000000000000e+00 4.000000000000000000e+01 5.000000000000000000e+00 2.500000000000000000e+01 2.206193196641059728e-05 6.576154065740524857e-09 6.565009195697371958e+00 1.212652679789445465e+01
1.100000000000000000e+01 3.500000000000000000e+00 1.200000000000000000e+01 4.450000000000000178e+00 1.000000000000000000e+01 4.000000000000000000e+01 5.000000000000000000e+00 2.500000000000000000e+01 3.575266694877399232e-05 6.754500514460914928e-09 9.316856476475434690e+00 9.011399354902415837e+00
1.100000000000000000e+01 3.500000000000000000e+00 1.200000000000000000e+01 4.450000000000000178e+00 1.000000000000000000e+00 2.500000000000000000e+01 6.000000000000000000e+00 2.500000000000000000e+01 5.750058436612537349e-02 5.631379372786238235e-03 1.453800085771312478e+00 4.980347894930420694e+01
1.100000000000000000e+01 3.500000000000000000e+00 1.200000000000000000e+01 4.450000000000000178e+00 5.000000000000000000e+00 2.500000000000000000e+01 6.000000000000000000e+00 2.500000000000000000e+01 4.716708117489432084e-02 3.850977748472539375e-03 1.540848801872186424e+00 4.830921851308069392e+01
1.100000000000000000e+01 3.500000000000000000e+00 1.200000000000000000e+01 4.450000000000000178e+00 1.000000000000000000e+01 2.500000000000000000e+01 6.000000000000000000e+00 2.500000000000000000e+01 4.271293436022793877e-02 3.011210819317211573e-03 1.756589411941217538e+00 4.378961740080295328e+01
1.100000000000000000e+01 3.500000000000000000e+00 1.200000000000000000e+01 4.450000000000000178e+00 1.000000000000000000e+00 3.500000000000000000e+01 6.000000000000000000e+00 2.500000000000000000e+01 5.867862352637587264e-05 1.305664265593975415e-08 3.050248210851426833e+00 2.489383546752299381e+01
1.100000000000000000e+01 3.500000000000000000e+00 1.200000000000000000e+01 4.450000000000000178e+00 5.000000000000000000e+00 3.500000000000000000e+01 6.000000000000000000e+00 2.500000000000000000e+01 6.768948409208164207e-05 1.294120277606225500e-08 5.080471993351468818e+00 1.567270508097054815e+01
1.100000000000000000e+01 3.500000000000000000e+00 1.200000000000000000e+01 4.450000000000000178e+00 1.000000000000000000e+01 3.500000000000000000e+01 6.000000000000000000e+00 2.500000000000000000e+01 5.024470893100208002e-05 6.698878562971799511e-09 7.962798100945517099e+00 1.114441900532317220e+01
1.100000000000000000e+01 3.500000000000000000e+00 1.200000000000000000e+01 4.450000000000000178e+00 1.000000000000000000e+00 4.000000000000000000e+01 6.000000000000000000e+00 2.500000000000000000e+01 2.166901104616592022e-05 6.704866883922022680e-09 3.661492512675542432e+00 2.025726628789380257e+01
1.100000000000000000e+01 3.500000000000000000e+00 1.200000000000000000e+01 4.450000000000000178e+00 5.000000000000000000e+00 4.000000000000000000e+01 6.000000000000000000e+00 2.500000000000000000e+01 2.147109406158698164e-05 6.162650167951255753e-09 6.604974837826856238e+00 1.216689609602048883e+01
1.100000000000000000e+01 3.500000000000000000e+00 1.200000000000000000e+01 4.450000000000000178e+00 1.000000000000000000e+01 4.000000000000000000e+01 6.000000000000000000e+00 2.500000000000000000e+01 3.147329627117834150e-05 6.401405849842944917e-09 9.557034831250090789e+00 9.130102589909625976e+00
1.100000000000000000e+01 3.500000000000000000e+00 1.200000000000000000e+01 4.450000000000000178e+00 1.000000000000000000e+00 2.500000000000000000e+01 7.000000000000000000e+00 2.500000000000000000e+01 5.595394758050376005e-02 4.898734986359398746e-03 1.480126644802576719e+00 4.950620774851111605e+01
1.100000000000000000e+01 3.500000000000000000e+00 1.200000000000000000e+01 4.450000000000000178e+00 1.000000000000000000e+00 3.500000000000000000e+01 7.000000000000000000e+00 2.500000000000000000e+01 5.691093479565090263e-05 1.307145058859759956e-08 3.052958617972629352e+00 2.492675908172690313e+01
1.100000000000000000e+01 3.500000000000000000e+00 1.200000000000000000e+01 4.450000000000000178e+00 5.000000000000000000e+00 4.000000000000000000e+01 7.000000000000000000e+00 2.500000000000000000e+01 2.368223002102709529e-05 6.195203239300894893e-09 6.544082177161517855e+00 1.219092194574110444e+01
1.100000000000000000e+01 3.500000000000000000e+00 1.200000000000000000e+01 4.450000000000000178e+00 1.000000000000000000e+01 4.000000000000000000e+01 7.000000000000000000e+00 2.500000000000000000e+01 3.384051524424336321e-05 6.332366853101234483e-09 9.345321668647828872e+00 9.206075472046221009e+00
1.100000000000000000e+01 3.500000000000000000e+00 1.200000000000000000e+01 4.450000000000000178e+00 1.000000000000000000e+00 2.500000000000000000e+01 8.000000000000000000e+00 2.500000000000000000e+01 4.971235045465771663e-02 4.234362012021763988e-03 1.449874983684343865e+00 5.014575997276009645e+01
1.100000000000000000e+01 3.500000000000000000e+00 1.200000000000000000e+01 4.450000000000000178e+00 5.000000000000000000e+00 2.500000000000000000e+01 8.000000000000000000e+00 2.500000000000000000e+01 5.273312708503152813e-02 5.817599144086083029e-03 1.304814663170803524e+00 5.451606733166980234e+01
1.100000000000000000e+01 3.500000000000000000e+00 1.200000000000000000e+01 4.450000000000000178e+00 1.000000000000000000e+01 2.500000000000000000e+01 8.000000000000000000e+00 2.500000000000000000e+01 2.982490483549682381e-02 1.416758782211813283e-03 1.818630038693648698e+00 4.224067185560770810e+01
1.100000000000000000e+01 3.500000000000000000e+00 1.200000000000000000e+01 4.450000000000000178e+00 1.000000000000000000e+00 3.500000000000000000e+01 8.000000000000000000e+00 2.500000000000000000e+01 5.849072951624734173e-05 1.343162026046229585e-08 2.990381268602718468e+00 2.528434453917808611e+01
1.100000000000000000e+01 3.500000000000000000e+00 1.200000000000000000e+01 4.450000000000000178e+00 5.000000000000000000e+00 3.500000000000000000e+01 8.000000000000000000e+00 2.500000000000000000e+01 6.982454055215470134e-05 1.361497004026546165e-08 5.071280358385452658e+00 1.574174891050394720e+01
1.100000000000000000e+01 3.500000000000000000e+00 1.200000000000000000e+01 4.450000000000000178e+00 1.000000000000000000e+01 3.500000000000000000e+01 8.000000000000000000e+00 2.500000000000000000e+01 4.789746492450674964e-05 6.474456748506440817e-09 7.780621819533643624e+00 1.138582168740577849e+01
1.100000000000000000e+01 3.500000000000000000e+00 1.200000000000000000e+01 4.450000000000000178e+00 5.000000000000000000e+00 4.000000000000000000e+01 8.000000000000000000e+00 2.500000000000000000e+01 1.852595111606625267e-05 6.394230256390187606e-09 6.521481596410461101e+00 1.244538784431688860e+01
1.100000000000000000e+01 3.500000000000000000e+00 1.200000000000000000e+01 4.450000000000000178e+00 1.000000000000000000e+01 4.000000000000000000e+01 8.000000000000000000e+00 2.500000000000000000e+01 5.143384869144007610e-05 1.283102180060780029e-08 9.052403727827064372e+00 9.491718685825913937e+00
1.100000000000000000e+01 3.500000000000000000e+00 1.200000000000000000e+01 4.450000000000000178e+00 1.000000000000000000e+00 2.500000000000000000e+01 9.000000000000000000e+00 2.500000000000000000e+01 5.191791251867661217e-02 4.929333748157294082e-03 1.377260199924649653e+00 5.200648689568203054e+01
1.100000000000000000e+01 3.500000000000000000e+00 1.200000000000000000e+01 4.450000000000000178e+00 1.000000000000000000e+00 3.500000000000000000e+01 9.000000000000000000e+00 2.500000000000000000e+01 1.928141189428966840e-04 9.619416041495298941e-08 3.100185374779230063e+00 2.399551896446394039e+01
1.100000000000000000e+01 3.500000000000000000e+00 1.200000000000000000e+01 4.450000000000000178e+00 5.000000000000000000e+00 4.000000000000000000e+01 9.000000000000000000e+00 2.500000000000000000e+01 2.769233379851243626e-05 6.756218251524614971e-09 6.816922526964694917e+00 1.177071635551054563e+01
1.100000000000000000e+01 3.500000000000000000e+00 1.200000000000000000e+01 4.450000000000000178e+00 1.000000000000000000e+01 4.000000000000000000e+01 9.000000000000000000e+00 2.500000000000000000e+01 3.575200156680224950e-05 6.964533616482526668e-09 9.146638725819491000e+00 9.285936403570973496e+00
1.100000000000000000e+01 3.500000000000000000e+00 1.200000000000000000e+01 4.450000000000000178e+00 1.000000000000000000e+00 2.500000000000000000e+01 1.000000000000000000e+01 2.500000000000000000e+01 5.745191587468290173e-02 6.898712651872696000e-03 1.282936913736931972e+00 5.430147971094639558e+01
1.100000000000000000e+01 3.500000000000000000e+00 1.200000000000000000e+01 4.450000000000000178e+00 5.000000000000000000e+00 2.500000000000000000e+01 1.000000000000000000e+01 2.500000000000000000e+01 5.446145316463235631e-02 6.368308323060345444e-03 1.298000271760351376e+00 5.477296597632756914e+01
1.100000000000000000e+01 3.500000000000000000e+00 1.200000000000000000e+01 4.450000000000000178e+00 1.000000000000000000e+01 2.500000000000000000e+01 1.000000000000000000e+01 2.500000000000000000e+01 3.688900894650770645e-02 2.310121600648251672e-03 1.828451780078770739e+00 4.220733481009582988e+01
1.100000000000000000e+01 3.500000000000000000e+00 1.200000000000000000e+01 4.450000000000000178e+00 5.000000000000000000e+00 3.500000000000000000e+01 1.000000000000000000e+01 2.500000000000000000e+01 5.064119600373118146e-05 1.329520471493594869e-08 4.876642356418289026e+00 1.660358041986602728e+01
1.100000000000000000e+01 3.500000000000000000e+00 1.200000000000000000e+01 4.450000000000000178e+00 1.000000000000000000e+01 3.500000000000000000e+01 1.000000000000000000e+01 2.500000000000000000e+01 5.069516941524909726e-05 6.755001669134230724e-09 7.557537501980321260e+00 1.167172602839687379e+01
1.100000000000000000e+01 3.500000000000000000e+00 1.200000000000000000e+01 4.450000000000000178e+00 5.000000000000000000e+00 4.000000000000000000e+01 1.000000000000000000e+01 2.500000000000000000e+01 2.265940639545327429e-05 1.221746614987750945e-08 6.690961799494110629e+00 1.260694539546599735e+01
1.100000000000000000e+01 3.500000000000000000e+00 1.200000000000000000e+01 4.450000000000000178e+00 1.000000000000000000e+01 4.000000000000000000e+01 1.000000000000000000e+01 2.500000000000000000e+01 4.422443196028247314e-05 1.357577650296093452e-08 9.457506645120203004e+00 9.543476337365705220e+00
1.100000000000000000e+01 3.500000000000000000e+00 1.200000000000000000e+01 4.450000000000000178e+00 1.000000000000000000e+00 2.500000000000000000e+01 1.100000000000000000e+01 2.500000000000000000e+01 4.937739214277825361e-02 5.589653950665685045e-03 1.155999202790515046e+00 5.913562952895976110e+01
1.100000000000000000e+01 3.500000000000000000e+00 1.200000000000000000e+01 4.450000000000000178e+00 5.000000000000000000e+00 4.000000000000000000e+01 1.100000000000000000e+01 2.500000000000000000e+01 1.613069363859409577e-06 1.960029205605451352e-08 7.079415140087562897e+00 1.384475686887080137e+01
1.100000000000000000e+01 3.500000000000000000e+00 1.200000000000000000e+01 4.450000000000000178e+00 1.000000000000000000e+01 4.000000000000000000e+01 1.100000000000000000e+01 2.500000000000000000e+01 3.117861022405854499e-05 1.259411996912263021e-08 9.412022941438680235e+00 9.731413459708486258e+00
1.100000000000000000e+01 3.500000000000000000e+00 1.200000000000000000e+01 4.450000000000000178e+00 1.000000000000000000e+00 2.500000000000000000e+01 1.200000000000000000e+01 2.500000000000000000e+01 4.370780727815226641e-02 4.795045504530470737e-03 1.096309830680705311e+00 6.049077172705009531e+01
1.100000000000000000e+01 3.500000000000000000e+00 1.200000000000000000e+01 4.450000000000000178e+00 5.000000000000000000e+00 2.500000000000000000e+01 1.200000000000000000e+01 2.500000000000000000e+01 3.663042792211101961e-02 3.441056584470025825e-03 1.141608547670529772e+00 5.968984727144653135e+01
1.100000000000000000e+01 3.500000000000000000e+00 1.200000000000000000e+01 4.450000000000000178e+00 1.000000000000000000e+01 2.500000000000000000e+01 1.200000000000000000e+01 2.500000000000000000e+01 2.287084167564379378e-02 9.806390744095949685e-04 1.745061005561128864e+00 4.301427323633162558e+01
1.100000000000000000e+01 3.500000000000000000e+00 1.200000000000000000e+01 4.450000000000000178e+00 5.000000000000000000e+00 3.500000000000000000e+01 1.200000000000000000e+01 2.500000000000000000e+01 3.018695379952696101e-05 6.607035807348893286e-09 4.469085766536131210e+00 1.769245075307331660e+01
1.100000000000000000e+01 3.500000000000000000e+00 1.200000000000000000e+01 4.450000000000000178e+00 1.000000000000000000e+01 3.500000000000000000e+01 1.200000000000000000e+01 2.500000000000000000e+01 3.569237863176866199e-05 6.620920700584065344e-09 7.326845983817437791e+00 1.216064503232939487e+01
1.100000000000000000e+01 3.500000000000000000e+00 1.200000000000000000e+01 4.450000000000000178e+00 5.000000000000000000e+00 4.000000000000000000e+01 1.200000000000000000e+01 2.500000000000000000e+01 2.517982681471409023e-06 1.949555628044663536e-08 7.451544145509383377e+00 1.334089359272958042e+01
1.100000000000000000e+01 3.500000000000000000e+00 1.200000000000000000e+01 4.450000000000000178e+00 1.000000000000000000e+01 4.000000000000000000e+01 1.200000000000000000e+01 2.500000000000000000e+01 3.946460565791287678e-04 5.560156167927488013e-06 1.171198696707013198e+01 9.477069831484284279e+00
1.100000000000000000e+01 3.500000000000000000e+00 1.200000000000000000e+01 4.450000000000000178e+00 1.000000000000000000e+01 4.000000000000000000e+01 1.300000000000000000e+01 2.500000000000000000e+01 2.672451020802046884e-03 2.758830303383574822e-02 1.012767009417413178e+01 1.057083331630552969e+01
1.100000000000000000e+01 3.500000000000000000e+00 1.200000000000000000e+01 4.450000000000000178e+00 5.000000000000000000e+00 2.500000000000000000e+01 1.400000000000000000e+01 2.500000000000000000e+01 4.593658945690060058e-02 5.896921477038796766e-03 1.125507126454548201e+00 6.044505625563473927e+01
1.100000000000000000e+01 3.500000000000000000e+00 1.200000000000000000e+01 4.450000000000000178e+00 1.000000000000000000e+01 2.500000000000000000e+01 1.400000000000000000e+01 2.500000000000000000e+01 3.290882453742871583e-02 1.743608498603776980e-03 1.995603421479635653e+00 3.941113703930744094e+01
1.100000000000000000e+01 3.500000000000000000e+00 1.200000000000000000e+01 4.450000000000000178e+00 5.000000000000000000e+00 3.500000000000000000e+01 1.400000000000000000e+01 2.500000000000000000e+01 3.459098473235222571e-05 6.717006728607088917e-09 5.136304837622875041e+00 1.586972849566244292e+01
1.100000000000000000e+01 3.500000000000000000e+00 1.200000000000000000e+01 4.450000000000000178e+00 1.000000000000000000e+01 3.500000000000000000e+01 1.400000000000000000e+01 2.500000000000000000e+01 4.034555952525664679e-05 6.931667240195338309e-09 7.555673673621270403e+00 1.197071420067625702e+01
1.100000000000000000e+01 3.500000000000000000e+00 1.200000000000000000e+01 4.450000000000000178e+00 1.000000000000000000e+01 4.000000000000000000e+01 1.400000000000000000e+01 2.500000000000000000e+01 5.480390175314209245e-04 1.804705288144248243e-05 1.040126111209760396e+01 9.687866510174099943e+00
1.100000000000000000e+01 3.500000000000000000e+00 1.200000000000000000e+01 4.450000000000000178e+00 1.000000000000000000e+01 4.000000000000000000e+01 1.500000000000000000e+01 2.500000000000000000e+01 7.709057247362371967e-03 1.930313589022303322e-01 1.099803602922868251e+01 9.667782504668085863e+00
1.100000000000000000e+01 3.500000000000000000e+00 1.200000000000000000e+01 4.450000000000000178e+00 5.000000000000000000e+00 2.500000000000000000e+01 1.600000000000000000e+01 2.500000000000000000e+01 4.331773405248906528e-02 5.504181495650017908e-03 1.122574071864649969e+00 5.997518137013533135e+01
1.100000000000000000e+01 3.500000000000000000e+00 1.200000000000000000e+01 4.450000000000000178e+00 1.000000000000000000e+01 2.500000000000000000e+01 1.600000000000000000e+01 2.500000000000000000e+01 2.980603545162829882e-02 1.473376947751292576e-03 1.950682789031144893e+00 3.996898815393935678e+01
1.100000000000000000e+01 3.500000000000000000e+00 1.200000000000000000e+01 4.450000000000000178e+00 5.000000000000000000e+00 3.500000000000000000e+01 1.600000000000000000e+01 2.500000000000000000e+01 4.802849716400992008e-05 1.277632599716582718e-08 4.761493120779775268e+00 1.678203684610834046e+01
1.100000000000000000e+01 3.500000000000000000e+00 1.200000000000000000e+01 4.450000000000000178e+00 1.000000000000000000e+01 3.500000000000000000e+01 1.600000000000000000e+01 2.500000000000000000e+01 3.959769675820901114e-05 6.568000587847677707e-09 7.304948649641805680e+00 1.233083141833462726e+01
1.100000000000000000e+01 3.500000000000000000e+00 1.200000000000000000e+01 4.450000000000000178e+00 1.000000000000000000e+01 4.000000000000000000e+01 1.600000000000000000e+01 2.500000000000000000e+01 2.290579684194327115e-05 2.803685323904403504e-07 1.057447850058555439e+01 1.015255265776880300e+01
1.100000000000000000e+01 3.500000000000000000e+00 1.200000000000000000e+01 4.450000000000000178e+00 1.000000000000000000e+01 4.000000000000000000e+01 1.700000000000000000e+01 2.500000000000000000e+01 2.078585095532936577e-05 1.975337693416179263e-08 1.034668711642778050e+01 9.688076624457776731e+00
1.100000000000000000e+01 3.500000000000000000e+00 1.200000000000000000e+01 4.450000000000000178e+00 5.000000000000000000e+00 2.500000000000000000e+01 1.800000000000000000e+01 2.500000000000000000e+01 4.387964293697876883e-02 6.205149275310795076e-03 1.044231120206947194e+00 6.336934807572393424e+01
1.100000000000000000e+01 3.500000000000000000e+00 1.200000000000000000e+01 4.450000000000000178e+00 1.000000000000000000e+01 2.500000000000000000e+01 1.800000000000000000e+01 2.500000000000000000e+01 2.840872954400475159e-02 1.429642507190020950e-03 1.878673800876619282e+00 4.065851568423334328e+01
1.100000000000000000e+01 3.500000000000000000e+00 1.200000000000000000e+01 4.450000000000000178e+00 5.000000000000000000e+00 3.500000000000000000e+01 1.800000000000000000e+01 2.500000000000000000e+01 3.781006969716393940e-05 1.322552178883995566e-08 4.733970935484030917e+00 1.722900837429709497e+01
1.100000000000000000e+01 3.500000000000000000e+00 1.200000000000000000e+01 4.450000000000000178e+00 1.000000000000000000e+01 3.500000000000000000e+01 1.800000000000000000e+01 2.500000000000000000e+01 4.095450519958632185e-05 6.734818924769570003e-09 7.319277836887271071e+00 1.236322779935255056e+01
1.100000000000000000e+01 3.500000000000000000e+00 1.200000000000000000e+01 4.450000000000000178e+00 1.000000000000000000e+01 4.000000000000000000e+01 1.800000000000000000e+01 2.500000000000000000e+01 1.268189997460922314e-10 7.525074738735099800e+00 1.091901852787536420e+01 1.045980441129693261e+01
1.100000000000000000e+01 3.500000000000000000e+00 1.200000000000000000e+01 4.450000000000000178e+00 5.000000000000000000e+00 2.500000000000000000e+01 2.000000000000000000e+01 2.500000000000000000e+01 4.626855513872674130e-02 6.820990605906684934e-03 1.105248731345735980e+00 6.101959275401908656e+01
1.100000000000000000e+01 3.500000000000000000e+00 1.200000000000000000e+01 4.450000000000000178e+00 1.000000000000000000e+01 2.500000000000000000e+01 2.000000000000000000e+01 2.500000000000000000e+01 2.820714266228985245e-02 1.452759380156765090e-03 1.908907093388066967e+00 4.032712996592182719e+01
1.100000000000000000e+01 3.500000000000000000e+00 1.200000000000000000e+01 4.450000000000000178e+00 1.000000000000000000e+01 3.500000000000000000e+01 2.000000000000000000e+01 2.500000000000000000e+01 3.888572316013139130e-05 6.616102110612587239e-09 7.400303400704741463e+00 1.228257736336265005e+01
1.100000000000000000e+01 3.500000000000000000e+00 1.200000000000000000e+01 4.450000000000000178e+00 1.000000000000000000e+01 3.500000000000000000e+01 2.200000000000000000e+01 2.500000000000000000e+01 5.577350034147166014e-05 7.808718116564250522e-09 5.689069807563767789e+00 1.492522597477569413e+01
1.100000000000000000e+01 3.500000000000000000e+00 1.200000000000000000e+01 4.450000000000000178e+00 5.000000000000000000e+00 2.500000000000000000e+01 2.400000000000000000e+01 2.500000000000000000e+01 4.739924512721782612e-02 6.827783857246583210e-03 1.089057714868798099e+00 6.063361625975180402e+01
1.100000000000000000e+01 3.500000000000000000e+00 1.200000000000000000e+01 4.450000000000000178e+00 1.000000000000000000e+01 2.500000000000000000e+01 2.400000000000000000e+01 2.500000000000000000e+01 3.289964430466896239e-02 1.601093484927318400e-03 2.050642178185786424e+00 3.794329344256888703e+01
