2.000000000000000000e+00 2.500000000000000000e+00 1.800000000000000000e+01 4.110000000000000320e+00 1.000000000000000000e+00 2.500000000000000000e+01 0.000000000000000000e+00 2.500000000000000000e+01 3.005744019622813568e-02 6.191742346318029888e-03 6.953761893004218875e-01 1.191873840859899332e+02
2.000000000000000000e+00 2.500000000000000000e+00 1.800000000000000000e+01 4.110000000000000320e+00 5.000000000000000000e+00 2.500000000000000000e+01 0.000000000000000000e+00 2.500000000000000000e+01 1.408090935919315001e-04 2.017580413848918397e-08 5.214892496667250299e+00 2.770065860124493184e+01
2.000000000000000000e+00 2.500000000000000000e+00 1.800000000000000000e+01 4.110000000000000320e+00 1.000000000000000000e+01 2.500000000000000000e+01 0.000000000000000000e+00 2.500000000000000000e+01 2.804162625280604004e-04 8.390241013067623044e-08 6.024475799087370298e+00 2.738860152383073654e+01
2.000000000000000000e+00 2.500000000000000000e+00 1.800000000000000000e+01 4.110000000000000320e+00 1.000000000000000000e+00 2.500000000000000000e+01 1.000000000000000056e-01 2.500000000000000000e+01 3.472361379882049626e-02 7.643153042451222845e-03 6.896312778926567688e-01 1.162950383708086406e+02
2.000000000000000000e+00 2.500000000000000000e+00 1.800000000000000000e+01 4.110000000000000320e+00 5.000000000000000000e+00 2.500000000000000000e+01 1.000000000000000056e-01 2.500000000000000000e+01 1.469696579901036415e-04 2.040788560364603654e-08 4.996944214012800423e+00 2.836315029091635154e+01
2.000000000000000000e+00 2.500000000000000000e+00 1.800000000000000000e+01 4.110000000000000320e+00 1.000000000000000000e+01 2.500000000000000000e+01 1.000000000000000056e-01 2.500000000000000000e+01 2.049609107683814102e-04 3.920504809684643988e-08 5.980204516312928043e+00 2.751252587472083988e+01
2.000000000000000000e+00 2.500000000000000000e+00 1.800000000000000000e+01 4.110000000000000320e+00 1.000000000000000000e+00 3.500000000000000000e+01 1.000000000000000056e-01 2.500000000000000000e+01 3.286420239867693383e-02 9.037989074584418248e-03 6.166581825267729577e-01 1.248624685805925481e+02
2.000000000000000000e+00 2.500000000000000000e+00 1.800000000000000000e+01 4.110000000000000320e+00 5.000000000000000000e+00 3.500000000000000000e+01 1.000000000000000056e-01 2.500000000000000000e+01 2.630952199174085848e-04 7.368743748514816616e-08 4.597731975499805834e+00 2.951313948024441203e+01
2.000000000000000000e+00 2.500000000000000000e+00 1.800000000000000000e+01 4.110000000000000320e+00 1.000000000000000000e+01 3.500000000000000000e+01 1.000000000000000056e-01 2.500000000000000000e+01 1.397219245187208969e-04 2.040495483690563105e-08 5.487643771907613655e+00 2.858922433326393175e+01
2.000000000000000000e+00 2.500000000000000000e+00 1.800000000000000000e+01 4.110000000000000320e+00 1.000000000000000000e+00 4.000000000000000000e+01 1.000000000000000056e-01 2.500000000000000000e+01 3.242006947805298189e-02 1.052457717404653437e-02 6.097277337629983807e-01 1.230744827100509582e+02
2.000000000000000000e+00 2.500000000000000000e+00 1.800000000000000000e+01 4.110000000000000320e+00 5.000000000000000000e+00 4.000000000000000000e+01 1.000000000000000056e-01 2.500000000000000000e+01 9.989093025075668209e-05 1.401006355372658163e-08 4.511941238156950362e+00 2.938445800794969998e+01
2.000000000000000000e+00 2.500000000000000000e+00 1.800000000000000000e+01 4.110000000000000320e+00 1.000000000000000000e+01 4.000000000000000000e+01 1.000000000000000056e-01 2.500000000000000000e+01 9.603485011888679423e-05 1.343339461890025177e-08 5.356031194310100219e+00 2.835120391424980824e+01
2.000000000000000000e+00 2.500000000000000000e+00 1.800000000000000000e+01 4.110000000000000320e+00 1.000000000000000000e+00 2.500000000000000000e+01 1.000000000000000000e+00 2.500000000000000000e+01 4.530550303488101171e-02 1.134327593771167209e-02 6.867051867927778108e-01 1.182193309941478390e+02
2.000000000000000000e+00 2.500000000000000000e+00 1.800000000000000000e+01 4.110000000000000320e+00 1.000000000000000000e+00 3.500000000000000000e+01 1.000000000000000000e+00 2.500000000000000000e+01 5.914305341511960634e-02 2.478821311341561362e-02 5.948828856531195308e-01 1.275133923924725821e+02
2.000000000000000000e+00 2.500000000000000000e+00 1.800000000000000000e+01 4.110000000000000320e+00 5.000000000000000000e+00 3.500000000000000000e+01 1.000000000000000000e+00 2.500000000000000000e+01 8.825587163792114609e-04 7.273841002852776683e-07 4.514438951072762052e+00 2.867426925476174659e+01
2.000000000000000000e+00 2.500000000000000000e+00 1.800000000000000000e+01 4.110000000000000320e+00 1.000000000000000000e+00 4.000000000000000000e+01 1.000000000000000000e+00 2.500000000000000000e+01 2.791324376477088975e-02 1.024892072867222836e-02 5.828103535797523049e-01 1.236093535339323637e+02
2.000000000000000000e+00 2.500000000000000000e+00 1.800000000000000000e+01 4.110000000000000320e+00 5.000000000000000000e+00 4.000000000000000000e+01 1.000000000000000000e+00 2.500000000000000000e+01 7.541059737259381279e-05 1.331598098452957402e-08 4.549281915061042625e+00 2.763453709985341433e+01
2.000000000000000000e+00 2.500000000000000000e+00 1.800000000000000000e+01 4.110000000000000320e+00 1.000000000000000000e+00 2.500000000000000000e+01 2.000000000000000000e+00 2.500000000000000000e+01 5.126886831870325345e-02 1.409140130025021698e-02 6.613863657728457079e-01 1.254725315959251759e+02
2.000000000000000000e+00 2.500000000000000000e+00 1.800000000000000000e+01 4.110000000000000320e+00 5.000000000000000000e+00 2.500000000000000000e+01 2.000000000000000000e+00 2.500000000000000000e+01 2.149818013320370369e-02 3.294775786142345453e-04 4.902645981851103230e+00 2.877187773915800761e+01
2.000000000000000000e+00 2.500000000000000000e+00 1.800000000000000000e+01 4.110000000000000320e+00 1.000000000000000000e+01 2.500000000000000000e+01 2.000000000000000000e+00 2.500000000000000000e+01 2.249384814256427667e-02 3.222816354286894835e-04 5.892200378029794905e+00 2.773194923639947618e+01
2.000000000000000000e+00 2.500000000000000000e+00 1.800000000000000000e+01 4.110000000000000320e+00 1.000000000000000000e+00 3.500000000000000000e+01 2.000000000000000000e+00 2.500000000000000000e+01 5.938758460588777766e-02 2.064665462529657880e-02 5.814806482835411794e-01 1.298190009496211701e+02
2.000000000000000000e+00 2.500000000000000000e+00 1.800000000000000000e+01 4.110000000000000320e+00 5.000000000000000000e+00 3.500000000000000000e+01 2.000000000000000000e+00 2.500000000000000000e+01 1.446791456600760029e-04 2.044606572937368583e-08 4.494812358956560949e+00 2.814128957587378110e+01
2.000000000000000000e+00 2.500000000000000000e+00 1.800000000000000000e+01 4.110000000000000320e+00 1.000000000000000000e+01 3.500000000000000000e+01 2.000000000000000000e+00 2.500000000000000000e+01 1.614491227479586399e-04 2.066099957787059793e-08 5.404217887275741816e+00 2.699837514419024487e+01
2.000000000000000000e+00 2.500000000000000000e+00 1.800000000000000000e+01 4.110000000000000320e+00 1.000000000000000000e+00 4.000000000000000000e+01 2.000000000000000000e+00 2.500000000000000000e+01 5.109321397047716928e-02 1.689652341369374255e-02 5.720180166077697415e-01 1.212894636931450236e+02
2.000000000000000000e+00 2.500000000000000000e+00 1.800000000000000000e+01 4.110000000000000320e+00 5.000000000000000000e+00 4.000000000000000000e+01 2.000000000000000000e+00 2.500000000000000000e+01 1.011527479717333478e-04 1.317209519235973403e-08 4.447603349596914946e+00 2.715223115231062678e+01
2.000000000000000000e+00 2.500000000000000000e+00 1.800000000000000000e+01 4.110000000000000320e+00 1.000000000000000000e+01 4.000000000000000000e+01 2.000000000000000000e+00 2.500000000000000000e+01 9.315104784768379886e-05 1.325481124858640669e-08 5.263120200921933112e+00 2.619661100681328847e+01
2.000000000000000000e+00 2.500000000000000000e+00 1.800000000000000000e+01 4.110000000000000320e+00 1.000000000000000000e+00 2.500000000000000000e+01 3.000000000000000000e+00 2.500000000000000000e+01 5.643575288450430882e-02 1.768899232892562345e-02 6.088498930883263771e-01 1.365168770832514440e+02
2.000000000000000000e+00 2.500000000000000000e+00 1.800000000000000000e+01 4.110000000000000320e+00 1.000000000000000000e+00 3.500000000000000000e+01 3.000000000000000000e+00 2.500000000000000000e+01 4.467485911372781615e-02 1.555437492122146992e-02 5.780345404042173119e-01 1.256641293690115333e+02
2.000000000000000000e+00 2.500000000000000000e+00 1.800000000000000000e+01 4.110000000000000320e+00 5.000000000000000000e+00 3.500000000000000000e+01 3.000000000000000000e+00 2.500000000000000000e+01 1.267818722356928163e-04 1.395085225119885308e-08 4.434565325417091586e+00 2.775830590504867246e+01
2.000000000000000000e+00 2.500000000000000000e+00 1.800000000000000000e+01 4.110000000000000320e+00 1.000000000000000000e+01 3.500000000000000000e+01 3.000000000000000000e+00 2.500000000000000000e+01 1.322393700591284471e-04 1.361566037694217357e-08 5.339070312381223538e+00 2.640223503607215605e+01
2.000000000000000000e+00 2.500000000000000000e+00 1.800000000000000000e+01 4.110000000000000320e+00 1.000000000000000000e+00 4.000000000000000000e+01 3.000000000000000000e+00 2.500000000000000000e+01 4.110281191307607607e-02 1.040961491560765673e-02 5.920667658710152548e-01 1.219097731131355999e+02
2.000000000000000000e+00 2.500000000000000000e+00 1.800000000000000000e+01 4.110000000000000320e+00 5.000000000000000000e+00 4.000000000000000000e+01 3.000000000000000000e+00 2.500000000000000000e+01 1.039543049248248252e-04 1.444123642890815518e-08 4.622038973036104892e+00 2.625052327182432066e+01
2.000000000000000000e+00 2.500000000000000000e+00 1.800000000000000000e+01 4.110000000000000320e+00 1.000000000000000000e+01 4.000000000000000000e+01 3.000000000000000000e+00 2.500000000000000000e+01 9.769554994698559369e-05 1.350505263175705295e-08 5.446325860456115997e+00 2.551773928724330531e+01
2.000000000000000000e+00 2.500000000000000000e+00 1.800000000000000000e+01 4.110000000000000320e+00 1.000000000000000000e+00 2.500000000000000000e+01 4.000000000000000000e+00 2.500000000000000000e+01 7.743955125353241264e-02 2.440369872684455821e-02 6.280477689158008303e-01 1.331394049213949415e+02
2.000000000000000000e+00 2.500000000000000000e+00 1.800000000000000000e+01 4.110000000000000320e+00 5.000000000000000000e+00 2.500000000000000000e+01 4.000000000000000000e+00 2.500000000000000000e+01 3.767548539864051804e-02 9.086601693459872564e-04 4.731336199548797694e+00 2.957884907079431258e+01
2.000000000000000000e+00 2.500000000000000000e+00 1.800000000000000000e+01 4.110000000000000320e+00 1.000000000000000000e+01 2.500000000000000000e+01 4.000000000000000000e+00 2.500000000000000000e+01 2.998806948552412699e-02 4.670307355816305517e-04 5.740589541864542511e+00 2.820597578496748525e+01
2.000000000000000000e+00 2.500000000000000000e+00 1.800000000000000000e+01 4.110000000000000320e+00 1.000000000000000000e+00 3.500000000000000000e+01 4.000000000000000000e+00 2.500000000000000000e+01 5.615725402634175190e-02 1.883062169288596266e-02 5.707133904948038516e-01 1.234296992427705817e+02
2.000000000000000000e+00 2.500000000000000000e+00 1.800000000000000000e+01 4.110000000000000320e+00 5.000000000000000000e+00 3.500000000000000000e+01 4.000000000000000000e+00 2.500000000000000000e+01 1.566429015402714953e-04 2.088769734953643820e-08 4.535441190381891197e+00 2.687561794215485378e+01
2.000000000000000000e+00 2.500000000000000000e+00 1.800000000000000000e+01 4.110000000000000320e+00 1.000000000000000000e+01 3.500000000000000000e+01 4.000000000000000000e+00 2.500000000000000000e+01 1.230042009179310725e-04 1.319839970648217786e-08 5.304596067394143688e+00 2.632510740754631229e+01
2.000000000000000000e+00 2.500000000000000000e+00 1.800000000000000000e+01 4.110000000000000320e+00 5.000000000000000000e+00 4.000000000000000000e+01 4.000000000000000000e+00 2.500000000000000000e+01 1.110149859631093250e-04 1.329655963111520123e-08 4.700036459204710582e+00 2.562246191260842565e+01
2.000000000000000000e+00 2.500000000000000000e+00 1.800000000000000000e+01 4.110000000000000320e+00 1.000000000000000000e+01 4.000000000000000000e+01 4.000000000000000000e+00 2.500000000000000000e+01 9.806433096759548107e-05 1.311423192262850534e-08 5.429261368055772863e+00 2.546643019907393679e+01
2.000000000000000000e+00 2.500000000000000000e+00 1.800000000000000000e+01 4.110000000000000320e+00 1.000000000000000000e+00 2.500000000000000000e+01 5.000000000000000000e+00 2.500000000000000000e+01 8.829191849445883200e-02 2.620321632503652687e-02 6.547373092329912270e-01 1.262963845122738178e+02
2.000000000000000000e+00 2.500000000000000000e+00 1.800000000000000000e+01 4.110000000000000320e+00 1.000000000000000000e+00 3.500000000000000000e+01 5.000000000000000000e+00 2.500000000000000000e+01 8.929663046935765180e-02 3.331036711639079329e-02 5.859535319318096569e-01 1.133192831569234897e+02
2.000000000000000000e+00 2.500000000000000000e+00 1.800000000000000000e+01 4.110000000000000320e+00 5.000000000000000000e+00 3.500000000000000000e+01 5.000000000000000000e+00 2.500000000000000000e+01 1.625090691563801926e-04 2.009904820354790900e-08 4.741862374504920652e+00 2.600491008457774456e+01
2.000000000000000000e+00 2.500000000000000000e+00 1.800000000000000000e+01 4.110000000000000320e+00 1.000000000000000000e+01 3.500000000000000000e+01 5.000000000000000000e+00 2.500000000000000000e+01 1.397148535706715933e-04 1.379898284525893359e-08 5.447057252678179751e+00 2.546784406779641685e+01
2.000000000000000000e+00 2.500000000000000000e+00 1.800000000000000000e+01 4.110000000000000320e+00 5.000000000000000000e+00 4.000000000000000000e+01 5.000000000000000000e+00 2.500000000000000000e+01 1.409286307916257641e-04 1.290839302114932252e-08 4.867415025368864612e+00 2.442786129645212867e+01
2.000000000000000000e+00 2.500000000000000000e+00 1.800000000000000000e+01 4.110000000000000320e+00 1.000000000000000000e+01 4.000000000000000000e+01 5.000000000000000000e+00 2.500000000000000000e+01 1.203815429571264417e-04 1.254556925012195734e-08 5.572742511574219293e+00 2.453136355388500789e+01
2.000000000000000000e+00 2.500000000000000000e+00 1.800000000000000000e+01 4.110000000000000320e+00 1.000000000000000000e+00 2.500000000000000000e+01 6.000000000000000000e+00 2.500000000000000000e+01 9.053517558410151267e-02 2.603757048154564657e-02 7.215521181840773846e-01 1.186147660269078443e+02
2.000000000000000000e+00 2.500000000000000000e+00 1.800000000000000000e+01 4.110000000000000320e+00 5.000000000000000000e+00 2.500000000000000000e+01 6.000000000000000000e+00 2.500000000000000000e+01 3.585923532705148631e-02 6.716562658872771152e-04 4.911041675409060225e+00 2.854429155505251714e+01
2.000000000000000000e+00 2.500000000000000000e+00 1.800000000000000000e+01 4.110000000000000320e+00 1.000000000000000000e+01 2.500000000000000000e+01 6.000000000000000000e+00 2.500000000000000000e+01 3.476232567665160644e-02 5.381128255825817774e-04 5.877070172321470665e+00 2.751665395547676596e+01
2.000000000000000000e+00 2.500000000000000000e+00 1.800000000000000000e+01 4.110000000000000320e+00 1.000000000000000000e+00 3.500000000000000000e+01 6.000000000000000000e+00 2.500000000000000000e+01 9.424389805490029914e-02 3.067317696875648814e-02 6.196701290604802459e-01 1.095189897039673923e+02
2.000000000000000000e+00 2.500000000000000000e+00 1.800000000000000000e+01 4.110000000000000320e+00 5.000000000000000000e+00 3.500000000000000000e+01 6.000000000000000000e+00 2.500000000000000000e+01 1.253781176850932155e-04 1.358008105967201118e-08 4.764322814609348811e+00 2.589173561562597925e+01
2.000000000000000000e+00 2.500000000000000000e+00 1.800000000000000000e+01 4.110000000000000320e+00 1.000000000000000000e+01 3.500000000000000000e+01 6.000000000000000000e+00 2.500000000000000000e+01 1.275029442682207304e-04 1.365147284104750725e-08 5.557748489623087984e+00 2.525376125826964113e+01
2.000000000000000000e+00 2.500000000000000000e+00 1.800000000000000000e+01 4.110000000000000320e+00 5.000000000000000000e+00 4.000000000000000000e+01 6.000000000000000000e+00 2.500000000000000000e+01 1.131429083738311192e-04 1.403682170497688730e-08 5.178122711198482442e+00 2.356491819253770359e+01
2.000000000000000000e+00 2.500000000000000000e+00 1.800000000000000000e+01 4.110000000000000320e+00 1.000000000000000000e+01 4.000000000000000000e+01 6.000000000000000000e+00 2.500000000000000000e+01 1.027138011617800828e-04 1.300094121248207557e-08 5.828834610028708951e+00 2.378784941334085801e+01
2.000000000000000000e+00 2.500000000000000000e+00 1.800000000000000000e+01 4.110000000000000320e+00 1.000000000000000000e+00 2.500000000000000000e+01 7.000000000000000000e+00 2.500000000000000000e+01 1.143834989304284289e-01 3.187521322345454600e-02 7.252492096924982867e-01 1.214966856679862275e+02
2.000000000000000000e+00 2.500000000000000000e+00 1.800000000000000000e+01 4.110000000000000320e+00 5.000000000000000000e+00 3.500000000000000000e+01 7.000000000000000000e+00 2.500000000000000000e+01 1.304494965330693645e-04 1.294491869252567540e-08 5.982178582928399990e+00 2.144129987777937885e+01
2.000000000000000000e+00 2.500000000000000000e+00 1.800000000000000000e+01 4.110000000000000320e+00 1.000000000000000000e+01 3.500000000000000000e+01 7.000000000000000000e+00 2.500000000000000000e+01 1.183719781074898947e-04 1.276294581131764971e-08 5.708541212474761650e+00 2.468203556796457576e+01
2.000000000000000000e+00 2.500000000000000000e+00 1.800000000000000000e+01 4.110000000000000320e+00 5.000000000000000000e+00 4.000000000000000000e+01 7.000000000000000000e+00 2.500000000000000000e+01 1.118831810249520942e-04 1.202369759312205133e-08 5.799437039905528835e+00 2.139260041808732993e+01
2.000000000000000000e+00 2.500000000000000000e+00 1.800000000000000000e+01 4.110000000000000320e+00 1.000000000000000000e+01 4.000000000000000000e+01 7.000000000000000000e+00 2.500000000000000000e+01 1.636161137252845066e-04 1.331206900268000481e-08 6.082310677687550182e+00 2.219334230664082241e+01
2.000000000000000000e+00 2.500000000000000000e+00 1.800000000000000000e+01 4.110000000000000320e+00 1.000000000000000000e+00 2.500000000000000000e+01 8.000000000000000000e+00 2.500000000000000000e+01 1.194056849957838562e-01 3.285681079997249121e-02 8.000934409899811417e-01 1.102021591948739569e+02
2.000000000000000000e+00 2.500000000000000000e+00 1.800000000000000000e+01 4.110000000000000320e+00 5.000000000000000000e+00 2.500000000000000000e+01 8.000000000000000000e+00 2.500000000000000000e+01 4.131826330641796829e-02 7.761273650592759310e-04 5.432266249957846682e+00 2.593003787866833321e+01
2.000000000000000000e+00 2.500000000000000000e+00 1.800000000000000000e+01 4.110000000000000320e+00 1.000000000000000000e+01 2.500000000000000000e+01 8.000000000000000000e+00 2.500000000000000000e+01 4.247115782018395791e-02 7.750435974831493269e-04 6.020572663054079676e+00 2.650668248757768808e+01
2.000000000000000000e+00 2.500000000000000000e+00 1.800000000000000000e+01 4.110000000000000320e+00 5.000000000000000000e+00 3.500000000000000000e+01 8.000000000000000000e+00 2.500000000000000000e+01 1.334331092417428977e-04 1.331001930893194185e-08 5.107521753564271627e+00 2.394158713422549667e+01
2.000000000000000000e+00 2.500000000000000000e+00 1.800000000000000000e+01 4.110000000000000320e+00 1.000000000000000000e+01 3.500000000000000000e+01 8.000000000000000000e+00 2.500000000000000000e+01 1.107909815514229734e-04 1.299855623138057581e-08 6.005031762162468034e+00 2.336213573238342178e+01
2.000000000000000000e+00 2.500000000000000000e+00 1.800000000000000000e+01 4.110000000000000320e+00 5.000000000000000000e+00 4.000000000000000000e+01 8.000000000000000000e+00 2.500000000000000000e+01 8.602810767310842266e-05 6.059937218694244621e-09 5.906349857508876866e+00 2.063530049982224313e+01
2.000000000000000000e+00 2.500000000000000000e+00 1.800000000000000000e+01 4.110000000000000320e+00 1.000000000000000000e+01 4.000000000000000000e+01 8.000000000000000000e+00 2.500000000000000000e+01 8.895585396029304093e-05 6.387779416527905596e-09 6.650175199661405578e+00 2.050310172566430822e+01
2.000000000000000000e+00 2.500000000000000000e+00 1.800000000000000000e+01 4.110000000000000320e+00 1.000000000000000000e+00 2.500000000000000000e+01 9.000000000000000000e+00 2.500000000000000000e+01 1.072131356390411128e-01 3.190523152359947545e-02 7.603471912407867572e-01 1.141355347963983746e+02
2.000000000000000000e+00 2.500000000000000000e+00 1.800000000000000000e+01 4.110000000000000320e+00 5.000000000000000000e+00 3.500000000000000000e+01 9.000000000000000000e+00 2.500000000000000000e+01 1.332003922407398733e-04 1.285329354061559570e-08 5.590519861963205273e+00 2.205721317837238260e+01
2.000000000000000000e+00 2.500000000000000000e+00 1.800000000000000000e+01 4.110000000000000320e+00 1.000000000000000000e+01 3.500000000000000000e+01 9.000000000000000000e+00 2.500000000000000000e+01 1.247005843405535330e-04 1.272124139362063033e-08 5.962258403311547106e+00 2.320960933750312094e+01
2.000000000000000000e+00 2.500000000000000000e+00 1.800000000000000000e+01 4.110000000000000320e+00 5.000000000000000000e+00 4.000000000000000000e+01 9.000000000000000000e+00 2.500000000000000000e+01 8.004341649292534555e-05 6.309883060495735663e-09 5.696265297940388272e+00 2.107400314958677967e+01
2.000000000000000000e+00 2.500000000000000000e+00 1.800000000000000000e+01 4.110000000000000320e+00 1.000000000000000000e+01 4.000000000000000000e+01 9.000000000000000000e+00 2.500000000000000000e+01 8.829514529762327868e-05 6.802607810385552511e-09 6.433215849731678482e+00 2.113533371774165559e+01
2.000000000000000000e+00 2.500000000000000000e+00 1.800000000000000000e+01 4.110000000000000320e+00 5.000000000000000000e+00 2.500000000000000000e+01 1.000000000000000000e+01 2.500000000000000000e+01 4.859765329059850814e-02 1.035846593559597295e-03 5.354358621851075917e+00 2.635390889341822884e+01
2.000000000000000000e+00 2.500000000000000000e+00 1.800000000000000000e+01 4.110000000000000320e+00 1.000000000000000000e+01 2.500000000000000000e+01 1.000000000000000000e+01 2.500000000000000000e+01 4.361027704932718407e-02 8.346815120621187134e-04 6.011458335578517165e+00 2.658227563494126144e+01
2.000000000000000000e+00 2.500000000000000000e+00 1.800000000000000000e+01 4.110000000000000320e+00 5.000000000000000000e+00 3.500000000000000000e+01 1.000000000000000000e+01 2.500000000000000000e+01 2.865049035807309963e-04 4.292677724393456629e-08 5.164787762273077121e+00 2.378166937567504746e+01
2.000000000000000000e+00 2.500000000000000000e+00 1.800000000000000000e+01 4.110000000000000320e+00 1.000000000000000000e+01 3.500000000000000000e+01 1.000000000000000000e+01 2.500000000000000000e+01 1.685429030662266570e-04 1.325383092165566268e-08 6.021893453280583230e+00 2.284918492371168952e+01
2.000000000000000000e+00 2.500000000000000000e+00 1.800000000000000000e+01 4.110000000000000320e+00 1.000000000000000000e+01 4.000000000000000000e+01 1.000000000000000000e+01 2.500000000000000000e+01 1.331276373401912849e-04 6.692970622168559203e-09 6.639578363321510857e+00 2.003536352890587224e+01
2.000000000000000000e+00 2.500000000000000000e+00 1.800000000000000000e+01 4.110000000000000320e+00 5.000000000000000000e+00 3.500000000000000000e+01 1.100000000000000000e+01 2.500000000000000000e+01 2.893721717991404319e-04 3.943563164909846819e-08 5.382260187022611220e+00 2.266151880599100821e+01
2.000000000000000000e+00 2.500000000000000000e+00 1.800000000000000000e+01 4.110000000000000320e+00 1.000000000000000000e+01 3.500000000000000000e+01 1.100000000000000000e+01 2.500000000000000000e+01 1.556017296420186824e-04 1.343554845156802457e-08 6.130406322859105472e+00 2.245514448743240621e+01
2.000000000000000000e+00 2.500000000000000000e+00 1.800000000000000000e+01 4.110000000000000320e+00 1.000000000000000000e+01 4.000000000000000000e+01 1.100000000000000000e+01 2.500000000000000000e+01 1.558588243477654345e-04 1.262667170820463980e-08 6.890191154462669942e+00 1.942695138727670212e+01
2.000000000000000000e+00 2.500000000000000000e+00 1.800000000000000000e+01 4.110000000000000320e+00 5.000000000000000000e+00 2.500000000000000000e+01 1.200000000000000000e+01 2.500000000000000000e+01 6.512838258679809478e-02 1.886712339249196901e-03 5.125478846387022003e+00 2.690727866254816547e+01
2.000000000000000000e+00 2.500000000000000000e+00 1.800000000000000000e+01 4.110000000000000320e+00 1.000000000000000000e+01 2.500000000000000000e+01 1.200000000000000000e+01 2.500000000000000000e+01 4.577191033580052526e-02 8.898351287822681144e-04 5.873149831988846437e+00 2.707692257800221469e+01
2.000000000000000000e+00 2.500000000000000000e+00 1.800000000000000000e+01 4.110000000000000320e+00 5.000000000000000000e+00 3.500000000000000000e+01 1.200000000000000000e+01 2.500000000000000000e+01 2.103158479525024660e-04 2.159640555277064777e-08 5.564559948363993591e+00 2.202428554727951138e+01
2.000000000000000000e+00 2.500000000000000000e+00 1.800000000000000000e+01 4.110000000000000320e+00 1.000000000000000000e+01 3.500000000000000000e+01 1.200000000000000000e+01 2.500000000000000000e+01 1.390448270544020204e-04 1.289714002261632686e-08 6.416592697709714521e+00 2.181938738928846533e+01
2.000000000000000000e+00 2.500000000000000000e+00 1.800000000000000000e+01 4.110000000000000320e+00 1.000000000000000000e+01 4.000000000000000000e+01 1.200000000000000000e+01 2.500000000000000000e+01 2.687235847953495238e-04 1.423088247243242677e-08 6.931388074956776890e+00 1.855888183319533979e+01
2.000000000000000000e+00 2.500000000000000000e+00 1.800000000000000000e+01 4.110000000000000320e+00 1.000000000000000000e+01 3.500000000000000000e+01 1.300000000000000000e+01 2.500000000000000000e+01 1.583503213902215379e-04 1.293455742512605866e-08 6.482877814701425656e+00 2.149275102969544093e+01
2.000000000000000000e+00 2.500000000000000000e+00 1.800000000000000000e+01 4.110000000000000320e+00 5.000000000000000000e+00 2.500000000000000000e+01 1.400000000000000000e+01 2.500000000000000000e+01 5.525216712075731174e-02 1.174071903606854761e-03 5.671692377767581839e+00 2.451945339444607797e+01
2.000000000000000000e+00 2.500000000000000000e+00 1.800000000000000000e+01 4.110000000000000320e+00 1.000000000000000000e+01 2.500000000000000000e+01 1.400000000000000000e+01 2.500000000000000000e+01 4.268287830378825198e-02 6.752530798574962745e-04 6.690926348172695270e+00 2.398924967621165294e+01
2.000000000000000000e+00 2.500000000000000000e+00 1.800000000000000000e+01 4.110000000000000320e+00 1.000000000000000000e+01 3.500000000000000000e+01 1.400000000000000000e+01 2.500000000000000000e+01 2.902179248465142081e-04 3.591392228052825430e-08 7.514121980688574176e+00 1.861250180877400240e+01
2.000000000000000000e+00 2.500000000000000000e+00 1.800000000000000000e+01 4.110000000000000320e+00 1.000000000000000000e+01 3.500000000000000000e+01 1.500000000000000000e+01 2.500000000000000000e+01 1.581609441758669021e-04 1.338299870923265189e-08 7.260395983637407902e+00 1.937283793045642000e+01
2.000000000000000000e+00 2.500000000000000000e+00 1.800000000000000000e+01 4.110000000000000320e+00 5.000000000000000000e+00 2.500000000000000000e+01 1.600000000000000000e+01 2.500000000000000000e+01 5.720997669618688164e-02 1.271612514871067745e-03 5.324200002241510354e+00 2.578625098628245382e+01
2.000000000000000000e+00 2.500000000000000000e+00 1.800000000000000000e+01 4.110000000000000320e+00 1.000000000000000000e+01 2.500000000000000000e+01 1.600000000000000000e+01 2.500000000000000000e+01 4.749153432315300627e-02 8.303334951458296587e-04 6.131410843319383019e+00 2.560771297140185254e+01
2.000000000000000000e+00 2.500000000000000000e+00 1.800000000000000000e+01 4.110000000000000320e+00 1.000000000000000000e+01 3.500000000000000000e+01 1.600000000000000000e+01 2.500000000000000000e+01 2.832934803724818096e-04 2.193823656071458572e-08 6.691532973794618755e+00 2.014202340684877512e+01
2.000000000000000000e+00 2.500000000000000000e+00 1.800000000000000000e+01 4.110000000000000320e+00 1.000000000000000000e+01 3.500000000000000000e+01 1.700000000000000000e+01 2.500000000000000000e+01 1.878622347606384579e-04 1.327846144150157670e-08 7.116417383674375152e+00 1.919994854656770045e+01
2.000000000000000000e+00 2.500000000000000000e+00 1.800000000000000000e+01 4.110000000000000320e+00 5.000000000000000000e+00 2.500000000000000000e+01 1.800000000000000000e+01 2.500000000000000000e+01 6.246966579324997326e-02 1.529296264521251558e-03 5.521108532646477940e+00 2.498988052944547889e+01
2.000000000000000000e+00 2.500000000000000000e+00 1.800000000000000000e+01 4.110000000000000320e+00 1.000000000000000000e+01 2.500000000000000000e+01 1.800000000000000000e+01 2.500000000000000000e+01 4.318965496041338170e-02 7.506506672327883933e-04 6.562459648195340556e+00 2.429616243370710649e+01
2.000000000000000000e+00 2.500000000000000000e+00 1.800000000000000000e+01 4.110000000000000320e+00 1.000000000000000000e+01 3.500000000000000000e+01 1.800000000000000000e+01 2.500000000000000000e+01 1.184778090678850759e-03 4.625113141365488900e-07 6.998024257889139399e+00 1.954891922149764838e+01
2.000000000000000000e+00 2.500000000000000000e+00 1.800000000000000000e+01 4.110000000000000320e+00 1.000000000000000000e+01 2.500000000000000000e+01 2.200000000000000000e+01 2.500000000000000000e+01 4.959019296118993836e-02 6.820456599716528956e-04 6.732794032011253371e+00 2.337182266175217649e+01
