1.800000000000000000e+01 3.500000000000000000e+00 1.800000000000000000e+01 6.599999999999999645e+00 1.000000000000000000e+00 2.500000000000000000e+01 0.000000000000000000e+00 2.500000000000000000e+01 8.247142873988133616e-02 1.033874888937358349e-02 1.329797262206832364e+00 8.397303262116786016e+01
1.800000000000000000e+01 3.500000000000000000e+00 1.800000000000000000e+01 6.599999999999999645e+00 5.000000000000000000e+00 2.500000000000000000e+01 0.000000000000000000e+00 2.500000000000000000e+01 4.970495003316566240e-02 1.234832229466631404e-03 4.255169358492869591e+00 3.735591444540857253e+01
1.800000000000000000e+01 3.500000000000000000e+00 1.800000000000000000e+01 6.599999999999999645e+00 1.000000000000000000e+01 2.500000000000000000e+01 0.000000000000000000e+00 2.500000000000000000e+01 5.979406828264033358e-02 1.426361515818763692e-03 1.033174768063314097e+01 1.350472767298217036e+01
1.800000000000000000e+01 3.500000000000000000e+00 1.800000000000000000e+01 6.599999999999999645e+00 1.000000000000000000e+00 2.500000000000000000e+01 1.000000000000000056e-01 2.500000000000000000e+01 5.805786903712650826e-02 2.745581298708499318e-03 2.625523829141877652e+00 5.223223221851085896e+01
1.800000000000000000e+01 3.500000000000000000e+00 1.800000000000000000e+01 6.599999999999999645e+00 5.000000000000000000e+00 2.500000000000000000e+01 1.000000000000000056e-01 2.500000000000000000e+01 6.050508373638852078e-02 1.946221532050262937e-03 4.223860124352796674e+00 3.731586397696080581e+01
1.800000000000000000e+01 3.500000000000000000e+00 1.800000000000000000e+01 6.599999999999999645e+00 1.000000000000000000e+01 2.500000000000000000e+01 1.000000000000000056e-01 2.500000000000000000e+01 6.317644381656495334e-02 1.495881173178670309e-03 1.009458705222636432e+01 1.376269600513758284e+01
1.800000000000000000e+01 3.500000000000000000e+00 1.800000000000000000e+01 6.599999999999999645e+00 1.000000000000000000e+00 3.500000000000000000e+01 1.000000000000000056e-01 2.500000000000000000e+01 9.959400202368651200e-02 2.003673227417901437e-02 1.155932976492558106e+00 8.973199952927572554e+01
1.800000000000000000e+01 3.500000000000000000e+00 1.800000000000000000e+01 6.599999999999999645e+00 5.000000000000000000e+00 3.500000000000000000e+01 1.000000000000000056e-01 2.500000000000000000e+01 6.408779575480272328e-02 2.840424728898893747e-03 3.747160762415867374e+00 3.913312912034081137e+01
1.800000000000000000e+01 3.500000000000000000e+00 1.800000000000000000e+01 6.599999999999999645e+00 1.000000000000000000e+01 3.500000000000000000e+01 1.000000000000000056e-01 2.500000000000000000e+01 5.587507344306641421e-02 1.483777370915095872e-03 9.122350965464978145e+00 1.482707491706796787e+01
1.800000000000000000e+01 3.500000000000000000e+00 1.800000000000000000e+01 6.599999999999999645e+00 1.000000000000000000e+00 4.000000000000000000e+01 1.000000000000000056e-01 2.500000000000000000e+01 8.641341921967971018e-02 1.890068735406824629e-02 1.096871195103814589e+00 9.174495574456784652e+01
1.800000000000000000e+01 3.500000000000000000e+00 1.800000000000000000e+01 6.599999999999999645e+00 5.000000000000000000e+00 4.000000000000000000e+01 1.000000000000000056e-01 2.500000000000000000e+01 5.166667008221392798e-02 2.266661078714093946e-03 3.833020516831615598e+00 3.765203784733927961e+01
1.800000000000000000e+01 3.500000000000000000e+00 1.800000000000000000e+01 6.599999999999999645e+00 1.000000000000000000e+00 2.500000000000000000e+01 1.000000000000000000e+00 2.500000000000000000e+01 1.281866859683757909e-01 2.242659594211082741e-02 1.283323698171884963e+00 8.569166889416489141e+01
1.800000000000000000e+01 3.500000000000000000e+00 1.800000000000000000e+01 6.599999999999999645e+00 1.000000000000000000e+00 3.500000000000000000e+01 1.000000000000000000e+00 2.500000000000000000e+01 9.384316572853812488e-02 1.465864535541050451e-02 1.060563234860988358e+00 8.541791970857721594e+01
1.800000000000000000e+01 3.500000000000000000e+00 1.800000000000000000e+01 6.599999999999999645e+00 1.000000000000000000e+00 4.000000000000000000e+01 1.000000000000000000e+00 2.500000000000000000e+01 5.267993299797013584e-02 9.095888757960857163e-03 9.919441801188098040e-01 9.022508817996475727e+01
1.800000000000000000e+01 3.500000000000000000e+00 1.800000000000000000e+01 6.599999999999999645e+00 5.000000000000000000e+00 4.000000000000000000e+01 1.000000000000000000e+00 2.500000000000000000e+01 1.776183937273323465e-02 3.484314828405832287e-04 3.468570758777526741e+00 3.679480988254642426e+01
1.800000000000000000e+01 3.500000000000000000e+00 1.800000000000000000e+01 6.599999999999999645e+00 1.000000000000000000e+00 2.500000000000000000e+01 2.000000000000000000e+00 2.500000000000000000e+01 1.588057617337541583e-01 3.390210051281128401e-02 1.217419081416660775e+00 9.044109839416820762e+01
1.800000000000000000e+01 3.500000000000000000e+00 1.800000000000000000e+01 6.599999999999999645e+00 5.000000000000000000e+00 2.500000000000000000e+01 2.000000000000000000e+00 2.500000000000000000e+01 1.205535345315738027e-01 6.341465304962934368e-03 4.199410690363152732e+00 3.736926602700160061e+01
1.800000000000000000e+01 3.500000000000000000e+00 1.800000000000000000e+01 6.599999999999999645e+00 1.000000000000000000e+01 2.500000000000000000e+01 2.000000000000000000e+00 2.500000000000000000e+01 1.217827399078852402e-01 4.477753242386750543e-03 1.014523824565682020e+01 1.397819330111962621e+01
1.800000000000000000e+01 3.500000000000000000e+00 1.800000000000000000e+01 6.599999999999999645e+00 1.000000000000000000e+00 3.500000000000000000e+01 2.000000000000000000e+00 2.500000000000000000e+01 7.722111140039755739e-02 1.163826015063684771e-02 1.032485846871427970e+00 8.640468075677929960e+01
1.800000000000000000e+01 3.500000000000000000e+00 1.800000000000000000e+01 6.599999999999999645e+00 5.000000000000000000e+00 3.500000000000000000e+01 2.000000000000000000e+00 2.500000000000000000e+01 2.934673348614147415e-02 5.500704386951493774e-04 3.551063753148207436e+00 3.719933378123755574e+01
1.800000000000000000e+01 3.500000000000000000e+00 1.800000000000000000e+01 6.599999999999999645e+00 1.000000000000000000e+01 3.500000000000000000e+01 2.000000000000000000e+00 2.500000000000000000e+01 4.075671781919321113e-02 1.298295826390294394e-03 8.602168424972907346e+00 1.575913739164534988e+01
1.800000000000000000e+01 3.500000000000000000e+00 1.800000000000000000e+01 6.599999999999999645e+00 1.000000000000000000e+00 4.000000000000000000e+01 2.000000000000000000e+00 2.500000000000000000e+01 5.333600511127789545e-02 8.946051750647665557e-03 9.960456161199592318e-01 8.832005980817912416e+01
1.800000000000000000e+01 3.500000000000000000e+00 1.800000000000000000e+01 6.599999999999999645e+00 5.000000000000000000e+00 4.000000000000000000e+01 2.000000000000000000e+00 2.500000000000000000e+01 1.582473478193002769e-02 2.956834065404034817e-04 3.344562081471100345e+00 3.722727503883302091e+01
1.800000000000000000e+01 3.500000000000000000e+00 1.800000000000000000e+01 6.599999999999999645e+00 1.000000000000000000e+00 2.500000000000000000e+01 3.000000000000000000e+00 2.500000000000000000e+01 1.763663709387748302e-01 4.251511705721489065e-02 1.173246993234349889e+00 9.379274276369180541e+01
1.800000000000000000e+01 3.500000000000000000e+00 1.800000000000000000e+01 6.599999999999999645e+00 1.000000000000000000e+00 3.500000000000000000e+01 3.000000000000000000e+00 2.500000000000000000e+01 7.106921571617297317e-02 1.258091437869324203e-02 1.045517847162623637e+00 8.741054655131128470e+01
1.800000000000000000e+01 3.500000000000000000e+00 1.800000000000000000e+01 6.599999999999999645e+00 1.000000000000000000e+00 4.000000000000000000e+01 3.000000000000000000e+00 2.500000000000000000e+01 5.253149353915054220e-02 1.054418909559795559e-02 9.980237029735866683e-01 8.729524128925245918e+01
1.800000000000000000e+01 3.500000000000000000e+00 1.800000000000000000e+01 6.599999999999999645e+00 5.000000000000000000e+00 4.000000000000000000e+01 3.000000000000000000e+00 2.500000000000000000e+01 2.004911110388518658e-02 5.523918755567791550e-04 3.315462606248083866e+00 3.719510156570395765e+01
1.800000000000000000e+01 3.500000000000000000e+00 1.800000000000000000e+01 6.599999999999999645e+00 1.000000000000000000e+00 2.500000000000000000e+01 4.000000000000000000e+00 2.500000000000000000e+01 1.827510812750838820e-01 4.378524027239039107e-02 1.180409922298356618e+00 9.210652926682504926e+01
1.800000000000000000e+01 3.500000000000000000e+00 1.800000000000000000e+01 6.599999999999999645e+00 5.000000000000000000e+00 2.500000000000000000e+01 4.000000000000000000e+00 2.500000000000000000e+01 1.430943159744215709e-01 8.825898173028035032e-03 3.981596182092034475e+00 3.816402773886881050e+01
1.800000000000000000e+01 3.500000000000000000e+00 1.800000000000000000e+01 6.599999999999999645e+00 1.000000000000000000e+01 2.500000000000000000e+01 4.000000000000000000e+00 2.500000000000000000e+01 1.402958762287929151e-01 5.490060219991654833e-03 9.757285001767295185e+00 1.436916005640112992e+01
1.800000000000000000e+01 3.500000000000000000e+00 1.800000000000000000e+01 6.599999999999999645e+00 1.000000000000000000e+00 3.500000000000000000e+01 4.000000000000000000e+00 2.500000000000000000e+01 8.006763358244395334e-02 1.308330603176210971e-02 9.857076862061826539e-01 8.717502065263791167e+01
1.800000000000000000e+01 3.500000000000000000e+00 1.800000000000000000e+01 6.599999999999999645e+00 5.000000000000000000e+00 3.500000000000000000e+01 4.000000000000000000e+00 2.500000000000000000e+01 5.574873895852761052e-12 1.321335375605834361e+00 5.109483810766883849e+00 2.018044645642846291e+01
1.800000000000000000e+01 3.500000000000000000e+00 1.800000000000000000e+01 6.599999999999999645e+00 1.000000000000000000e+01 3.500000000000000000e+01 4.000000000000000000e+00 2.500000000000000000e+01 6.735045988722321297e-03 2.644437669596655383e-05 8.379569411701117687e+00 1.552869805293456906e+01
1.800000000000000000e+01 3.500000000000000000e+00 1.800000000000000000e+01 6.599999999999999645e+00 1.000000000000000000e+00 4.000000000000000000e+01 4.000000000000000000e+00 2.500000000000000000e+01 7.820096408081389505e-02 1.357312143446898212e-02 1.002757594706419342e+00 8.201314476582147961e+01
1.800000000000000000e+01 3.500000000000000000e+00 1.800000000000000000e+01 6.599999999999999645e+00 5.000000000000000000e+00 4.000000000000000000e+01 4.000000000000000000e+00 2.500000000000000000e+01 1.304270842393773222e-02 2.014320254783985575e-04 3.273106383147220910e+00 3.702500048791034715e+01
1.800000000000000000e+01 3.500000000000000000e+00 1.800000000000000000e+01 6.599999999999999645e+00 1.000000000000000000e+00 2.500000000000000000e+01 5.000000000000000000e+00 2.500000000000000000e+01 1.855687805202246299e-01 4.117640284984247501e-02 1.227290156566383628e+00 8.935285265780180453e+01
1.800000000000000000e+01 3.500000000000000000e+00 1.800000000000000000e+01 6.599999999999999645e+00 1.000000000000000000e+00 3.500000000000000000e+01 5.000000000000000000e+00 2.500000000000000000e+01 7.148732072307684149e-02 1.092586757043756407e-02 1.009918062137202810e+00 8.613367140799996946e+01
1.800000000000000000e+01 3.500000000000000000e+00 1.800000000000000000e+01 6.599999999999999645e+00 1.000000000000000000e+00 4.000000000000000000e+01 5.000000000000000000e+00 2.500000000000000000e+01 6.815836520927054387e-02 1.014978271328170756e-02 1.000683475616103824e+00 8.193353149262807733e+01
1.800000000000000000e+01 3.500000000000000000e+00 1.800000000000000000e+01 6.599999999999999645e+00 5.000000000000000000e+00 4.000000000000000000e+01 5.000000000000000000e+00 2.500000000000000000e+01 4.252561580546876385e-03 1.923775136214445070e-05 3.325479020417225762e+00 3.635912674484393392e+01
1.800000000000000000e+01 3.500000000000000000e+00 1.800000000000000000e+01 6.599999999999999645e+00 1.000000000000000000e+00 2.500000000000000000e+01 6.000000000000000000e+00 2.500000000000000000e+01 2.254506616955844756e-01 4.767303143324519432e-02 1.255727442460284227e+00 8.786132301086647090e+01
1.800000000000000000e+01 3.500000000000000000e+00 1.800000000000000000e+01 6.599999999999999645e+00 5.000000000000000000e+00 2.500000000000000000e+01 6.000000000000000000e+00 2.500000000000000000e+01 1.544835331245910659e-01 8.873120727829419963e-03 4.168613455480771890e+00 3.607261574778699043e+01
1.800000000000000000e+01 3.500000000000000000e+00 1.800000000000000000e+01 6.599999999999999645e+00 1.000000000000000000e+01 2.500000000000000000e+01 6.000000000000000000e+00 2.500000000000000000e+01 1.636007038722788742e-01 6.690099015375983171e-03 1.029060436670099499e+01 1.349303399569468098e+01
1.800000000000000000e+01 3.500000000000000000e+00 1.800000000000000000e+01 6.599999999999999645e+00 1.000000000000000000e+00 3.500000000000000000e+01 6.000000000000000000e+00 2.500000000000000000e+01 7.824667658162343109e-02 1.190444131189449806e-02 1.077157190768969652e+00 8.187594313790616241e+01
1.800000000000000000e+01 3.500000000000000000e+00 1.800000000000000000e+01 6.599999999999999645e+00 5.000000000000000000e+00 3.500000000000000000e+01 6.000000000000000000e+00 2.500000000000000000e+01 3.074347847277469903e-02 7.624675532111879761e-04 3.594588632605721035e+00 3.483891318727458497e+01
1.800000000000000000e+01 3.500000000000000000e+00 1.800000000000000000e+01 6.599999999999999645e+00 1.000000000000000000e+01 3.500000000000000000e+01 6.000000000000000000e+00 2.500000000000000000e+01 9.553252679514567802e-03 5.583465489866767939e-05 8.933165851555125769e+00 1.439204504465841516e+01
1.800000000000000000e+01 3.500000000000000000e+00 1.800000000000000000e+01 6.599999999999999645e+00 1.000000000000000000e+00 4.000000000000000000e+01 6.000000000000000000e+00 2.500000000000000000e+01 9.603419707070370848e-02 1.392856982598766891e-02 1.079539606922885531e+00 7.509089186888611778e+01
1.800000000000000000e+01 3.500000000000000000e+00 1.800000000000000000e+01 6.599999999999999645e+00 5.000000000000000000e+00 4.000000000000000000e+01 6.000000000000000000e+00 2.500000000000000000e+01 2.148227743209152329e-02 2.882461216655585190e-04 3.494791946184012676e+00 3.362442257514036470e+01
1.800000000000000000e+01 3.500000000000000000e+00 1.800000000000000000e+01 6.599999999999999645e+00 1.000000000000000000e+00 2.500000000000000000e+01 7.000000000000000000e+00 2.500000000000000000e+01 2.224368873041939754e-01 4.105840854375619742e-02 1.163108618035911590e+00 9.530317180218735018e+01
1.800000000000000000e+01 3.500000000000000000e+00 1.800000000000000000e+01 6.599999999999999645e+00 1.000000000000000000e+00 3.500000000000000000e+01 7.000000000000000000e+00 2.500000000000000000e+01 8.149282916047750902e-02 1.189143823167082559e-02 1.064013378232941953e+00 8.183470938078141899e+01
1.800000000000000000e+01 3.500000000000000000e+00 1.800000000000000000e+01 6.599999999999999645e+00 5.000000000000000000e+00 4.000000000000000000e+01 7.000000000000000000e+00 2.500000000000000000e+01 3.418394556922699223e-02 6.764356711572716563e-04 3.420998860311186718e+00 3.387760339959812939e+01
1.800000000000000000e+01 3.500000000000000000e+00 1.800000000000000000e+01 6.599999999999999645e+00 1.000000000000000000e+00 2.500000000000000000e+01 8.000000000000000000e+00 2.500000000000000000e+01 2.348499151559495512e-01 3.860524577606327945e-02 1.236043414772944438e+00 8.821567857320191308e+01
1.800000000000000000e+01 3.500000000000000000e+00 1.800000000000000000e+01 6.599999999999999645e+00 5.000000000000000000e+00 2.500000000000000000e+01 8.000000000000000000e+00 2.500000000000000000e+01 1.704640701592570196e-01 6.905700128190028764e-03 4.285996678805275906e+00 3.424623638182231389e+01
1.800000000000000000e+01 3.500000000000000000e+00 1.800000000000000000e+01 6.599999999999999645e+00 1.000000000000000000e+01 2.500000000000000000e+01 8.000000000000000000e+00 2.500000000000000000e+01 1.637049140636643862e-01 5.644667949016746178e-03 1.049249039976450248e+01 1.251327976685536214e+01
1.800000000000000000e+01 3.500000000000000000e+00 1.800000000000000000e+01 6.599999999999999645e+00 1.000000000000000000e+00 3.500000000000000000e+01 8.000000000000000000e+00 2.500000000000000000e+01 7.509644972554951892e-02 1.018357673182701539e-02 1.198900405011096293e+00 7.445797761164293149e+01
1.800000000000000000e+01 3.500000000000000000e+00 1.800000000000000000e+01 6.599999999999999645e+00 5.000000000000000000e+00 3.500000000000000000e+01 8.000000000000000000e+00 2.500000000000000000e+01 1.923666532616774560e-02 3.254416150826333620e-04 3.931756553009903676e+00 3.200356640739048686e+01
1.800000000000000000e+01 3.500000000000000000e+00 1.800000000000000000e+01 6.599999999999999645e+00 1.000000000000000000e+01 3.500000000000000000e+01 8.000000000000000000e+00 2.500000000000000000e+01 4.349054908992622259e-03 1.360024013186134084e-05 9.239650983034460197e+00 1.377084793074235769e+01
1.800000000000000000e+01 3.500000000000000000e+00 1.800000000000000000e+01 6.599999999999999645e+00 5.000000000000000000e+00 4.000000000000000000e+01 8.000000000000000000e+00 2.500000000000000000e+01 3.834413298453576147e-04 1.134661213875176600e-07 3.996575599089674746e+00 3.017389824906124574e+01
1.800000000000000000e+01 3.500000000000000000e+00 1.800000000000000000e+01 6.599999999999999645e+00 1.000000000000000000e+00 2.500000000000000000e+01 9.000000000000000000e+00 2.500000000000000000e+01 2.239668599450412856e-01 3.203919498082119510e-02 1.280662222494457714e+00 8.347857969232013886e+01
1.800000000000000000e+01 3.500000000000000000e+00 1.800000000000000000e+01 6.599999999999999645e+00 1.000000000000000000e+00 3.500000000000000000e+01 9.000000000000000000e+00 2.500000000000000000e+01 8.768196985158227541e-02 1.255143262132429882e-02 1.185950593132570230e+00 7.314137859490986671e+01
1.800000000000000000e+01 3.500000000000000000e+00 1.800000000000000000e+01 6.599999999999999645e+00 5.000000000000000000e+00 4.000000000000000000e+01 9.000000000000000000e+00 2.500000000000000000e+01 9.590747744956384935e-04 7.072167800270534599e-07 3.981779316980451622e+00 3.018444856060582637e+01
1.800000000000000000e+01 3.500000000000000000e+00 1.800000000000000000e+01 6.599999999999999645e+00 1.000000000000000000e+00 2.500000000000000000e+01 1.000000000000000000e+01 2.500000000000000000e+01 2.415233642745202580e-01 3.382352068384175681e-02 1.207786722435777227e+00 8.631418562869752975e+01
1.800000000000000000e+01 3.500000000000000000e+00 1.800000000000000000e+01 6.599999999999999645e+00 5.000000000000000000e+00 2.500000000000000000e+01 1.000000000000000000e+01 2.500000000000000000e+01 1.681890243496357851e-01 5.197129068047701139e-03 4.019278837359276046e+00 3.570696760840463213e+01
1.800000000000000000e+01 3.500000000000000000e+00 1.800000000000000000e+01 6.599999999999999645e+00 1.000000000000000000e+01 2.500000000000000000e+01 1.000000000000000000e+01 2.500000000000000000e+01 1.636084623720288622e-01 5.239655439690515948e-03 9.809401847838620014e+00 1.353019029614785218e+01
1.800000000000000000e+01 3.500000000000000000e+00 1.800000000000000000e+01 6.599999999999999645e+00 5.000000000000000000e+00 3.500000000000000000e+01 1.000000000000000000e+01 2.500000000000000000e+01 3.672350778469257726e-02 8.516350992913146456e-04 3.679179877309758595e+00 3.312946932672426215e+01
1.800000000000000000e+01 3.500000000000000000e+00 1.800000000000000000e+01 6.599999999999999645e+00 1.000000000000000000e+01 3.500000000000000000e+01 1.000000000000000000e+01 2.500000000000000000e+01 8.069323346377998973e-04 4.556181567583195147e-07 8.834178714736241389e+00 1.461794128362570966e+01
1.800000000000000000e+01 3.500000000000000000e+00 1.800000000000000000e+01 6.599999999999999645e+00 5.000000000000000000e+00 4.000000000000000000e+01 1.000000000000000000e+01 2.500000000000000000e+01 1.673514231731743074e-02 1.542556057698707406e-04 3.554478116279945699e+00 3.248779559831679364e+01
1.800000000000000000e+01 3.500000000000000000e+00 1.800000000000000000e+01 6.599999999999999645e+00 1.000000000000000000e+00 2.500000000000000000e+01 1.100000000000000000e+01 2.500000000000000000e+01 2.316322277817681741e-01 2.734696096442501556e-02 1.319941291800502237e+00 8.036335650050939705e+01
1.800000000000000000e+01 3.500000000000000000e+00 1.800000000000000000e+01 6.599999999999999645e+00 5.000000000000000000e+00 4.000000000000000000e+01 1.100000000000000000e+01 2.500000000000000000e+01 2.426179515986737201e-02 2.990191284153453921e-04 3.747188626683761292e+00 3.101871801815169505e+01
1.800000000000000000e+01 3.500000000000000000e+00 1.800000000000000000e+01 6.599999999999999645e+00 1.000000000000000000e+00 2.500000000000000000e+01 1.200000000000000000e+01 2.500000000000000000e+01 2.334391402750848332e-01 2.877234896490565852e-02 1.265176065240770642e+00 7.941973548731205312e+01
1.800000000000000000e+01 3.500000000000000000e+00 1.800000000000000000e+01 6.599999999999999645e+00 5.000000000000000000e+00 2.500000000000000000e+01 1.200000000000000000e+01 2.500000000000000000e+01 1.681743487124056635e-01 4.500053008620330530e-03 3.934070395588884050e+00 3.494039698597865140e+01
1.800000000000000000e+01 3.500000000000000000e+00 1.800000000000000000e+01 6.599999999999999645e+00 1.000000000000000000e+01 2.500000000000000000e+01 1.200000000000000000e+01 2.500000000000000000e+01 1.558840121560285397e-01 3.038841338055986441e-03 9.347335130691613259e+00 1.378588442703928862e+01
1.800000000000000000e+01 3.500000000000000000e+00 1.800000000000000000e+01 6.599999999999999645e+00 5.000000000000000000e+00 3.500000000000000000e+01 1.200000000000000000e+01 2.500000000000000000e+01 2.864601225253626815e-02 4.815923852072856448e-04 3.919822116191278738e+00 3.134010767253665364e+01
1.800000000000000000e+01 3.500000000000000000e+00 1.800000000000000000e+01 6.599999999999999645e+00 1.000000000000000000e+01 3.500000000000000000e+01 1.200000000000000000e+01 2.500000000000000000e+01 4.094197875836647071e-03 1.002528276661251994e-05 9.065775428110798728e+00 1.403525325920012712e+01
1.800000000000000000e+01 3.500000000000000000e+00 1.800000000000000000e+01 6.599999999999999645e+00 5.000000000000000000e+00 4.000000000000000000e+01 1.200000000000000000e+01 2.500000000000000000e+01 3.316948065456370998e-02 6.399827860104068122e-04 3.738742038768501086e+00 3.112186382727243483e+01
1.800000000000000000e+01 3.500000000000000000e+00 1.800000000000000000e+01 6.599999999999999645e+00 5.000000000000000000e+00 2.500000000000000000e+01 1.400000000000000000e+01 2.500000000000000000e+01 1.568479129338171685e-01 3.097763321916469081e-03 4.373572480649143834e+00 3.155874943475921413e+01
1.800000000000000000e+01 3.500000000000000000e+00 1.800000000000000000e+01 6.599999999999999645e+00 1.000000000000000000e+01 2.500000000000000000e+01 1.400000000000000000e+01 2.500000000000000000e+01 1.562349570511791796e-01 2.274539342485004667e-03 1.010266327905566008e+01 1.238544517296046799e+01
1.800000000000000000e+01 3.500000000000000000e+00 1.800000000000000000e+01 6.599999999999999645e+00 5.000000000000000000e+00 3.500000000000000000e+01 1.400000000000000000e+01 2.500000000000000000e+01 3.244794276229723273e-02 5.767810835670683645e-04 4.252390376379633352e+00 2.895569981691209449e+01
1.800000000000000000e+01 3.500000000000000000e+00 1.800000000000000000e+01 6.599999999999999645e+00 1.000000000000000000e+01 3.500000000000000000e+01 1.400000000000000000e+01 2.500000000000000000e+01 2.930935772869736056e-03 4.240027539292867687e-06 9.972474751050715014e+00 1.246019914225690606e+01
1.800000000000000000e+01 3.500000000000000000e+00 1.800000000000000000e+01 6.599999999999999645e+00 5.000000000000000000e+00 2.500000000000000000e+01 1.600000000000000000e+01 2.500000000000000000e+01 1.702570307111788139e-01 3.937636403072541924e-03 4.081963400959081945e+00 3.311383979219478846e+01
1.800000000000000000e+01 3.500000000000000000e+00 1.800000000000000000e+01 6.599999999999999645e+00 1.000000000000000000e+01 2.500000000000000000e+01 1.600000000000000000e+01 2.500000000000000000e+01 1.629036378760602144e-01 2.471933139451598649e-03 9.536960893962508123e+00 1.287974761594612261e+01
1.800000000000000000e+01 3.500000000000000000e+00 1.800000000000000000e+01 6.599999999999999645e+00 5.000000000000000000e+00 3.500000000000000000e+01 1.600000000000000000e+01 2.500000000000000000e+01 2.387272603242895919e-02 3.856933107098114988e-04 4.084744369234786454e+00 3.012707755448032287e+01
1.800000000000000000e+01 3.500000000000000000e+00 1.800000000000000000e+01 6.599999999999999645e+00 1.000000000000000000e+01 3.500000000000000000e+01 1.600000000000000000e+01 2.500000000000000000e+01 6.178893028201848381e-03 2.143536370002863123e-05 9.462200858454382413e+00 1.311751059869338221e+01
1.800000000000000000e+01 3.500000000000000000e+00 1.800000000000000000e+01 6.599999999999999645e+00 5.000000000000000000e+00 2.500000000000000000e+01 1.800000000000000000e+01 2.500000000000000000e+01 1.676478898914772753e-01 3.583430253954800193e-03 3.995855059622910765e+00 3.288878964875031130e+01
1.800000000000000000e+01 3.500000000000000000e+00 1.800000000000000000e+01 6.599999999999999645e+00 1.000000000000000000e+01 2.500000000000000000e+01 1.800000000000000000e+01 2.500000000000000000e+01 1.810308674832354914e-01 5.135769214020813322e-03 9.930472084037866409e+00 1.274927860413822067e+01
1.800000000000000000e+01 3.500000000000000000e+00 1.800000000000000000e+01 6.599999999999999645e+00 5.000000000000000000e+00 3.500000000000000000e+01 1.800000000000000000e+01 2.500000000000000000e+01 7.062166435384042984e-02 2.027490433982093165e-03 4.160905826470933988e+00 2.847046863125333616e+01
1.800000000000000000e+01 3.500000000000000000e+00 1.800000000000000000e+01 6.599999999999999645e+00 1.000000000000000000e+01 3.500000000000000000e+01 1.800000000000000000e+01 2.500000000000000000e+01 2.357557556549760847e-03 2.862651113710867889e-06 9.602995420496563739e+00 1.297172346176009761e+01
1.800000000000000000e+01 3.500000000000000000e+00 1.800000000000000000e+01 6.599999999999999645e+00 5.000000000000000000e+00 2.500000000000000000e+01 2.200000000000000000e+01 2.500000000000000000e+01 1.751117066422842594e-01 4.084377197722810493e-03 4.347813207140065472e+00 3.005317661631378456e+01
1.800000000000000000e+01 3.500000000000000000e+00 1.800000000000000000e+01 6.599999999999999645e+00 1.000000000000000000e+01 2.500000000000000000e+01 2.200000000000000000e+01 2.500000000000000000e+01 1.526319611737687598e-01 1.681651192445787757e-03 1.010612098974263873e+01 1.214664366824508690e+01
1.800000000000000000e+01 3.500000000000000000e+00 1.800000000000000000e+01 6.599999999999999645e+00 1.000000000000000000e+01 3.500000000000000000e+01 2.200000000000000000e+01 2.500000000000000000e+01 1.051473736048924579e-02 2.923490040163123638e-05 1.006190959411445007e+01 1.198272174016259051e+01
