6.000000000000000000e+00 1.500000000000000000e+00 1.800000000000000000e+01 4.849999999999999645e+00 1.000000000000000000e+00 2.500000000000000000e+01 0.000000000000000000e+00 2.500000000000000000e+01 3.327370358774395243e-05 2.794411457784917729e-08 1.190435383898241772e+00 8.748307018164223336e+01
6.000000000000000000e+00 1.500000000000000000e+00 1.800000000000000000e+01 4.849999999999999645e+00 5.000000000000000000e+00 2.500000000000000000e+01 0.000000000000000000e+00 2.500000000000000000e+01 2.203187250282567788e-05 6.299954558031117813e-09 5.122831823065049583e+00 2.957339981531704609e+01
6.000000000000000000e+00 1.500000000000000000e+00 1.800000000000000000e+01 4.849999999999999645e+00 1.000000000000000000e+01 2.500000000000000000e+01 0.000000000000000000e+00 2.500000000000000000e+01 4.992845000639789532e-05 2.882706429119252789e-08 1.474359324996309972e+01 8.663897507082944927e+00
6.000000000000000000e+00 1.500000000000000000e+00 1.800000000000000000e+01 4.849999999999999645e+00 1.000000000000000000e+00 2.500000000000000000e+01 1.000000000000000056e-01 2.500000000000000000e+01 3.441399438475212236e-04 3.026118126081556170e-06 1.105494251800573480e+00 9.251975237733566360e+01
6.000000000000000000e+00 1.500000000000000000e+00 1.800000000000000000e+01 4.849999999999999645e+00 5.000000000000000000e+00 2.500000000000000000e+01 1.000000000000000056e-01 2.500000000000000000e+01 2.263557463155763116e-05 6.416224218597221807e-09 4.748807308619437784e+00 3.144863122399791422e+01
6.000000000000000000e+00 1.500000000000000000e+00 1.800000000000000000e+01 4.849999999999999645e+00 1.000000000000000000e+01 2.500000000000000000e+01 1.000000000000000056e-01 2.500000000000000000e+01 8.367832513322959187e-05 6.128859153520238578e-08 1.383673803855514350e+01 9.328859820411814496e+00
6.000000000000000000e+00 1.500000000000000000e+00 1.800000000000000000e+01 4.849999999999999645e+00 1.000000000000000000e+00 3.500000000000000000e+01 1.000000000000000056e-01 2.500000000000000000e+01 1.191413435361221573e-03 4.730073813052904086e-05 1.002074317872282849e+00 9.970429424104413840e+01
6.000000000000000000e+00 1.500000000000000000e+00 1.800000000000000000e+01 4.849999999999999645e+00 5.000000000000000000e+00 3.500000000000000000e+01 1.000000000000000056e-01 2.500000000000000000e+01 2.196796337639028707e-05 6.456687851041920112e-09 4.386442072248323498e+00 3.322454017574712282e+01
6.000000000000000000e+00 1.500000000000000000e+00 1.800000000000000000e+01 4.849999999999999645e+00 1.000000000000000000e+01 3.500000000000000000e+01 1.000000000000000056e-01 2.500000000000000000e+01 6.270109943717905310e-05 4.630555561213611782e-08 1.337917557185598660e+01 9.454320001502823700e+00
6.000000000000000000e+00 1.500000000000000000e+00 1.800000000000000000e+01 4.849999999999999645e+00 1.000000000000000000e+00 4.000000000000000000e+01 1.000000000000000056e-01 2.500000000000000000e+01 6.393180366179862517e-04 1.532250873270690761e-05 9.906248380132961495e-01 1.000972415785153942e+02
6.000000000000000000e+00 1.500000000000000000e+00 1.800000000000000000e+01 4.849999999999999645e+00 5.000000000000000000e+00 4.000000000000000000e+01 1.000000000000000056e-01 2.500000000000000000e+01 1.800476511926163425e-05 6.022461640498022462e-09 4.328411539150097020e+00 3.305720643539037695e+01
6.000000000000000000e+00 1.500000000000000000e+00 1.800000000000000000e+01 4.849999999999999645e+00 1.000000000000000000e+01 4.000000000000000000e+01 1.000000000000000056e-01 2.500000000000000000e+01 4.867781725437225759e-05 4.570073897092186144e-08 1.285694514894252372e+01 9.845387562140254900e+00
6.000000000000000000e+00 1.500000000000000000e+00 1.800000000000000000e+01 4.849999999999999645e+00 1.000000000000000000e+00 2.500000000000000000e+01 1.000000000000000000e+00 2.500000000000000000e+01 2.976184619898347705e-03 2.148724705703930482e-04 9.972132841758996058e-01 1.005478044487818039e+02
6.000000000000000000e+00 1.500000000000000000e+00 1.800000000000000000e+01 4.849999999999999645e+00 1.000000000000000000e+00 3.500000000000000000e+01 1.000000000000000000e+00 2.500000000000000000e+01 7.671228298324672679e-03 1.753319047734125391e-03 8.650249138173856656e-01 1.115309996941386004e+02
6.000000000000000000e+00 1.500000000000000000e+00 1.800000000000000000e+01 4.849999999999999645e+00 1.000000000000000000e+00 4.000000000000000000e+01 1.000000000000000000e+00 2.500000000000000000e+01 9.273720849467537164e-06 6.473040992105438818e-09 7.889383887706533649e-01 1.158156798073553091e+02
6.000000000000000000e+00 1.500000000000000000e+00 1.800000000000000000e+01 4.849999999999999645e+00 5.000000000000000000e+00 4.000000000000000000e+01 1.000000000000000000e+00 2.500000000000000000e+01 1.984332742366312630e-05 1.287664175286806767e-08 3.755631056238896370e+00 3.586968474428490339e+01
6.000000000000000000e+00 1.500000000000000000e+00 1.800000000000000000e+01 4.849999999999999645e+00 1.000000000000000000e+01 4.000000000000000000e+01 1.000000000000000000e+00 2.500000000000000000e+01 2.527513255023983163e-05 1.682507400069255254e-08 1.157371772772329521e+01 1.092781576046968262e+01
6.000000000000000000e+00 1.500000000000000000e+00 1.800000000000000000e+01 4.849999999999999645e+00 1.000000000000000000e+00 2.500000000000000000e+01 2.000000000000000000e+00 2.500000000000000000e+01 3.957881480212810388e-03 3.236696665682714524e-04 1.054001241397608757e+00 9.653576246576042763e+01
6.000000000000000000e+00 1.500000000000000000e+00 1.800000000000000000e+01 4.849999999999999645e+00 5.000000000000000000e+00 2.500000000000000000e+01 2.000000000000000000e+00 2.500000000000000000e+01 2.780530402413106117e-05 5.938336489208495550e-09 4.489653297136196208e+00 3.276009031539529559e+01
6.000000000000000000e+00 1.500000000000000000e+00 1.800000000000000000e+01 4.849999999999999645e+00 1.000000000000000000e+01 2.500000000000000000e+01 2.000000000000000000e+00 2.500000000000000000e+01 5.801548550099511203e-05 1.920834935553727973e-08 1.311884604398411724e+01 1.025635483789117863e+01
6.000000000000000000e+00 1.500000000000000000e+00 1.800000000000000000e+01 4.849999999999999645e+00 1.000000000000000000e+00 3.500000000000000000e+01 2.000000000000000000e+00 2.500000000000000000e+01 9.458040681886714651e-03 2.590254509383882464e-03 9.011668051203226559e-01 1.077881544977323927e+02
6.000000000000000000e+00 1.500000000000000000e+00 1.800000000000000000e+01 4.849999999999999645e+00 5.000000000000000000e+00 3.500000000000000000e+01 2.000000000000000000e+00 2.500000000000000000e+01 3.817933207561630127e-05 1.343187050473204636e-08 3.910270291712480084e+00 3.547575280727683378e+01
6.000000000000000000e+00 1.500000000000000000e+00 1.800000000000000000e+01 4.849999999999999645e+00 1.000000000000000000e+01 3.500000000000000000e+01 2.000000000000000000e+00 2.500000000000000000e+01 5.187681293894463863e-05 2.073406224489815486e-08 1.226839775036573954e+01 1.051382797709735151e+01
6.000000000000000000e+00 1.500000000000000000e+00 1.800000000000000000e+01 4.849999999999999645e+00 1.000000000000000000e+00 4.000000000000000000e+01 2.000000000000000000e+00 2.500000000000000000e+01 6.379369390741018719e-06 5.839251970840564354e-09 8.949551189925704087e-01 1.022395052125257422e+02
6.000000000000000000e+00 1.500000000000000000e+00 1.800000000000000000e+01 4.849999999999999645e+00 5.000000000000000000e+00 4.000000000000000000e+01 2.000000000000000000e+00 2.500000000000000000e+01 1.231945801150047259e-05 6.258045193163752629e-09 4.046518650476214951e+00 3.326960268733531478e+01
6.000000000000000000e+00 1.500000000000000000e+00 1.800000000000000000e+01 4.849999999999999645e+00 1.000000000000000000e+01 4.000000000000000000e+01 2.000000000000000000e+00 2.500000000000000000e+01 2.455831873127145570e-05 1.294051354960856770e-08 1.237473281713101514e+01 1.006606695880520341e+01
6.000000000000000000e+00 1.500000000000000000e+00 1.800000000000000000e+01 4.849999999999999645e+00 1.000000000000000000e+00 2.500000000000000000e+01 3.000000000000000000e+00 2.500000000000000000e+01 6.360657768378130683e-03 8.162111035465713371e-04 9.558550921183071036e-01 1.057566334533282060e+02
6.000000000000000000e+00 1.500000000000000000e+00 1.800000000000000000e+01 4.849999999999999645e+00 1.000000000000000000e+00 3.500000000000000000e+01 3.000000000000000000e+00 2.500000000000000000e+01 8.749394262637988362e-03 2.509171278850086395e-03 8.580890903880310505e-01 1.118337689741440499e+02
6.000000000000000000e+00 1.500000000000000000e+00 1.800000000000000000e+01 4.849999999999999645e+00 1.000000000000000000e+00 4.000000000000000000e+01 3.000000000000000000e+00 2.500000000000000000e+01 3.349345549352733542e-06 4.581916623891402196e-09 8.428910377795880704e-01 1.067279875431203777e+02
6.000000000000000000e+00 1.500000000000000000e+00 1.800000000000000000e+01 4.849999999999999645e+00 5.000000000000000000e+00 4.000000000000000000e+01 3.000000000000000000e+00 2.500000000000000000e+01 1.109985412228731150e-05 6.084661441363437007e-09 3.849375645227870013e+00 3.450384773304493535e+01
6.000000000000000000e+00 1.500000000000000000e+00 1.800000000000000000e+01 4.849999999999999645e+00 1.000000000000000000e+01 4.000000000000000000e+01 3.000000000000000000e+00 2.500000000000000000e+01 2.369607861218980815e-05 1.292164863997413704e-08 1.152995331560731174e+01 1.102982945657155689e+01
6.000000000000000000e+00 1.500000000000000000e+00 1.800000000000000000e+01 4.849999999999999645e+00 1.000000000000000000e+00 2.500000000000000000e+01 4.000000000000000000e+00 2.500000000000000000e+01 9.413106666858794824e-03 1.820987613371904956e-03 9.096346696170518609e-01 1.090932363632214646e+02
6.000000000000000000e+00 1.500000000000000000e+00 1.800000000000000000e+01 4.849999999999999645e+00 5.000000000000000000e+00 2.500000000000000000e+01 4.000000000000000000e+00 2.500000000000000000e+01 4.481789390542445517e-05 1.281043227052691691e-08 4.002418222836637618e+00 3.606448857501611371e+01
6.000000000000000000e+00 1.500000000000000000e+00 1.800000000000000000e+01 4.849999999999999645e+00 1.000000000000000000e+01 2.500000000000000000e+01 4.000000000000000000e+00 2.500000000000000000e+01 6.595810353005049365e-05 2.074706273447191052e-08 1.227321530930978000e+01 1.129360437217925295e+01
6.000000000000000000e+00 1.500000000000000000e+00 1.800000000000000000e+01 4.849999999999999645e+00 1.000000000000000000e+00 3.500000000000000000e+01 4.000000000000000000e+00 2.500000000000000000e+01 8.026456907144652320e-03 1.939206049443864543e-03 8.989648399913521271e-01 1.074573459135476554e+02
6.000000000000000000e+00 1.500000000000000000e+00 1.800000000000000000e+01 4.849999999999999645e+00 5.000000000000000000e+00 3.500000000000000000e+01 4.000000000000000000e+00 2.500000000000000000e+01 2.428458051784154748e-05 6.921987205643631569e-09 3.743912838480613292e+00 3.630008655431550579e+01
6.000000000000000000e+00 1.500000000000000000e+00 1.800000000000000000e+01 4.849999999999999645e+00 1.000000000000000000e+01 3.500000000000000000e+01 4.000000000000000000e+00 2.500000000000000000e+01 4.057910996335678533e-05 1.344614264375820767e-08 1.175594478509743901e+01 1.105512061070038143e+01
6.000000000000000000e+00 1.500000000000000000e+00 1.800000000000000000e+01 4.849999999999999645e+00 1.000000000000000000e+00 4.000000000000000000e+01 4.000000000000000000e+00 2.500000000000000000e+01 5.864869808469563850e-06 4.758651472869246390e-09 8.582971898248082931e-01 1.034719356643678623e+02
6.000000000000000000e+00 1.500000000000000000e+00 1.800000000000000000e+01 4.849999999999999645e+00 5.000000000000000000e+00 4.000000000000000000e+01 4.000000000000000000e+00 2.500000000000000000e+01 1.141531972193021716e-05 6.310753253302436860e-09 3.824046302318733215e+00 3.452158706682954659e+01
6.000000000000000000e+00 1.500000000000000000e+00 1.800000000000000000e+01 4.849999999999999645e+00 1.000000000000000000e+01 4.000000000000000000e+01 4.000000000000000000e+00 2.500000000000000000e+01 2.357471363478857995e-05 1.199518795402809701e-08 1.139333581036803800e+01 1.120304365179006467e+01
6.000000000000000000e+00 1.500000000000000000e+00 1.800000000000000000e+01 4.849999999999999645e+00 1.000000000000000000e+00 2.500000000000000000e+01 5.000000000000000000e+00 2.500000000000000000e+01 9.991361725055103449e-03 2.042721547479642297e-03 8.866000811583233387e-01 1.106073797548867077e+02
6.000000000000000000e+00 1.500000000000000000e+00 1.800000000000000000e+01 4.849999999999999645e+00 1.000000000000000000e+00 3.500000000000000000e+01 5.000000000000000000e+00 2.500000000000000000e+01 6.509601004792919809e-03 1.518179704389721607e-03 9.009223548400459025e-01 1.073734819308979098e+02
6.000000000000000000e+00 1.500000000000000000e+00 1.800000000000000000e+01 4.849999999999999645e+00 1.000000000000000000e+00 4.000000000000000000e+01 5.000000000000000000e+00 2.500000000000000000e+01 5.119653458729445106e-06 5.275203385224358499e-09 7.878342675139926587e-01 1.113390144544965636e+02
6.000000000000000000e+00 1.500000000000000000e+00 1.800000000000000000e+01 4.849999999999999645e+00 5.000000000000000000e+00 4.000000000000000000e+01 5.000000000000000000e+00 2.500000000000000000e+01 1.093099435456323931e-05 6.360944437844295862e-09 3.725947504624619988e+00 3.495167113074319332e+01
6.000000000000000000e+00 1.500000000000000000e+00 1.800000000000000000e+01 4.849999999999999645e+00 1.000000000000000000e+01 4.000000000000000000e+01 5.000000000000000000e+00 2.500000000000000000e+01 2.314295776439934116e-05 1.245051750586867456e-08 1.091113049503828947e+01 1.181011909165756890e+01
6.000000000000000000e+00 1.500000000000000000e+00 1.800000000000000000e+01 4.849999999999999645e+00 1.000000000000000000e+00 2.500000000000000000e+01 6.000000000000000000e+00 2.500000000000000000e+01 9.348583816807920499e-03 1.511405543870081303e-03 9.265744033668683599e-01 1.061990738114833590e+02
6.000000000000000000e+00 1.500000000000000000e+00 1.800000000000000000e+01 4.849999999999999645e+00 5.000000000000000000e+00 2.500000000000000000e+01 6.000000000000000000e+00 2.500000000000000000e+01 4.949713494095675514e-05 1.311560815508983069e-08 3.983100700616108103e+00 3.627680467373206596e+01
6.000000000000000000e+00 1.500000000000000000e+00 1.800000000000000000e+01 4.849999999999999645e+00 1.000000000000000000e+01 2.500000000000000000e+01 6.000000000000000000e+00 2.500000000000000000e+01 5.698106861640184206e-05 1.365725421642594029e-08 1.233239640412777050e+01 1.129030673007508412e+01
6.000000000000000000e+00 1.500000000000000000e+00 1.800000000000000000e+01 4.849999999999999645e+00 1.000000000000000000e+00 3.500000000000000000e+01 6.000000000000000000e+00 2.500000000000000000e+01 8.040683217876321009e-03 2.267818732902826540e-03 9.208853429516992151e-01 1.023811624171078591e+02
6.000000000000000000e+00 1.500000000000000000e+00 1.800000000000000000e+01 4.849999999999999645e+00 5.000000000000000000e+00 3.500000000000000000e+01 6.000000000000000000e+00 2.500000000000000000e+01 3.478712521221005716e-05 1.361393486831730115e-08 3.692487269076319745e+00 3.633982553492639056e+01
6.000000000000000000e+00 1.500000000000000000e+00 1.800000000000000000e+01 4.849999999999999645e+00 1.000000000000000000e+01 3.500000000000000000e+01 6.000000000000000000e+00 2.500000000000000000e+01 3.607632246205305648e-05 1.269662219804956749e-08 1.180162669288789168e+01 1.105815576131073286e+01
6.000000000000000000e+00 1.500000000000000000e+00 1.800000000000000000e+01 4.849999999999999645e+00 1.000000000000000000e+00 4.000000000000000000e+01 6.000000000000000000e+00 2.500000000000000000e+01 2.219356133537075948e-06 4.148543064630416666e-09 8.474487383457637302e-01 1.089449258547684707e+02
6.000000000000000000e+00 1.500000000000000000e+00 1.800000000000000000e+01 4.849999999999999645e+00 5.000000000000000000e+00 4.000000000000000000e+01 6.000000000000000000e+00 2.500000000000000000e+01 1.343856471969218092e-05 1.274540895046527567e-08 3.753244773627831599e+00 3.510414311955932476e+01
6.000000000000000000e+00 1.500000000000000000e+00 1.800000000000000000e+01 4.849999999999999645e+00 1.000000000000000000e+01 4.000000000000000000e+01 6.000000000000000000e+00 2.500000000000000000e+01 2.569833568322188455e-05 1.290461848491020191e-08 1.116617623113511470e+01 1.142840108635885699e+01
6.000000000000000000e+00 1.500000000000000000e+00 1.800000000000000000e+01 4.849999999999999645e+00 1.000000000000000000e+00 2.500000000000000000e+01 7.000000000000000000e+00 2.500000000000000000e+01 1.171077205565240753e-02 2.420674796312027865e-03 9.368797798458764481e-01 1.049086118089794297e+02
6.000000000000000000e+00 1.500000000000000000e+00 1.800000000000000000e+01 4.849999999999999645e+00 1.000000000000000000e+00 3.500000000000000000e+01 7.000000000000000000e+00 2.500000000000000000e+01 8.114384508354888226e-03 2.567932456065680213e-03 8.835155546183374176e-01 1.059191257090369760e+02
6.000000000000000000e+00 1.500000000000000000e+00 1.800000000000000000e+01 4.849999999999999645e+00 5.000000000000000000e+00 4.000000000000000000e+01 7.000000000000000000e+00 2.500000000000000000e+01 8.587429629169918144e-06 6.548995346022934427e-09 3.681811759151912167e+00 3.569719006704788455e+01
6.000000000000000000e+00 1.500000000000000000e+00 1.800000000000000000e+01 4.849999999999999645e+00 1.000000000000000000e+01 4.000000000000000000e+01 7.000000000000000000e+00 2.500000000000000000e+01 3.936521172298590443e-05 1.951195471860955877e-08 1.086090430656756034e+01 1.173182452295508149e+01
6.000000000000000000e+00 1.500000000000000000e+00 1.800000000000000000e+01 4.849999999999999645e+00 1.000000000000000000e+00 2.500000000000000000e+01 8.000000000000000000e+00 2.500000000000000000e+01 1.214181442712791714e-02 2.298685391976418302e-03 1.030695860092292415e+00 9.902617645354267495e+01
6.000000000000000000e+00 1.500000000000000000e+00 1.800000000000000000e+01 4.849999999999999645e+00 5.000000000000000000e+00 2.500000000000000000e+01 8.000000000000000000e+00 2.500000000000000000e+01 5.310217628151647773e-05 1.261276749708883926e-08 4.511356375002815611e+00 3.286545549168519642e+01
6.000000000000000000e+00 1.500000000000000000e+00 1.800000000000000000e+01 4.849999999999999645e+00 1.000000000000000000e+01 2.500000000000000000e+01 8.000000000000000000e+00 2.500000000000000000e+01 7.020870390284095208e-05 1.981327857336623310e-08 1.327560730796846045e+01 1.010606722950161007e+01
6.000000000000000000e+00 1.500000000000000000e+00 1.800000000000000000e+01 4.849999999999999645e+00 1.000000000000000000e+00 3.500000000000000000e+01 8.000000000000000000e+00 2.500000000000000000e+01 4.859366797863140519e-03 8.840403878194180720e-04 1.025771116173362252e+00 9.356646357561410809e+01
6.000000000000000000e+00 1.500000000000000000e+00 1.800000000000000000e+01 4.849999999999999645e+00 5.000000000000000000e+00 3.500000000000000000e+01 8.000000000000000000e+00 2.500000000000000000e+01 2.084109030442427013e-05 6.830647159006275615e-09 3.795862532403936562e+00 3.513957167347862054e+01
6.000000000000000000e+00 1.500000000000000000e+00 1.800000000000000000e+01 4.849999999999999645e+00 1.000000000000000000e+01 3.500000000000000000e+01 8.000000000000000000e+00 2.500000000000000000e+01 3.715038997142983135e-05 1.290752416061025087e-08 1.203088332669045535e+01 1.060042191246378174e+01
6.000000000000000000e+00 1.500000000000000000e+00 1.800000000000000000e+01 4.849999999999999645e+00 5.000000000000000000e+00 4.000000000000000000e+01 8.000000000000000000e+00 2.500000000000000000e+01 1.530008402461646710e-05 6.102683913766782098e-09 4.306948556309800225e+00 3.062484326901942921e+01
6.000000000000000000e+00 1.500000000000000000e+00 1.800000000000000000e+01 4.849999999999999645e+00 1.000000000000000000e+01 4.000000000000000000e+01 8.000000000000000000e+00 2.500000000000000000e+01 3.014693730785111825e-05 1.221497458736564568e-08 1.344123556890954063e+01 8.853502673899050990e+00
6.000000000000000000e+00 1.500000000000000000e+00 1.800000000000000000e+01 4.849999999999999645e+00 1.000000000000000000e+00 2.500000000000000000e+01 9.000000000000000000e+00 2.500000000000000000e+01 1.209036989112854954e-02 1.916960600377271007e-03 1.133913214193416064e+00 9.263598968996140570e+01
6.000000000000000000e+00 1.500000000000000000e+00 1.800000000000000000e+01 4.849999999999999645e+00 1.000000000000000000e+00 3.500000000000000000e+01 9.000000000000000000e+00 2.500000000000000000e+01 4.718104314938242894e-03 6.172879506831652208e-04 1.093853928656289609e+00 8.976598237762534893e+01
6.000000000000000000e+00 1.500000000000000000e+00 1.800000000000000000e+01 4.849999999999999645e+00 5.000000000000000000e+00 4.000000000000000000e+01 9.000000000000000000e+00 2.500000000000000000e+01 1.670761839145384897e-05 1.274380090343640859e-08 4.816350787776150888e+00 2.826915110886956484e+01
6.000000000000000000e+00 1.500000000000000000e+00 1.800000000000000000e+01 4.849999999999999645e+00 1.000000000000000000e+01 4.000000000000000000e+01 9.000000000000000000e+00 2.500000000000000000e+01 3.226467630734752845e-05 1.352263812037790558e-08 1.279465609081961830e+01 9.417297161037209818e+00
6.000000000000000000e+00 1.500000000000000000e+00 1.800000000000000000e+01 4.849999999999999645e+00 1.000000000000000000e+00 2.500000000000000000e+01 1.000000000000000000e+01 2.500000000000000000e+01 1.308439583979348342e-02 2.044673286396792022e-03 1.218374208930981251e+00 8.908671964067616500e+01
6.000000000000000000e+00 1.500000000000000000e+00 1.800000000000000000e+01 4.849999999999999645e+00 5.000000000000000000e+00 2.500000000000000000e+01 1.000000000000000000e+01 2.500000000000000000e+01 5.719874899079435693e-05 1.345493649829165861e-08 4.505023501587271717e+00 3.258106456829507636e+01
6.000000000000000000e+00 1.500000000000000000e+00 1.800000000000000000e+01 4.849999999999999645e+00 1.000000000000000000e+01 2.500000000000000000e+01 1.000000000000000000e+01 2.500000000000000000e+01 5.936665762695803039e-05 1.334387333962183675e-08 1.259847216955196991e+01 1.058886751246549984e+01
6.000000000000000000e+00 1.500000000000000000e+00 1.800000000000000000e+01 4.849999999999999645e+00 5.000000000000000000e+00 3.500000000000000000e+01 1.000000000000000000e+01 2.500000000000000000e+01 3.346598018083568604e-05 1.346575917438030956e-08 4.377645723635057884e+00 3.105662840002654690e+01
6.000000000000000000e+00 1.500000000000000000e+00 1.800000000000000000e+01 4.849999999999999645e+00 1.000000000000000000e+01 3.500000000000000000e+01 1.000000000000000000e+01 2.500000000000000000e+01 3.831190746939050484e-05 1.270172789169521366e-08 1.209241759953834539e+01 1.033363392144190307e+01
6.000000000000000000e+00 1.500000000000000000e+00 1.800000000000000000e+01 4.849999999999999645e+00 5.000000000000000000e+00 4.000000000000000000e+01 1.000000000000000000e+01 2.500000000000000000e+01 1.397124990498710417e-05 1.259405224551812807e-08 5.437775313408864442e+00 2.580967578404574070e+01
6.000000000000000000e+00 1.500000000000000000e+00 1.800000000000000000e+01 4.849999999999999645e+00 1.000000000000000000e+01 4.000000000000000000e+01 1.000000000000000000e+01 2.500000000000000000e+01 2.911130855109966831e-05 1.452261844114843825e-08 1.397797127984802756e+01 8.349359990087462435e+00
6.000000000000000000e+00 1.500000000000000000e+00 1.800000000000000000e+01 4.849999999999999645e+00 1.000000000000000000e+00 2.500000000000000000e+01 1.100000000000000000e+01 2.500000000000000000e+01 1.284099980397779284e-02 2.458850306288562493e-03 1.004967962821419647e+00 1.032334568950317362e+02
6.000000000000000000e+00 1.500000000000000000e+00 1.800000000000000000e+01 4.849999999999999645e+00 5.000000000000000000e+00 4.000000000000000000e+01 1.100000000000000000e+01 2.500000000000000000e+01 1.035897732148960415e-05 1.348942335610558985e-08 4.586489426806817704e+00 3.099822435194709414e+01
6.000000000000000000e+00 1.500000000000000000e+00 1.800000000000000000e+01 4.849999999999999645e+00 1.000000000000000000e+01 4.000000000000000000e+01 1.100000000000000000e+01 2.500000000000000000e+01 3.147031576578029899e-05 1.649601988340521075e-08 1.302745754665014033e+01 9.190145514671133498e+00
6.000000000000000000e+00 1.500000000000000000e+00 1.800000000000000000e+01 4.849999999999999645e+00 1.000000000000000000e+00 2.500000000000000000e+01 1.200000000000000000e+01 2.500000000000000000e+01 1.353064913096302391e-02 2.837771589251580906e-03 1.013911058568389034e+00 1.006492472477795985e+02
6.000000000000000000e+00 1.500000000000000000e+00 1.800000000000000000e+01 4.849999999999999645e+00 5.000000000000000000e+00 2.500000000000000000e+01 1.200000000000000000e+01 2.500000000000000000e+01 5.488596043168314509e-05 1.317127051869704246e-08 4.136206633061963345e+00 3.482916580843520649e+01
6.000000000000000000e+00 1.500000000000000000e+00 1.800000000000000000e+01 4.849999999999999645e+00 1.000000000000000000e+01 2.500000000000000000e+01 1.200000000000000000e+01 2.500000000000000000e+01 1.661498675444850193e-04 1.051762059667282756e-07 1.207683862552590526e+01 1.110136955755302424e+01
6.000000000000000000e+00 1.500000000000000000e+00 1.800000000000000000e+01 4.849999999999999645e+00 5.000000000000000000e+00 3.500000000000000000e+01 1.200000000000000000e+01 2.500000000000000000e+01 1.799276701519580968e-05 6.588249279460001162e-09 4.059674355074582408e+00 3.292096221189590466e+01
6.000000000000000000e+00 1.500000000000000000e+00 1.800000000000000000e+01 4.849999999999999645e+00 1.000000000000000000e+01 3.500000000000000000e+01 1.200000000000000000e+01 2.500000000000000000e+01 3.714832114498634041e-05 1.315616482422399258e-08 1.182618383926184968e+01 1.055145992436606051e+01
6.000000000000000000e+00 1.500000000000000000e+00 1.800000000000000000e+01 4.849999999999999645e+00 5.000000000000000000e+00 4.000000000000000000e+01 1.200000000000000000e+01 2.500000000000000000e+01 7.953158590812137163e-06 1.614772648927953469e-08 4.274185894773429695e+00 3.407028340634309416e+01
6.000000000000000000e+00 1.500000000000000000e+00 1.800000000000000000e+01 4.849999999999999645e+00 1.000000000000000000e+01 4.000000000000000000e+01 1.200000000000000000e+01 2.500000000000000000e+01 2.035329057537005326e-05 1.954525363778714109e-08 1.232151838500675112e+01 9.722663601429873736e+00
6.000000000000000000e+00 1.500000000000000000e+00 1.800000000000000000e+01 4.849999999999999645e+00 1.000000000000000000e+01 4.000000000000000000e+01 1.300000000000000000e+01 2.500000000000000000e+01 3.445171710847461100e-05 3.916161572803389390e-08 1.260092385812093241e+01 9.369663335796408532e+00
6.000000000000000000e+00 1.500000000000000000e+00 1.800000000000000000e+01 4.849999999999999645e+00 5.000000000000000000e+00 2.500000000000000000e+01 1.400000000000000000e+01 2.500000000000000000e+01 6.533050234347470564e-05 1.342035460538681946e-08 4.579301550162021783e+00 3.216324191464754989e+01
6.000000000000000000e+00 1.500000000000000000e+00 1.800000000000000000e+01 4.849999999999999645e+00 1.000000000000000000e+01 2.500000000000000000e+01 1.400000000000000000e+01 2.500000000000000000e+01 8.080580507319190531e-05 2.010101574079214970e-08 1.317270946539749055e+01 1.011188214665725482e+01
6.000000000000000000e+00 1.500000000000000000e+00 1.800000000000000000e+01 4.849999999999999645e+00 5.000000000000000000e+00 3.500000000000000000e+01 1.400000000000000000e+01 2.500000000000000000e+01 2.025785231274390696e-05 6.117440110031679978e-09 4.939826035933612580e+00 2.774791231501033906e+01
6.000000000000000000e+00 1.500000000000000000e+00 1.800000000000000000e+01 4.849999999999999645e+00 1.000000000000000000e+01 3.500000000000000000e+01 1.400000000000000000e+01 2.500000000000000000e+01 6.643230924230358880e-05 2.718526603828763655e-08 1.156090344978266771e+01 1.066492190641359805e+01
6.000000000000000000e+00 1.500000000000000000e+00 1.800000000000000000e+01 4.849999999999999645e+00 1.000000000000000000e+01 4.000000000000000000e+01 1.400000000000000000e+01 2.500000000000000000e+01 2.797464400474236612e-03 8.144138807297516614e+06 1.339234890445666437e+01 8.630872614041390278e+00
6.000000000000000000e+00 1.500000000000000000e+00 1.800000000000000000e+01 4.849999999999999645e+00 1.000000000000000000e+01 4.000000000000000000e+01 1.500000000000000000e+01 2.500000000000000000e+01 1.720835244589657975e-05 1.615629430240517195e-08 1.185391994629023493e+01 1.038034763508421321e+01
6.000000000000000000e+00 1.500000000000000000e+00 1.800000000000000000e+01 4.849999999999999645e+00 5.000000000000000000e+00 2.500000000000000000e+01 1.600000000000000000e+01 2.500000000000000000e+01 7.908463764305651011e-05 2.096548112895391114e-08 4.292468239687671883e+00 3.393144876340486604e+01
6.000000000000000000e+00 1.500000000000000000e+00 1.800000000000000000e+01 4.849999999999999645e+00 1.000000000000000000e+01 2.500000000000000000e+01 1.600000000000000000e+01 2.500000000000000000e+01 7.698055550231508448e-05 1.990140408025808938e-08 1.352177530454706655e+01 9.957686380885528266e+00
6.000000000000000000e+00 1.500000000000000000e+00 1.800000000000000000e+01 4.849999999999999645e+00 5.000000000000000000e+00 3.500000000000000000e+01 1.600000000000000000e+01 2.500000000000000000e+01 2.814384829097349439e-05 1.276255723325903091e-08 4.894042715582084924e+00 2.823708424669028361e+01
6.000000000000000000e+00 1.500000000000000000e+00 1.800000000000000000e+01 4.849999999999999645e+00 1.000000000000000000e+01 3.500000000000000000e+01 1.600000000000000000e+01 2.500000000000000000e+01 4.915944768080215965e-05 2.013129529743196144e-08 1.260956782584138658e+01 9.775735190567999666e+00
6.000000000000000000e+00 1.500000000000000000e+00 1.800000000000000000e+01 4.849999999999999645e+00 1.000000000000000000e+01 4.000000000000000000e+01 1.600000000000000000e+01 2.500000000000000000e+01 6.220094108289941914e-03 2.274592932051940262e+07 1.287055990225956315e+01 9.310356040093321184e+00
6.000000000000000000e+00 1.500000000000000000e+00 1.800000000000000000e+01 4.849999999999999645e+00 1.000000000000000000e+01 4.000000000000000000e+01 1.700000000000000000e+01 2.500000000000000000e+01 1.585084600108643826e-05 1.959527407002781274e-08 1.304491385295951744e+01 9.144997121083743963e+00
6.000000000000000000e+00 1.500000000000000000e+00 1.800000000000000000e+01 4.849999999999999645e+00 5.000000000000000000e+00 2.500000000000000000e+01 1.800000000000000000e+01 2.500000000000000000e+01 7.802299855130812034e-05 2.012294286757310147e-08 4.188371498612434074e+00 3.430975358927496188e+01
6.000000000000000000e+00 1.500000000000000000e+00 1.800000000000000000e+01 4.849999999999999645e+00 1.000000000000000000e+01 2.500000000000000000e+01 1.800000000000000000e+01 2.500000000000000000e+01 7.678843332992180137e-05 1.987700315453366784e-08 1.258422816651515497e+01 1.074907655599380263e+01
6.000000000000000000e+00 1.500000000000000000e+00 1.800000000000000000e+01 4.849999999999999645e+00 5.000000000000000000e+00 3.500000000000000000e+01 1.800000000000000000e+01 2.500000000000000000e+01 1.816037122592817354e-05 6.162570009848877817e-09 4.450091831218523808e+00 3.028576597751215260e+01
6.000000000000000000e+00 1.500000000000000000e+00 1.800000000000000000e+01 4.849999999999999645e+00 1.000000000000000000e+01 3.500000000000000000e+01 1.800000000000000000e+01 2.500000000000000000e+01 3.375016650708495547e-05 1.346047961980900709e-08 1.289943420105391425e+01 9.464431009227247671e+00
6.000000000000000000e+00 1.500000000000000000e+00 1.800000000000000000e+01 4.849999999999999645e+00 1.000000000000000000e+01 4.000000000000000000e+01 1.800000000000000000e+01 2.500000000000000000e+01 2.009737724093740852e-03 6.733488950923691504e+06 1.214395271791506659e+01 9.976343588729365663e+00
6.000000000000000000e+00 1.500000000000000000e+00 1.800000000000000000e+01 4.849999999999999645e+00 5.000000000000000000e+00 2.500000000000000000e+01 2.000000000000000000e+01 2.500000000000000000e+01 8.223966071052579707e-05 2.015582056813514100e-08 4.395158814992452534e+00 3.299776089232828014e+01
6.000000000000000000e+00 1.500000000000000000e+00 1.800000000000000000e+01 4.849999999999999645e+00 1.000000000000000000e+01 2.500000000000000000e+01 2.000000000000000000e+01 2.500000000000000000e+01 8.206140153177443608e-05 1.957743700486958005e-08 1.270493403806424659e+01 9.990710266919572646e+00
6.000000000000000000e+00 1.500000000000000000e+00 1.800000000000000000e+01 4.849999999999999645e+00 1.000000000000000000e+01 3.500000000000000000e+01 2.000000000000000000e+01 2.500000000000000000e+01 3.592392929907539667e-05 1.285596984423875710e-08 1.381753022302766176e+01 8.712637905741765110e+00
6.000000000000000000e+00 1.500000000000000000e+00 1.800000000000000000e+01 4.849999999999999645e+00 5.000000000000000000e+00 2.500000000000000000e+01 2.400000000000000000e+01 2.500000000000000000e+01 6.773059064890674108e-05 1.360954704487937761e-08 4.346910122873159033e+00 3.283115540309171365e+01
