4.000000000000000000e+00 3.500000000000000000e+00 1.200000000000000000e+01 5.000000000000000000e+00 1.000000000000000000e+00 2.500000000000000000e+01 0.000000000000000000e+00 2.500000000000000000e+01 4.560507891520915180e-02 4.160319512173771273e-03 1.214136752489394677e+00 5.870328435160593017e+01
4.000000000000000000e+00 3.500000000000000000e+00 1.200000000000000000e+01 5.000000000000000000e+00 1.000000000000000000e+01 2.500000000000000000e+01 0.000000000000000000e+00 2.500000000000000000e+01 2.509440406260843304e-02 3.392220814939506113e-04 8.718439350962018608e+00 1.206133637416725612e+01
4.000000000000000000e+00 3.500000000000000000e+00 1.200000000000000000e+01 5.000000000000000000e+00 1.000000000000000000e+00 2.500000000000000000e+01 1.000000000000000056e-01 2.500000000000000000e+01 5.096137297714120606e-02 5.121960356024857219e-03 1.212665529771686845e+00 5.768238553269839741e+01
4.000000000000000000e+00 3.500000000000000000e+00 1.200000000000000000e+01 5.000000000000000000e+00 1.000000000000000000e+01 2.500000000000000000e+01 1.000000000000000056e-01 2.500000000000000000e+01 3.538596724466214205e-02 6.641442127506280713e-04 8.621377175907483092e+00 1.213598967689761920e+01
4.000000000000000000e+00 3.500000000000000000e+00 1.200000000000000000e+01 5.000000000000000000e+00 1.000000000000000000e+00 3.500000000000000000e+01 1.000000000000000056e-01 2.500000000000000000e+01 7.272749714836579393e-02 1.272613123909405175e-02 1.069255418604864616e+00 6.261363036942289995e+01
4.000000000000000000e+00 3.500000000000000000e+00 1.200000000000000000e+01 5.000000000000000000e+00 5.000000000000000000e+00 3.500000000000000000e+01 1.000000000000000056e-01 2.500000000000000000e+01 4.819560658767718664e-02 1.917717331058499397e-03 3.543459846369742205e+00 2.698250695405712207e+01
4.000000000000000000e+00 3.500000000000000000e+00 1.200000000000000000e+01 5.000000000000000000e+00 1.000000000000000000e+01 3.500000000000000000e+01 1.000000000000000056e-01 2.500000000000000000e+01 4.703112803903009009e-02 1.214655324139446435e-03 8.076628531275524381e+00 1.275956940115712079e+01
4.000000000000000000e+00 3.500000000000000000e+00 1.200000000000000000e+01 5.000000000000000000e+00 1.000000000000000000e+00 4.000000000000000000e+01 1.000000000000000056e-01 2.500000000000000000e+01 6.210420277516393028e-02 1.090363975700170407e-02 9.902388642475554725e-01 6.429060932690597951e+01
4.000000000000000000e+00 3.500000000000000000e+00 1.200000000000000000e+01 5.000000000000000000e+00 5.000000000000000000e+00 4.000000000000000000e+01 1.000000000000000056e-01 2.500000000000000000e+01 3.267953292473202431e-02 1.021482325890499254e-03 3.386560572380768797e+00 2.732738592142486311e+01
4.000000000000000000e+00 3.500000000000000000e+00 1.200000000000000000e+01 5.000000000000000000e+00 1.000000000000000000e+01 4.000000000000000000e+01 1.000000000000000056e-01 2.500000000000000000e+01 2.504109110301788732e-02 4.441419828640214007e-04 7.681070982432972372e+00 1.340265612253532801e+01
4.000000000000000000e+00 3.500000000000000000e+00 1.200000000000000000e+01 5.000000000000000000e+00 1.000000000000000000e+00 2.500000000000000000e+01 1.000000000000000000e+00 2.500000000000000000e+01 8.376348176427561576e-02 1.348412641415364099e-02 1.076860032699347158e+00 6.374657502180322410e+01
4.000000000000000000e+00 3.500000000000000000e+00 1.200000000000000000e+01 5.000000000000000000e+00 1.000000000000000000e+00 3.500000000000000000e+01 1.000000000000000000e+00 2.500000000000000000e+01 8.664629719852956491e-02 1.392221250536884725e-02 8.670551839421331008e-01 6.205020213714317379e+01
4.000000000000000000e+00 3.500000000000000000e+00 1.200000000000000000e+01 5.000000000000000000e+00 1.000000000000000000e+00 4.000000000000000000e+01 1.000000000000000000e+00 2.500000000000000000e+01 5.380241790750317499e-02 8.518367997950804238e-03 8.119274776723702791e-01 6.487339217087126997e+01
4.000000000000000000e+00 3.500000000000000000e+00 1.200000000000000000e+01 5.000000000000000000e+00 5.000000000000000000e+00 4.000000000000000000e+01 1.000000000000000000e+00 2.500000000000000000e+01 9.106161140544299926e-03 8.661020053235546357e-05 3.011817534630529369e+00 2.595990673501356838e+01
4.000000000000000000e+00 3.500000000000000000e+00 1.200000000000000000e+01 5.000000000000000000e+00 1.000000000000000000e+01 4.000000000000000000e+01 1.000000000000000000e+00 2.500000000000000000e+01 1.785086771659560867e-04 2.767858808816470173e-08 6.913697366682456824e+00 1.309348826321041948e+01
4.000000000000000000e+00 3.500000000000000000e+00 1.200000000000000000e+01 5.000000000000000000e+00 1.000000000000000000e+00 2.500000000000000000e+01 2.000000000000000000e+00 2.500000000000000000e+01 1.167418808172522304e-01 2.399502939855890915e-02 1.066117921555333581e+00 6.483460452398854557e+01
4.000000000000000000e+00 3.500000000000000000e+00 1.200000000000000000e+01 5.000000000000000000e+00 1.000000000000000000e+01 2.500000000000000000e+01 2.000000000000000000e+00 2.500000000000000000e+01 8.685435464421153995e-02 3.143018504106587230e-03 8.443985997289852108e+00 1.210166639706793568e+01
4.000000000000000000e+00 3.500000000000000000e+00 1.200000000000000000e+01 5.000000000000000000e+00 1.000000000000000000e+00 3.500000000000000000e+01 2.000000000000000000e+00 2.500000000000000000e+01 6.994802513893239038e-02 9.610522096920037782e-03 8.706981033144249871e-01 6.036630927805246927e+01
4.000000000000000000e+00 3.500000000000000000e+00 1.200000000000000000e+01 5.000000000000000000e+00 5.000000000000000000e+00 3.500000000000000000e+01 2.000000000000000000e+00 2.500000000000000000e+01 2.258738607880972360e-02 4.033304062358578079e-04 3.042028469358208032e+00 2.611177590683899297e+01
4.000000000000000000e+00 3.500000000000000000e+00 1.200000000000000000e+01 5.000000000000000000e+00 1.000000000000000000e+01 3.500000000000000000e+01 2.000000000000000000e+00 2.500000000000000000e+01 1.998232720945569696e-04 2.091018269645417149e-08 6.968759762625277965e+00 1.309726939342857932e+01
4.000000000000000000e+00 3.500000000000000000e+00 1.200000000000000000e+01 5.000000000000000000e+00 1.000000000000000000e+00 4.000000000000000000e+01 2.000000000000000000e+00 2.500000000000000000e+01 5.294080501502307357e-02 7.531126050193570620e-03 8.478045888624714532e-01 6.262156554873639891e+01
4.000000000000000000e+00 3.500000000000000000e+00 1.200000000000000000e+01 5.000000000000000000e+00 5.000000000000000000e+00 4.000000000000000000e+01 2.000000000000000000e+00 2.500000000000000000e+01 1.856240502121431213e-02 4.289290776107179681e-04 2.989861838584315645e+00 2.552444708406195062e+01
4.000000000000000000e+00 3.500000000000000000e+00 1.200000000000000000e+01 5.000000000000000000e+00 1.000000000000000000e+01 4.000000000000000000e+01 2.000000000000000000e+00 2.500000000000000000e+01 9.747019025302838813e-03 9.886827996208324976e-05 6.918353326975995365e+00 1.272344301992994886e+01
4.000000000000000000e+00 3.500000000000000000e+00 1.200000000000000000e+01 5.000000000000000000e+00 1.000000000000000000e+00 2.500000000000000000e+01 3.000000000000000000e+00 2.500000000000000000e+01 1.369518009547570081e-01 3.213373334819769056e-02 1.038252675260512792e+00 6.701338937485675729e+01
4.000000000000000000e+00 3.500000000000000000e+00 1.200000000000000000e+01 5.000000000000000000e+00 1.000000000000000000e+00 3.500000000000000000e+01 3.000000000000000000e+00 2.500000000000000000e+01 8.106251793274243944e-02 1.593584897167632519e-02 8.682069817205912976e-01 6.074430361495345210e+01
4.000000000000000000e+00 3.500000000000000000e+00 1.200000000000000000e+01 5.000000000000000000e+00 1.000000000000000000e+00 4.000000000000000000e+01 3.000000000000000000e+00 2.500000000000000000e+01 9.667378269263338098e-02 2.008578789083426130e-02 8.194534005270802668e-01 6.154296949476044176e+01
4.000000000000000000e+00 3.500000000000000000e+00 1.200000000000000000e+01 5.000000000000000000e+00 5.000000000000000000e+00 4.000000000000000000e+01 3.000000000000000000e+00 2.500000000000000000e+01 1.946166623774137072e-02 5.386148510122534816e-04 2.946336351577047541e+00 2.576344974569880719e+01
4.000000000000000000e+00 3.500000000000000000e+00 1.200000000000000000e+01 5.000000000000000000e+00 1.000000000000000000e+01 4.000000000000000000e+01 3.000000000000000000e+00 2.500000000000000000e+01 1.415714129504586083e-04 2.099109086550754455e-08 6.975829769863773677e+00 1.275322543205636805e+01
4.000000000000000000e+00 3.500000000000000000e+00 1.200000000000000000e+01 5.000000000000000000e+00 1.000000000000000000e+00 2.500000000000000000e+01 4.000000000000000000e+00 2.500000000000000000e+01 1.371437018504393368e-01 3.331852268340051992e-02 1.030631085606064756e+00 6.673981604323427064e+01
4.000000000000000000e+00 3.500000000000000000e+00 1.200000000000000000e+01 5.000000000000000000e+00 1.000000000000000000e+01 2.500000000000000000e+01 4.000000000000000000e+00 2.500000000000000000e+01 1.067364896705198518e-01 4.462716066815586302e-03 8.131200282786792854e+00 1.232909658562013178e+01
4.000000000000000000e+00 3.500000000000000000e+00 1.200000000000000000e+01 5.000000000000000000e+00 1.000000000000000000e+00 3.500000000000000000e+01 4.000000000000000000e+00 2.500000000000000000e+01 8.253816446013950703e-02 1.338576662796486794e-02 8.254312564311387934e-01 6.219739625585687293e+01
4.000000000000000000e+00 3.500000000000000000e+00 1.200000000000000000e+01 5.000000000000000000e+00 5.000000000000000000e+00 3.500000000000000000e+01 4.000000000000000000e+00 2.500000000000000000e+01 2.713667034229039210e-02 6.255580933669513399e-04 2.887715336913953657e+00 2.617696568141716540e+01
4.000000000000000000e+00 3.500000000000000000e+00 1.200000000000000000e+01 5.000000000000000000e+00 1.000000000000000000e+01 3.500000000000000000e+01 4.000000000000000000e+00 2.500000000000000000e+01 3.017977346815303719e-04 5.142918713119115637e-08 6.787848512029616366e+00 1.292229011257288285e+01
4.000000000000000000e+00 3.500000000000000000e+00 1.200000000000000000e+01 5.000000000000000000e+00 1.000000000000000000e+00 4.000000000000000000e+01 4.000000000000000000e+00 2.500000000000000000e+01 1.504381144910829082e-01 3.383804086275787881e-02 7.914816935950532706e-01 6.216593343711242170e+01
4.000000000000000000e+00 3.500000000000000000e+00 1.200000000000000000e+01 5.000000000000000000e+00 5.000000000000000000e+00 4.000000000000000000e+01 4.000000000000000000e+00 2.500000000000000000e+01 4.346041770242003999e-02 2.369131551853032036e-03 2.837827509322834896e+00 2.627560311605961729e+01
4.000000000000000000e+00 3.500000000000000000e+00 1.200000000000000000e+01 5.000000000000000000e+00 1.000000000000000000e+01 4.000000000000000000e+01 4.000000000000000000e+00 2.500000000000000000e+01 1.196230883485593921e-02 1.168982696084785999e-04 6.572170532284866695e+00 1.325751814202412682e+01
4.000000000000000000e+00 3.500000000000000000e+00 1.200000000000000000e+01 5.000000000000000000e+00 1.000000000000000000e+00 2.500000000000000000e+01 5.000000000000000000e+00 2.500000000000000000e+01 1.545609972863413173e-01 3.896263249123799177e-02 1.011686390028437854e+00 6.787592905256707354e+01
4.000000000000000000e+00 3.500000000000000000e+00 1.200000000000000000e+01 5.000000000000000000e+00 1.000000000000000000e+00 3.500000000000000000e+01 5.000000000000000000e+00 2.500000000000000000e+01 7.139975589773084330e-02 1.259950105665175180e-02 8.104003921939392230e-01 6.391013641580327942e+01
4.000000000000000000e+00 3.500000000000000000e+00 1.200000000000000000e+01 5.000000000000000000e+00 1.000000000000000000e+00 4.000000000000000000e+01 5.000000000000000000e+00 2.500000000000000000e+01 1.263789707602500645e-01 2.813644449233954070e-02 7.821090517599684766e-01 6.314776988634258714e+01
4.000000000000000000e+00 3.500000000000000000e+00 1.200000000000000000e+01 5.000000000000000000e+00 5.000000000000000000e+00 4.000000000000000000e+01 5.000000000000000000e+00 2.500000000000000000e+01 2.940819662294913428e-02 9.828238552771484393e-04 2.753713723621764586e+00 2.665865617064646997e+01
4.000000000000000000e+00 3.500000000000000000e+00 1.200000000000000000e+01 5.000000000000000000e+00 1.000000000000000000e+01 4.000000000000000000e+01 5.000000000000000000e+00 2.500000000000000000e+01 1.114508209609477163e-02 9.733587891136430414e-05 6.399318612641773818e+00 1.349994025765059114e+01
4.000000000000000000e+00 3.500000000000000000e+00 1.200000000000000000e+01 5.000000000000000000e+00 1.000000000000000000e+00 2.500000000000000000e+01 6.000000000000000000e+00 2.500000000000000000e+01 1.670183797704345441e-01 3.417320889711827903e-02 9.597929234184284786e-01 7.008904855739028505e+01
4.000000000000000000e+00 3.500000000000000000e+00 1.200000000000000000e+01 5.000000000000000000e+00 1.000000000000000000e+01 2.500000000000000000e+01 6.000000000000000000e+00 2.500000000000000000e+01 1.050062671280369564e-01 3.680761855026304374e-03 7.921770058756836264e+00 1.240486822091212638e+01
4.000000000000000000e+00 3.500000000000000000e+00 1.200000000000000000e+01 5.000000000000000000e+00 1.000000000000000000e+00 3.500000000000000000e+01 6.000000000000000000e+00 2.500000000000000000e+01 1.045371587939263325e-01 1.817684518943618599e-02 8.086887819820973711e-01 6.207097321982436711e+01
4.000000000000000000e+00 3.500000000000000000e+00 1.200000000000000000e+01 5.000000000000000000e+00 5.000000000000000000e+00 3.500000000000000000e+01 6.000000000000000000e+00 2.500000000000000000e+01 1.919874097827323212e-02 3.264867384806802164e-04 2.816093365747817323e+00 2.629648325106882822e+01
4.000000000000000000e+00 3.500000000000000000e+00 1.200000000000000000e+01 5.000000000000000000e+00 1.000000000000000000e+01 3.500000000000000000e+01 6.000000000000000000e+00 2.500000000000000000e+01 2.940107446331996499e-04 5.749172093949539430e-08 6.911737957537182453e+00 1.278511240325923737e+01
4.000000000000000000e+00 3.500000000000000000e+00 1.200000000000000000e+01 5.000000000000000000e+00 1.000000000000000000e+00 4.000000000000000000e+01 6.000000000000000000e+00 2.500000000000000000e+01 1.704327932319680272e-01 3.664588034932525495e-02 8.049228383447808444e-01 6.062553088199811668e+01
4.000000000000000000e+00 3.500000000000000000e+00 1.200000000000000000e+01 5.000000000000000000e+00 5.000000000000000000e+00 4.000000000000000000e+01 6.000000000000000000e+00 2.500000000000000000e+01 5.645810810073292885e-02 3.020315456238709118e-03 2.773498481896683021e+00 2.627386254808883947e+01
4.000000000000000000e+00 3.500000000000000000e+00 1.200000000000000000e+01 5.000000000000000000e+00 1.000000000000000000e+01 4.000000000000000000e+01 6.000000000000000000e+00 2.500000000000000000e+01 1.402764038533588220e-02 1.397570735242048556e-04 6.524862319602017457e+00 1.332993240701649285e+01
4.000000000000000000e+00 3.500000000000000000e+00 1.200000000000000000e+01 5.000000000000000000e+00 1.000000000000000000e+00 2.500000000000000000e+01 7.000000000000000000e+00 2.500000000000000000e+01 1.633127750134735212e-01 2.726856054889581493e-02 9.925079375111254265e-01 6.765654487172537301e+01
4.000000000000000000e+00 3.500000000000000000e+00 1.200000000000000000e+01 5.000000000000000000e+00 1.000000000000000000e+00 3.500000000000000000e+01 7.000000000000000000e+00 2.500000000000000000e+01 8.507820997640425098e-02 1.285539070547647711e-02 8.128349178656358864e-01 6.199763650621270727e+01
4.000000000000000000e+00 3.500000000000000000e+00 1.200000000000000000e+01 5.000000000000000000e+00 5.000000000000000000e+00 4.000000000000000000e+01 7.000000000000000000e+00 2.500000000000000000e+01 2.998426385758112822e-02 6.566546255228900009e-04 2.770610003390665987e+00 2.603528623509380324e+01
4.000000000000000000e+00 3.500000000000000000e+00 1.200000000000000000e+01 5.000000000000000000e+00 1.000000000000000000e+01 4.000000000000000000e+01 7.000000000000000000e+00 2.500000000000000000e+01 1.000929583800846956e-02 5.382116254537550049e-05 6.372516261468653020e+00 1.339319431918389824e+01
4.000000000000000000e+00 3.500000000000000000e+00 1.200000000000000000e+01 5.000000000000000000e+00 1.000000000000000000e+00 2.500000000000000000e+01 8.000000000000000000e+00 2.500000000000000000e+01 1.834975949090835723e-01 2.958116313324254953e-02 1.005305519453416396e+00 6.379800854288660616e+01
4.000000000000000000e+00 3.500000000000000000e+00 1.200000000000000000e+01 5.000000000000000000e+00 1.000000000000000000e+01 2.500000000000000000e+01 8.000000000000000000e+00 2.500000000000000000e+01 9.607551449226625628e-02 2.172738301822851881e-03 7.957537062821328888e+00 1.240204947450629014e+01
4.000000000000000000e+00 3.500000000000000000e+00 1.200000000000000000e+01 5.000000000000000000e+00 1.000000000000000000e+00 3.500000000000000000e+01 8.000000000000000000e+00 2.500000000000000000e+01 1.002474520241563027e-01 1.340900634524166968e-02 8.619604911772761335e-01 5.880558155178980684e+01
4.000000000000000000e+00 3.500000000000000000e+00 1.200000000000000000e+01 5.000000000000000000e+00 5.000000000000000000e+00 3.500000000000000000e+01 8.000000000000000000e+00 2.500000000000000000e+01 3.575445088955819806e-02 8.728908130228862916e-04 2.907649069276585507e+00 2.508457531281131736e+01
4.000000000000000000e+00 3.500000000000000000e+00 1.200000000000000000e+01 5.000000000000000000e+00 1.000000000000000000e+01 3.500000000000000000e+01 8.000000000000000000e+00 2.500000000000000000e+01 9.471195144716393344e-03 5.394936311731157730e-05 6.899206563348084131e+00 1.268075271645682278e+01
4.000000000000000000e+00 3.500000000000000000e+00 1.200000000000000000e+01 5.000000000000000000e+00 5.000000000000000000e+00 4.000000000000000000e+01 8.000000000000000000e+00 2.500000000000000000e+01 5.631121863537136285e-02 1.616020173161869522e-03 3.140694706263438718e+00 2.317206272618899376e+01
4.000000000000000000e+00 3.500000000000000000e+00 1.200000000000000000e+01 5.000000000000000000e+00 1.000000000000000000e+01 4.000000000000000000e+01 8.000000000000000000e+00 2.500000000000000000e+01 1.398154414969332571e-02 1.016296163285357324e-04 6.652424058473736856e+00 1.302547480535034197e+01
4.000000000000000000e+00 3.500000000000000000e+00 1.200000000000000000e+01 5.000000000000000000e+00 1.000000000000000000e+00 2.500000000000000000e+01 9.000000000000000000e+00 2.500000000000000000e+01 1.665754809387720581e-01 2.587634945139960507e-02 9.889061261813755221e-01 6.357223054774850368e+01
4.000000000000000000e+00 3.500000000000000000e+00 1.200000000000000000e+01 5.000000000000000000e+00 1.000000000000000000e+00 3.500000000000000000e+01 9.000000000000000000e+00 2.500000000000000000e+01 7.775294150206168986e-02 9.743940217941560178e-03 9.074065064913456879e-01 5.637514044603578611e+01
4.000000000000000000e+00 3.500000000000000000e+00 1.200000000000000000e+01 5.000000000000000000e+00 5.000000000000000000e+00 4.000000000000000000e+01 9.000000000000000000e+00 2.500000000000000000e+01 1.963328552730048138e-02 3.276790858077749391e-04 2.963038749657849635e+00 2.450938085567264579e+01
4.000000000000000000e+00 3.500000000000000000e+00 1.200000000000000000e+01 5.000000000000000000e+00 1.000000000000000000e+01 4.000000000000000000e+01 9.000000000000000000e+00 2.500000000000000000e+01 1.212177414611215198e-04 1.345877076452950405e-08 6.915578772345318370e+00 1.269464077941814217e+01
4.000000000000000000e+00 3.500000000000000000e+00 1.200000000000000000e+01 5.000000000000000000e+00 1.000000000000000000e+00 2.500000000000000000e+01 1.000000000000000000e+01 2.500000000000000000e+01 1.702025230700847658e-01 2.460204455638170806e-02 1.088587939544243710e+00 5.782131920182553131e+01
4.000000000000000000e+00 3.500000000000000000e+00 1.200000000000000000e+01 5.000000000000000000e+00 1.000000000000000000e+01 2.500000000000000000e+01 1.000000000000000000e+01 2.500000000000000000e+01 8.249715576078209267e-02 1.215908632663076361e-03 7.687356397431461374e+00 1.230304978271251137e+01
4.000000000000000000e+00 3.500000000000000000e+00 1.200000000000000000e+01 5.000000000000000000e+00 5.000000000000000000e+00 3.500000000000000000e+01 1.000000000000000000e+01 2.500000000000000000e+01 2.060200015332158685e-02 3.061719935024687089e-04 2.945553579025366631e+00 2.447203323770184369e+01
4.000000000000000000e+00 3.500000000000000000e+00 1.200000000000000000e+01 5.000000000000000000e+00 1.000000000000000000e+01 3.500000000000000000e+01 1.000000000000000000e+01 2.500000000000000000e+01 1.683282194020474520e-04 2.030233003935677516e-08 6.897675078552437888e+00 1.261155377630301366e+01
4.000000000000000000e+00 3.500000000000000000e+00 1.200000000000000000e+01 5.000000000000000000e+00 5.000000000000000000e+00 4.000000000000000000e+01 1.000000000000000000e+01 2.500000000000000000e+01 2.442134222020420076e-02 3.605092672784859786e-04 2.784671857413125284e+00 2.515386210610297368e+01
4.000000000000000000e+00 3.500000000000000000e+00 1.200000000000000000e+01 5.000000000000000000e+00 1.000000000000000000e+01 4.000000000000000000e+01 1.000000000000000000e+01 2.500000000000000000e+01 1.588147101359016489e-04 1.323843279443792653e-08 6.495397889018826199e+00 1.303425552712939606e+01
4.000000000000000000e+00 3.500000000000000000e+00 1.200000000000000000e+01 5.000000000000000000e+00 1.000000000000000000e+00 2.500000000000000000e+01 1.100000000000000000e+01 2.500000000000000000e+01 1.669820895842333286e-01 2.464136881611111995e-02 1.043592079560207830e+00 5.905114247838130126e+01
4.000000000000000000e+00 3.500000000000000000e+00 1.200000000000000000e+01 5.000000000000000000e+00 5.000000000000000000e+00 4.000000000000000000e+01 1.100000000000000000e+01 2.500000000000000000e+01 5.078851791258909287e-02 1.425683517017439783e-03 2.654865180177260253e+00 2.579212005863093538e+01
4.000000000000000000e+00 3.500000000000000000e+00 1.200000000000000000e+01 5.000000000000000000e+00 1.000000000000000000e+01 4.000000000000000000e+01 1.100000000000000000e+01 2.500000000000000000e+01 2.393451408744251552e-04 2.894585948709504919e-08 6.108666389026036647e+00 1.354572977441538306e+01
4.000000000000000000e+00 3.500000000000000000e+00 1.200000000000000000e+01 5.000000000000000000e+00 1.000000000000000000e+00 2.500000000000000000e+01 1.200000000000000000e+01 2.500000000000000000e+01 1.681049922327111368e-01 2.612793583125960772e-02 9.974675924231584112e-01 5.759679034392546271e+01
4.000000000000000000e+00 3.500000000000000000e+00 1.200000000000000000e+01 5.000000000000000000e+00 1.000000000000000000e+01 2.500000000000000000e+01 1.200000000000000000e+01 2.500000000000000000e+01 8.104564939180658456e-02 1.234399946866915343e-03 7.334252004338755349e+00 1.270546212960224430e+01
4.000000000000000000e+00 3.500000000000000000e+00 1.200000000000000000e+01 5.000000000000000000e+00 5.000000000000000000e+00 3.500000000000000000e+01 1.200000000000000000e+01 2.500000000000000000e+01 5.003078015094009068e-02 1.639340016603485495e-03 2.783868514389819637e+00 2.531630987860391002e+01
4.000000000000000000e+00 3.500000000000000000e+00 1.200000000000000000e+01 5.000000000000000000e+00 1.000000000000000000e+01 3.500000000000000000e+01 1.200000000000000000e+01 2.500000000000000000e+01 1.141290140388839802e-02 8.950014564157449115e-05 6.594508812013784471e+00 1.303448584198730842e+01
4.000000000000000000e+00 3.500000000000000000e+00 1.200000000000000000e+01 5.000000000000000000e+00 5.000000000000000000e+00 4.000000000000000000e+01 1.200000000000000000e+01 2.500000000000000000e+01 1.210615240855446029e-01 4.524592773287761105e-03 2.855920635187899403e+00 2.365212140052357270e+01
4.000000000000000000e+00 3.500000000000000000e+00 1.200000000000000000e+01 5.000000000000000000e+00 1.000000000000000000e+01 4.000000000000000000e+01 1.200000000000000000e+01 2.500000000000000000e+01 2.781757531294215546e-02 3.110230102061350976e-04 5.920605171210723938e+00 1.364776625432915225e+01
4.000000000000000000e+00 3.500000000000000000e+00 1.200000000000000000e+01 5.000000000000000000e+00 1.000000000000000000e+01 4.000000000000000000e+01 1.300000000000000000e+01 2.500000000000000000e+01 3.881212915668408314e-02 5.273432720833692855e-04 6.005936575553024959e+00 1.359067659728030542e+01
4.000000000000000000e+00 3.500000000000000000e+00 1.200000000000000000e+01 5.000000000000000000e+00 1.000000000000000000e+01 2.500000000000000000e+01 1.400000000000000000e+01 2.500000000000000000e+01 6.916257419669413764e-02 5.981299187380884064e-04 7.491496555533867507e+00 1.220706054745636138e+01
4.000000000000000000e+00 3.500000000000000000e+00 1.200000000000000000e+01 5.000000000000000000e+00 5.000000000000000000e+00 3.500000000000000000e+01 1.400000000000000000e+01 2.500000000000000000e+01 4.042015245387453604e-02 1.255953032007983694e-03 3.067377885331537879e+00 2.388618131883937679e+01
4.000000000000000000e+00 3.500000000000000000e+00 1.200000000000000000e+01 5.000000000000000000e+00 1.000000000000000000e+01 3.500000000000000000e+01 1.400000000000000000e+01 2.500000000000000000e+01 1.571684254047411855e-02 2.410973474322730681e-04 6.841942206429576068e+00 1.236707371997055738e+01
4.000000000000000000e+00 3.500000000000000000e+00 1.200000000000000000e+01 5.000000000000000000e+00 1.000000000000000000e+01 4.000000000000000000e+01 1.400000000000000000e+01 2.500000000000000000e+01 4.200801847098478703e-03 7.590695906278810412e-06 6.473983772009970217e+00 1.274632724188187716e+01
4.000000000000000000e+00 3.500000000000000000e+00 1.200000000000000000e+01 5.000000000000000000e+00 1.000000000000000000e+01 4.000000000000000000e+01 1.500000000000000000e+01 2.500000000000000000e+01 1.473274799690593717e-02 8.171287492064749358e-05 6.738226364137116953e+00 1.250864300413181773e+01
4.000000000000000000e+00 3.500000000000000000e+00 1.200000000000000000e+01 5.000000000000000000e+00 1.000000000000000000e+01 2.500000000000000000e+01 1.600000000000000000e+01 2.500000000000000000e+01 7.587853341766170878e-02 9.161148580172362443e-04 7.271544651374331814e+00 1.264521851970614463e+01
4.000000000000000000e+00 3.500000000000000000e+00 1.200000000000000000e+01 5.000000000000000000e+00 5.000000000000000000e+00 3.500000000000000000e+01 1.600000000000000000e+01 2.500000000000000000e+01 4.640831002523704285e-02 1.490602320969980354e-03 2.895559011070151900e+00 2.426875872251996213e+01
4.000000000000000000e+00 3.500000000000000000e+00 1.200000000000000000e+01 5.000000000000000000e+00 1.000000000000000000e+01 3.500000000000000000e+01 1.600000000000000000e+01 2.500000000000000000e+01 1.651393276436685653e-02 2.192201637316593121e-04 6.042313137310800997e+00 1.411253566361832945e+01
4.000000000000000000e+00 3.500000000000000000e+00 1.200000000000000000e+01 5.000000000000000000e+00 1.000000000000000000e+01 4.000000000000000000e+01 1.600000000000000000e+01 2.500000000000000000e+01 2.235886357767591370e-02 1.364030717334596687e-04 6.046453152573931789e+00 1.298652812679501345e+01
4.000000000000000000e+00 3.500000000000000000e+00 1.200000000000000000e+01 5.000000000000000000e+00 1.000000000000000000e+01 4.000000000000000000e+01 1.700000000000000000e+01 2.500000000000000000e+01 1.045974021718487634e-02 3.581896212234703114e-05 6.240885946576585575e+00 1.287571672131655731e+01
4.000000000000000000e+00 3.500000000000000000e+00 1.200000000000000000e+01 5.000000000000000000e+00 1.000000000000000000e+01 2.500000000000000000e+01 1.800000000000000000e+01 2.500000000000000000e+01 6.593301435207488126e-02 5.015754979809106118e-04 7.330497303088302274e+00 1.213246929100089844e+01
4.000000000000000000e+00 3.500000000000000000e+00 1.200000000000000000e+01 5.000000000000000000e+00 5.000000000000000000e+00 3.500000000000000000e+01 1.800000000000000000e+01 2.500000000000000000e+01 5.281210005008118991e-02 1.825984230717780932e-03 3.290737421784005967e+00 2.243909171365023170e+01
4.000000000000000000e+00 3.500000000000000000e+00 1.200000000000000000e+01 5.000000000000000000e+00 1.000000000000000000e+01 3.500000000000000000e+01 1.800000000000000000e+01 2.500000000000000000e+01 1.958405263910600880e-02 1.968123639770613664e-04 6.966042162678116156e+00 1.225389797570641548e+01
4.000000000000000000e+00 3.500000000000000000e+00 1.200000000000000000e+01 5.000000000000000000e+00 1.000000000000000000e+01 4.000000000000000000e+01 1.800000000000000000e+01 2.500000000000000000e+01 2.707766231345543062e-02 2.310013653796794131e-04 6.431494593885235034e+00 1.253511702908626191e+01
4.000000000000000000e+00 3.500000000000000000e+00 1.200000000000000000e+01 5.000000000000000000e+00 1.000000000000000000e+01 2.500000000000000000e+01 2.000000000000000000e+01 2.500000000000000000e+01 6.645518619181611797e-02 5.012097180299157628e-04 7.375387557494127222e+00 1.208760077576688730e+01
4.000000000000000000e+00 3.500000000000000000e+00 1.200000000000000000e+01 5.000000000000000000e+00 1.000000000000000000e+01 3.500000000000000000e+01 2.000000000000000000e+01 2.500000000000000000e+01 2.275085936689436039e-02 2.170237610874536927e-04 6.632488754237823692e+00 1.254775968122881302e+01
4.000000000000000000e+00 3.500000000000000000e+00 1.200000000000000000e+01 5.000000000000000000e+00 1.000000000000000000e+01 2.500000000000000000e+01 2.200000000000000000e+01 2.500000000000000000e+01 5.351843743325512825e-02 3.297655149927525287e-04 7.785505120720028316e+00 1.171544610235354078e+01
4.000000000000000000e+00 3.500000000000000000e+00 1.200000000000000000e+01 5.000000000000000000e+00 1.000000000000000000e+01 3.500000000000000000e+01 2.200000000000000000e+01 2.500000000000000000e+01 2.334596828478896491e-02 1.858825893665816409e-04 6.924384153386208496e+00 1.204603050978492007e+01
4.000000000000000000e+00 3.500000000000000000e+00 1.200000000000000000e+01 5.000000000000000000e+00 1.000000000000000000e+01 2.500000000000000000e+01 2.400000000000000000e+01 2.500000000000000000e+01 7.459797188370043131e-02 7.301354474835708430e-04 7.299296329786489679e+00 1.210284234209657761e+01
