1.700000000000000000e+01 3.500000000000000000e+00 1.800000000000000000e+01 9.560000000000000497e+00 1.000000000000000000e+00 2.500000000000000000e+01 0.000000000000000000e+00 2.500000000000000000e+01 1.026676051288613056e-01 5.791366564793731797e-03 1.874201609385856893e+00 7.872609041241408079e+01
1.700000000000000000e+01 3.500000000000000000e+00 1.800000000000000000e+01 9.560000000000000497e+00 5.000000000000000000e+00 2.500000000000000000e+01 0.000000000000000000e+00 2.500000000000000000e+01 7.751013473075474280e-02 1.666142716698848503e-03 3.194826604200412312e+00 5.141452275004299111e+01
1.700000000000000000e+01 3.500000000000000000e+00 1.800000000000000000e+01 9.560000000000000497e+00 1.000000000000000000e+01 2.500000000000000000e+01 0.000000000000000000e+00 2.500000000000000000e+01 3.634375841815118413e-02 1.938751006631544982e-04 5.118113979740132713e+00 3.254830036051792774e+01
1.700000000000000000e+01 3.500000000000000000e+00 1.800000000000000000e+01 9.560000000000000497e+00 1.000000000000000000e+00 2.500000000000000000e+01 1.000000000000000056e-01 2.500000000000000000e+01 1.063055508101571345e-01 5.921991134493875819e-03 1.907467163107957164e+00 7.843112712580915513e+01
1.700000000000000000e+01 3.500000000000000000e+00 1.800000000000000000e+01 9.560000000000000497e+00 5.000000000000000000e+00 2.500000000000000000e+01 1.000000000000000056e-01 2.500000000000000000e+01 7.810806213367071926e-02 1.669237986644533933e-03 3.165311824733525903e+00 5.206370243141794418e+01
1.700000000000000000e+01 3.500000000000000000e+00 1.800000000000000000e+01 9.560000000000000497e+00 1.000000000000000000e+01 2.500000000000000000e+01 1.000000000000000056e-01 2.500000000000000000e+01 4.315318627097330939e-02 2.869494608532807689e-04 4.960491724960554905e+00 3.345873443260490632e+01
1.700000000000000000e+01 3.500000000000000000e+00 1.800000000000000000e+01 9.560000000000000497e+00 1.000000000000000000e+00 3.500000000000000000e+01 1.000000000000000056e-01 2.500000000000000000e+01 1.242389369108281016e-01 9.371843997912021607e-03 1.547957883761080566e+00 8.182662566030421658e+01
1.700000000000000000e+01 3.500000000000000000e+00 1.800000000000000000e+01 9.560000000000000497e+00 5.000000000000000000e+00 3.500000000000000000e+01 1.000000000000000056e-01 2.500000000000000000e+01 9.599864132273183692e-02 3.050700275755602320e-03 2.641864969249299921e+00 5.520182015703942113e+01
1.700000000000000000e+01 3.500000000000000000e+00 1.800000000000000000e+01 9.560000000000000497e+00 1.000000000000000000e+01 3.500000000000000000e+01 1.000000000000000056e-01 2.500000000000000000e+01 5.015926143606397325e-02 4.626401596703466623e-04 4.390274730282568427e+00 3.473103132718619435e+01
1.700000000000000000e+01 3.500000000000000000e+00 1.800000000000000000e+01 9.560000000000000497e+00 1.000000000000000000e+00 4.000000000000000000e+01 1.000000000000000056e-01 2.500000000000000000e+01 1.059884567246975884e-01 8.356729247696703666e-03 1.444394723594675689e+00 8.363984665142764641e+01
1.700000000000000000e+01 3.500000000000000000e+00 1.800000000000000000e+01 9.560000000000000497e+00 5.000000000000000000e+00 4.000000000000000000e+01 1.000000000000000056e-01 2.500000000000000000e+01 7.945471745823162735e-02 2.453983244150581555e-03 2.540333323196469983e+00 5.541145844728674774e+01
1.700000000000000000e+01 3.500000000000000000e+00 1.800000000000000000e+01 9.560000000000000497e+00 1.000000000000000000e+01 4.000000000000000000e+01 1.000000000000000056e-01 2.500000000000000000e+01 3.230739177418873176e-02 2.181199821313928311e-04 4.131500529096864938e+00 3.582008929020933863e+01
1.700000000000000000e+01 3.500000000000000000e+00 1.800000000000000000e+01 9.560000000000000497e+00 1.000000000000000000e+00 2.500000000000000000e+01 1.000000000000000000e+00 2.500000000000000000e+01 1.558262399797549769e-01 9.662761164113575774e-03 1.967443961392264296e+00 7.594397554793535221e+01
1.700000000000000000e+01 3.500000000000000000e+00 1.800000000000000000e+01 9.560000000000000497e+00 1.000000000000000000e+00 3.500000000000000000e+01 1.000000000000000000e+00 2.500000000000000000e+01 1.653578967511184494e-01 1.490471719364894199e-02 1.470187545629612291e+00 8.064091545497609559e+01
1.700000000000000000e+01 3.500000000000000000e+00 1.800000000000000000e+01 9.560000000000000497e+00 1.000000000000000000e+00 4.000000000000000000e+01 1.000000000000000000e+00 2.500000000000000000e+01 7.972271770829775228e-02 6.301506437972115293e-03 1.415891174727897051e+00 8.072684074327894166e+01
1.700000000000000000e+01 3.500000000000000000e+00 1.800000000000000000e+01 9.560000000000000497e+00 5.000000000000000000e+00 4.000000000000000000e+01 1.000000000000000000e+00 2.500000000000000000e+01 5.919164696672285508e-02 1.676549150147366163e-03 2.572938591671774855e+00 5.253304438233901408e+01
1.700000000000000000e+01 3.500000000000000000e+00 1.800000000000000000e+01 9.560000000000000497e+00 1.000000000000000000e+01 4.000000000000000000e+01 1.000000000000000000e+00 2.500000000000000000e+01 1.264374276461333046e-02 4.353433453907484818e-05 4.013092951525611518e+00 3.521669642720287641e+01
1.700000000000000000e+01 3.500000000000000000e+00 1.800000000000000000e+01 9.560000000000000497e+00 1.000000000000000000e+00 2.500000000000000000e+01 2.000000000000000000e+00 2.500000000000000000e+01 2.251281910882720894e-01 1.627282231972859705e-02 1.928555244520986811e+00 7.752385071971724528e+01
1.700000000000000000e+01 3.500000000000000000e+00 1.800000000000000000e+01 9.560000000000000497e+00 5.000000000000000000e+00 2.500000000000000000e+01 2.000000000000000000e+00 2.500000000000000000e+01 1.712638947086091434e-01 5.879163620510441390e-03 3.086992023259847340e+00 5.201791783769855471e+01
1.700000000000000000e+01 3.500000000000000000e+00 1.800000000000000000e+01 9.560000000000000497e+00 1.000000000000000000e+01 2.500000000000000000e+01 2.000000000000000000e+00 2.500000000000000000e+01 1.237380332131745586e-01 1.803923465709900142e-03 4.985441599985382055e+00 3.270104986383120860e+01
1.700000000000000000e+01 3.500000000000000000e+00 1.800000000000000000e+01 9.560000000000000497e+00 1.000000000000000000e+00 3.500000000000000000e+01 2.000000000000000000e+00 2.500000000000000000e+01 1.380824309834047803e-01 1.225872811767803050e-02 1.379798324665765241e+00 8.377146342367720422e+01
1.700000000000000000e+01 3.500000000000000000e+00 1.800000000000000000e+01 9.560000000000000497e+00 5.000000000000000000e+00 3.500000000000000000e+01 2.000000000000000000e+00 2.500000000000000000e+01 8.803827241724038188e-02 2.848837077261467954e-03 2.431972417512803908e+00 5.587811691440592909e+01
1.700000000000000000e+01 3.500000000000000000e+00 1.800000000000000000e+01 9.560000000000000497e+00 1.000000000000000000e+01 3.500000000000000000e+01 2.000000000000000000e+00 2.500000000000000000e+01 4.991401946365714437e-02 5.437119796698475227e-04 3.939767301156067880e+00 3.630137118502591420e+01
1.700000000000000000e+01 3.500000000000000000e+00 1.800000000000000000e+01 9.560000000000000497e+00 1.000000000000000000e+00 4.000000000000000000e+01 2.000000000000000000e+00 2.500000000000000000e+01 4.051106374509005903e-02 2.043030066113393772e-03 1.395722886764813486e+00 7.963146863007067111e+01
1.700000000000000000e+01 3.500000000000000000e+00 1.800000000000000000e+01 9.560000000000000497e+00 5.000000000000000000e+00 4.000000000000000000e+01 2.000000000000000000e+00 2.500000000000000000e+01 2.188934669097553076e-02 2.744073255844803327e-04 2.425397762086196174e+00 5.456990639246367181e+01
1.700000000000000000e+01 3.500000000000000000e+00 1.800000000000000000e+01 9.560000000000000497e+00 1.000000000000000000e+01 4.000000000000000000e+01 2.000000000000000000e+00 2.500000000000000000e+01 3.147145212694102412e-04 3.465664200064111355e-08 3.927276975913613022e+00 3.550101081026763694e+01
1.700000000000000000e+01 3.500000000000000000e+00 1.800000000000000000e+01 9.560000000000000497e+00 1.000000000000000000e+00 2.500000000000000000e+01 3.000000000000000000e+00 2.500000000000000000e+01 2.441955347444937363e-01 1.938147068702278375e-02 1.824597386889914352e+00 7.878436782409423245e+01
1.700000000000000000e+01 3.500000000000000000e+00 1.800000000000000000e+01 9.560000000000000497e+00 1.000000000000000000e+00 3.500000000000000000e+01 3.000000000000000000e+00 2.500000000000000000e+01 1.118722218206300578e-01 9.244275511108401844e-03 1.379656964351003934e+00 8.314101979603596249e+01
1.700000000000000000e+01 3.500000000000000000e+00 1.800000000000000000e+01 9.560000000000000497e+00 1.000000000000000000e+00 4.000000000000000000e+01 3.000000000000000000e+00 2.500000000000000000e+01 5.529199396560424695e-02 3.920297483725576626e-03 1.367984485890615609e+00 7.937412482101190392e+01
1.700000000000000000e+01 3.500000000000000000e+00 1.800000000000000000e+01 9.560000000000000497e+00 5.000000000000000000e+00 4.000000000000000000e+01 3.000000000000000000e+00 2.500000000000000000e+01 3.033608961664291392e-02 6.974552000480471747e-04 2.330115946483862999e+00 5.529160294796477615e+01
1.700000000000000000e+01 3.500000000000000000e+00 1.800000000000000000e+01 9.560000000000000497e+00 1.000000000000000000e+01 4.000000000000000000e+01 3.000000000000000000e+00 2.500000000000000000e+01 1.434512183871694546e-03 8.297015761105086540e-07 3.669316199718781757e+00 3.732138093732263684e+01
1.700000000000000000e+01 3.500000000000000000e+00 1.800000000000000000e+01 9.560000000000000497e+00 1.000000000000000000e+00 2.500000000000000000e+01 4.000000000000000000e+00 2.500000000000000000e+01 2.883626272370001242e-01 2.309833232135427572e-02 1.813884051737054692e+00 7.827631467533720411e+01
1.700000000000000000e+01 3.500000000000000000e+00 1.800000000000000000e+01 9.560000000000000497e+00 5.000000000000000000e+00 2.500000000000000000e+01 4.000000000000000000e+00 2.500000000000000000e+01 2.282663686548700444e-01 9.071904836144284445e-03 2.930254822498892242e+00 5.297258799298543863e+01
1.700000000000000000e+01 3.500000000000000000e+00 1.800000000000000000e+01 9.560000000000000497e+00 1.000000000000000000e+01 2.500000000000000000e+01 4.000000000000000000e+00 2.500000000000000000e+01 1.574429523721032620e-01 2.686225638569128549e-03 4.567611449920091715e+00 3.456939035875988964e+01
1.700000000000000000e+01 3.500000000000000000e+00 1.800000000000000000e+01 9.560000000000000497e+00 1.000000000000000000e+00 3.500000000000000000e+01 4.000000000000000000e+00 2.500000000000000000e+01 9.881455725576016036e-02 9.114972169615986886e-03 1.316678165826021818e+00 8.487015742485345982e+01
1.700000000000000000e+01 3.500000000000000000e+00 1.800000000000000000e+01 9.560000000000000497e+00 5.000000000000000000e+00 3.500000000000000000e+01 4.000000000000000000e+00 2.500000000000000000e+01 7.388747931207606534e-02 2.670737832792369204e-03 2.285049142648740705e+00 5.717093209471764226e+01
1.700000000000000000e+01 3.500000000000000000e+00 1.800000000000000000e+01 9.560000000000000497e+00 1.000000000000000000e+01 3.500000000000000000e+01 4.000000000000000000e+00 2.500000000000000000e+01 3.940954014308006848e-02 4.303129000136074467e-04 3.692978610515728288e+00 3.758755105353248638e+01
1.700000000000000000e+01 3.500000000000000000e+00 1.800000000000000000e+01 9.560000000000000497e+00 1.000000000000000000e+00 4.000000000000000000e+01 4.000000000000000000e+00 2.500000000000000000e+01 2.967114605684972872e-02 1.352426535607520464e-03 1.327656446137812640e+00 8.040782554494288092e+01
1.700000000000000000e+01 3.500000000000000000e+00 1.800000000000000000e+01 9.560000000000000497e+00 5.000000000000000000e+00 4.000000000000000000e+01 4.000000000000000000e+00 2.500000000000000000e+01 1.223928600437873548e-02 1.118856656112665604e-04 2.226028314250903417e+00 5.721549361493203634e+01
1.700000000000000000e+01 3.500000000000000000e+00 1.800000000000000000e+01 9.560000000000000497e+00 1.000000000000000000e+01 4.000000000000000000e+01 4.000000000000000000e+00 2.500000000000000000e+01 2.819726675340472610e-04 3.547886318067128286e-08 3.641341506998521549e+00 3.738952755789133420e+01
1.700000000000000000e+01 3.500000000000000000e+00 1.800000000000000000e+01 9.560000000000000497e+00 1.000000000000000000e+00 2.500000000000000000e+01 5.000000000000000000e+00 2.500000000000000000e+01 3.068645217915095813e-01 2.263373358916287437e-02 1.864085262663018217e+00 7.525929169424067311e+01
1.700000000000000000e+01 3.500000000000000000e+00 1.800000000000000000e+01 9.560000000000000497e+00 1.000000000000000000e+00 3.500000000000000000e+01 5.000000000000000000e+00 2.500000000000000000e+01 8.820467758189787233e-02 7.744156180042871540e-03 1.332262538222715342e+00 8.334231113731657103e+01
1.700000000000000000e+01 3.500000000000000000e+00 1.800000000000000000e+01 9.560000000000000497e+00 1.000000000000000000e+00 4.000000000000000000e+01 5.000000000000000000e+00 2.500000000000000000e+01 4.501297453043440200e-02 2.989137717466228139e-03 1.332544223647079029e+00 7.987196135816303411e+01
1.700000000000000000e+01 3.500000000000000000e+00 1.800000000000000000e+01 9.560000000000000497e+00 5.000000000000000000e+00 4.000000000000000000e+01 5.000000000000000000e+00 2.500000000000000000e+01 2.402235539758312832e-02 4.703271149784082894e-04 2.193887182570936734e+00 5.670747282464634509e+01
1.700000000000000000e+01 3.500000000000000000e+00 1.800000000000000000e+01 9.560000000000000497e+00 1.000000000000000000e+01 4.000000000000000000e+01 5.000000000000000000e+00 2.500000000000000000e+01 3.073172651715250225e-04 4.209382020725627171e-08 3.607437058270997365e+00 3.766934476863362846e+01
1.700000000000000000e+01 3.500000000000000000e+00 1.800000000000000000e+01 9.560000000000000497e+00 1.000000000000000000e+00 2.500000000000000000e+01 6.000000000000000000e+00 2.500000000000000000e+01 3.186632917065090886e-01 2.373419308836544062e-02 1.871643316329564932e+00 7.402051105812218168e+01
1.700000000000000000e+01 3.500000000000000000e+00 1.800000000000000000e+01 9.560000000000000497e+00 5.000000000000000000e+00 2.500000000000000000e+01 6.000000000000000000e+00 2.500000000000000000e+01 2.527764038628617094e-01 9.853834466418076588e-03 2.951785964527779527e+00 5.142568361360284968e+01
1.700000000000000000e+01 3.500000000000000000e+00 1.800000000000000000e+01 9.560000000000000497e+00 1.000000000000000000e+01 2.500000000000000000e+01 6.000000000000000000e+00 2.500000000000000000e+01 1.714304736947203089e-01 2.817874063133274376e-03 4.753769057966000133e+00 3.292233071487135021e+01
1.700000000000000000e+01 3.500000000000000000e+00 1.800000000000000000e+01 9.560000000000000497e+00 1.000000000000000000e+00 3.500000000000000000e+01 6.000000000000000000e+00 2.500000000000000000e+01 8.455509056179644212e-02 6.908471624627710028e-03 1.312955742143499638e+00 8.335247035628677281e+01
1.700000000000000000e+01 3.500000000000000000e+00 1.800000000000000000e+01 9.560000000000000497e+00 5.000000000000000000e+00 3.500000000000000000e+01 6.000000000000000000e+00 2.500000000000000000e+01 6.272715131062711613e-02 1.930265967196032051e-03 2.397524611849906950e+00 5.466521250166393031e+01
1.700000000000000000e+01 3.500000000000000000e+00 1.800000000000000000e+01 9.560000000000000497e+00 1.000000000000000000e+01 3.500000000000000000e+01 6.000000000000000000e+00 2.500000000000000000e+01 2.406150557753439223e-02 1.712558234787664446e-04 3.740490566398042116e+00 3.713344773645229679e+01
1.700000000000000000e+01 3.500000000000000000e+00 1.800000000000000000e+01 9.560000000000000497e+00 1.000000000000000000e+00 4.000000000000000000e+01 6.000000000000000000e+00 2.500000000000000000e+01 4.510805851393473453e-02 2.566288812518857654e-03 1.298642826421229080e+00 8.079133768590828879e+01
1.700000000000000000e+01 3.500000000000000000e+00 1.800000000000000000e+01 9.560000000000000497e+00 5.000000000000000000e+00 4.000000000000000000e+01 6.000000000000000000e+00 2.500000000000000000e+01 1.204641907369174980e-02 1.062534181452967630e-04 2.153877972011111641e+00 5.746152960976318980e+01
1.700000000000000000e+01 3.500000000000000000e+00 1.800000000000000000e+01 9.560000000000000497e+00 1.000000000000000000e+01 4.000000000000000000e+01 6.000000000000000000e+00 2.500000000000000000e+01 3.928687907315264738e-04 7.572039240066885668e-08 3.438016912502846800e+00 3.874395662319267331e+01
1.700000000000000000e+01 3.500000000000000000e+00 1.800000000000000000e+01 9.560000000000000497e+00 1.000000000000000000e+00 2.500000000000000000e+01 7.000000000000000000e+00 2.500000000000000000e+01 3.197978350078338750e-01 2.425665119294362349e-02 1.794378680931496772e+00 7.573612385648014822e+01
1.700000000000000000e+01 3.500000000000000000e+00 1.800000000000000000e+01 9.560000000000000497e+00 1.000000000000000000e+00 3.500000000000000000e+01 7.000000000000000000e+00 2.500000000000000000e+01 9.560754295513529399e-02 8.372345791059832010e-03 1.312966109422427641e+00 8.346869122574705102e+01
1.700000000000000000e+01 3.500000000000000000e+00 1.800000000000000000e+01 9.560000000000000497e+00 5.000000000000000000e+00 4.000000000000000000e+01 7.000000000000000000e+00 2.500000000000000000e+01 3.097188193027466951e-02 6.242615058924538829e-04 2.174246338298355230e+00 5.687971887973265694e+01
1.700000000000000000e+01 3.500000000000000000e+00 1.800000000000000000e+01 9.560000000000000497e+00 1.000000000000000000e+01 4.000000000000000000e+01 7.000000000000000000e+00 2.500000000000000000e+01 2.145851416077704243e-04 2.108954744173274776e-08 3.437247413825177400e+00 3.877979280680141727e+01
1.700000000000000000e+01 3.500000000000000000e+00 1.800000000000000000e+01 9.560000000000000497e+00 1.000000000000000000e+00 2.500000000000000000e+01 8.000000000000000000e+00 2.500000000000000000e+01 3.487871288828809924e-01 2.537270594337526219e-02 1.825752599933643472e+00 7.343392789475893778e+01
1.700000000000000000e+01 3.500000000000000000e+00 1.800000000000000000e+01 9.560000000000000497e+00 5.000000000000000000e+00 2.500000000000000000e+01 8.000000000000000000e+00 2.500000000000000000e+01 2.751962596933519301e-01 9.748297994919941090e-03 3.076355361282621992e+00 4.863379441331863973e+01
1.700000000000000000e+01 3.500000000000000000e+00 1.800000000000000000e+01 9.560000000000000497e+00 1.000000000000000000e+01 2.500000000000000000e+01 8.000000000000000000e+00 2.500000000000000000e+01 1.781697596235571890e-01 2.840265364391081349e-03 4.651586184216916386e+00 3.256957006263547072e+01
1.700000000000000000e+01 3.500000000000000000e+00 1.800000000000000000e+01 9.560000000000000497e+00 1.000000000000000000e+00 3.500000000000000000e+01 8.000000000000000000e+00 2.500000000000000000e+01 8.041413577379152855e-02 5.804722924476868329e-03 1.429787691027962770e+00 7.763025084600913317e+01
1.700000000000000000e+01 3.500000000000000000e+00 1.800000000000000000e+01 9.560000000000000497e+00 5.000000000000000000e+00 3.500000000000000000e+01 8.000000000000000000e+00 2.500000000000000000e+01 5.064053743127638896e-02 1.410021655395388152e-03 2.321061040205916193e+00 5.506196195299709473e+01
1.700000000000000000e+01 3.500000000000000000e+00 1.800000000000000000e+01 9.560000000000000497e+00 1.000000000000000000e+01 3.500000000000000000e+01 8.000000000000000000e+00 2.500000000000000000e+01 2.296417568267972165e-02 1.518892570813168419e-04 3.798966825939652736e+00 3.583780185301467469e+01
1.700000000000000000e+01 3.500000000000000000e+00 1.800000000000000000e+01 9.560000000000000497e+00 5.000000000000000000e+00 4.000000000000000000e+01 8.000000000000000000e+00 2.500000000000000000e+01 8.494062718502393139e-03 5.572271108711390752e-05 2.267752877335711847e+00 5.548217536205720535e+01
1.700000000000000000e+01 3.500000000000000000e+00 1.800000000000000000e+01 9.560000000000000497e+00 1.000000000000000000e+01 4.000000000000000000e+01 8.000000000000000000e+00 2.500000000000000000e+01 1.522699116447423506e-04 1.376658786966800108e-08 3.633832872310157391e+00 3.637144564076895392e+01
1.700000000000000000e+01 3.500000000000000000e+00 1.800000000000000000e+01 9.560000000000000497e+00 1.000000000000000000e+00 2.500000000000000000e+01 9.000000000000000000e+00 2.500000000000000000e+01 3.520351671287382800e-01 2.525357837591224452e-02 1.885262361384608898e+00 7.173935675665022416e+01
1.700000000000000000e+01 3.500000000000000000e+00 1.800000000000000000e+01 9.560000000000000497e+00 1.000000000000000000e+00 3.500000000000000000e+01 9.000000000000000000e+00 2.500000000000000000e+01 4.926590170557676451e-02 2.583517170154259190e-03 1.369120480904748582e+00 7.974780224028981479e+01
1.700000000000000000e+01 3.500000000000000000e+00 1.800000000000000000e+01 9.560000000000000497e+00 5.000000000000000000e+00 4.000000000000000000e+01 9.000000000000000000e+00 2.500000000000000000e+01 1.912124798379988277e-04 2.797357634420905015e-08 2.301550487591839111e+00 5.402025728742280819e+01
1.700000000000000000e+01 3.500000000000000000e+00 1.800000000000000000e+01 9.560000000000000497e+00 1.000000000000000000e+01 4.000000000000000000e+01 9.000000000000000000e+00 2.500000000000000000e+01 1.898776290645276532e-04 1.632935586748374135e-08 3.727859564740259035e+00 3.577068207629687180e+01
1.700000000000000000e+01 3.500000000000000000e+00 1.800000000000000000e+01 9.560000000000000497e+00 1.000000000000000000e+00 2.500000000000000000e+01 1.000000000000000000e+01 2.500000000000000000e+01 3.383922879818026530e-01 2.392049053856237784e-02 1.834799338810295222e+00 7.170537795287562233e+01
1.700000000000000000e+01 3.500000000000000000e+00 1.800000000000000000e+01 9.560000000000000497e+00 5.000000000000000000e+00 2.500000000000000000e+01 1.000000000000000000e+01 2.500000000000000000e+01 2.909784504784094228e-01 1.185509509109228254e-02 2.829117815710322947e+00 5.212458456537970619e+01
1.700000000000000000e+01 3.500000000000000000e+00 1.800000000000000000e+01 9.560000000000000497e+00 1.000000000000000000e+01 2.500000000000000000e+01 1.000000000000000000e+01 2.500000000000000000e+01 1.973933001400196563e-01 3.949353435440894344e-03 4.495550703669871417e+00 3.447611261388485104e+01
1.700000000000000000e+01 3.500000000000000000e+00 1.800000000000000000e+01 9.560000000000000497e+00 5.000000000000000000e+00 3.500000000000000000e+01 1.000000000000000000e+01 2.500000000000000000e+01 2.613229957249996183e-02 3.839168143113802500e-04 2.257513524660133886e+00 5.635093298063179645e+01
1.700000000000000000e+01 3.500000000000000000e+00 1.800000000000000000e+01 9.560000000000000497e+00 1.000000000000000000e+01 3.500000000000000000e+01 1.000000000000000000e+01 2.500000000000000000e+01 1.858164931730899028e-02 1.178266523089721574e-04 3.376733827466337434e+00 3.987959179922135178e+01
1.700000000000000000e+01 3.500000000000000000e+00 1.800000000000000000e+01 9.560000000000000497e+00 5.000000000000000000e+00 4.000000000000000000e+01 1.000000000000000000e+01 2.500000000000000000e+01 3.599881368821389316e-03 1.157298432508113706e-05 2.138328182603622452e+00 5.713832240925014361e+01
1.700000000000000000e+01 3.500000000000000000e+00 1.800000000000000000e+01 9.560000000000000497e+00 1.000000000000000000e+01 4.000000000000000000e+01 1.000000000000000000e+01 2.500000000000000000e+01 1.523936663432312599e-04 1.351645395608613853e-08 3.308716739715295674e+00 3.931206697575766640e+01
1.700000000000000000e+01 3.500000000000000000e+00 1.800000000000000000e+01 9.560000000000000497e+00 1.000000000000000000e+00 2.500000000000000000e+01 1.100000000000000000e+01 2.500000000000000000e+01 3.866189251080824896e-01 2.954650031007610700e-02 1.732877461096606675e+00 7.427368921279163771e+01
1.700000000000000000e+01 3.500000000000000000e+00 1.800000000000000000e+01 9.560000000000000497e+00 5.000000000000000000e+00 4.000000000000000000e+01 1.100000000000000000e+01 2.500000000000000000e+01 4.135336130410016686e-02 9.070855321162696328e-04 2.006869977420302931e+00 5.899292908203366181e+01
1.700000000000000000e+01 3.500000000000000000e+00 1.800000000000000000e+01 9.560000000000000497e+00 1.000000000000000000e+01 4.000000000000000000e+01 1.100000000000000000e+01 2.500000000000000000e+01 2.457469228194231192e-04 2.718891400910194989e-08 3.200846851317165953e+00 4.069016417455407009e+01
1.700000000000000000e+01 3.500000000000000000e+00 1.800000000000000000e+01 9.560000000000000497e+00 1.000000000000000000e+00 2.500000000000000000e+01 1.200000000000000000e+01 2.500000000000000000e+01 4.130188560236853768e-01 2.861069744083954980e-02 1.679638685251962027e+00 7.642114870122929915e+01
1.700000000000000000e+01 3.500000000000000000e+00 1.800000000000000000e+01 9.560000000000000497e+00 5.000000000000000000e+00 2.500000000000000000e+01 1.200000000000000000e+01 2.500000000000000000e+01 3.296631521411275134e-01 1.274765792240684092e-02 2.670183761034582215e+00 5.358680744925414530e+01
1.700000000000000000e+01 3.500000000000000000e+00 1.800000000000000000e+01 9.560000000000000497e+00 1.000000000000000000e+01 2.500000000000000000e+01 1.200000000000000000e+01 2.500000000000000000e+01 2.064072307583617594e-01 3.777499103207127007e-03 4.244302264319108176e+00 3.470200567035737294e+01
1.700000000000000000e+01 3.500000000000000000e+00 1.800000000000000000e+01 9.560000000000000497e+00 5.000000000000000000e+00 3.500000000000000000e+01 1.200000000000000000e+01 2.500000000000000000e+01 4.836232798876061167e-02 1.368317720720657604e-03 2.163932393586949665e+00 5.713968092900515217e+01
1.700000000000000000e+01 3.500000000000000000e+00 1.800000000000000000e+01 9.560000000000000497e+00 1.000000000000000000e+01 3.500000000000000000e+01 1.200000000000000000e+01 2.500000000000000000e+01 9.838164716884589822e-03 3.426282982488260132e-05 3.302058586823255926e+00 4.063622417223556482e+01
1.700000000000000000e+01 3.500000000000000000e+00 1.800000000000000000e+01 9.560000000000000497e+00 5.000000000000000000e+00 4.000000000000000000e+01 1.200000000000000000e+01 2.500000000000000000e+01 3.270367128794360312e-02 5.184022412598743301e-04 2.082817848015142026e+00 5.767394733418329622e+01
1.700000000000000000e+01 3.500000000000000000e+00 1.800000000000000000e+01 9.560000000000000497e+00 1.000000000000000000e+01 4.000000000000000000e+01 1.200000000000000000e+01 2.500000000000000000e+01 3.018784291022313937e-04 4.596514635579751484e-08 2.809910933945152678e+00 4.463282899629115263e+01
1.700000000000000000e+01 3.500000000000000000e+00 1.800000000000000000e+01 9.560000000000000497e+00 1.000000000000000000e+01 4.000000000000000000e+01 1.300000000000000000e+01 2.500000000000000000e+01 1.443546402950546259e-02 1.085674005807391040e-04 2.874060394588289657e+00 4.458943558525503903e+01
1.700000000000000000e+01 3.500000000000000000e+00 1.800000000000000000e+01 9.560000000000000497e+00 5.000000000000000000e+00 2.500000000000000000e+01 1.400000000000000000e+01 2.500000000000000000e+01 2.930894609115521909e-01 9.083956656204206226e-03 2.847457598571724535e+00 5.172723654270676263e+01
1.700000000000000000e+01 3.500000000000000000e+00 1.800000000000000000e+01 9.560000000000000497e+00 1.000000000000000000e+01 2.500000000000000000e+01 1.400000000000000000e+01 2.500000000000000000e+01 2.103440911085852072e-01 3.247272849817406382e-03 4.522274320873575171e+00 3.258385103602456212e+01
1.700000000000000000e+01 3.500000000000000000e+00 1.800000000000000000e+01 9.560000000000000497e+00 5.000000000000000000e+00 3.500000000000000000e+01 1.400000000000000000e+01 2.500000000000000000e+01 3.484706051634800517e-02 5.939594068491427237e-04 2.460990793540609012e+00 5.231485952243873072e+01
1.700000000000000000e+01 3.500000000000000000e+00 1.800000000000000000e+01 9.560000000000000497e+00 1.000000000000000000e+01 3.500000000000000000e+01 1.400000000000000000e+01 2.500000000000000000e+01 2.268817513211285330e-04 2.017002365128917063e-08 3.511810203062788016e+00 3.812103481129059190e+01
1.700000000000000000e+01 3.500000000000000000e+00 1.800000000000000000e+01 9.560000000000000497e+00 1.000000000000000000e+01 4.000000000000000000e+01 1.400000000000000000e+01 2.500000000000000000e+01 2.446245541043445826e-04 2.011758226672100136e-08 3.423562862909748983e+00 3.818461628526983276e+01
1.700000000000000000e+01 3.500000000000000000e+00 1.800000000000000000e+01 9.560000000000000497e+00 1.000000000000000000e+01 4.000000000000000000e+01 1.500000000000000000e+01 2.500000000000000000e+01 2.526247819003568651e-04 2.794274922557349328e-08 3.112048632286855021e+00 4.146364966734778790e+01
1.700000000000000000e+01 3.500000000000000000e+00 1.800000000000000000e+01 9.560000000000000497e+00 5.000000000000000000e+00 2.500000000000000000e+01 1.600000000000000000e+01 2.500000000000000000e+01 2.883088178491435283e-01 9.482481345512772108e-03 2.561860262867792226e+00 5.585513574435822903e+01
1.700000000000000000e+01 3.500000000000000000e+00 1.800000000000000000e+01 9.560000000000000497e+00 1.000000000000000000e+01 2.500000000000000000e+01 1.600000000000000000e+01 2.500000000000000000e+01 2.225990690921073600e-01 4.073230120784421260e-03 3.989319365325068922e+00 3.671148944180990270e+01
1.700000000000000000e+01 3.500000000000000000e+00 1.800000000000000000e+01 9.560000000000000497e+00 5.000000000000000000e+00 3.500000000000000000e+01 1.600000000000000000e+01 2.500000000000000000e+01 3.055237461494941797e-02 6.236635822414182684e-04 2.158198526826566432e+00 5.691271328616331715e+01
1.700000000000000000e+01 3.500000000000000000e+00 1.800000000000000000e+01 9.560000000000000497e+00 1.000000000000000000e+01 3.500000000000000000e+01 1.600000000000000000e+01 2.500000000000000000e+01 2.440289608962586954e-04 2.836528878447097668e-08 3.439287896054666227e+00 3.898102470711550183e+01
1.700000000000000000e+01 3.500000000000000000e+00 1.800000000000000000e+01 9.560000000000000497e+00 1.000000000000000000e+01 4.000000000000000000e+01 1.600000000000000000e+01 2.500000000000000000e+01 1.398000123463272182e-02 6.384356264432788919e-05 2.886245920440493773e+00 4.312210423688526362e+01
1.700000000000000000e+01 3.500000000000000000e+00 1.800000000000000000e+01 9.560000000000000497e+00 1.000000000000000000e+01 4.000000000000000000e+01 1.700000000000000000e+01 2.500000000000000000e+01 4.042868755343764775e-03 6.385687855159360993e-06 3.144532631921137966e+00 4.100427250959499759e+01
1.700000000000000000e+01 3.500000000000000000e+00 1.800000000000000000e+01 9.560000000000000497e+00 5.000000000000000000e+00 2.500000000000000000e+01 1.800000000000000000e+01 2.500000000000000000e+01 3.044673239346380456e-01 9.669563228790201137e-03 2.487162374419249034e+00 5.600854763713991957e+01
1.700000000000000000e+01 3.500000000000000000e+00 1.800000000000000000e+01 9.560000000000000497e+00 1.000000000000000000e+01 2.500000000000000000e+01 1.800000000000000000e+01 2.500000000000000000e+01 2.233250428509039320e-01 3.651925523090016057e-03 3.946318333946129187e+00 3.639579476538885672e+01
1.700000000000000000e+01 3.500000000000000000e+00 1.800000000000000000e+01 9.560000000000000497e+00 5.000000000000000000e+00 3.500000000000000000e+01 1.800000000000000000e+01 2.500000000000000000e+01 3.828926594925774474e-02 9.231382175165503412e-04 2.165500420212085775e+00 5.674831196032991443e+01
1.700000000000000000e+01 3.500000000000000000e+00 1.800000000000000000e+01 9.560000000000000497e+00 1.000000000000000000e+01 3.500000000000000000e+01 1.800000000000000000e+01 2.500000000000000000e+01 4.375571353886442694e-03 7.944758595890277775e-06 3.182870615181356833e+00 4.113119053288344418e+01
1.700000000000000000e+01 3.500000000000000000e+00 1.800000000000000000e+01 9.560000000000000497e+00 1.000000000000000000e+01 4.000000000000000000e+01 1.800000000000000000e+01 2.500000000000000000e+01 2.223985151723062437e-02 1.262132690751371911e-04 3.208612140936510038e+00 3.958428788906431350e+01
1.700000000000000000e+01 3.500000000000000000e+00 1.800000000000000000e+01 9.560000000000000497e+00 5.000000000000000000e+00 2.500000000000000000e+01 2.000000000000000000e+01 2.500000000000000000e+01 3.160246626745901732e-01 8.838192030066638338e-03 2.548222837009132657e+00 5.381000954068696984e+01
1.700000000000000000e+01 3.500000000000000000e+00 1.800000000000000000e+01 9.560000000000000497e+00 1.000000000000000000e+01 3.500000000000000000e+01 2.000000000000000000e+01 2.500000000000000000e+01 3.188368163913324338e-04 3.856724695161517502e-08 3.445831031074964468e+00 3.875344729838492697e+01
1.700000000000000000e+01 3.500000000000000000e+00 1.800000000000000000e+01 9.560000000000000497e+00 5.000000000000000000e+00 2.500000000000000000e+01 2.200000000000000000e+01 2.500000000000000000e+01 3.440318754004032531e-01 9.365049095874544705e-03 2.727301282196069820e+00 5.157815095604133404e+01
1.700000000000000000e+01 3.500000000000000000e+00 1.800000000000000000e+01 9.560000000000000497e+00 1.000000000000000000e+01 2.500000000000000000e+01 2.200000000000000000e+01 2.500000000000000000e+01 2.585244625116787098e-01 4.089681025842173412e-03 3.829621422727114588e+00 3.642472710119011481e+01
1.700000000000000000e+01 3.500000000000000000e+00 1.800000000000000000e+01 9.560000000000000497e+00 1.000000000000000000e+01 3.500000000000000000e+01 2.200000000000000000e+01 2.500000000000000000e+01 4.836473790560291697e-02 4.283505583504432224e-04 3.363854045773620793e+00 3.747743240705383272e+01
