1.000000000000000000e+00 2.500000000000000000e+00 1.800000000000000000e+01 3.709999999999999964e+00 1.000000000000000000e+00 2.500000000000000000e+01 0.000000000000000000e+00 2.500000000000000000e+01 2.675842163885011615e-02 3.676611657881467821e-03 9.013396016165097224e-01 9.672261971396666524e+01
1.000000000000000000e+00 2.500000000000000000e+00 1.800000000000000000e+01 3.709999999999999964e+00 5.000000000000000000e+00 2.500000000000000000e+01 0.000000000000000000e+00 2.500000000000000000e+01 5.792439547462890914e-03 3.131374283849019946e-05 9.497801606000127350e+00 1.171098624042601699e+01
1.000000000000000000e+00 2.500000000000000000e+00 1.800000000000000000e+01 3.709999999999999964e+00 1.000000000000000000e+01 2.500000000000000000e+01 0.000000000000000000e+00 2.500000000000000000e+01 2.028613784424937450e-02 4.472567643689639993e-04 1.265254765023338379e+01 8.163891079273231099e+00
1.000000000000000000e+00 2.500000000000000000e+00 1.800000000000000000e+01 3.709999999999999964e+00 1.000000000000000000e+00 2.500000000000000000e+01 1.000000000000000056e-01 2.500000000000000000e+01 3.037684211021618452e-02 4.182571438419824261e-03 9.238841233142639497e-01 9.392841018001534792e+01
1.000000000000000000e+00 2.500000000000000000e+00 1.800000000000000000e+01 3.709999999999999964e+00 5.000000000000000000e+00 2.500000000000000000e+01 1.000000000000000056e-01 2.500000000000000000e+01 2.125330592929008944e-02 4.304033412494412403e-04 9.565809565688105920e+00 1.151473176329893100e+01
1.000000000000000000e+00 2.500000000000000000e+00 1.800000000000000000e+01 3.709999999999999964e+00 1.000000000000000000e+00 3.500000000000000000e+01 1.000000000000000056e-01 2.500000000000000000e+01 2.431993576783586519e-02 3.782111049289049731e-03 8.563030518683510950e-01 9.904649630681926453e+01
1.000000000000000000e+00 2.500000000000000000e+00 1.800000000000000000e+01 3.709999999999999964e+00 5.000000000000000000e+00 3.500000000000000000e+01 1.000000000000000056e-01 2.500000000000000000e+01 1.548081142445756342e-03 2.846290429348030671e-06 8.485805385884674479e+00 1.270178113866369785e+01
1.000000000000000000e+00 2.500000000000000000e+00 1.800000000000000000e+01 3.709999999999999964e+00 1.000000000000000000e+01 3.500000000000000000e+01 1.000000000000000056e-01 2.500000000000000000e+01 8.803593924392005832e-03 1.205005616156107351e-04 1.078514899281451633e+01 9.499443761405972353e+00
1.000000000000000000e+00 2.500000000000000000e+00 1.800000000000000000e+01 3.709999999999999964e+00 1.000000000000000000e+00 4.000000000000000000e+01 1.000000000000000056e-01 2.500000000000000000e+01 1.984360110418625922e-02 3.307939988775210338e-03 8.578245184344469587e-01 9.890882601675957631e+01
1.000000000000000000e+00 2.500000000000000000e+00 1.800000000000000000e+01 3.709999999999999964e+00 5.000000000000000000e+00 4.000000000000000000e+01 1.000000000000000056e-01 2.500000000000000000e+01 1.573748063039559497e-04 4.686417875987558546e-08 8.319951710012233548e+00 1.284566640632019663e+01
1.000000000000000000e+00 2.500000000000000000e+00 1.800000000000000000e+01 3.709999999999999964e+00 1.000000000000000000e+01 4.000000000000000000e+01 1.000000000000000056e-01 2.500000000000000000e+01 1.746379820255494764e-04 6.829619692005906018e-08 1.081118727439367611e+01 9.389514932547831094e+00
1.000000000000000000e+00 2.500000000000000000e+00 1.800000000000000000e+01 3.709999999999999964e+00 1.000000000000000000e+00 2.500000000000000000e+01 1.000000000000000000e+00 2.500000000000000000e+01 5.069361426993257425e-02 1.050296193639010944e-02 8.388995409003529025e-01 1.017990854539934276e+02
1.000000000000000000e+00 2.500000000000000000e+00 1.800000000000000000e+01 3.709999999999999964e+00 1.000000000000000000e+00 3.500000000000000000e+01 1.000000000000000000e+00 2.500000000000000000e+01 2.477693629841692946e-02 4.486028378032358432e-03 8.997245538763243289e-01 9.447889389096226864e+01
1.000000000000000000e+00 2.500000000000000000e+00 1.800000000000000000e+01 3.709999999999999964e+00 5.000000000000000000e+00 3.500000000000000000e+01 1.000000000000000000e+00 2.500000000000000000e+01 9.051266452764217263e-05 1.972371599379130203e-08 9.341911289390916195e+00 1.099757350227742236e+01
1.000000000000000000e+00 2.500000000000000000e+00 1.800000000000000000e+01 3.709999999999999964e+00 1.000000000000000000e+01 3.500000000000000000e+01 1.000000000000000000e+00 2.500000000000000000e+01 1.195628185517438880e-04 3.624690125825225095e-08 1.179730895835853488e+01 8.304890600366094944e+00
1.000000000000000000e+00 2.500000000000000000e+00 1.800000000000000000e+01 3.709999999999999964e+00 1.000000000000000000e+00 4.000000000000000000e+01 1.000000000000000000e+00 2.500000000000000000e+01 1.118506874149982622e-02 1.051161039735015734e-03 1.005823425781052993e+00 8.546669800793421246e+01
1.000000000000000000e+00 2.500000000000000000e+00 1.800000000000000000e+01 3.709999999999999964e+00 5.000000000000000000e+00 4.000000000000000000e+01 1.000000000000000000e+00 2.500000000000000000e+01 6.394892965122522810e-05 2.010209598779510998e-08 9.740831063999548789e+00 1.033495369011586362e+01
1.000000000000000000e+00 2.500000000000000000e+00 1.800000000000000000e+01 3.709999999999999964e+00 1.000000000000000000e+01 4.000000000000000000e+01 1.000000000000000000e+00 2.500000000000000000e+01 6.824728210186314925e-05 2.732472559330290096e-08 1.240966533945269212e+01 7.825830849900409447e+00
1.000000000000000000e+00 2.500000000000000000e+00 1.800000000000000000e+01 3.709999999999999964e+00 1.000000000000000000e+00 2.500000000000000000e+01 2.000000000000000000e+00 2.500000000000000000e+01 6.492285568664124540e-02 1.533452241574462249e-02 8.633585445031063399e-01 1.024351327970083645e+02
1.000000000000000000e+00 2.500000000000000000e+00 1.800000000000000000e+01 3.709999999999999964e+00 5.000000000000000000e+00 2.500000000000000000e+01 2.000000000000000000e+00 2.500000000000000000e+01 4.830025700335771610e-02 2.051487119870021303e-03 9.347609679057711674e+00 1.149248168441172346e+01
1.000000000000000000e+00 2.500000000000000000e+00 1.800000000000000000e+01 3.709999999999999964e+00 1.000000000000000000e+01 2.500000000000000000e+01 2.000000000000000000e+00 2.500000000000000000e+01 3.269226125934654448e-02 8.126860933526103281e-04 1.166243216367947966e+01 8.535000180110003498e+00
1.000000000000000000e+00 2.500000000000000000e+00 1.800000000000000000e+01 3.709999999999999964e+00 1.000000000000000000e+00 3.500000000000000000e+01 2.000000000000000000e+00 2.500000000000000000e+01 2.212181373766353154e-02 2.593674499853593218e-03 1.067570261528066444e+00 8.145028991144930330e+01
1.000000000000000000e+00 2.500000000000000000e+00 1.800000000000000000e+01 3.709999999999999964e+00 5.000000000000000000e+00 3.500000000000000000e+01 2.000000000000000000e+00 2.500000000000000000e+01 8.164394324583490459e-05 2.030455514834272890e-08 1.054592192620237512e+01 9.525605919714308811e+00
1.000000000000000000e+00 2.500000000000000000e+00 1.800000000000000000e+01 3.709999999999999964e+00 1.000000000000000000e+01 3.500000000000000000e+01 2.000000000000000000e+00 2.500000000000000000e+01 1.149987879193470341e-02 5.098813588417794307e-04 1.320283598054109575e+01 7.405394865099870216e+00
1.000000000000000000e+00 2.500000000000000000e+00 1.800000000000000000e+01 3.709999999999999964e+00 1.000000000000000000e+00 4.000000000000000000e+01 2.000000000000000000e+00 2.500000000000000000e+01 2.141364787268962289e-02 1.736222903785167304e-03 1.202093347003032608e+00 7.010380351705946111e+01
1.000000000000000000e+00 2.500000000000000000e+00 1.800000000000000000e+01 3.709999999999999964e+00 5.000000000000000000e+00 4.000000000000000000e+01 2.000000000000000000e+00 2.500000000000000000e+01 5.408951991525690062e-05 1.340071387190278074e-08 1.123436662642057371e+01 8.799543663947531513e+00
1.000000000000000000e+00 2.500000000000000000e+00 1.800000000000000000e+01 3.709999999999999964e+00 1.000000000000000000e+01 4.000000000000000000e+01 2.000000000000000000e+00 2.500000000000000000e+01 1.090073409757419398e-04 2.423234013448904989e-08 1.383306948059587427e+01 6.917328439647587146e+00
1.000000000000000000e+00 2.500000000000000000e+00 1.800000000000000000e+01 3.709999999999999964e+00 1.000000000000000000e+00 2.500000000000000000e+01 3.000000000000000000e+00 2.500000000000000000e+01 7.721250480039021369e-02 1.845073982266276502e-02 9.181873600006454916e-01 9.874332599748082373e+01
1.000000000000000000e+00 2.500000000000000000e+00 1.800000000000000000e+01 3.709999999999999964e+00 1.000000000000000000e+00 3.500000000000000000e+01 3.000000000000000000e+00 2.500000000000000000e+01 6.036518330784246267e-02 1.107150118535615846e-02 1.159942046820070960e+00 7.446199505292588583e+01
1.000000000000000000e+00 2.500000000000000000e+00 1.800000000000000000e+01 3.709999999999999964e+00 5.000000000000000000e+00 3.500000000000000000e+01 3.000000000000000000e+00 2.500000000000000000e+01 9.880411520080123466e-05 2.802650866939870866e-08 1.091262914509767334e+01 9.124865371015211224e+00
1.000000000000000000e+00 2.500000000000000000e+00 1.800000000000000000e+01 3.709999999999999964e+00 1.000000000000000000e+01 3.500000000000000000e+01 3.000000000000000000e+00 2.500000000000000000e+01 2.170029611531676395e-03 2.004495434038133794e-05 1.411014084959514925e+01 6.895681916970293202e+00
1.000000000000000000e+00 2.500000000000000000e+00 1.800000000000000000e+01 3.709999999999999964e+00 1.000000000000000000e+00 4.000000000000000000e+01 3.000000000000000000e+00 2.500000000000000000e+01 2.453650676930685393e-02 2.633256941874773105e-03 1.279214655624938857e+00 6.873301476876757476e+01
1.000000000000000000e+00 2.500000000000000000e+00 1.800000000000000000e+01 3.709999999999999964e+00 5.000000000000000000e+00 4.000000000000000000e+01 3.000000000000000000e+00 2.500000000000000000e+01 3.692686134990186275e-03 3.118352105868638091e-05 1.106170268908470611e+01 8.881049445072475734e+00
1.000000000000000000e+00 2.500000000000000000e+00 1.800000000000000000e+01 3.709999999999999964e+00 1.000000000000000000e+01 4.000000000000000000e+01 3.000000000000000000e+00 2.500000000000000000e+01 5.081588885214483042e-03 6.413801090121573623e-05 1.428636268743305315e+01 6.689941308721301105e+00
1.000000000000000000e+00 2.500000000000000000e+00 1.800000000000000000e+01 3.709999999999999964e+00 1.000000000000000000e+00 2.500000000000000000e+01 4.000000000000000000e+00 2.500000000000000000e+01 7.919809638927000073e-02 1.942452249094661632e-02 9.532817814298901737e-01 9.579451676690337081e+01
1.000000000000000000e+00 2.500000000000000000e+00 1.800000000000000000e+01 3.709999999999999964e+00 5.000000000000000000e+00 2.500000000000000000e+01 4.000000000000000000e+00 2.500000000000000000e+01 3.574085554045813851e-02 1.037679086952181251e-03 9.798019466191391302e+00 1.072051952554918941e+01
1.000000000000000000e+00 2.500000000000000000e+00 1.800000000000000000e+01 3.709999999999999964e+00 1.000000000000000000e+01 2.500000000000000000e+01 4.000000000000000000e+00 2.500000000000000000e+01 3.223668789671685353e-02 8.568641092345785637e-04 1.206437850149845481e+01 8.281558821513320012e+00
1.000000000000000000e+00 2.500000000000000000e+00 1.800000000000000000e+01 3.709999999999999964e+00 1.000000000000000000e+00 3.500000000000000000e+01 4.000000000000000000e+00 2.500000000000000000e+01 3.341659463827273413e-02 4.046177099634284957e-03 1.153402846334971033e+00 7.595052328352733184e+01
1.000000000000000000e+00 2.500000000000000000e+00 1.800000000000000000e+01 3.709999999999999964e+00 5.000000000000000000e+00 3.500000000000000000e+01 4.000000000000000000e+00 2.500000000000000000e+01 1.023716956520814847e-04 2.876332483303656318e-08 1.107354625860848252e+01 8.944779688761501646e+00
1.000000000000000000e+00 2.500000000000000000e+00 1.800000000000000000e+01 3.709999999999999964e+00 1.000000000000000000e+01 3.500000000000000000e+01 4.000000000000000000e+00 2.500000000000000000e+01 2.450303112642160386e-04 1.750547862222617823e-07 1.356693633921699238e+01 7.092234348607776795e+00
1.000000000000000000e+00 2.500000000000000000e+00 1.800000000000000000e+01 3.709999999999999964e+00 5.000000000000000000e+00 4.000000000000000000e+01 4.000000000000000000e+00 2.500000000000000000e+01 9.492070029515353724e-05 2.060274240101023224e-08 1.109272985512339105e+01 8.873071234025230680e+00
1.000000000000000000e+00 2.500000000000000000e+00 1.800000000000000000e+01 3.709999999999999964e+00 1.000000000000000000e+01 4.000000000000000000e+01 4.000000000000000000e+00 2.500000000000000000e+01 8.011258272846433215e-03 9.733687799506895999e-05 1.412445196067601927e+01 6.768493755460925243e+00
1.000000000000000000e+00 2.500000000000000000e+00 1.800000000000000000e+01 3.709999999999999964e+00 1.000000000000000000e+00 2.500000000000000000e+01 5.000000000000000000e+00 2.500000000000000000e+01 7.989196595381864441e-02 2.055989273520730798e-02 9.224139141880486337e-01 9.773219872966407706e+01
1.000000000000000000e+00 2.500000000000000000e+00 1.800000000000000000e+01 3.709999999999999964e+00 1.000000000000000000e+00 3.500000000000000000e+01 5.000000000000000000e+00 2.500000000000000000e+01 4.069310368066458850e-02 4.285953337161529930e-03 1.155554356803326188e+00 7.218163859674024252e+01
1.000000000000000000e+00 2.500000000000000000e+00 1.800000000000000000e+01 3.709999999999999964e+00 5.000000000000000000e+00 3.500000000000000000e+01 5.000000000000000000e+00 2.500000000000000000e+01 6.755640602396084660e-05 2.056576553499667170e-08 1.138392919901117573e+01 8.691328733723056033e+00
1.000000000000000000e+00 2.500000000000000000e+00 1.800000000000000000e+01 3.709999999999999964e+00 1.000000000000000000e+01 3.500000000000000000e+01 5.000000000000000000e+00 2.500000000000000000e+01 6.711283425997915941e-03 2.129508163553062161e-04 1.379675131550888523e+01 7.046176817810101412e+00
1.000000000000000000e+00 2.500000000000000000e+00 1.800000000000000000e+01 3.709999999999999964e+00 5.000000000000000000e+00 4.000000000000000000e+01 5.000000000000000000e+00 2.500000000000000000e+01 7.727755665754010295e-05 1.352379852548324379e-08 1.192979311630551997e+01 8.263140044100168780e+00
1.000000000000000000e+00 2.500000000000000000e+00 1.800000000000000000e+01 3.709999999999999964e+00 1.000000000000000000e+01 4.000000000000000000e+01 5.000000000000000000e+00 2.500000000000000000e+01 1.576568167542813370e-04 3.075632903914993221e-08 1.405031234059971723e+01 6.888472418448284174e+00
1.000000000000000000e+00 2.500000000000000000e+00 1.800000000000000000e+01 3.709999999999999964e+00 1.000000000000000000e+00 2.500000000000000000e+01 6.000000000000000000e+00 2.500000000000000000e+01 7.361709149762285520e-02 1.549586860762230955e-02 1.019938081988874146e+00 9.064640675276605464e+01
1.000000000000000000e+00 2.500000000000000000e+00 1.800000000000000000e+01 3.709999999999999964e+00 5.000000000000000000e+00 2.500000000000000000e+01 6.000000000000000000e+00 2.500000000000000000e+01 2.959300470406622807e-02 6.783484399794925679e-04 1.057214376160434632e+01 9.724618121589635678e+00
1.000000000000000000e+00 2.500000000000000000e+00 1.800000000000000000e+01 3.709999999999999964e+00 1.000000000000000000e+01 2.500000000000000000e+01 6.000000000000000000e+00 2.500000000000000000e+01 4.482455527980566679e-02 1.976092722367761567e-03 1.308690421812607596e+01 7.487978012320724019e+00
1.000000000000000000e+00 2.500000000000000000e+00 1.800000000000000000e+01 3.709999999999999964e+00 1.000000000000000000e+00 3.500000000000000000e+01 6.000000000000000000e+00 2.500000000000000000e+01 7.615063856388881725e-02 8.642505041549508604e-03 1.200113246769817232e+00 6.996168225739933177e+01
1.000000000000000000e+00 2.500000000000000000e+00 1.800000000000000000e+01 3.709999999999999964e+00 5.000000000000000000e+00 3.500000000000000000e+01 6.000000000000000000e+00 2.500000000000000000e+01 1.250100202649928605e-04 4.608586623433552631e-08 1.185985311059735992e+01 8.277189909881059293e+00
1.000000000000000000e+00 2.500000000000000000e+00 1.800000000000000000e+01 3.709999999999999964e+00 1.000000000000000000e+01 3.500000000000000000e+01 6.000000000000000000e+00 2.500000000000000000e+01 1.224833688957538413e-04 4.405920472905222596e-08 1.478999005133623257e+01 6.478827463428173949e+00
1.000000000000000000e+00 2.500000000000000000e+00 1.800000000000000000e+01 3.709999999999999964e+00 5.000000000000000000e+00 4.000000000000000000e+01 6.000000000000000000e+00 2.500000000000000000e+01 9.045919293870774425e-05 1.303212537884235189e-08 1.192862344033950883e+01 8.369680786202815526e+00
1.000000000000000000e+00 2.500000000000000000e+00 1.800000000000000000e+01 3.709999999999999964e+00 1.000000000000000000e+01 4.000000000000000000e+01 6.000000000000000000e+00 2.500000000000000000e+01 1.686144201378247942e-04 2.814986466148639010e-08 1.488613445655659540e+01 6.426808540927902769e+00
1.000000000000000000e+00 2.500000000000000000e+00 1.800000000000000000e+01 3.709999999999999964e+00 1.000000000000000000e+00 2.500000000000000000e+01 7.000000000000000000e+00 2.500000000000000000e+01 7.776274148661355134e-02 1.608139017930287906e-02 1.081171831688707119e+00 8.530568928889891822e+01
1.000000000000000000e+00 2.500000000000000000e+00 1.800000000000000000e+01 3.709999999999999964e+00 5.000000000000000000e+00 3.500000000000000000e+01 7.000000000000000000e+00 2.500000000000000000e+01 6.789935919382372731e-05 2.020975808925129513e-08 1.199271413012643350e+01 8.160076865891925380e+00
1.000000000000000000e+00 2.500000000000000000e+00 1.800000000000000000e+01 3.709999999999999964e+00 1.000000000000000000e+01 3.500000000000000000e+01 7.000000000000000000e+00 2.500000000000000000e+01 1.012570746359298113e-04 3.624206756924763795e-08 1.463209005994289491e+01 6.526529648192092026e+00
1.000000000000000000e+00 2.500000000000000000e+00 1.800000000000000000e+01 3.709999999999999964e+00 5.000000000000000000e+00 4.000000000000000000e+01 7.000000000000000000e+00 2.500000000000000000e+01 1.551229086764749354e-04 2.077695016033942466e-08 1.157450512848733837e+01 8.645235543375060061e+00
1.000000000000000000e+00 2.500000000000000000e+00 1.800000000000000000e+01 3.709999999999999964e+00 1.000000000000000000e+01 4.000000000000000000e+01 7.000000000000000000e+00 2.500000000000000000e+01 1.472298126310445099e-04 1.933211457583183801e-08 1.535490088769820893e+01 6.262167281823884046e+00
1.000000000000000000e+00 2.500000000000000000e+00 1.800000000000000000e+01 3.709999999999999964e+00 1.000000000000000000e+00 2.500000000000000000e+01 8.000000000000000000e+00 2.500000000000000000e+01 8.466840009988207960e-02 1.613143344007084146e-02 1.140193850400782916e+00 8.228565787404852472e+01
1.000000000000000000e+00 2.500000000000000000e+00 1.800000000000000000e+01 3.709999999999999964e+00 5.000000000000000000e+00 2.500000000000000000e+01 8.000000000000000000e+00 2.500000000000000000e+01 3.183185004382038663e-02 7.816086013177070413e-04 1.155655951179750573e+01 8.673439387366775222e+00
1.000000000000000000e+00 2.500000000000000000e+00 1.800000000000000000e+01 3.709999999999999964e+00 1.000000000000000000e+01 2.500000000000000000e+01 8.000000000000000000e+00 2.500000000000000000e+01 5.101763385466107081e-02 2.662812691324623060e-03 1.389818882109656961e+01 6.976480903234484998e+00
1.000000000000000000e+00 2.500000000000000000e+00 1.800000000000000000e+01 3.709999999999999964e+00 5.000000000000000000e+00 3.500000000000000000e+01 8.000000000000000000e+00 2.500000000000000000e+01 1.728544688908151272e-04 5.357711807540965765e-08 1.214554197264895841e+01 7.984382470183740921e+00
1.000000000000000000e+00 2.500000000000000000e+00 1.800000000000000000e+01 3.709999999999999964e+00 1.000000000000000000e+01 3.500000000000000000e+01 8.000000000000000000e+00 2.500000000000000000e+01 1.198552071279279652e-02 3.343887803013423365e-04 1.476664972044064328e+01 6.458626043901751324e+00
1.000000000000000000e+00 2.500000000000000000e+00 1.800000000000000000e+01 3.709999999999999964e+00 5.000000000000000000e+00 4.000000000000000000e+01 8.000000000000000000e+00 2.500000000000000000e+01 1.354401840257035694e-02 1.308092833935958765e-04 1.250071541515398721e+01 7.987320704221275491e+00
1.000000000000000000e+00 2.500000000000000000e+00 1.800000000000000000e+01 3.709999999999999964e+00 1.000000000000000000e+01 4.000000000000000000e+01 8.000000000000000000e+00 2.500000000000000000e+01 3.414594025582107228e-02 1.094373048001973103e-03 1.564322380715749006e+01 6.182655166327260865e+00
1.000000000000000000e+00 2.500000000000000000e+00 1.800000000000000000e+01 3.709999999999999964e+00 1.000000000000000000e+00 2.500000000000000000e+01 9.000000000000000000e+00 2.500000000000000000e+01 7.530500931903150175e-02 1.250011540230633322e-02 1.201019192436769245e+00 7.765457737246511272e+01
1.000000000000000000e+00 2.500000000000000000e+00 1.800000000000000000e+01 3.709999999999999964e+00 5.000000000000000000e+00 3.500000000000000000e+01 9.000000000000000000e+00 2.500000000000000000e+01 5.653619885781502319e-05 1.341924993347731743e-08 1.123175752545047779e+01 8.671191142102847138e+00
1.000000000000000000e+00 2.500000000000000000e+00 1.800000000000000000e+01 3.709999999999999964e+00 1.000000000000000000e+01 3.500000000000000000e+01 9.000000000000000000e+00 2.500000000000000000e+01 1.122229601515400965e-02 7.276106499505274883e-04 1.588093137954008860e+01 5.983770544939127412e+00
1.000000000000000000e+00 2.500000000000000000e+00 1.800000000000000000e+01 3.709999999999999964e+00 5.000000000000000000e+00 4.000000000000000000e+01 9.000000000000000000e+00 2.500000000000000000e+01 1.524309662999101533e-04 3.591422981230607547e-08 1.266295124344958012e+01 7.737467200883429541e+00
1.000000000000000000e+00 2.500000000000000000e+00 1.800000000000000000e+01 3.709999999999999964e+00 1.000000000000000000e+01 4.000000000000000000e+01 9.000000000000000000e+00 2.500000000000000000e+01 3.474352263886704151e-03 2.098024255881014710e-05 1.623689421162354662e+01 5.913599254568525865e+00
1.000000000000000000e+00 2.500000000000000000e+00 1.800000000000000000e+01 3.709999999999999964e+00 5.000000000000000000e+00 2.500000000000000000e+01 1.000000000000000000e+01 2.500000000000000000e+01 3.563334980987620249e-02 1.120685817250333116e-03 1.206324864199896929e+01 8.005658400696697541e+00
1.000000000000000000e+00 2.500000000000000000e+00 1.800000000000000000e+01 3.709999999999999964e+00 5.000000000000000000e+00 3.500000000000000000e+01 1.000000000000000000e+01 2.500000000000000000e+01 8.344013653505122363e-05 1.977001029551672673e-08 1.219335741330316658e+01 7.853928229235885183e+00
1.000000000000000000e+00 2.500000000000000000e+00 1.800000000000000000e+01 3.709999999999999964e+00 1.000000000000000000e+01 3.500000000000000000e+01 1.000000000000000000e+01 2.500000000000000000e+01 1.332265668778398471e-02 8.368970889618410069e-04 1.610254186973914159e+01 5.905445418658983314e+00
1.000000000000000000e+00 2.500000000000000000e+00 1.800000000000000000e+01 3.709999999999999964e+00 1.000000000000000000e+01 4.000000000000000000e+01 1.000000000000000000e+01 2.500000000000000000e+01 5.983250212058255357e-03 3.164535450750349810e-05 1.604103680416010747e+01 6.057392832553113671e+00
1.000000000000000000e+00 2.500000000000000000e+00 1.800000000000000000e+01 3.709999999999999964e+00 5.000000000000000000e+00 3.500000000000000000e+01 1.100000000000000000e+01 2.500000000000000000e+01 1.726248123936624523e-04 5.340628206340625184e-08 1.223878177101350673e+01 7.852647499154143063e+00
1.000000000000000000e+00 2.500000000000000000e+00 1.800000000000000000e+01 3.709999999999999964e+00 1.000000000000000000e+01 3.500000000000000000e+01 1.100000000000000000e+01 2.500000000000000000e+01 3.450805832986736377e-03 2.090549788480444704e-05 1.594548064463513981e+01 5.918189315888491286e+00
1.000000000000000000e+00 2.500000000000000000e+00 1.800000000000000000e+01 3.709999999999999964e+00 1.000000000000000000e+01 4.000000000000000000e+01 1.100000000000000000e+01 2.500000000000000000e+01 3.263808266456069695e-02 7.145710496581081372e-04 1.739219382463003782e+01 5.577142739590124521e+00
1.000000000000000000e+00 2.500000000000000000e+00 1.800000000000000000e+01 3.709999999999999964e+00 5.000000000000000000e+00 2.500000000000000000e+01 1.200000000000000000e+01 2.500000000000000000e+01 2.645440617973671138e-02 6.471815369977207411e-04 1.149516020643695668e+01 8.456476081554093582e+00
1.000000000000000000e+00 2.500000000000000000e+00 1.800000000000000000e+01 3.709999999999999964e+00 1.000000000000000000e+01 2.500000000000000000e+01 1.200000000000000000e+01 2.500000000000000000e+01 4.839903107011322980e-02 2.732996951683608344e-03 1.676701178418607086e+01 5.504113712714612916e+00
1.000000000000000000e+00 2.500000000000000000e+00 1.800000000000000000e+01 3.709999999999999964e+00 5.000000000000000000e+00 3.500000000000000000e+01 1.200000000000000000e+01 2.500000000000000000e+01 8.144243509700110906e-05 2.152982947478676579e-08 1.322587792798500494e+01 7.251343218748122155e+00
1.000000000000000000e+00 2.500000000000000000e+00 1.800000000000000000e+01 3.709999999999999964e+00 1.000000000000000000e+01 3.500000000000000000e+01 1.200000000000000000e+01 2.500000000000000000e+01 1.059929816935589741e-04 3.146342031357107771e-08 1.559610240843876028e+01 6.103309484530964113e+00
1.000000000000000000e+00 2.500000000000000000e+00 1.800000000000000000e+01 3.709999999999999964e+00 1.000000000000000000e+01 4.000000000000000000e+01 1.200000000000000000e+01 2.500000000000000000e+01 1.296204116723953526e-02 1.288873523983546932e-04 1.631940675785299888e+01 6.013837241936974998e+00
1.000000000000000000e+00 2.500000000000000000e+00 1.800000000000000000e+01 3.709999999999999964e+00 1.000000000000000000e+01 3.500000000000000000e+01 1.300000000000000000e+01 2.500000000000000000e+01 1.274622589726437383e-04 3.435341966451233020e-08 1.543500828360772914e+01 6.134161699936624856e+00
1.000000000000000000e+00 2.500000000000000000e+00 1.800000000000000000e+01 3.709999999999999964e+00 5.000000000000000000e+00 2.500000000000000000e+01 1.400000000000000000e+01 2.500000000000000000e+01 3.709873998249535454e-02 1.185335316314040099e-03 1.218213308633444036e+01 7.969759145376707821e+00
1.000000000000000000e+00 2.500000000000000000e+00 1.800000000000000000e+01 3.709999999999999964e+00 1.000000000000000000e+01 2.500000000000000000e+01 1.400000000000000000e+01 2.500000000000000000e+01 5.032235773284798874e-02 3.277053682109842825e-03 1.638534859148650824e+01 5.665016532025535234e+00
1.000000000000000000e+00 2.500000000000000000e+00 1.800000000000000000e+01 3.709999999999999964e+00 1.000000000000000000e+01 3.500000000000000000e+01 1.400000000000000000e+01 2.500000000000000000e+01 1.052488483825531063e-02 2.536074547814237690e-04 1.576081759491683698e+01 6.053448611077707930e+00
1.000000000000000000e+00 2.500000000000000000e+00 1.800000000000000000e+01 3.709999999999999964e+00 1.000000000000000000e+01 3.500000000000000000e+01 1.500000000000000000e+01 2.500000000000000000e+01 2.635475947568166610e-02 1.194933180895585423e-03 1.732026452890454138e+01 5.505226766963733809e+00
1.000000000000000000e+00 2.500000000000000000e+00 1.800000000000000000e+01 3.709999999999999964e+00 5.000000000000000000e+00 2.500000000000000000e+01 1.600000000000000000e+01 2.500000000000000000e+01 4.335962228510759076e-02 1.553754267648699283e-03 1.323889959511526904e+01 7.330091336036657523e+00
1.000000000000000000e+00 2.500000000000000000e+00 1.800000000000000000e+01 3.709999999999999964e+00 1.000000000000000000e+01 2.500000000000000000e+01 1.600000000000000000e+01 2.500000000000000000e+01 6.625170462935225935e-02 8.076154036984029005e-03 1.567259641306343987e+01 6.053301387822759061e+00
1.000000000000000000e+00 2.500000000000000000e+00 1.800000000000000000e+01 3.709999999999999964e+00 1.000000000000000000e+01 3.500000000000000000e+01 1.600000000000000000e+01 2.500000000000000000e+01 2.195713145678079847e-02 1.706491892643491326e-03 1.748749047919408284e+01 5.435530698052635223e+00
1.000000000000000000e+00 2.500000000000000000e+00 1.800000000000000000e+01 3.709999999999999964e+00 1.000000000000000000e+01 3.500000000000000000e+01 1.700000000000000000e+01 2.500000000000000000e+01 9.045551296099851868e-02 1.150229188327647201e-01 3.885327453929033226e+01 2.741432592766956056e+00
1.000000000000000000e+00 2.500000000000000000e+00 1.800000000000000000e+01 3.709999999999999964e+00 5.000000000000000000e+00 2.500000000000000000e+01 1.800000000000000000e+01 2.500000000000000000e+01 3.215612730495420735e-02 8.881493446719623819e-04 1.200256684793968454e+01 8.063239281121303392e+00
1.000000000000000000e+00 2.500000000000000000e+00 1.800000000000000000e+01 3.709999999999999964e+00 1.000000000000000000e+01 2.500000000000000000e+01 1.800000000000000000e+01 2.500000000000000000e+01 5.190456798328124677e-02 3.012175947182615943e-03 1.624492426935597322e+01 5.764389600306254025e+00
1.000000000000000000e+00 2.500000000000000000e+00 1.800000000000000000e+01 3.709999999999999964e+00 1.000000000000000000e+01 3.500000000000000000e+01 1.800000000000000000e+01 2.500000000000000000e+01 2.110022369460784475e-02 8.723386748636929866e-04 1.702803941341896632e+01 5.566643295805485891e+00
1.000000000000000000e+00 2.500000000000000000e+00 1.800000000000000000e+01 3.709999999999999964e+00 1.000000000000000000e+01 2.500000000000000000e+01 2.000000000000000000e+01 2.500000000000000000e+01 6.439508954682171549e-02 5.485412634762543149e-03 1.703791669508023787e+01 5.490509730722178183e+00
1.000000000000000000e+00 2.500000000000000000e+00 1.800000000000000000e+01 3.709999999999999964e+00 1.000000000000000000e+01 2.500000000000000000e+01 2.400000000000000000e+01 2.500000000000000000e+01 5.380371931900218563e-02 3.819109572341883307e-03 1.639501706223875033e+01 5.664417432596976276e+00
