5.000000000000000000e+00 1.500000000000000000e+00 1.800000000000000000e+01 1.096000000000000085e+01 1.000000000000000000e+00 2.500000000000000000e+01 0.000000000000000000e+00 2.500000000000000000e+01 9.260728092396197653e-03 3.249833739755736417e-04 1.802145472705435569e+00 6.724673978661384410e+01
5.000000000000000000e+00 1.500000000000000000e+00 1.800000000000000000e+01 1.096000000000000085e+01 5.000000000000000000e+00 2.500000000000000000e+01 0.000000000000000000e+00 2.500000000000000000e+01 8.897875439872748871e-05 1.301000263076446117e-08 5.744615827805909625e+00 2.844397072221134692e+01
5.000000000000000000e+00 1.500000000000000000e+00 1.800000000000000000e+01 1.096000000000000085e+01 1.000000000000000000e+00 2.500000000000000000e+01 1.000000000000000056e-01 2.500000000000000000e+01 1.223470218713651469e-02 6.205418984042143649e-04 1.662345731386820846e+00 7.113720070849913668e+01
5.000000000000000000e+00 1.500000000000000000e+00 1.800000000000000000e+01 1.096000000000000085e+01 5.000000000000000000e+00 2.500000000000000000e+01 1.000000000000000056e-01 2.500000000000000000e+01 8.908406349861230922e-05 1.300637708645524526e-08 5.509541715347002544e+00 2.950735648251579946e+01
5.000000000000000000e+00 1.500000000000000000e+00 1.800000000000000000e+01 1.096000000000000085e+01 1.000000000000000000e+00 3.500000000000000000e+01 1.000000000000000056e-01 2.500000000000000000e+01 1.712643023581073010e-02 1.201742492971558107e-03 1.512912111969654028e+00 7.747276623405682017e+01
5.000000000000000000e+00 1.500000000000000000e+00 1.800000000000000000e+01 1.096000000000000085e+01 5.000000000000000000e+00 3.500000000000000000e+01 1.000000000000000056e-01 2.500000000000000000e+01 1.004416584693412773e-04 1.337575095128329394e-08 5.061724933074247090e+00 3.134769222513261866e+01
5.000000000000000000e+00 1.500000000000000000e+00 1.800000000000000000e+01 1.096000000000000085e+01 1.000000000000000000e+01 3.500000000000000000e+01 1.000000000000000056e-01 2.500000000000000000e+01 7.713003935627682495e-05 6.695723309135814816e-09 8.298234984377264922e+00 2.032649953814175703e+01
5.000000000000000000e+00 1.500000000000000000e+00 1.800000000000000000e+01 1.096000000000000085e+01 1.000000000000000000e+00 4.000000000000000000e+01 1.000000000000000056e-01 2.500000000000000000e+01 2.350227010870176159e-02 2.122270552792349108e-03 1.540082406184498875e+00 7.601156384098612762e+01
5.000000000000000000e+00 1.500000000000000000e+00 1.800000000000000000e+01 1.096000000000000085e+01 5.000000000000000000e+00 4.000000000000000000e+01 1.000000000000000056e-01 2.500000000000000000e+01 1.318141925139570958e-04 2.257186304532865506e-08 4.655506776455376361e+00 3.314292856947356114e+01
5.000000000000000000e+00 1.500000000000000000e+00 1.800000000000000000e+01 1.096000000000000085e+01 1.000000000000000000e+01 4.000000000000000000e+01 1.000000000000000056e-01 2.500000000000000000e+01 7.710465563226520658e-05 6.652168149656745300e-09 7.962136212104334199e+00 2.078559922254483894e+01
5.000000000000000000e+00 1.500000000000000000e+00 1.800000000000000000e+01 1.096000000000000085e+01 1.000000000000000000e+00 2.500000000000000000e+01 1.000000000000000000e+00 2.500000000000000000e+01 2.744538767120574541e-02 2.807454581600588028e-03 1.482739256688983431e+00 7.776525822028335710e+01
5.000000000000000000e+00 1.500000000000000000e+00 1.800000000000000000e+01 1.096000000000000085e+01 1.000000000000000000e+00 3.500000000000000000e+01 1.000000000000000000e+00 2.500000000000000000e+01 6.207430644705214107e-02 1.223143120609937462e-02 1.074769443262351798e+00 9.627752355319607602e+01
5.000000000000000000e+00 1.500000000000000000e+00 1.800000000000000000e+01 1.096000000000000085e+01 5.000000000000000000e+00 3.500000000000000000e+01 1.000000000000000000e+00 2.500000000000000000e+01 1.958316364322798542e-02 3.499759644254307744e-04 3.625835243997375112e+00 3.999748945447129955e+01
5.000000000000000000e+00 1.500000000000000000e+00 1.800000000000000000e+01 1.096000000000000085e+01 1.000000000000000000e+01 3.500000000000000000e+01 1.000000000000000000e+00 2.500000000000000000e+01 2.118074333252728536e-04 2.793229003650310460e-08 6.168587113153932933e+00 2.627447945877274549e+01
5.000000000000000000e+00 1.500000000000000000e+00 1.800000000000000000e+01 1.096000000000000085e+01 1.000000000000000000e+00 4.000000000000000000e+01 1.000000000000000000e+00 2.500000000000000000e+01 5.267936649713300667e-02 1.227283880976304253e-02 9.392184515717505455e-01 1.044465271898793901e+02
5.000000000000000000e+00 1.500000000000000000e+00 1.800000000000000000e+01 1.096000000000000085e+01 5.000000000000000000e+00 4.000000000000000000e+01 1.000000000000000000e+00 2.500000000000000000e+01 1.476087572736006770e-02 2.874290586361016864e-04 3.190241905786198817e+00 4.313230558896257349e+01
5.000000000000000000e+00 1.500000000000000000e+00 1.800000000000000000e+01 1.096000000000000085e+01 1.000000000000000000e+01 4.000000000000000000e+01 1.000000000000000000e+00 2.500000000000000000e+01 1.290940304026211294e-04 1.574284191896424545e-08 5.209416505967471522e+00 2.934750510787250732e+01
5.000000000000000000e+00 1.500000000000000000e+00 1.800000000000000000e+01 1.096000000000000085e+01 1.000000000000000000e+00 2.500000000000000000e+01 2.000000000000000000e+00 2.500000000000000000e+01 4.085578927646538183e-02 5.195219079342061619e-03 1.320964144108751404e+00 8.510026007507903500e+01
5.000000000000000000e+00 1.500000000000000000e+00 1.800000000000000000e+01 1.096000000000000085e+01 5.000000000000000000e+00 2.500000000000000000e+01 2.000000000000000000e+00 2.500000000000000000e+01 7.857087746575786014e-03 4.856981566736529032e-05 4.624928684478566865e+00 3.382325379750913186e+01
5.000000000000000000e+00 1.500000000000000000e+00 1.800000000000000000e+01 1.096000000000000085e+01 1.000000000000000000e+00 3.500000000000000000e+01 2.000000000000000000e+00 2.500000000000000000e+01 9.831635600587951274e-02 2.378529186609434909e-02 1.025278593915233127e+00 9.991687267616070756e+01
5.000000000000000000e+00 1.500000000000000000e+00 1.800000000000000000e+01 1.096000000000000085e+01 5.000000000000000000e+00 3.500000000000000000e+01 2.000000000000000000e+00 2.500000000000000000e+01 4.478082448654219228e-02 1.783794674003802427e-03 3.153213422601553795e+00 4.442824889743071992e+01
5.000000000000000000e+00 1.500000000000000000e+00 1.800000000000000000e+01 1.096000000000000085e+01 1.000000000000000000e+01 3.500000000000000000e+01 2.000000000000000000e+00 2.500000000000000000e+01 1.426720852499530068e-02 1.195364644117624664e-04 5.224443729818490034e+00 3.013276276433428436e+01
5.000000000000000000e+00 1.500000000000000000e+00 1.800000000000000000e+01 1.096000000000000085e+01 1.000000000000000000e+00 4.000000000000000000e+01 2.000000000000000000e+00 2.500000000000000000e+01 5.306133744264918128e-02 1.088272670187717672e-02 8.390939989970608304e-01 1.081289022878533359e+02
5.000000000000000000e+00 1.500000000000000000e+00 1.800000000000000000e+01 1.096000000000000085e+01 5.000000000000000000e+00 4.000000000000000000e+01 2.000000000000000000e+00 2.500000000000000000e+01 2.545468838799469502e-02 7.403514472785754919e-04 2.690324177556607133e+00 4.843010617595441403e+01
5.000000000000000000e+00 1.500000000000000000e+00 1.800000000000000000e+01 1.096000000000000085e+01 1.000000000000000000e+01 4.000000000000000000e+01 2.000000000000000000e+00 2.500000000000000000e+01 1.755408533137270410e-04 2.766404749721118606e-08 4.469308602248191598e+00 3.295116666975886233e+01
5.000000000000000000e+00 1.500000000000000000e+00 1.800000000000000000e+01 1.096000000000000085e+01 1.000000000000000000e+00 2.500000000000000000e+01 3.000000000000000000e+00 2.500000000000000000e+01 4.804339653210099037e-02 6.962680197150072914e-03 1.195795897246245465e+00 9.157060749876059447e+01
5.000000000000000000e+00 1.500000000000000000e+00 1.800000000000000000e+01 1.096000000000000085e+01 1.000000000000000000e+00 3.500000000000000000e+01 3.000000000000000000e+00 2.500000000000000000e+01 1.413669738232481432e-01 3.120552416137023499e-02 8.426453411073289157e-01 1.147490349234865619e+02
5.000000000000000000e+00 1.500000000000000000e+00 1.800000000000000000e+01 1.096000000000000085e+01 5.000000000000000000e+00 3.500000000000000000e+01 3.000000000000000000e+00 2.500000000000000000e+01 5.907776441603984630e-02 2.757272229988894097e-03 2.869145004883402628e+00 4.725879248091582951e+01
5.000000000000000000e+00 1.500000000000000000e+00 1.800000000000000000e+01 1.096000000000000085e+01 1.000000000000000000e+01 3.500000000000000000e+01 3.000000000000000000e+00 2.500000000000000000e+01 2.285125175131086372e-02 2.797549086166473131e-04 4.514306253886987363e+00 3.366229048155332748e+01
5.000000000000000000e+00 1.500000000000000000e+00 1.800000000000000000e+01 1.096000000000000085e+01 1.000000000000000000e+00 4.000000000000000000e+01 3.000000000000000000e+00 2.500000000000000000e+01 1.135212720636049610e-01 1.516013552753214810e-02 7.487554877856310576e-01 1.189067573627385173e+02
5.000000000000000000e+00 1.500000000000000000e+00 1.800000000000000000e+01 1.096000000000000085e+01 5.000000000000000000e+00 4.000000000000000000e+01 3.000000000000000000e+00 2.500000000000000000e+01 4.312984554449128538e-02 2.114614798196523537e-03 2.464013333954104379e+00 5.103323530626836657e+01
5.000000000000000000e+00 1.500000000000000000e+00 1.800000000000000000e+01 1.096000000000000085e+01 1.000000000000000000e+01 4.000000000000000000e+01 3.000000000000000000e+00 2.500000000000000000e+01 2.759138360576729454e-03 6.980990171046030923e-06 4.039979975410793678e+00 3.579866223388003021e+01
5.000000000000000000e+00 1.500000000000000000e+00 1.800000000000000000e+01 1.096000000000000085e+01 1.000000000000000000e+00 2.500000000000000000e+01 4.000000000000000000e+00 2.500000000000000000e+01 5.219677909072317767e-02 8.398875030537489295e-03 1.109736320519250752e+00 9.738524178119426722e+01
5.000000000000000000e+00 1.500000000000000000e+00 1.800000000000000000e+01 1.096000000000000085e+01 5.000000000000000000e+00 2.500000000000000000e+01 4.000000000000000000e+00 2.500000000000000000e+01 2.947015034379996123e-02 6.688781223347373128e-04 3.786013601362948844e+00 3.955379746541149899e+01
5.000000000000000000e+00 1.500000000000000000e+00 1.800000000000000000e+01 1.096000000000000085e+01 1.000000000000000000e+00 3.500000000000000000e+01 4.000000000000000000e+00 2.500000000000000000e+01 1.284814397037694622e-01 3.325760001393440746e-02 8.090265993468523931e-01 1.200048982829798945e+02
5.000000000000000000e+00 1.500000000000000000e+00 1.800000000000000000e+01 1.096000000000000085e+01 5.000000000000000000e+00 3.500000000000000000e+01 4.000000000000000000e+00 2.500000000000000000e+01 5.691967962789101776e-02 3.111412683613368202e-03 2.684217430413086802e+00 4.981140560691537189e+01
5.000000000000000000e+00 1.500000000000000000e+00 1.800000000000000000e+01 1.096000000000000085e+01 1.000000000000000000e+01 3.500000000000000000e+01 4.000000000000000000e+00 2.500000000000000000e+01 2.773800854614516531e-02 4.600709397610813767e-04 4.321746759462438803e+00 3.505787037091351266e+01
5.000000000000000000e+00 1.500000000000000000e+00 1.800000000000000000e+01 1.096000000000000085e+01 5.000000000000000000e+00 4.000000000000000000e+01 4.000000000000000000e+00 2.500000000000000000e+01 5.311197160765313008e-02 2.240027002705202719e-03 2.397314661713295436e+00 5.182613371548946901e+01
5.000000000000000000e+00 1.500000000000000000e+00 1.800000000000000000e+01 1.096000000000000085e+01 1.000000000000000000e+01 4.000000000000000000e+01 4.000000000000000000e+00 2.500000000000000000e+01 8.157505572025769425e-03 5.735849995258668343e-05 3.700048412452390245e+00 3.822540223938813142e+01
5.000000000000000000e+00 1.500000000000000000e+00 1.800000000000000000e+01 1.096000000000000085e+01 1.000000000000000000e+00 2.500000000000000000e+01 5.000000000000000000e+00 2.500000000000000000e+01 6.222146901248559736e-02 1.113936378418611817e-02 1.057940450572024904e+00 1.006340506469566378e+02
5.000000000000000000e+00 1.500000000000000000e+00 1.800000000000000000e+01 1.096000000000000085e+01 1.000000000000000000e+00 3.500000000000000000e+01 5.000000000000000000e+00 2.500000000000000000e+01 1.389982304682675363e-01 3.856263375254220804e-02 7.904721166380137554e-01 1.162636592131280366e+02
5.000000000000000000e+00 1.500000000000000000e+00 1.800000000000000000e+01 1.096000000000000085e+01 5.000000000000000000e+00 3.500000000000000000e+01 5.000000000000000000e+00 2.500000000000000000e+01 7.931018057087668716e-02 5.181988825904815243e-03 2.512820519329433733e+00 5.155596726190476176e+01
5.000000000000000000e+00 1.500000000000000000e+00 1.800000000000000000e+01 1.096000000000000085e+01 1.000000000000000000e+01 3.500000000000000000e+01 5.000000000000000000e+00 2.500000000000000000e+01 3.214204587904245791e-02 5.973312916638384706e-04 4.164551482107254898e+00 3.559877035644151988e+01
5.000000000000000000e+00 1.500000000000000000e+00 1.800000000000000000e+01 1.096000000000000085e+01 5.000000000000000000e+00 4.000000000000000000e+01 5.000000000000000000e+00 2.500000000000000000e+01 5.307331398669834499e-02 2.683441861303093035e-03 2.246431458424554606e+00 5.396068341669155899e+01
5.000000000000000000e+00 1.500000000000000000e+00 1.800000000000000000e+01 1.096000000000000085e+01 1.000000000000000000e+01 4.000000000000000000e+01 5.000000000000000000e+00 2.500000000000000000e+01 8.691820028825514299e-03 6.568646060234328843e-05 3.744546294339572867e+00 3.781568792210061503e+01
5.000000000000000000e+00 1.500000000000000000e+00 1.800000000000000000e+01 1.096000000000000085e+01 1.000000000000000000e+00 2.500000000000000000e+01 6.000000000000000000e+00 2.500000000000000000e+01 6.844092157733761006e-02 1.250176853738782512e-02 1.003338674325294777e+00 1.046439701890170682e+02
5.000000000000000000e+00 1.500000000000000000e+00 1.800000000000000000e+01 1.096000000000000085e+01 5.000000000000000000e+00 2.500000000000000000e+01 6.000000000000000000e+00 2.500000000000000000e+01 3.641662271402257289e-02 9.343900534839466587e-04 3.559862358111371972e+00 4.149079695143699098e+01
5.000000000000000000e+00 1.500000000000000000e+00 1.800000000000000000e+01 1.096000000000000085e+01 1.000000000000000000e+00 3.500000000000000000e+01 6.000000000000000000e+00 2.500000000000000000e+01 1.363730567724439346e-01 3.400212812463387912e-02 7.544218141227855279e-01 1.232069542604121324e+02
5.000000000000000000e+00 1.500000000000000000e+00 1.800000000000000000e+01 1.096000000000000085e+01 5.000000000000000000e+00 3.500000000000000000e+01 6.000000000000000000e+00 2.500000000000000000e+01 1.035519684733887669e-01 6.240585939070175669e-03 2.455648144578403969e+00 5.172692521088473683e+01
5.000000000000000000e+00 1.500000000000000000e+00 1.800000000000000000e+01 1.096000000000000085e+01 1.000000000000000000e+01 3.500000000000000000e+01 6.000000000000000000e+00 2.500000000000000000e+01 4.454862068586340484e-02 9.937249857903118766e-04 4.063797614110717937e+00 3.619160864222980223e+01
5.000000000000000000e+00 1.500000000000000000e+00 1.800000000000000000e+01 1.096000000000000085e+01 5.000000000000000000e+00 4.000000000000000000e+01 6.000000000000000000e+00 2.500000000000000000e+01 9.107971034403616883e-02 5.000688209364723136e-03 2.207867005191347154e+00 5.402518244615573195e+01
5.000000000000000000e+00 1.500000000000000000e+00 1.800000000000000000e+01 1.096000000000000085e+01 1.000000000000000000e+01 4.000000000000000000e+01 6.000000000000000000e+00 2.500000000000000000e+01 1.788122138390435545e-02 2.300466561833136581e-04 3.503604432724159778e+00 3.971948912280944910e+01
5.000000000000000000e+00 1.500000000000000000e+00 1.800000000000000000e+01 1.096000000000000085e+01 1.000000000000000000e+00 2.500000000000000000e+01 7.000000000000000000e+00 2.500000000000000000e+01 7.721032673047001360e-02 1.407541794626743226e-02 9.957321093261672917e-01 1.048749406577743599e+02
5.000000000000000000e+00 1.500000000000000000e+00 1.800000000000000000e+01 1.096000000000000085e+01 5.000000000000000000e+00 3.500000000000000000e+01 7.000000000000000000e+00 2.500000000000000000e+01 7.049237695894494671e-02 4.545095696522727380e-03 2.436982439893815133e+00 5.273082383860872113e+01
5.000000000000000000e+00 1.500000000000000000e+00 1.800000000000000000e+01 1.096000000000000085e+01 1.000000000000000000e+01 3.500000000000000000e+01 7.000000000000000000e+00 2.500000000000000000e+01 4.138339156235582017e-02 8.917113135289422843e-04 3.982968914513008940e+00 3.660762541813415538e+01
5.000000000000000000e+00 1.500000000000000000e+00 1.800000000000000000e+01 1.096000000000000085e+01 5.000000000000000000e+00 4.000000000000000000e+01 7.000000000000000000e+00 2.500000000000000000e+01 7.849845245555431283e-02 3.683529367740190352e-03 2.209887770067893165e+00 5.426977337777312016e+01
5.000000000000000000e+00 1.500000000000000000e+00 1.800000000000000000e+01 1.096000000000000085e+01 1.000000000000000000e+01 4.000000000000000000e+01 7.000000000000000000e+00 2.500000000000000000e+01 1.771824916716990828e-02 2.357586705636904867e-04 3.571436249846998923e+00 3.897010836136632861e+01
5.000000000000000000e+00 1.500000000000000000e+00 1.800000000000000000e+01 1.096000000000000085e+01 1.000000000000000000e+00 2.500000000000000000e+01 8.000000000000000000e+00 2.500000000000000000e+01 1.008258094146106121e-01 2.193497237577801684e-02 9.622013386112685529e-01 1.058994663279115258e+02
5.000000000000000000e+00 1.500000000000000000e+00 1.800000000000000000e+01 1.096000000000000085e+01 5.000000000000000000e+00 2.500000000000000000e+01 8.000000000000000000e+00 2.500000000000000000e+01 4.013679536765790701e-02 1.173025108117009552e-03 3.565299651731952846e+00 4.122626849327509291e+01
5.000000000000000000e+00 1.500000000000000000e+00 1.800000000000000000e+01 1.096000000000000085e+01 5.000000000000000000e+00 3.500000000000000000e+01 8.000000000000000000e+00 2.500000000000000000e+01 6.855267325918568133e-02 3.946861552727387590e-03 2.605951829415630083e+00 4.992171491128443961e+01
5.000000000000000000e+00 1.500000000000000000e+00 1.800000000000000000e+01 1.096000000000000085e+01 1.000000000000000000e+01 3.500000000000000000e+01 8.000000000000000000e+00 2.500000000000000000e+01 5.913513447127094480e-02 1.487045864397185113e-03 3.899088186097271702e+00 3.691360887754300535e+01
5.000000000000000000e+00 1.500000000000000000e+00 1.800000000000000000e+01 1.096000000000000085e+01 5.000000000000000000e+00 4.000000000000000000e+01 8.000000000000000000e+00 2.500000000000000000e+01 3.009467752495220694e-02 1.082676349432043494e-03 2.266157926946878565e+00 5.423514467110168624e+01
5.000000000000000000e+00 1.500000000000000000e+00 1.800000000000000000e+01 1.096000000000000085e+01 1.000000000000000000e+01 4.000000000000000000e+01 8.000000000000000000e+00 2.500000000000000000e+01 1.957770117650325936e-02 2.787656564626761480e-04 3.502640550687467158e+00 3.976968413029115368e+01
5.000000000000000000e+00 1.500000000000000000e+00 1.800000000000000000e+01 1.096000000000000085e+01 1.000000000000000000e+00 2.500000000000000000e+01 9.000000000000000000e+00 2.500000000000000000e+01 8.830098233798588936e-02 1.644662133005359017e-02 1.070183442742126179e+00 9.789785087254112739e+01
5.000000000000000000e+00 1.500000000000000000e+00 1.800000000000000000e+01 1.096000000000000085e+01 5.000000000000000000e+00 3.500000000000000000e+01 9.000000000000000000e+00 2.500000000000000000e+01 6.823488091311014081e-02 2.186515409251077457e-03 2.859787867409053774e+00 4.544026612417556521e+01
5.000000000000000000e+00 1.500000000000000000e+00 1.800000000000000000e+01 1.096000000000000085e+01 1.000000000000000000e+01 3.500000000000000000e+01 9.000000000000000000e+00 2.500000000000000000e+01 4.135481973955057455e-02 8.839583926130156755e-04 3.974452056696932800e+00 3.621483196333992538e+01
5.000000000000000000e+00 1.500000000000000000e+00 1.800000000000000000e+01 1.096000000000000085e+01 5.000000000000000000e+00 4.000000000000000000e+01 9.000000000000000000e+00 2.500000000000000000e+01 5.813108281970902347e-02 3.016819857113883785e-03 2.145921451440969463e+00 5.531786589107256447e+01
5.000000000000000000e+00 1.500000000000000000e+00 1.800000000000000000e+01 1.096000000000000085e+01 1.000000000000000000e+01 4.000000000000000000e+01 9.000000000000000000e+00 2.500000000000000000e+01 1.620041417380568838e-02 1.694473010629415910e-04 3.661664852642155132e+00 3.794237957031177189e+01
5.000000000000000000e+00 1.500000000000000000e+00 1.800000000000000000e+01 1.096000000000000085e+01 5.000000000000000000e+00 2.500000000000000000e+01 1.000000000000000000e+01 2.500000000000000000e+01 4.906937057344107345e-02 1.534589578655376485e-03 3.499766737213384271e+00 4.111049405422476610e+01
5.000000000000000000e+00 1.500000000000000000e+00 1.800000000000000000e+01 1.096000000000000085e+01 5.000000000000000000e+00 3.500000000000000000e+01 1.000000000000000000e+01 2.500000000000000000e+01 1.014154669650073615e-01 5.656193214686133786e-03 2.678887766407326509e+00 4.769106650115753609e+01
5.000000000000000000e+00 1.500000000000000000e+00 1.800000000000000000e+01 1.096000000000000085e+01 1.000000000000000000e+01 3.500000000000000000e+01 1.000000000000000000e+01 2.500000000000000000e+01 5.291194749473993042e-02 1.229035043031290186e-03 4.014342543016184095e+00 3.566248346064202224e+01
5.000000000000000000e+00 1.500000000000000000e+00 1.800000000000000000e+01 1.096000000000000085e+01 1.000000000000000000e+01 4.000000000000000000e+01 1.000000000000000000e+01 2.500000000000000000e+01 2.348765032867827784e-02 3.100887459961398918e-04 3.471374502708966858e+00 3.958949187022535199e+01
5.000000000000000000e+00 1.500000000000000000e+00 1.800000000000000000e+01 1.096000000000000085e+01 5.000000000000000000e+00 3.500000000000000000e+01 1.100000000000000000e+01 2.500000000000000000e+01 1.645778223299605436e-01 8.555142291317929804e-03 2.624650087263117992e+00 4.830255429817010793e+01
5.000000000000000000e+00 1.500000000000000000e+00 1.800000000000000000e+01 1.096000000000000085e+01 1.000000000000000000e+01 3.500000000000000000e+01 1.100000000000000000e+01 2.500000000000000000e+01 6.282796445193139512e-02 1.662330895132679842e-03 3.808576499055101205e+00 3.726986186595779316e+01
5.000000000000000000e+00 1.500000000000000000e+00 1.800000000000000000e+01 1.096000000000000085e+01 1.000000000000000000e+01 4.000000000000000000e+01 1.100000000000000000e+01 2.500000000000000000e+01 2.020510796078012206e-03 2.251807478259593154e-07 8.498233700350692033e+00 1.639426054340974659e+01
5.000000000000000000e+00 1.500000000000000000e+00 1.800000000000000000e+01 1.096000000000000085e+01 5.000000000000000000e+00 2.500000000000000000e+01 1.200000000000000000e+01 2.500000000000000000e+01 6.223801599760703240e-02 2.308726376438530181e-03 3.420846655707436401e+00 4.208215392456450132e+01
5.000000000000000000e+00 1.500000000000000000e+00 1.800000000000000000e+01 1.096000000000000085e+01 5.000000000000000000e+00 3.500000000000000000e+01 1.200000000000000000e+01 2.500000000000000000e+01 1.675442423429505112e-01 1.157369361591453760e-02 2.423013572454435494e+00 5.131809018360472407e+01
5.000000000000000000e+00 1.500000000000000000e+00 1.800000000000000000e+01 1.096000000000000085e+01 1.000000000000000000e+01 3.500000000000000000e+01 1.200000000000000000e+01 2.500000000000000000e+01 6.913689037373949020e-02 1.896450710375807702e-03 3.607251141166605723e+00 3.854822632107186564e+01
5.000000000000000000e+00 1.500000000000000000e+00 1.800000000000000000e+01 1.096000000000000085e+01 1.000000000000000000e+01 4.000000000000000000e+01 1.200000000000000000e+01 2.500000000000000000e+01 6.923945593467517590e-02 1.483447250074210189e-03 3.346055171456049582e+00 3.963929958492163763e+01
5.000000000000000000e+00 1.500000000000000000e+00 1.800000000000000000e+01 1.096000000000000085e+01 1.000000000000000000e+01 3.500000000000000000e+01 1.300000000000000000e+01 2.500000000000000000e+01 8.597686380866109701e-02 2.294308994094773624e-03 3.757946955625435681e+00 3.726516376464012126e+01
5.000000000000000000e+00 1.500000000000000000e+00 1.800000000000000000e+01 1.096000000000000085e+01 5.000000000000000000e+00 2.500000000000000000e+01 1.400000000000000000e+01 2.500000000000000000e+01 5.793936975986735405e-02 2.584100830415936301e-03 2.929753797869510290e+00 4.707984788469160975e+01
5.000000000000000000e+00 1.500000000000000000e+00 1.800000000000000000e+01 1.096000000000000085e+01 1.000000000000000000e+01 3.500000000000000000e+01 1.400000000000000000e+01 2.500000000000000000e+01 7.765816699609207063e-02 2.157001816580628173e-03 3.714080876857154490e+00 3.762788692521721856e+01
5.000000000000000000e+00 1.500000000000000000e+00 1.800000000000000000e+01 1.096000000000000085e+01 1.000000000000000000e+01 3.500000000000000000e+01 1.500000000000000000e+01 2.500000000000000000e+01 6.051808656304902279e-02 1.213786014924389534e-03 4.028612197503868231e+00 3.542815394220367864e+01
5.000000000000000000e+00 1.500000000000000000e+00 1.800000000000000000e+01 1.096000000000000085e+01 5.000000000000000000e+00 2.500000000000000000e+01 1.600000000000000000e+01 2.500000000000000000e+01 6.972828856561852362e-02 3.016869616720319058e-03 3.157000347488180036e+00 4.452143830833036020e+01
5.000000000000000000e+00 1.500000000000000000e+00 1.800000000000000000e+01 1.096000000000000085e+01 1.000000000000000000e+01 3.500000000000000000e+01 1.600000000000000000e+01 2.500000000000000000e+01 5.531993248180233635e-02 1.043288252354779289e-03 4.320650580465697388e+00 3.373743555550652218e+01
5.000000000000000000e+00 1.500000000000000000e+00 1.800000000000000000e+01 1.096000000000000085e+01 1.000000000000000000e+01 3.500000000000000000e+01 1.700000000000000000e+01 2.500000000000000000e+01 7.451363301259461558e-02 1.862070290240325221e-03 3.717038225169913890e+00 3.749894195401635955e+01
5.000000000000000000e+00 1.500000000000000000e+00 1.800000000000000000e+01 1.096000000000000085e+01 1.000000000000000000e+01 3.500000000000000000e+01 1.800000000000000000e+01 2.500000000000000000e+01 1.372440828888306097e-01 3.983793369745525226e-03 3.627833613000550628e+00 3.737499097066413611e+01
