8.000000000000000000e+00 2.500000000000000000e+00 1.800000000000000000e+01 8.449999999999999289e+00 1.000000000000000000e+00 2.500000000000000000e+01 0.000000000000000000e+00 2.500000000000000000e+01 2.711065610089402611e-02 8.503716732271016099e-04 1.878082322125801173e+00 7.778316368198771613e+01
8.000000000000000000e+00 2.500000000000000000e+00 1.800000000000000000e+01 8.449999999999999289e+00 5.000000000000000000e+00 2.500000000000000000e+01 0.000000000000000000e+00 2.500000000000000000e+01 1.797524917688253510e-04 1.336590438327789343e-08 5.096154887027734226e+00 3.383805252359062621e+01
8.000000000000000000e+00 2.500000000000000000e+00 1.800000000000000000e+01 8.449999999999999289e+00 1.000000000000000000e+01 2.500000000000000000e+01 0.000000000000000000e+00 2.500000000000000000e+01 1.572558053004602385e-04 6.946121455797538147e-09 9.972817855999732473e+00 1.611604776625787494e+01
8.000000000000000000e+00 2.500000000000000000e+00 1.800000000000000000e+01 8.449999999999999289e+00 1.000000000000000000e+00 2.500000000000000000e+01 1.000000000000000056e-01 2.500000000000000000e+01 3.569076106423896277e-02 1.316771321146381624e-03 1.925647875528836206e+00 7.508564293290797309e+01
8.000000000000000000e+00 2.500000000000000000e+00 1.800000000000000000e+01 8.449999999999999289e+00 5.000000000000000000e+00 2.500000000000000000e+01 1.000000000000000056e-01 2.500000000000000000e+01 1.884031925243334626e-04 1.342169064777465337e-08 4.939483837760645812e+00 3.449918556086608135e+01
8.000000000000000000e+00 2.500000000000000000e+00 1.800000000000000000e+01 8.449999999999999289e+00 1.000000000000000000e+01 2.500000000000000000e+01 1.000000000000000056e-01 2.500000000000000000e+01 1.647534804676276110e-04 7.011702551906751069e-09 9.367064480749052180e+00 1.681541494667652259e+01
8.000000000000000000e+00 2.500000000000000000e+00 1.800000000000000000e+01 8.449999999999999289e+00 1.000000000000000000e+00 3.500000000000000000e+01 1.000000000000000056e-01 2.500000000000000000e+01 4.137946431380878920e-02 2.064937973427882767e-03 1.633382785899923917e+00 8.046001419083738426e+01
8.000000000000000000e+00 2.500000000000000000e+00 1.800000000000000000e+01 8.449999999999999289e+00 5.000000000000000000e+00 3.500000000000000000e+01 1.000000000000000056e-01 2.500000000000000000e+01 2.169113261571986584e-04 2.016117650605053768e-08 4.426926933002470754e+00 3.595882333020719557e+01
8.000000000000000000e+00 2.500000000000000000e+00 1.800000000000000000e+01 8.449999999999999289e+00 1.000000000000000000e+01 3.500000000000000000e+01 1.000000000000000056e-01 2.500000000000000000e+01 1.485538521706075699e-04 7.201671925471941904e-09 8.761975555416130490e+00 1.683837913767450800e+01
8.000000000000000000e+00 2.500000000000000000e+00 1.800000000000000000e+01 8.449999999999999289e+00 1.000000000000000000e+00 4.000000000000000000e+01 1.000000000000000056e-01 2.500000000000000000e+01 3.193173526189285738e-02 1.477053694058705346e-03 1.634260103757628979e+00 7.885506600287600065e+01
8.000000000000000000e+00 2.500000000000000000e+00 1.800000000000000000e+01 8.449999999999999289e+00 5.000000000000000000e+00 4.000000000000000000e+01 1.000000000000000056e-01 2.500000000000000000e+01 1.533784718943387304e-04 1.314578512712216707e-08 4.496416018803743420e+00 3.474619410591564872e+01
8.000000000000000000e+00 2.500000000000000000e+00 1.800000000000000000e+01 8.449999999999999289e+00 1.000000000000000000e+01 4.000000000000000000e+01 1.000000000000000056e-01 2.500000000000000000e+01 1.238577574069754661e-04 6.712749467396861291e-09 8.926283103178420220e+00 1.599292721694273567e+01
8.000000000000000000e+00 2.500000000000000000e+00 1.800000000000000000e+01 8.449999999999999289e+00 1.000000000000000000e+00 2.500000000000000000e+01 1.000000000000000000e+00 2.500000000000000000e+01 6.707148229581250121e-02 3.765727628823656303e-03 1.831636339325688478e+00 7.735981120183134863e+01
8.000000000000000000e+00 2.500000000000000000e+00 1.800000000000000000e+01 8.449999999999999289e+00 1.000000000000000000e+00 3.500000000000000000e+01 1.000000000000000000e+00 2.500000000000000000e+01 4.276450979231771754e-02 2.244647448459202721e-03 1.681008767744480492e+00 7.740770399100566124e+01
8.000000000000000000e+00 2.500000000000000000e+00 1.800000000000000000e+01 8.449999999999999289e+00 1.000000000000000000e+00 4.000000000000000000e+01 1.000000000000000000e+00 2.500000000000000000e+01 1.247362497148696292e-02 2.557577949184874910e-04 1.848425920009423074e+00 7.061732813465536651e+01
8.000000000000000000e+00 2.500000000000000000e+00 1.800000000000000000e+01 8.449999999999999289e+00 5.000000000000000000e+00 4.000000000000000000e+01 1.000000000000000000e+00 2.500000000000000000e+01 8.696300736321660452e-05 6.681449837842023953e-09 4.926875773894804134e+00 3.038402176097055474e+01
8.000000000000000000e+00 2.500000000000000000e+00 1.800000000000000000e+01 8.449999999999999289e+00 1.000000000000000000e+01 4.000000000000000000e+01 1.000000000000000000e+00 2.500000000000000000e+01 1.021061386969890350e-04 6.428747312270388647e-09 9.675004583786865453e+00 1.411822425378787393e+01
8.000000000000000000e+00 2.500000000000000000e+00 1.800000000000000000e+01 8.449999999999999289e+00 1.000000000000000000e+00 2.500000000000000000e+01 2.000000000000000000e+00 2.500000000000000000e+01 9.183564457203496900e-02 6.150324514222926808e-03 1.863479437964489893e+00 7.600102642134602604e+01
8.000000000000000000e+00 2.500000000000000000e+00 1.800000000000000000e+01 8.449999999999999289e+00 5.000000000000000000e+00 2.500000000000000000e+01 2.000000000000000000e+00 2.500000000000000000e+01 1.939908520076705223e-02 9.244288866572247798e-05 4.681415366156202573e+00 3.525802011942574410e+01
8.000000000000000000e+00 2.500000000000000000e+00 1.800000000000000000e+01 8.449999999999999289e+00 1.000000000000000000e+01 2.500000000000000000e+01 2.000000000000000000e+00 2.500000000000000000e+01 2.976085192651911626e-04 1.357291057324516714e-08 8.875389077344003397e+00 1.729567975118919065e+01
8.000000000000000000e+00 2.500000000000000000e+00 1.800000000000000000e+01 8.449999999999999289e+00 1.000000000000000000e+00 3.500000000000000000e+01 2.000000000000000000e+00 2.500000000000000000e+01 3.944220363855244216e-02 1.875403173840606286e-03 1.839496561254156726e+00 7.235913724203557251e+01
8.000000000000000000e+00 2.500000000000000000e+00 1.800000000000000000e+01 8.449999999999999289e+00 5.000000000000000000e+00 3.500000000000000000e+01 2.000000000000000000e+00 2.500000000000000000e+01 1.556969435023702886e-04 1.315566877657659006e-08 5.164148962448426694e+00 3.015605045330326917e+01
8.000000000000000000e+00 2.500000000000000000e+00 1.800000000000000000e+01 8.449999999999999289e+00 1.000000000000000000e+01 3.500000000000000000e+01 2.000000000000000000e+00 2.500000000000000000e+01 1.276573281252524339e-04 6.507243854869670940e-09 9.665650160890370657e+00 1.441097549578523029e+01
8.000000000000000000e+00 2.500000000000000000e+00 1.800000000000000000e+01 8.449999999999999289e+00 1.000000000000000000e+00 4.000000000000000000e+01 2.000000000000000000e+00 2.500000000000000000e+01 2.735301093763631286e-04 1.280849890594737417e-07 2.016822659174113408e+00 6.570616678117880838e+01
8.000000000000000000e+00 2.500000000000000000e+00 1.800000000000000000e+01 8.449999999999999289e+00 5.000000000000000000e+00 4.000000000000000000e+01 2.000000000000000000e+00 2.500000000000000000e+01 7.998745119119909930e-05 6.555394227447663980e-09 5.587167534297259763e+00 2.671420249202831698e+01
8.000000000000000000e+00 2.500000000000000000e+00 1.800000000000000000e+01 8.449999999999999289e+00 1.000000000000000000e+01 4.000000000000000000e+01 2.000000000000000000e+00 2.500000000000000000e+01 9.522495621294702062e-05 6.257463436298849047e-09 1.087035391744140433e+01 1.225332853529472388e+01
8.000000000000000000e+00 2.500000000000000000e+00 1.800000000000000000e+01 8.449999999999999289e+00 1.000000000000000000e+00 2.500000000000000000e+01 3.000000000000000000e+00 2.500000000000000000e+01 9.934511616903063391e-02 6.735002901047337787e-03 1.852274095940597221e+00 7.635653765239084123e+01
8.000000000000000000e+00 2.500000000000000000e+00 1.800000000000000000e+01 8.449999999999999289e+00 1.000000000000000000e+00 3.500000000000000000e+01 3.000000000000000000e+00 2.500000000000000000e+01 2.346597396178329298e-02 6.778178526809508497e-04 1.979883935882518209e+00 6.888909932910790701e+01
8.000000000000000000e+00 2.500000000000000000e+00 1.800000000000000000e+01 8.449999999999999289e+00 1.000000000000000000e+00 4.000000000000000000e+01 3.000000000000000000e+00 2.500000000000000000e+01 1.034240215092019355e-04 2.108627739083601682e-08 2.131162940874904432e+00 6.277950011494800719e+01
8.000000000000000000e+00 2.500000000000000000e+00 1.800000000000000000e+01 8.449999999999999289e+00 5.000000000000000000e+00 4.000000000000000000e+01 3.000000000000000000e+00 2.500000000000000000e+01 7.649464393089111525e-05 6.335877822394309078e-09 5.876749652998373818e+00 2.529158022424749319e+01
8.000000000000000000e+00 2.500000000000000000e+00 1.800000000000000000e+01 8.449999999999999289e+00 1.000000000000000000e+01 4.000000000000000000e+01 3.000000000000000000e+00 2.500000000000000000e+01 9.160625227355723155e-05 6.501881477660731434e-09 1.106426463358560852e+01 1.209194836596617151e+01
8.000000000000000000e+00 2.500000000000000000e+00 1.800000000000000000e+01 8.449999999999999289e+00 1.000000000000000000e+00 2.500000000000000000e+01 4.000000000000000000e+00 2.500000000000000000e+01 1.097996803186063186e-01 8.421836487502609714e-03 1.770313765581559728e+00 7.802678670241535031e+01
8.000000000000000000e+00 2.500000000000000000e+00 1.800000000000000000e+01 8.449999999999999289e+00 5.000000000000000000e+00 2.500000000000000000e+01 4.000000000000000000e+00 2.500000000000000000e+01 2.689125224441379913e-02 1.766201018713609017e-04 4.585350988565638275e+00 3.549860869721938883e+01
8.000000000000000000e+00 2.500000000000000000e+00 1.800000000000000000e+01 8.449999999999999289e+00 1.000000000000000000e+01 2.500000000000000000e+01 4.000000000000000000e+00 2.500000000000000000e+01 3.065700861937248334e-04 1.342393551873044544e-08 8.533115201854490905e+00 1.776744257330429022e+01
8.000000000000000000e+00 2.500000000000000000e+00 1.800000000000000000e+01 8.449999999999999289e+00 1.000000000000000000e+00 3.500000000000000000e+01 4.000000000000000000e+00 2.500000000000000000e+01 8.892544583390060708e-03 1.129176403056320055e-04 1.969836845324155261e+00 6.878059250965851845e+01
8.000000000000000000e+00 2.500000000000000000e+00 1.800000000000000000e+01 8.449999999999999289e+00 5.000000000000000000e+00 3.500000000000000000e+01 4.000000000000000000e+00 2.500000000000000000e+01 9.697009066456097059e-05 6.601120094984480602e-09 5.297033483380499952e+00 2.897293617473646776e+01
8.000000000000000000e+00 2.500000000000000000e+00 1.800000000000000000e+01 8.449999999999999289e+00 1.000000000000000000e+01 3.500000000000000000e+01 4.000000000000000000e+00 2.500000000000000000e+01 1.162997963122247569e-04 6.733658741708836715e-09 1.036849698648019213e+01 1.324069679842180669e+01
8.000000000000000000e+00 2.500000000000000000e+00 1.800000000000000000e+01 8.449999999999999289e+00 1.000000000000000000e+00 4.000000000000000000e+01 4.000000000000000000e+00 2.500000000000000000e+01 7.893593476282489974e-05 1.364571033946049283e-08 2.072497747646569355e+00 6.216238123376435709e+01
8.000000000000000000e+00 2.500000000000000000e+00 1.800000000000000000e+01 8.449999999999999289e+00 5.000000000000000000e+00 4.000000000000000000e+01 4.000000000000000000e+00 2.500000000000000000e+01 6.793415107875233616e-05 6.188032752874050857e-09 5.728488107491234160e+00 2.603670681102924789e+01
8.000000000000000000e+00 2.500000000000000000e+00 1.800000000000000000e+01 8.449999999999999289e+00 1.000000000000000000e+01 4.000000000000000000e+01 4.000000000000000000e+00 2.500000000000000000e+01 9.057081936658661903e-05 6.169132538147437117e-09 1.065047846960299260e+01 1.250728108191775156e+01
8.000000000000000000e+00 2.500000000000000000e+00 1.800000000000000000e+01 8.449999999999999289e+00 1.000000000000000000e+00 2.500000000000000000e+01 5.000000000000000000e+00 2.500000000000000000e+01 1.145453752983260909e-01 8.847848712557171424e-03 1.829084517651275998e+00 7.569637879006722869e+01
8.000000000000000000e+00 2.500000000000000000e+00 1.800000000000000000e+01 8.449999999999999289e+00 1.000000000000000000e+00 3.500000000000000000e+01 5.000000000000000000e+00 2.500000000000000000e+01 1.842683164978908827e-02 4.697380740266154930e-04 1.907029133313186797e+00 6.929685557922671535e+01
8.000000000000000000e+00 2.500000000000000000e+00 1.800000000000000000e+01 8.449999999999999289e+00 1.000000000000000000e+00 4.000000000000000000e+01 5.000000000000000000e+00 2.500000000000000000e+01 6.932351403365899500e-05 1.304334640295223835e-08 2.045885142281811842e+00 6.227952058944875091e+01
8.000000000000000000e+00 2.500000000000000000e+00 1.800000000000000000e+01 8.449999999999999289e+00 5.000000000000000000e+00 4.000000000000000000e+01 5.000000000000000000e+00 2.500000000000000000e+01 7.232524118250260869e-05 6.656295070683881931e-09 5.448121608094515622e+00 2.702707235582641943e+01
8.000000000000000000e+00 2.500000000000000000e+00 1.800000000000000000e+01 8.449999999999999289e+00 1.000000000000000000e+01 4.000000000000000000e+01 5.000000000000000000e+00 2.500000000000000000e+01 8.973150364988136118e-05 7.356852238515898534e-09 1.046688816903354180e+01 1.267080083112066013e+01
8.000000000000000000e+00 2.500000000000000000e+00 1.800000000000000000e+01 8.449999999999999289e+00 1.000000000000000000e+00 2.500000000000000000e+01 6.000000000000000000e+00 2.500000000000000000e+01 1.089443919434591734e-01 7.487642509943936986e-03 1.843893460161342812e+00 7.508166295889846253e+01
8.000000000000000000e+00 2.500000000000000000e+00 1.800000000000000000e+01 8.449999999999999289e+00 5.000000000000000000e+00 2.500000000000000000e+01 6.000000000000000000e+00 2.500000000000000000e+01 3.353967414425995663e-02 2.566665240184562435e-04 4.736193204157979508e+00 3.410106019627799157e+01
8.000000000000000000e+00 2.500000000000000000e+00 1.800000000000000000e+01 8.449999999999999289e+00 1.000000000000000000e+01 2.500000000000000000e+01 6.000000000000000000e+00 2.500000000000000000e+01 3.116820236164219438e-04 1.373570701623805235e-08 8.793349124523372140e+00 1.700168561691814162e+01
8.000000000000000000e+00 2.500000000000000000e+00 1.800000000000000000e+01 8.449999999999999289e+00 1.000000000000000000e+00 3.500000000000000000e+01 6.000000000000000000e+00 2.500000000000000000e+01 1.872378056960610770e-02 4.386441466630586206e-04 2.008942290704325728e+00 6.717171756400958316e+01
8.000000000000000000e+00 2.500000000000000000e+00 1.800000000000000000e+01 8.449999999999999289e+00 5.000000000000000000e+00 3.500000000000000000e+01 6.000000000000000000e+00 2.500000000000000000e+01 9.597883168077636640e-05 6.512598238472833145e-09 5.600809594724435847e+00 2.713978141160006885e+01
8.000000000000000000e+00 2.500000000000000000e+00 1.800000000000000000e+01 8.449999999999999289e+00 1.000000000000000000e+01 3.500000000000000000e+01 6.000000000000000000e+00 2.500000000000000000e+01 1.105753851715629565e-04 6.148612952117105124e-09 1.094213435401709589e+01 1.230831071147975564e+01
8.000000000000000000e+00 2.500000000000000000e+00 1.800000000000000000e+01 8.449999999999999289e+00 1.000000000000000000e+00 4.000000000000000000e+01 6.000000000000000000e+00 2.500000000000000000e+01 1.096941783995664110e-04 1.998234400168996672e-08 2.114292824758909450e+00 6.245096520083745872e+01
8.000000000000000000e+00 2.500000000000000000e+00 1.800000000000000000e+01 8.449999999999999289e+00 5.000000000000000000e+00 4.000000000000000000e+01 6.000000000000000000e+00 2.500000000000000000e+01 7.784752773387637603e-05 6.402469887589745667e-09 5.964608865274827032e+00 2.495469315756756856e+01
8.000000000000000000e+00 2.500000000000000000e+00 1.800000000000000000e+01 8.449999999999999289e+00 1.000000000000000000e+01 4.000000000000000000e+01 6.000000000000000000e+00 2.500000000000000000e+01 9.300224966435344243e-05 6.434528021515006913e-09 1.088925795254853846e+01 1.216837229581615176e+01
8.000000000000000000e+00 2.500000000000000000e+00 1.800000000000000000e+01 8.449999999999999289e+00 1.000000000000000000e+00 2.500000000000000000e+01 7.000000000000000000e+00 2.500000000000000000e+01 1.090347118182020125e-01 6.960264080241085338e-03 1.944586754881712398e+00 7.308963704150508534e+01
8.000000000000000000e+00 2.500000000000000000e+00 1.800000000000000000e+01 8.449999999999999289e+00 1.000000000000000000e+00 3.500000000000000000e+01 7.000000000000000000e+00 2.500000000000000000e+01 1.552329190559986749e-02 3.104038464245562068e-04 1.989301709817479225e+00 6.699490000193181061e+01
8.000000000000000000e+00 2.500000000000000000e+00 1.800000000000000000e+01 8.449999999999999289e+00 5.000000000000000000e+00 4.000000000000000000e+01 7.000000000000000000e+00 2.500000000000000000e+01 8.733721631593027723e-05 6.372228744666585953e-09 5.623241917055602279e+00 2.611395988616499864e+01
8.000000000000000000e+00 2.500000000000000000e+00 1.800000000000000000e+01 8.449999999999999289e+00 1.000000000000000000e+01 4.000000000000000000e+01 7.000000000000000000e+00 2.500000000000000000e+01 8.484174598355487262e-05 6.256029028151033344e-09 1.044786806238266408e+01 1.269846638062592348e+01
8.000000000000000000e+00 2.500000000000000000e+00 1.800000000000000000e+01 8.449999999999999289e+00 1.000000000000000000e+00 2.500000000000000000e+01 8.000000000000000000e+00 2.500000000000000000e+01 1.117043982520118384e-01 7.403411149441208039e-03 1.955729032912170595e+00 7.227270470187112039e+01
8.000000000000000000e+00 2.500000000000000000e+00 1.800000000000000000e+01 8.449999999999999289e+00 5.000000000000000000e+00 2.500000000000000000e+01 8.000000000000000000e+00 2.500000000000000000e+01 2.546815076127839639e-02 1.415997231792864852e-04 4.953083084705646399e+00 3.264575211145309197e+01
8.000000000000000000e+00 2.500000000000000000e+00 1.800000000000000000e+01 8.449999999999999289e+00 1.000000000000000000e+01 2.500000000000000000e+01 8.000000000000000000e+00 2.500000000000000000e+01 3.181146725259598185e-04 1.347996758660485739e-08 9.515224549829161660e+00 1.538313287925464223e+01
8.000000000000000000e+00 2.500000000000000000e+00 1.800000000000000000e+01 8.449999999999999289e+00 1.000000000000000000e+00 3.500000000000000000e+01 8.000000000000000000e+00 2.500000000000000000e+01 1.153974850147920783e-02 2.027045129191495931e-04 2.154903817134578681e+00 6.401244658301969537e+01
8.000000000000000000e+00 2.500000000000000000e+00 1.800000000000000000e+01 8.449999999999999289e+00 5.000000000000000000e+00 3.500000000000000000e+01 8.000000000000000000e+00 2.500000000000000000e+01 1.025056630155063431e-04 6.986405898246061952e-09 6.449391035975969189e+00 2.353519048565051008e+01
8.000000000000000000e+00 2.500000000000000000e+00 1.800000000000000000e+01 8.449999999999999289e+00 1.000000000000000000e+01 3.500000000000000000e+01 8.000000000000000000e+00 2.500000000000000000e+01 1.211630319732925898e-04 6.932884710764142255e-09 1.316430054194486132e+01 9.740083719854871092e+00
8.000000000000000000e+00 2.500000000000000000e+00 1.800000000000000000e+01 8.449999999999999289e+00 5.000000000000000000e+00 4.000000000000000000e+01 8.000000000000000000e+00 2.500000000000000000e+01 6.858683693322653596e-05 6.196468671504362646e-09 6.652614584942329934e+00 2.257406088157654267e+01
8.000000000000000000e+00 2.500000000000000000e+00 1.800000000000000000e+01 8.449999999999999289e+00 1.000000000000000000e+01 4.000000000000000000e+01 8.000000000000000000e+00 2.500000000000000000e+01 9.158046282053966536e-05 6.742407299142882948e-09 1.228613256356819150e+01 1.044245447299014451e+01
8.000000000000000000e+00 2.500000000000000000e+00 1.800000000000000000e+01 8.449999999999999289e+00 1.000000000000000000e+00 2.500000000000000000e+01 9.000000000000000000e+00 2.500000000000000000e+01 1.127682191978565118e-01 7.465030186980969873e-03 1.968508595416724294e+00 7.197377956558013068e+01
8.000000000000000000e+00 2.500000000000000000e+00 1.800000000000000000e+01 8.449999999999999289e+00 1.000000000000000000e+00 3.500000000000000000e+01 9.000000000000000000e+00 2.500000000000000000e+01 1.227242207317424949e-02 1.803106695428269290e-04 2.111206891965659249e+00 6.334832715446512452e+01
8.000000000000000000e+00 2.500000000000000000e+00 1.800000000000000000e+01 8.449999999999999289e+00 5.000000000000000000e+00 4.000000000000000000e+01 9.000000000000000000e+00 2.500000000000000000e+01 8.722027762098072401e-05 6.306674737999173885e-09 6.135839710768009603e+00 2.383079589001610898e+01
8.000000000000000000e+00 2.500000000000000000e+00 1.800000000000000000e+01 8.449999999999999289e+00 1.000000000000000000e+01 4.000000000000000000e+01 9.000000000000000000e+00 2.500000000000000000e+01 9.767182933728690841e-05 6.841100130827726389e-09 1.084791571342987559e+01 1.208992290395452862e+01
8.000000000000000000e+00 2.500000000000000000e+00 1.800000000000000000e+01 8.449999999999999289e+00 1.000000000000000000e+00 2.500000000000000000e+01 1.000000000000000000e+01 2.500000000000000000e+01 1.088565781707997449e-01 6.968618361176126541e-03 1.968397131593570881e+00 7.128029815361065857e+01
8.000000000000000000e+00 2.500000000000000000e+00 1.800000000000000000e+01 8.449999999999999289e+00 5.000000000000000000e+00 2.500000000000000000e+01 1.000000000000000000e+01 2.500000000000000000e+01 3.018839678487927891e-02 1.952607200497169515e-04 5.064718331278712071e+00 3.175122792147396922e+01
8.000000000000000000e+00 2.500000000000000000e+00 1.800000000000000000e+01 8.449999999999999289e+00 1.000000000000000000e+01 2.500000000000000000e+01 1.000000000000000000e+01 2.500000000000000000e+01 3.167211400241232155e-04 1.364829094185893155e-08 9.178242098081025091e+00 1.579612250656620276e+01
8.000000000000000000e+00 2.500000000000000000e+00 1.800000000000000000e+01 8.449999999999999289e+00 5.000000000000000000e+00 3.500000000000000000e+01 1.000000000000000000e+01 2.500000000000000000e+01 1.032029531391476240e-04 6.644707895020474098e-09 5.661755767430916464e+00 2.622057590784541148e+01
8.000000000000000000e+00 2.500000000000000000e+00 1.800000000000000000e+01 8.449999999999999289e+00 1.000000000000000000e+01 3.500000000000000000e+01 1.000000000000000000e+01 2.500000000000000000e+01 1.117090829774181060e-04 6.897188375987184372e-09 1.053360898528523748e+01 1.249502032625478876e+01
8.000000000000000000e+00 2.500000000000000000e+00 1.800000000000000000e+01 8.449999999999999289e+00 5.000000000000000000e+00 4.000000000000000000e+01 1.000000000000000000e+01 2.500000000000000000e+01 8.809937863674122127e-05 7.041607075208844435e-09 6.084914125908504445e+00 2.406529799002351311e+01
8.000000000000000000e+00 2.500000000000000000e+00 1.800000000000000000e+01 8.449999999999999289e+00 1.000000000000000000e+01 4.000000000000000000e+01 1.000000000000000000e+01 2.500000000000000000e+01 9.708075063974419550e-05 7.326736328749916538e-09 1.073274675484920948e+01 1.217447054340294699e+01
8.000000000000000000e+00 2.500000000000000000e+00 1.800000000000000000e+01 8.449999999999999289e+00 1.000000000000000000e+00 2.500000000000000000e+01 1.100000000000000000e+01 2.500000000000000000e+01 1.068616143028437993e-01 6.517051656571792861e-03 1.990054615086766177e+00 7.161502864972455029e+01
8.000000000000000000e+00 2.500000000000000000e+00 1.800000000000000000e+01 8.449999999999999289e+00 5.000000000000000000e+00 4.000000000000000000e+01 1.100000000000000000e+01 2.500000000000000000e+01 8.832896318033967020e-05 7.064585805238721150e-09 5.558081248352932491e+00 2.634503565176347806e+01
8.000000000000000000e+00 2.500000000000000000e+00 1.800000000000000000e+01 8.449999999999999289e+00 1.000000000000000000e+01 4.000000000000000000e+01 1.100000000000000000e+01 2.500000000000000000e+01 7.975891958555969552e-05 6.311304145967255863e-09 9.751316765027075562e+00 1.359950943132027312e+01
8.000000000000000000e+00 2.500000000000000000e+00 1.800000000000000000e+01 8.449999999999999289e+00 1.000000000000000000e+00 2.500000000000000000e+01 1.200000000000000000e+01 2.500000000000000000e+01 1.061208193854454862e-01 6.717935191939083950e-03 1.918768056117264198e+00 7.236608157072225822e+01
8.000000000000000000e+00 2.500000000000000000e+00 1.800000000000000000e+01 8.449999999999999289e+00 5.000000000000000000e+00 2.500000000000000000e+01 1.200000000000000000e+01 2.500000000000000000e+01 2.587854283596513483e-02 1.491318235247174329e-04 4.738871045510308910e+00 3.391372646093580556e+01
8.000000000000000000e+00 2.500000000000000000e+00 1.800000000000000000e+01 8.449999999999999289e+00 1.000000000000000000e+01 2.500000000000000000e+01 1.200000000000000000e+01 2.500000000000000000e+01 3.092849151076215719e-04 1.339115685006220247e-08 8.909284896629884543e+00 1.623397919090936625e+01
8.000000000000000000e+00 2.500000000000000000e+00 1.800000000000000000e+01 8.449999999999999289e+00 5.000000000000000000e+00 3.500000000000000000e+01 1.200000000000000000e+01 2.500000000000000000e+01 1.438675274787470926e-04 1.313752062692685740e-08 5.359984563912409961e+00 2.756235732386710424e+01
8.000000000000000000e+00 2.500000000000000000e+00 1.800000000000000000e+01 8.449999999999999289e+00 1.000000000000000000e+01 3.500000000000000000e+01 1.200000000000000000e+01 2.500000000000000000e+01 1.047158614781995567e-04 6.187952150682463071e-09 1.030981801014786825e+01 1.288220638929606565e+01
8.000000000000000000e+00 2.500000000000000000e+00 1.800000000000000000e+01 8.449999999999999289e+00 5.000000000000000000e+00 4.000000000000000000e+01 1.200000000000000000e+01 2.500000000000000000e+01 1.093542473549202754e-04 6.746042169325505711e-09 6.475366141109732965e+00 2.222252542281203702e+01
8.000000000000000000e+00 2.500000000000000000e+00 1.800000000000000000e+01 8.449999999999999289e+00 1.000000000000000000e+01 4.000000000000000000e+01 1.200000000000000000e+01 2.500000000000000000e+01 8.490835101992999512e-05 6.159327936572367435e-09 9.818981242570153256e+00 1.351789769057807788e+01
8.000000000000000000e+00 2.500000000000000000e+00 1.800000000000000000e+01 8.449999999999999289e+00 1.000000000000000000e+01 4.000000000000000000e+01 1.300000000000000000e+01 2.500000000000000000e+01 1.053329810829506386e-04 6.446891687161837581e-09 9.623734645413499322e+00 1.386696815213260869e+01
8.000000000000000000e+00 2.500000000000000000e+00 1.800000000000000000e+01 8.449999999999999289e+00 5.000000000000000000e+00 2.500000000000000000e+01 1.400000000000000000e+01 2.500000000000000000e+01 3.184860439134729049e-02 1.998729136913901527e-04 5.302216621174448363e+00 3.068582565318900279e+01
8.000000000000000000e+00 2.500000000000000000e+00 1.800000000000000000e+01 8.449999999999999289e+00 1.000000000000000000e+01 2.500000000000000000e+01 1.400000000000000000e+01 2.500000000000000000e+01 4.067476673006442667e-04 2.109041896680707850e-08 8.954724040415555919e+00 1.658070303236798182e+01
8.000000000000000000e+00 2.500000000000000000e+00 1.800000000000000000e+01 8.449999999999999289e+00 5.000000000000000000e+00 3.500000000000000000e+01 1.400000000000000000e+01 2.500000000000000000e+01 7.298190161209028304e-05 6.663287477337576092e-09 5.925271992280570110e+00 2.570721313212474968e+01
8.000000000000000000e+00 2.500000000000000000e+00 1.800000000000000000e+01 8.449999999999999289e+00 1.000000000000000000e+01 3.500000000000000000e+01 1.400000000000000000e+01 2.500000000000000000e+01 9.743027538000603727e-05 6.439884403519613443e-09 1.103285235012327448e+01 1.230994102924725198e+01
8.000000000000000000e+00 2.500000000000000000e+00 1.800000000000000000e+01 8.449999999999999289e+00 1.000000000000000000e+01 4.000000000000000000e+01 1.400000000000000000e+01 2.500000000000000000e+01 9.281288715712321391e-05 6.401707830505642960e-09 9.670993910343607780e+00 1.421685788829977071e+01
8.000000000000000000e+00 2.500000000000000000e+00 1.800000000000000000e+01 8.449999999999999289e+00 1.000000000000000000e+01 4.000000000000000000e+01 1.500000000000000000e+01 2.500000000000000000e+01 1.018307819462549446e-04 6.297246946118661981e-09 1.190014144531533269e+01 1.098426245921343991e+01
8.000000000000000000e+00 2.500000000000000000e+00 1.800000000000000000e+01 8.449999999999999289e+00 5.000000000000000000e+00 2.500000000000000000e+01 1.600000000000000000e+01 2.500000000000000000e+01 2.316309553867057502e-02 1.033840361437388111e-04 5.103925261979464167e+00 3.158032437282136584e+01
8.000000000000000000e+00 2.500000000000000000e+00 1.800000000000000000e+01 8.449999999999999289e+00 1.000000000000000000e+01 2.500000000000000000e+01 1.600000000000000000e+01 2.500000000000000000e+01 3.998298742764472280e-04 2.071376448142814297e-08 8.723988336176001113e+00 1.679224973823389533e+01
8.000000000000000000e+00 2.500000000000000000e+00 1.800000000000000000e+01 8.449999999999999289e+00 5.000000000000000000e+00 3.500000000000000000e+01 1.600000000000000000e+01 2.500000000000000000e+01 9.006510127473887906e-05 6.958264187062468409e-09 5.806282507337670928e+00 2.570281248198361013e+01
8.000000000000000000e+00 2.500000000000000000e+00 1.800000000000000000e+01 8.449999999999999289e+00 1.000000000000000000e+01 3.500000000000000000e+01 1.600000000000000000e+01 2.500000000000000000e+01 1.091291590655796284e-04 6.385491468918758073e-09 1.173194265683730819e+01 1.125553729403143954e+01
8.000000000000000000e+00 2.500000000000000000e+00 1.800000000000000000e+01 8.449999999999999289e+00 1.000000000000000000e+01 4.000000000000000000e+01 1.600000000000000000e+01 2.500000000000000000e+01 1.090072618441517704e-04 6.610068936652169214e-09 1.081416778843806092e+01 1.219245377127689167e+01
8.000000000000000000e+00 2.500000000000000000e+00 1.800000000000000000e+01 8.449999999999999289e+00 1.000000000000000000e+01 4.000000000000000000e+01 1.700000000000000000e+01 2.500000000000000000e+01 1.008679287581859541e-04 6.674738539658164882e-09 1.038405648476213017e+01 1.282031460498439124e+01
8.000000000000000000e+00 2.500000000000000000e+00 1.800000000000000000e+01 8.449999999999999289e+00 1.000000000000000000e+01 3.500000000000000000e+01 2.000000000000000000e+01 2.500000000000000000e+01 1.124132235441610561e-04 6.688211984240410857e-09 1.063928373976015074e+01 1.260281529797702404e+01
8.000000000000000000e+00 2.500000000000000000e+00 1.800000000000000000e+01 8.449999999999999289e+00 1.000000000000000000e+01 2.500000000000000000e+01 2.200000000000000000e+01 2.500000000000000000e+01 4.225044078063344699e-04 2.168775625754904013e-08 8.254500885991491899e+00 1.721107038931545929e+01
