1.400000000000000000e+01 2.500000000000000000e+00 1.400000000000000000e+01 7.190000000000000391e+00 5.000000000000000000e+00 2.500000000000000000e+01 0.000000000000000000e+00 2.500000000000000000e+01 9.383306142041192288e-05 1.302458629837133230e-08 6.214117270658666925e+00 2.276421030909659038e+01
1.400000000000000000e+01 2.500000000000000000e+00 1.400000000000000000e+01 7.190000000000000391e+00 1.000000000000000000e+01 2.500000000000000000e+01 0.000000000000000000e+00 2.500000000000000000e+01 1.024388862598257788e-04 1.327428500452754179e-08 1.234116695460757640e+01 1.036963605762825402e+01
1.400000000000000000e+01 2.500000000000000000e+00 1.400000000000000000e+01 7.190000000000000391e+00 1.000000000000000000e+00 2.500000000000000000e+01 1.000000000000000056e-01 2.500000000000000000e+01 1.786766755486923763e-02 1.809942927512464550e-03 9.404147830785215545e-01 8.409182740678984658e+01
1.400000000000000000e+01 2.500000000000000000e+00 1.400000000000000000e+01 7.190000000000000391e+00 5.000000000000000000e+00 2.500000000000000000e+01 1.000000000000000056e-01 2.500000000000000000e+01 7.152251117181762652e-05 7.023151615825895533e-09 6.081280164754841344e+00 2.324048028644946484e+01
1.400000000000000000e+01 2.500000000000000000e+00 1.400000000000000000e+01 7.190000000000000391e+00 1.000000000000000000e+01 2.500000000000000000e+01 1.000000000000000056e-01 2.500000000000000000e+01 3.763861919625632879e-03 1.672880033787293996e-05 1.248176087793199329e+01 1.023992328586671618e+01
1.400000000000000000e+01 2.500000000000000000e+00 1.400000000000000000e+01 7.190000000000000391e+00 1.000000000000000000e+00 3.500000000000000000e+01 1.000000000000000056e-01 2.500000000000000000e+01 2.059660186156908601e-02 2.611186687478728174e-03 8.557634072374648015e-01 8.770429042156320065e+01
1.400000000000000000e+01 2.500000000000000000e+00 1.400000000000000000e+01 7.190000000000000391e+00 5.000000000000000000e+00 3.500000000000000000e+01 1.000000000000000056e-01 2.500000000000000000e+01 1.076440605121131711e-04 1.365506174799691053e-08 5.475590563532182209e+00 2.451889391833278964e+01
1.400000000000000000e+01 2.500000000000000000e+00 1.400000000000000000e+01 7.190000000000000391e+00 1.000000000000000000e+01 3.500000000000000000e+01 1.000000000000000056e-01 2.500000000000000000e+01 1.182558002397193775e-04 1.393496318335962769e-08 1.136841296911208588e+01 1.087623470783440993e+01
1.400000000000000000e+01 2.500000000000000000e+00 1.400000000000000000e+01 7.190000000000000391e+00 1.000000000000000000e+00 4.000000000000000000e+01 1.000000000000000056e-01 2.500000000000000000e+01 2.096938406633253038e-02 2.942457855361402252e-03 8.372872100961888941e-01 8.816131430361073740e+01
1.400000000000000000e+01 2.500000000000000000e+00 1.400000000000000000e+01 7.190000000000000391e+00 5.000000000000000000e+00 4.000000000000000000e+01 1.000000000000000056e-01 2.500000000000000000e+01 7.237361135437048176e-05 6.993797541099411319e-09 5.397178743941073442e+00 2.420532476984942605e+01
1.400000000000000000e+01 2.500000000000000000e+00 1.400000000000000000e+01 7.190000000000000391e+00 1.000000000000000000e+01 4.000000000000000000e+01 1.000000000000000056e-01 2.500000000000000000e+01 1.070132528102618608e-04 1.311478015075806525e-08 1.075668681985573016e+01 1.140578377743394611e+01
1.400000000000000000e+01 2.500000000000000000e+00 1.400000000000000000e+01 7.190000000000000391e+00 1.000000000000000000e+00 2.500000000000000000e+01 1.000000000000000000e+00 2.500000000000000000e+01 2.837208615708242121e-02 4.090375747433760978e-03 8.480947475687816706e-01 9.017762717040045573e+01
1.400000000000000000e+01 2.500000000000000000e+00 1.400000000000000000e+01 7.190000000000000391e+00 1.000000000000000000e+00 3.500000000000000000e+01 1.000000000000000000e+00 2.500000000000000000e+01 3.420354004984416108e-02 7.609535952133539283e-03 6.788228362042123543e-01 9.757936281923880983e+01
1.400000000000000000e+01 2.500000000000000000e+00 1.400000000000000000e+01 7.190000000000000391e+00 5.000000000000000000e+00 3.500000000000000000e+01 1.000000000000000000e+00 2.500000000000000000e+01 1.021209410025925024e-04 1.320947662364346797e-08 4.927083806885642403e+00 2.519054927016320988e+01
1.400000000000000000e+01 2.500000000000000000e+00 1.400000000000000000e+01 7.190000000000000391e+00 1.000000000000000000e+01 3.500000000000000000e+01 1.000000000000000000e+00 2.500000000000000000e+01 1.091161936286333400e-04 1.332838905909738969e-08 9.994898398868409473e+00 1.208096600979341595e+01
1.400000000000000000e+01 2.500000000000000000e+00 1.400000000000000000e+01 7.190000000000000391e+00 1.000000000000000000e+00 4.000000000000000000e+01 1.000000000000000000e+00 2.500000000000000000e+01 1.903139806979758930e-02 2.823509344847430214e-03 6.787211101606618335e-01 9.397409920108671599e+01
1.400000000000000000e+01 2.500000000000000000e+00 1.400000000000000000e+01 7.190000000000000391e+00 5.000000000000000000e+00 4.000000000000000000e+01 1.000000000000000000e+00 2.500000000000000000e+01 4.564802086926000868e-05 6.800798590944623356e-09 5.019421275404719829e+00 2.385044519308350885e+01
1.400000000000000000e+01 2.500000000000000000e+00 1.400000000000000000e+01 7.190000000000000391e+00 1.000000000000000000e+01 4.000000000000000000e+01 1.000000000000000000e+00 2.500000000000000000e+01 4.715640622654504455e-05 7.057995743409151146e-09 9.483947667772174128e+00 1.244097023019491033e+01
1.400000000000000000e+01 2.500000000000000000e+00 1.400000000000000000e+01 7.190000000000000391e+00 1.000000000000000000e+00 2.500000000000000000e+01 2.000000000000000000e+00 2.500000000000000000e+01 3.838453126152185924e-02 6.785758242998207734e-03 8.105238615014752623e-01 9.543685080069516857e+01
1.400000000000000000e+01 2.500000000000000000e+00 1.400000000000000000e+01 7.190000000000000391e+00 5.000000000000000000e+00 2.500000000000000000e+01 2.000000000000000000e+00 2.500000000000000000e+01 3.265388446120010002e-03 7.716193312967689621e-06 5.429912444291425722e+00 2.543382439008698981e+01
1.400000000000000000e+01 2.500000000000000000e+00 1.400000000000000000e+01 7.190000000000000391e+00 1.000000000000000000e+01 2.500000000000000000e+01 2.000000000000000000e+00 2.500000000000000000e+01 2.477901431428009005e-04 3.529387404554995555e-08 1.124429036297927631e+01 1.147850691675755996e+01
1.400000000000000000e+01 2.500000000000000000e+00 1.400000000000000000e+01 7.190000000000000391e+00 1.000000000000000000e+00 3.500000000000000000e+01 2.000000000000000000e+00 2.500000000000000000e+01 2.448471984040989646e-02 5.075364845086083321e-03 6.681424863322663610e-01 9.764725835143683241e+01
1.400000000000000000e+01 2.500000000000000000e+00 1.400000000000000000e+01 7.190000000000000391e+00 5.000000000000000000e+00 3.500000000000000000e+01 2.000000000000000000e+00 2.500000000000000000e+01 8.671717856545413383e-05 1.295946283619286987e-08 4.768170161372922600e+00 2.524717958789313954e+01
1.400000000000000000e+01 2.500000000000000000e+00 1.400000000000000000e+01 7.190000000000000391e+00 1.000000000000000000e+01 3.500000000000000000e+01 2.000000000000000000e+00 2.500000000000000000e+01 8.735106025481442771e-05 1.311219777200278713e-08 9.404624258644959767e+00 1.280482464449542412e+01
1.400000000000000000e+01 2.500000000000000000e+00 1.400000000000000000e+01 7.190000000000000391e+00 1.000000000000000000e+00 4.000000000000000000e+01 2.000000000000000000e+00 2.500000000000000000e+01 2.980033197893927621e-02 4.645045708418393815e-03 6.820900031572468825e-01 9.076320881514438099e+01
1.400000000000000000e+01 2.500000000000000000e+00 1.400000000000000000e+01 7.190000000000000391e+00 5.000000000000000000e+00 4.000000000000000000e+01 2.000000000000000000e+00 2.500000000000000000e+01 5.317646501312722762e-05 6.638496863331511122e-09 4.686073239714766636e+00 2.359332161698678831e+01
1.400000000000000000e+01 2.500000000000000000e+00 1.400000000000000000e+01 7.190000000000000391e+00 1.000000000000000000e+01 4.000000000000000000e+01 2.000000000000000000e+00 2.500000000000000000e+01 4.472011578671164500e-05 6.473553026964395940e-09 9.140918387549461954e+00 1.260528193654766405e+01
1.400000000000000000e+01 2.500000000000000000e+00 1.400000000000000000e+01 7.190000000000000391e+00 1.000000000000000000e+00 2.500000000000000000e+01 3.000000000000000000e+00 2.500000000000000000e+01 4.875868811896588717e-02 9.507979725755122402e-03 8.228774465822729089e-01 9.525878441788312045e+01
1.400000000000000000e+01 2.500000000000000000e+00 1.400000000000000000e+01 7.190000000000000391e+00 1.000000000000000000e+00 3.500000000000000000e+01 3.000000000000000000e+00 2.500000000000000000e+01 2.375580673728960868e-02 3.448605673146198924e-03 6.784685993016089656e-01 9.511730028857147090e+01
1.400000000000000000e+01 2.500000000000000000e+00 1.400000000000000000e+01 7.190000000000000391e+00 5.000000000000000000e+00 3.500000000000000000e+01 3.000000000000000000e+00 2.500000000000000000e+01 8.440275748711201231e-05 1.362857227071856414e-08 4.795323337226111704e+00 2.455893435675470826e+01
1.400000000000000000e+01 2.500000000000000000e+00 1.400000000000000000e+01 7.190000000000000391e+00 1.000000000000000000e+01 3.500000000000000000e+01 3.000000000000000000e+00 2.500000000000000000e+01 5.475616443728625882e-05 6.579091271774473171e-09 9.307517182769959874e+00 1.288491728559570504e+01
1.400000000000000000e+01 2.500000000000000000e+00 1.400000000000000000e+01 7.190000000000000391e+00 1.000000000000000000e+00 4.000000000000000000e+01 3.000000000000000000e+00 2.500000000000000000e+01 5.597238851023633721e-02 8.234516267252356414e-03 6.911271821369444623e-01 8.749507258903317108e+01
1.400000000000000000e+01 2.500000000000000000e+00 1.400000000000000000e+01 7.190000000000000391e+00 5.000000000000000000e+00 4.000000000000000000e+01 3.000000000000000000e+00 2.500000000000000000e+01 1.189202288567337007e-04 1.444323260990643121e-08 4.357559142809789066e+00 2.429025205442795254e+01
1.400000000000000000e+01 2.500000000000000000e+00 1.400000000000000000e+01 7.190000000000000391e+00 1.000000000000000000e+01 4.000000000000000000e+01 3.000000000000000000e+00 2.500000000000000000e+01 7.505971871424321762e-05 6.638818828008652417e-09 8.802694598070134546e+00 1.296828126023526018e+01
1.400000000000000000e+01 2.500000000000000000e+00 1.400000000000000000e+01 7.190000000000000391e+00 1.000000000000000000e+00 2.500000000000000000e+01 4.000000000000000000e+00 2.500000000000000000e+01 5.156414094555983318e-02 1.122650177601003385e-02 7.740697859378089518e-01 9.945135149440095290e+01
1.400000000000000000e+01 2.500000000000000000e+00 1.400000000000000000e+01 7.190000000000000391e+00 5.000000000000000000e+00 2.500000000000000000e+01 4.000000000000000000e+00 2.500000000000000000e+01 7.425793282374693050e-03 3.646887128483378149e-05 4.961784695663287614e+00 2.705917474375297260e+01
1.400000000000000000e+01 2.500000000000000000e+00 1.400000000000000000e+01 7.190000000000000391e+00 1.000000000000000000e+01 2.500000000000000000e+01 4.000000000000000000e+00 2.500000000000000000e+01 5.943014532856949472e-03 1.815077439859535957e-05 1.057677866037712988e+01 1.225130608583804737e+01
1.400000000000000000e+01 2.500000000000000000e+00 1.400000000000000000e+01 7.190000000000000391e+00 1.000000000000000000e+00 3.500000000000000000e+01 4.000000000000000000e+00 2.500000000000000000e+01 4.506076680587667305e-02 8.807814508209554916e-03 6.533077178433750465e-01 9.596038939801846368e+01
1.400000000000000000e+01 2.500000000000000000e+00 1.400000000000000000e+01 7.190000000000000391e+00 5.000000000000000000e+00 3.500000000000000000e+01 4.000000000000000000e+00 2.500000000000000000e+01 8.349141083363598170e-05 1.311022734817868240e-08 4.442381990919157531e+00 2.563437818377146371e+01
1.400000000000000000e+01 2.500000000000000000e+00 1.400000000000000000e+01 7.190000000000000391e+00 1.000000000000000000e+01 3.500000000000000000e+01 4.000000000000000000e+00 2.500000000000000000e+01 5.804919411933617823e-05 6.761350146433642294e-09 8.843455564251835099e+00 1.345717741940869594e+01
1.400000000000000000e+01 2.500000000000000000e+00 1.400000000000000000e+01 7.190000000000000391e+00 5.000000000000000000e+00 4.000000000000000000e+01 4.000000000000000000e+00 2.500000000000000000e+01 9.908989696927328339e-05 1.274026861786126119e-08 4.144493322378173694e+00 2.524398238409473194e+01
1.400000000000000000e+01 2.500000000000000000e+00 1.400000000000000000e+01 7.190000000000000391e+00 1.000000000000000000e+01 4.000000000000000000e+01 4.000000000000000000e+00 2.500000000000000000e+01 7.142769037993268455e-05 6.455832091134539041e-09 8.515002109385919837e+00 1.332947144155049735e+01
1.400000000000000000e+01 2.500000000000000000e+00 1.400000000000000000e+01 7.190000000000000391e+00 1.000000000000000000e+00 2.500000000000000000e+01 5.000000000000000000e+00 2.500000000000000000e+01 5.711242575431563218e-02 1.389575748734883653e-02 7.651006201831492826e-01 1.001262574281987838e+02
1.400000000000000000e+01 2.500000000000000000e+00 1.400000000000000000e+01 7.190000000000000391e+00 1.000000000000000000e+00 2.500000000000000000e+01 5.000000000000000000e+00 2.500000000000000000e+01 1.300212456580451814e-02 9.923703060195077086e-04 9.230145209182867294e-01 8.580943148876681903e+01
1.400000000000000000e+01 2.500000000000000000e+00 1.400000000000000000e+01 7.190000000000000391e+00 1.000000000000000000e+00 3.500000000000000000e+01 5.000000000000000000e+00 2.500000000000000000e+01 3.371626379093761727e-02 6.118980566133025434e-03 6.186258214376871845e-01 1.000731204371610090e+02
1.400000000000000000e+01 2.500000000000000000e+00 1.400000000000000000e+01 7.190000000000000391e+00 5.000000000000000000e+00 3.500000000000000000e+01 5.000000000000000000e+00 2.500000000000000000e+01 5.736539879386270968e-05 6.338713331999201728e-09 4.338859483527482297e+00 2.569756078530294374e+01
1.400000000000000000e+01 2.500000000000000000e+00 1.400000000000000000e+01 7.190000000000000391e+00 1.000000000000000000e+01 3.500000000000000000e+01 5.000000000000000000e+00 2.500000000000000000e+01 5.742102064898446656e-05 6.674969910136496765e-09 8.740510379705117572e+00 1.354001982774679291e+01
1.400000000000000000e+01 2.500000000000000000e+00 1.400000000000000000e+01 7.190000000000000391e+00 5.000000000000000000e+00 4.000000000000000000e+01 5.000000000000000000e+00 2.500000000000000000e+01 1.245367033733124629e-04 1.338505439818504783e-08 3.960691656609995004e+00 2.579486609281424236e+01
1.400000000000000000e+01 2.500000000000000000e+00 1.400000000000000000e+01 7.190000000000000391e+00 1.000000000000000000e+01 4.000000000000000000e+01 5.000000000000000000e+00 2.500000000000000000e+01 9.359753378679336322e-05 6.575405775421927501e-09 8.093810027671199947e+00 1.386737065247695888e+01
1.400000000000000000e+01 2.500000000000000000e+00 1.400000000000000000e+01 7.190000000000000391e+00 1.000000000000000000e+00 2.500000000000000000e+01 6.000000000000000000e+00 2.500000000000000000e+01 6.488167653263743340e-02 1.583256071673977416e-02 7.701538358788208027e-01 9.824276515300574886e+01
1.400000000000000000e+01 2.500000000000000000e+00 1.400000000000000000e+01 7.190000000000000391e+00 5.000000000000000000e+00 2.500000000000000000e+01 6.000000000000000000e+00 2.500000000000000000e+01 1.242453533722809311e-02 9.176361257479115352e-05 4.963463923374643372e+00 2.690504769756910974e+01
1.400000000000000000e+01 2.500000000000000000e+00 1.400000000000000000e+01 7.190000000000000391e+00 1.000000000000000000e+01 2.500000000000000000e+01 6.000000000000000000e+00 2.500000000000000000e+01 2.980164857411926604e-03 3.884639361295683102e-06 1.030894111631897125e+01 1.249922383749607491e+01
1.400000000000000000e+01 2.500000000000000000e+00 1.400000000000000000e+01 7.190000000000000391e+00 1.000000000000000000e+00 3.500000000000000000e+01 6.000000000000000000e+00 2.500000000000000000e+01 7.031718934174868707e-02 1.456050783356666045e-02 6.446747700528929759e-01 9.536240217207658532e+01
1.400000000000000000e+01 2.500000000000000000e+00 1.400000000000000000e+01 7.190000000000000391e+00 5.000000000000000000e+00 3.500000000000000000e+01 6.000000000000000000e+00 2.500000000000000000e+01 8.730535561474184192e-05 1.280600603337234134e-08 4.344364441519773301e+00 2.541533466087947346e+01
1.400000000000000000e+01 2.500000000000000000e+00 1.400000000000000000e+01 7.190000000000000391e+00 1.000000000000000000e+01 3.500000000000000000e+01 6.000000000000000000e+00 2.500000000000000000e+01 7.624073863587987887e-05 8.619083891048262558e-09 8.624792109025134934e+00 1.354465647995415978e+01
1.400000000000000000e+01 2.500000000000000000e+00 1.400000000000000000e+01 7.190000000000000391e+00 5.000000000000000000e+00 4.000000000000000000e+01 6.000000000000000000e+00 2.500000000000000000e+01 1.295635556521901322e-04 1.300482010968551094e-08 3.924966223328964610e+00 2.570568826953154584e+01
1.400000000000000000e+01 2.500000000000000000e+00 1.400000000000000000e+01 7.190000000000000391e+00 1.000000000000000000e+01 4.000000000000000000e+01 6.000000000000000000e+00 2.500000000000000000e+01 1.481536605292266273e-04 1.340697064478035827e-08 7.852368985528802803e+00 1.412018959586936795e+01
1.400000000000000000e+01 2.500000000000000000e+00 1.400000000000000000e+01 7.190000000000000391e+00 1.000000000000000000e+00 2.500000000000000000e+01 7.000000000000000000e+00 2.500000000000000000e+01 7.788304203662477221e-02 1.780387044234199578e-02 7.574997804879396446e-01 9.924622381831038354e+01
1.400000000000000000e+01 2.500000000000000000e+00 1.400000000000000000e+01 7.190000000000000391e+00 5.000000000000000000e+00 3.500000000000000000e+01 7.000000000000000000e+00 2.500000000000000000e+01 1.100513162599625616e-04 1.355919265755289871e-08 4.065303046800933018e+00 2.652307878425414245e+01
1.400000000000000000e+01 2.500000000000000000e+00 1.400000000000000000e+01 7.190000000000000391e+00 1.000000000000000000e+01 3.500000000000000000e+01 7.000000000000000000e+00 2.500000000000000000e+01 7.396977498408396912e-05 6.929768092689414516e-09 8.630274385475949828e+00 1.357437805073653792e+01
1.400000000000000000e+01 2.500000000000000000e+00 1.400000000000000000e+01 7.190000000000000391e+00 5.000000000000000000e+00 4.000000000000000000e+01 7.000000000000000000e+00 2.500000000000000000e+01 2.146365865585142529e-04 2.442010837988561889e-08 3.868671700529696444e+00 2.592056045665832542e+01
1.400000000000000000e+01 2.500000000000000000e+00 1.400000000000000000e+01 7.190000000000000391e+00 1.000000000000000000e+01 4.000000000000000000e+01 7.000000000000000000e+00 2.500000000000000000e+01 7.950984906845981470e-05 6.091802839947035864e-09 7.683591333238995347e+00 1.458473879142796470e+01
1.400000000000000000e+01 2.500000000000000000e+00 1.400000000000000000e+01 7.190000000000000391e+00 1.000000000000000000e+00 2.500000000000000000e+01 8.000000000000000000e+00 2.500000000000000000e+01 6.396870125357967396e-02 1.448811641782610238e-02 8.720857558084156302e-01 9.096853571329866384e+01
1.400000000000000000e+01 2.500000000000000000e+00 1.400000000000000000e+01 7.190000000000000391e+00 5.000000000000000000e+00 2.500000000000000000e+01 8.000000000000000000e+00 2.500000000000000000e+01 1.786748073754229615e-02 1.900748991330303284e-04 4.964427586193984610e+00 2.672255133408530270e+01
1.400000000000000000e+01 2.500000000000000000e+00 1.400000000000000000e+01 7.190000000000000391e+00 1.000000000000000000e+01 2.500000000000000000e+01 8.000000000000000000e+00 2.500000000000000000e+01 1.829904688250150180e-02 1.738221957927610362e-04 9.549331648704264097e+00 1.332457068096898922e+01
1.400000000000000000e+01 2.500000000000000000e+00 1.400000000000000000e+01 7.190000000000000391e+00 5.000000000000000000e+00 3.500000000000000000e+01 8.000000000000000000e+00 2.500000000000000000e+01 8.229046552354901678e-05 1.324687004533586787e-08 4.549827860445216920e+00 2.422826187260570663e+01
1.400000000000000000e+01 2.500000000000000000e+00 1.400000000000000000e+01 7.190000000000000391e+00 1.000000000000000000e+01 3.500000000000000000e+01 8.000000000000000000e+00 2.500000000000000000e+01 6.645531574234198047e-05 6.360097781765716718e-09 8.599362864496480796e+00 1.359204878974875719e+01
1.400000000000000000e+01 2.500000000000000000e+00 1.400000000000000000e+01 7.190000000000000391e+00 5.000000000000000000e+00 4.000000000000000000e+01 8.000000000000000000e+00 2.500000000000000000e+01 4.394391772999384216e-05 6.262135254786471705e-09 4.299769068582278031e+00 2.477016230906163230e+01
1.400000000000000000e+01 2.500000000000000000e+00 1.400000000000000000e+01 7.190000000000000391e+00 1.000000000000000000e+01 4.000000000000000000e+01 8.000000000000000000e+00 2.500000000000000000e+01 6.685657202121220166e-05 6.590862078326154005e-09 7.954199009905521756e+00 1.423509723805004512e+01
1.400000000000000000e+01 2.500000000000000000e+00 1.400000000000000000e+01 7.190000000000000391e+00 1.000000000000000000e+00 2.500000000000000000e+01 9.000000000000000000e+00 2.500000000000000000e+01 6.776787888687052508e-02 1.666738581742621683e-02 8.376648856774526752e-01 9.366731487928417721e+01
1.400000000000000000e+01 2.500000000000000000e+00 1.400000000000000000e+01 7.190000000000000391e+00 5.000000000000000000e+00 3.500000000000000000e+01 9.000000000000000000e+00 2.500000000000000000e+01 8.705951366771991218e-05 1.276469396849222449e-08 4.293773185905732426e+00 2.511029756011162917e+01
1.400000000000000000e+01 2.500000000000000000e+00 1.400000000000000000e+01 7.190000000000000391e+00 1.000000000000000000e+01 3.500000000000000000e+01 9.000000000000000000e+00 2.500000000000000000e+01 6.466869408394693153e-05 6.601716284748704311e-09 8.733081357581941262e+00 1.334937371726047495e+01
1.400000000000000000e+01 2.500000000000000000e+00 1.400000000000000000e+01 7.190000000000000391e+00 5.000000000000000000e+00 4.000000000000000000e+01 9.000000000000000000e+00 2.500000000000000000e+01 1.301842160095212364e-04 1.296756768631723844e-08 4.094940970435777317e+00 2.439142017702998899e+01
1.400000000000000000e+01 2.500000000000000000e+00 1.400000000000000000e+01 7.190000000000000391e+00 1.000000000000000000e+01 4.000000000000000000e+01 9.000000000000000000e+00 2.500000000000000000e+01 1.040107308829529842e-04 6.321714485224561031e-09 7.498997515911924872e+00 1.450562404873474875e+01
1.400000000000000000e+01 2.500000000000000000e+00 1.400000000000000000e+01 7.190000000000000391e+00 5.000000000000000000e+00 2.500000000000000000e+01 1.000000000000000000e+01 2.500000000000000000e+01 2.117796562809415306e-02 2.614060739265511302e-04 4.888193145714289756e+00 2.676079268877645490e+01
1.400000000000000000e+01 2.500000000000000000e+00 1.400000000000000000e+01 7.190000000000000391e+00 1.000000000000000000e+01 2.500000000000000000e+01 1.000000000000000000e+01 2.500000000000000000e+01 1.452028333523713854e-02 1.033848681346594134e-04 9.096894393582370952e+00 1.386486497472111168e+01
1.400000000000000000e+01 2.500000000000000000e+00 1.400000000000000000e+01 7.190000000000000391e+00 5.000000000000000000e+00 3.500000000000000000e+01 1.000000000000000000e+01 2.500000000000000000e+01 9.881830769997712594e-05 1.324959497672750786e-08 4.251487911030328526e+00 2.532943369940253220e+01
1.400000000000000000e+01 2.500000000000000000e+00 1.400000000000000000e+01 7.190000000000000391e+00 1.000000000000000000e+01 3.500000000000000000e+01 1.000000000000000000e+01 2.500000000000000000e+01 1.258829083585766284e-04 1.342518252123170441e-08 8.078398314936974245e+00 1.409882732994159937e+01
1.400000000000000000e+01 2.500000000000000000e+00 1.400000000000000000e+01 7.190000000000000391e+00 1.000000000000000000e+01 4.000000000000000000e+01 1.000000000000000000e+01 2.500000000000000000e+01 1.751181666509449286e-04 1.285288497854253364e-08 6.995626608669248903e+00 1.528845135149560264e+01
1.400000000000000000e+01 2.500000000000000000e+00 1.400000000000000000e+01 7.190000000000000391e+00 5.000000000000000000e+00 3.500000000000000000e+01 1.100000000000000000e+01 2.500000000000000000e+01 1.482740568470308773e-04 2.063609128022392269e-08 3.978097218951899272e+00 2.645339794551094670e+01
1.400000000000000000e+01 2.500000000000000000e+00 1.400000000000000000e+01 7.190000000000000391e+00 1.000000000000000000e+01 3.500000000000000000e+01 1.100000000000000000e+01 2.500000000000000000e+01 8.399527665425843281e-05 6.946506481142478151e-09 7.771589921960704750e+00 1.465676092774362438e+01
1.400000000000000000e+01 2.500000000000000000e+00 1.400000000000000000e+01 7.190000000000000391e+00 1.000000000000000000e+01 4.000000000000000000e+01 1.100000000000000000e+01 2.500000000000000000e+01 9.418238119618393966e-05 6.690550113930271436e-09 7.350873001742511903e+00 1.498819807615977240e+01
1.400000000000000000e+01 2.500000000000000000e+00 1.400000000000000000e+01 7.190000000000000391e+00 5.000000000000000000e+00 2.500000000000000000e+01 1.200000000000000000e+01 2.500000000000000000e+01 3.123056505438959185e-02 6.511487911746716151e-04 4.451192772516411544e+00 2.868719938268041858e+01
1.400000000000000000e+01 2.500000000000000000e+00 1.400000000000000000e+01 7.190000000000000391e+00 1.000000000000000000e+01 2.500000000000000000e+01 1.200000000000000000e+01 2.500000000000000000e+01 1.831990357740509445e-02 1.624070971129043528e-04 8.666459124400107683e+00 1.480092803112840372e+01
1.400000000000000000e+01 2.500000000000000000e+00 1.400000000000000000e+01 7.190000000000000391e+00 5.000000000000000000e+00 3.500000000000000000e+01 1.200000000000000000e+01 2.500000000000000000e+01 6.975073805374210067e-03 3.115329484115747505e-05 3.742602962436268665e+00 2.723693178974976448e+01
1.400000000000000000e+01 2.500000000000000000e+00 1.400000000000000000e+01 7.190000000000000391e+00 1.000000000000000000e+01 3.500000000000000000e+01 1.200000000000000000e+01 2.500000000000000000e+01 8.317300253812831556e-05 6.536125862766084538e-09 7.440126341560490353e+00 1.525834470009877819e+01
1.400000000000000000e+01 2.500000000000000000e+00 1.400000000000000000e+01 7.190000000000000391e+00 1.000000000000000000e+01 4.000000000000000000e+01 1.200000000000000000e+01 2.500000000000000000e+01 2.080627567728754457e-04 1.272474547953095225e-08 6.495741457952534326e+00 1.587609331697041881e+01
1.400000000000000000e+01 2.500000000000000000e+00 1.400000000000000000e+01 7.190000000000000391e+00 1.000000000000000000e+01 3.500000000000000000e+01 1.300000000000000000e+01 2.500000000000000000e+01 1.517191469482259691e-04 1.402118421367504197e-08 7.507767530225738284e+00 1.503703311691772981e+01
1.400000000000000000e+01 2.500000000000000000e+00 1.400000000000000000e+01 7.190000000000000391e+00 5.000000000000000000e+00 2.500000000000000000e+01 1.400000000000000000e+01 2.500000000000000000e+01 3.590254978563534038e-02 7.481139004335002340e-04 4.688392061708690939e+00 2.756406832001317753e+01
1.400000000000000000e+01 2.500000000000000000e+00 1.400000000000000000e+01 7.190000000000000391e+00 1.000000000000000000e+01 2.500000000000000000e+01 1.400000000000000000e+01 2.500000000000000000e+01 4.511091109358433826e-03 7.560795148409127364e-06 9.307939459661980663e+00 1.383574001731424730e+01
1.400000000000000000e+01 2.500000000000000000e+00 1.400000000000000000e+01 7.190000000000000391e+00 1.000000000000000000e+01 3.500000000000000000e+01 1.400000000000000000e+01 2.500000000000000000e+01 1.510525819963248750e-04 1.324484633080658114e-08 7.967006500450237283e+00 1.413796769691228405e+01
1.400000000000000000e+01 2.500000000000000000e+00 1.400000000000000000e+01 7.190000000000000391e+00 5.000000000000000000e+00 2.500000000000000000e+01 1.600000000000000000e+01 2.500000000000000000e+01 3.033200671504499013e-02 5.618686849475640344e-04 4.691003651386775886e+00 2.725284359498218834e+01
1.400000000000000000e+01 2.500000000000000000e+00 1.400000000000000000e+01 7.190000000000000391e+00 1.000000000000000000e+01 2.500000000000000000e+01 1.600000000000000000e+01 2.500000000000000000e+01 2.080297085104065857e-02 1.934820656221969415e-04 8.813075078112532879e+00 1.451954176083586923e+01
1.400000000000000000e+01 2.500000000000000000e+00 1.400000000000000000e+01 7.190000000000000391e+00 1.000000000000000000e+01 3.500000000000000000e+01 1.600000000000000000e+01 2.500000000000000000e+01 1.588785819399696209e-04 1.344386424406707192e-08 7.361757291348099308e+00 1.495187032988306974e+01
1.400000000000000000e+01 2.500000000000000000e+00 1.400000000000000000e+01 7.190000000000000391e+00 1.000000000000000000e+01 3.500000000000000000e+01 1.700000000000000000e+01 2.500000000000000000e+01 1.091041584522223218e-04 6.409787367545050074e-09 7.501180681402868977e+00 1.465983104760063149e+01
1.400000000000000000e+01 2.500000000000000000e+00 1.400000000000000000e+01 7.190000000000000391e+00 5.000000000000000000e+00 2.500000000000000000e+01 1.800000000000000000e+01 2.500000000000000000e+01 2.458557601750355204e-02 3.510708398517525808e-04 4.584964977875452874e+00 2.742823625652460251e+01
1.400000000000000000e+01 2.500000000000000000e+00 1.400000000000000000e+01 7.190000000000000391e+00 1.000000000000000000e+01 2.500000000000000000e+01 1.800000000000000000e+01 2.500000000000000000e+01 1.629875291342952615e-02 1.165643697711438165e-04 8.761425158760436815e+00 1.468771133658629147e+01
1.400000000000000000e+01 2.500000000000000000e+00 1.400000000000000000e+01 7.190000000000000391e+00 1.000000000000000000e+01 3.500000000000000000e+01 1.800000000000000000e+01 2.500000000000000000e+01 1.648465413184307948e-04 1.259001547460059101e-08 7.653434093996687615e+00 1.450186642222842437e+01
1.400000000000000000e+01 2.500000000000000000e+00 1.400000000000000000e+01 7.190000000000000391e+00 1.000000000000000000e+01 2.500000000000000000e+01 2.000000000000000000e+01 2.500000000000000000e+01 2.230042926999820097e-02 2.001641421600641735e-04 9.017095244420008981e+00 1.424887790889181005e+01
1.400000000000000000e+01 2.500000000000000000e+00 1.400000000000000000e+01 7.190000000000000391e+00 1.000000000000000000e+01 2.500000000000000000e+01 2.200000000000000000e+01 2.500000000000000000e+01 3.733206781511944072e-02 5.664468867638827732e-04 8.828771515243452939e+00 1.314605555212040322e+01
