1.600000000000000000e+01 1.500000000000000000e+00 1.800000000000000000e+01 3.000000000000000000e+00 1.000000000000000000e+00 2.500000000000000000e+01 0.000000000000000000e+00 2.500000000000000000e+01 3.530107848348507105e-05 1.304556285219860001e-08 1.673522762852388990e+00 6.580071817026960446e+01
1.600000000000000000e+01 1.500000000000000000e+00 1.800000000000000000e+01 3.000000000000000000e+00 5.000000000000000000e+00 2.500000000000000000e+01 0.000000000000000000e+00 2.500000000000000000e+01 3.630711340085746031e-05 6.564457866176098833e-09 5.929535258679437426e+00 2.654508930903358888e+01
1.600000000000000000e+01 1.500000000000000000e+00 1.800000000000000000e+01 3.000000000000000000e+00 1.000000000000000000e+01 2.500000000000000000e+01 0.000000000000000000e+00 2.500000000000000000e+01 7.411120128075765479e-05 1.976810182213739608e-08 1.756744374025082323e+01 7.827001413261164942e+00
1.600000000000000000e+01 1.500000000000000000e+00 1.800000000000000000e+01 3.000000000000000000e+00 1.000000000000000000e+00 2.500000000000000000e+01 1.000000000000000056e-01 2.500000000000000000e+01 3.604056521488985254e-05 1.316614905988444661e-08 1.583797846607907900e+00 6.899732632060666049e+01
1.600000000000000000e+01 1.500000000000000000e+00 1.800000000000000000e+01 3.000000000000000000e+00 5.000000000000000000e+00 2.500000000000000000e+01 1.000000000000000056e-01 2.500000000000000000e+01 5.435740233217245532e-05 1.368695445869150262e-08 5.672378258835376386e+00 2.753946443661055454e+01
1.600000000000000000e+01 1.500000000000000000e+00 1.800000000000000000e+01 3.000000000000000000e+00 1.000000000000000000e+01 2.500000000000000000e+01 1.000000000000000056e-01 2.500000000000000000e+01 8.388696776195914140e-05 2.391057263295692792e-08 1.682190248486406148e+01 8.250476446636447747e+00
1.600000000000000000e+01 1.500000000000000000e+00 1.800000000000000000e+01 3.000000000000000000e+00 1.000000000000000000e+00 3.500000000000000000e+01 1.000000000000000056e-01 2.500000000000000000e+01 2.693250974616923088e-05 8.740393964146164762e-09 1.532192263879454730e+00 6.931021287524926322e+01
1.600000000000000000e+01 1.500000000000000000e+00 1.800000000000000000e+01 3.000000000000000000e+00 5.000000000000000000e+00 3.500000000000000000e+01 1.000000000000000056e-01 2.500000000000000000e+01 3.289307307463573693e-05 5.950346659844285568e-09 5.181857209165861455e+00 2.889447888010806054e+01
1.600000000000000000e+01 1.500000000000000000e+00 1.800000000000000000e+01 3.000000000000000000e+00 1.000000000000000000e+01 3.500000000000000000e+01 1.000000000000000056e-01 2.500000000000000000e+01 5.004747698600375827e-05 1.292599138835726080e-08 1.593436393633542458e+01 8.535826894198796921e+00
1.600000000000000000e+01 1.500000000000000000e+00 1.800000000000000000e+01 3.000000000000000000e+00 1.000000000000000000e+00 4.000000000000000000e+01 1.000000000000000056e-01 2.500000000000000000e+01 1.919501083968988553e-05 6.185868928199056427e-09 1.584317161110921912e+00 6.602254914265756724e+01
1.600000000000000000e+01 1.500000000000000000e+00 1.800000000000000000e+01 3.000000000000000000e+00 5.000000000000000000e+00 4.000000000000000000e+01 1.000000000000000056e-01 2.500000000000000000e+01 3.108595996503815684e-05 6.782053585396852213e-09 5.451231986245014483e+00 2.751541598819497381e+01
1.600000000000000000e+01 1.500000000000000000e+00 1.800000000000000000e+01 3.000000000000000000e+00 1.000000000000000000e+01 4.000000000000000000e+01 1.000000000000000056e-01 2.500000000000000000e+01 5.806967240218341431e-05 2.101280416333395351e-08 1.558658377680160179e+01 8.632241131828090275e+00
1.600000000000000000e+01 1.500000000000000000e+00 1.800000000000000000e+01 3.000000000000000000e+00 1.000000000000000000e+00 2.500000000000000000e+01 1.000000000000000000e+00 2.500000000000000000e+01 5.336428362467948716e-05 2.119487585439117083e-08 1.564556683855561792e+00 7.067148691240201686e+01
1.600000000000000000e+01 1.500000000000000000e+00 1.800000000000000000e+01 3.000000000000000000e+00 1.000000000000000000e+00 3.500000000000000000e+01 1.000000000000000000e+00 2.500000000000000000e+01 3.852295070072564442e-05 1.324488252407718392e-08 1.532619353159058617e+00 6.926899547226180687e+01
1.600000000000000000e+01 1.500000000000000000e+00 1.800000000000000000e+01 3.000000000000000000e+00 5.000000000000000000e+00 3.500000000000000000e+01 1.000000000000000000e+00 2.500000000000000000e+01 3.808486473766414804e-05 7.180498862169315544e-09 5.295474820671041805e+00 2.797320648760393169e+01
1.600000000000000000e+01 1.500000000000000000e+00 1.800000000000000000e+01 3.000000000000000000e+00 1.000000000000000000e+01 3.500000000000000000e+01 1.000000000000000000e+00 2.500000000000000000e+01 5.291332542767257507e-05 1.293347939856914763e-08 1.576344420813470393e+01 8.533333898811831020e+00
1.600000000000000000e+01 1.500000000000000000e+00 1.800000000000000000e+01 3.000000000000000000e+00 1.000000000000000000e+00 4.000000000000000000e+01 1.000000000000000000e+00 2.500000000000000000e+01 1.665162383979179594e-05 6.119194262410587726e-09 1.581054379652907516e+00 6.412750042606177203e+01
1.600000000000000000e+01 1.500000000000000000e+00 1.800000000000000000e+01 3.000000000000000000e+00 5.000000000000000000e+00 4.000000000000000000e+01 1.000000000000000000e+00 2.500000000000000000e+01 2.368883773185004316e-05 6.126490870173029180e-09 5.598799440763294832e+00 2.605432989569681723e+01
1.600000000000000000e+01 1.500000000000000000e+00 1.800000000000000000e+01 3.000000000000000000e+00 1.000000000000000000e+01 4.000000000000000000e+01 1.000000000000000000e+00 2.500000000000000000e+01 3.245475779101170133e-05 1.236836899565219028e-08 1.596284785552112773e+01 8.203087261541778474e+00
1.600000000000000000e+01 1.500000000000000000e+00 1.800000000000000000e+01 3.000000000000000000e+00 1.000000000000000000e+00 2.500000000000000000e+01 2.000000000000000000e+00 2.500000000000000000e+01 5.608772023246721972e-05 2.020896694432394725e-08 1.543169680087735696e+00 7.199505282743723455e+01
1.600000000000000000e+01 1.500000000000000000e+00 1.800000000000000000e+01 3.000000000000000000e+00 5.000000000000000000e+00 2.500000000000000000e+01 2.000000000000000000e+00 2.500000000000000000e+01 4.795323944017937379e-05 6.739784508269508478e-09 5.563663920440836463e+00 2.784753434499019420e+01
1.600000000000000000e+01 1.500000000000000000e+00 1.800000000000000000e+01 3.000000000000000000e+00 1.000000000000000000e+01 2.500000000000000000e+01 2.000000000000000000e+00 2.500000000000000000e+01 9.971583719425858305e-05 1.961172357844986891e-08 1.658522549559131676e+01 8.483509012089573531e+00
1.600000000000000000e+01 1.500000000000000000e+00 1.800000000000000000e+01 3.000000000000000000e+00 1.000000000000000000e+00 3.500000000000000000e+01 2.000000000000000000e+00 2.500000000000000000e+01 3.936737875820384147e-05 1.344095923450083774e-08 1.550823405483374495e+00 6.824998054101689604e+01
1.600000000000000000e+01 1.500000000000000000e+00 1.800000000000000000e+01 3.000000000000000000e+00 5.000000000000000000e+00 3.500000000000000000e+01 2.000000000000000000e+00 2.500000000000000000e+01 3.338035657352023122e-05 6.120283613242349929e-09 5.535508927648864486e+00 2.667520732931220451e+01
1.600000000000000000e+01 1.500000000000000000e+00 1.800000000000000000e+01 3.000000000000000000e+00 1.000000000000000000e+01 3.500000000000000000e+01 2.000000000000000000e+00 2.500000000000000000e+01 5.826804681596797764e-05 1.325384157979669908e-08 1.623160818462323363e+01 8.218704140248831891e+00
1.600000000000000000e+01 1.500000000000000000e+00 1.800000000000000000e+01 3.000000000000000000e+00 1.000000000000000000e+00 4.000000000000000000e+01 2.000000000000000000e+00 2.500000000000000000e+01 3.847644349219692117e-05 8.454133171298394700e-09 1.636056088228450944e+00 6.027629170698371297e+01
1.600000000000000000e+01 1.500000000000000000e+00 1.800000000000000000e+01 3.000000000000000000e+00 5.000000000000000000e+00 4.000000000000000000e+01 2.000000000000000000e+00 2.500000000000000000e+01 2.344833137990498528e-05 6.303764843451631350e-09 5.820214354137142720e+00 2.479256670470546808e+01
1.600000000000000000e+01 1.500000000000000000e+00 1.800000000000000000e+01 3.000000000000000000e+00 1.000000000000000000e+01 4.000000000000000000e+01 2.000000000000000000e+00 2.500000000000000000e+01 3.922181579341099678e-05 1.299498553208877638e-08 1.651607973651804073e+01 7.784584464093796896e+00
1.600000000000000000e+01 1.500000000000000000e+00 1.800000000000000000e+01 3.000000000000000000e+00 1.000000000000000000e+00 2.500000000000000000e+01 3.000000000000000000e+00 2.500000000000000000e+01 8.758086097215844745e-05 4.237366368897710345e-08 1.537412062300971716e+00 7.275839656746038031e+01
1.600000000000000000e+01 1.500000000000000000e+00 1.800000000000000000e+01 3.000000000000000000e+00 1.000000000000000000e+00 3.500000000000000000e+01 3.000000000000000000e+00 2.500000000000000000e+01 2.531747174217002794e-05 7.881040708923592319e-09 1.548475189802716478e+00 6.737374564918115993e+01
1.600000000000000000e+01 1.500000000000000000e+00 1.800000000000000000e+01 3.000000000000000000e+00 5.000000000000000000e+00 3.500000000000000000e+01 3.000000000000000000e+00 2.500000000000000000e+01 3.092907333890337895e-05 6.400727503574898947e-09 5.479466078541560314e+00 2.664466969839390842e+01
1.600000000000000000e+01 1.500000000000000000e+00 1.800000000000000000e+01 3.000000000000000000e+00 1.000000000000000000e+01 3.500000000000000000e+01 3.000000000000000000e+00 2.500000000000000000e+01 4.987956728363940329e-05 1.280455741436981043e-08 1.610288554942214034e+01 8.225940928077632108e+00
1.600000000000000000e+01 1.500000000000000000e+00 1.800000000000000000e+01 3.000000000000000000e+00 1.000000000000000000e+00 4.000000000000000000e+01 3.000000000000000000e+00 2.500000000000000000e+01 6.056214214256172568e-05 1.353096923395469275e-08 1.661800589333388256e+00 5.890752999593073724e+01
1.600000000000000000e+01 1.500000000000000000e+00 1.800000000000000000e+01 3.000000000000000000e+00 5.000000000000000000e+00 4.000000000000000000e+01 3.000000000000000000e+00 2.500000000000000000e+01 2.456960408059316592e-05 6.514075501229399379e-09 5.771853600641262183e+00 2.475546796532358229e+01
1.600000000000000000e+01 1.500000000000000000e+00 1.800000000000000000e+01 3.000000000000000000e+00 1.000000000000000000e+01 4.000000000000000000e+01 3.000000000000000000e+00 2.500000000000000000e+01 4.037994248307086309e-05 1.249827552562976507e-08 1.646241285642919649e+01 7.763569542114932887e+00
1.600000000000000000e+01 1.500000000000000000e+00 1.800000000000000000e+01 3.000000000000000000e+00 1.000000000000000000e+00 2.500000000000000000e+01 4.000000000000000000e+00 2.500000000000000000e+01 2.153856263165776497e-03 2.341215724199763315e-05 1.521324605935323149e+00 7.348891098023018742e+01
1.600000000000000000e+01 1.500000000000000000e+00 1.800000000000000000e+01 3.000000000000000000e+00 5.000000000000000000e+00 2.500000000000000000e+01 4.000000000000000000e+00 2.500000000000000000e+01 7.677089264501724131e-05 1.373606539623040135e-08 5.486433745638453985e+00 2.825907661757147693e+01
1.600000000000000000e+01 1.500000000000000000e+00 1.800000000000000000e+01 3.000000000000000000e+00 1.000000000000000000e+01 2.500000000000000000e+01 4.000000000000000000e+00 2.500000000000000000e+01 8.970413459730153249e-05 1.343492717076344434e-08 1.651566510543039712e+01 8.638470533562392362e+00
1.600000000000000000e+01 1.500000000000000000e+00 1.800000000000000000e+01 3.000000000000000000e+00 1.000000000000000000e+00 3.500000000000000000e+01 4.000000000000000000e+00 2.500000000000000000e+01 3.631342436705153887e-05 1.279953343313877667e-08 1.590237328288637064e+00 6.478900550431296779e+01
1.600000000000000000e+01 1.500000000000000000e+00 1.800000000000000000e+01 3.000000000000000000e+00 5.000000000000000000e+00 3.500000000000000000e+01 4.000000000000000000e+00 2.500000000000000000e+01 3.223558855180996829e-05 6.677827180112672067e-09 5.805074656218999429e+00 2.515391467747035747e+01
1.600000000000000000e+01 1.500000000000000000e+00 1.800000000000000000e+01 3.000000000000000000e+00 1.000000000000000000e+01 3.500000000000000000e+01 4.000000000000000000e+00 2.500000000000000000e+01 5.492913850035918699e-05 1.328457299720753326e-08 1.670885142253395728e+01 7.763806497251469096e+00
1.600000000000000000e+01 1.500000000000000000e+00 1.800000000000000000e+01 3.000000000000000000e+00 5.000000000000000000e+00 4.000000000000000000e+01 4.000000000000000000e+00 2.500000000000000000e+01 2.398188960706093553e-05 6.191712031977658626e-09 5.773306106382379177e+00 2.437052953716938930e+01
1.600000000000000000e+01 1.500000000000000000e+00 1.800000000000000000e+01 3.000000000000000000e+00 1.000000000000000000e+01 4.000000000000000000e+01 4.000000000000000000e+00 2.500000000000000000e+01 4.461631109919927951e-05 1.333601562514274974e-08 1.700656173119404357e+01 7.470881425531171516e+00
1.600000000000000000e+01 1.500000000000000000e+00 1.800000000000000000e+01 3.000000000000000000e+00 1.000000000000000000e+00 2.500000000000000000e+01 5.000000000000000000e+00 2.500000000000000000e+01 2.640338710193423921e-03 3.163113458848343384e-05 1.549522239887102248e+00 7.245165967817729324e+01
1.600000000000000000e+01 1.500000000000000000e+00 1.800000000000000000e+01 3.000000000000000000e+00 1.000000000000000000e+00 3.500000000000000000e+01 5.000000000000000000e+00 2.500000000000000000e+01 3.791171169975626754e-05 1.378889713521402882e-08 1.632059214319453222e+00 6.327629827905776949e+01
1.600000000000000000e+01 1.500000000000000000e+00 1.800000000000000000e+01 3.000000000000000000e+00 5.000000000000000000e+00 3.500000000000000000e+01 5.000000000000000000e+00 2.500000000000000000e+01 3.146646428042743082e-05 6.164506016759219165e-09 5.910013888427246620e+00 2.465110725103155787e+01
1.600000000000000000e+01 1.500000000000000000e+00 1.800000000000000000e+01 3.000000000000000000e+00 1.000000000000000000e+01 3.500000000000000000e+01 5.000000000000000000e+00 2.500000000000000000e+01 5.268213652009912096e-05 1.297093343843869206e-08 1.713272967252792967e+01 7.544658102362078012e+00
1.600000000000000000e+01 1.500000000000000000e+00 1.800000000000000000e+01 3.000000000000000000e+00 5.000000000000000000e+00 4.000000000000000000e+01 5.000000000000000000e+00 2.500000000000000000e+01 2.811374656941367789e-05 6.314124112449803761e-09 5.804526416831167879e+00 2.400584113046528500e+01
1.600000000000000000e+01 1.500000000000000000e+00 1.800000000000000000e+01 3.000000000000000000e+00 1.000000000000000000e+01 4.000000000000000000e+01 5.000000000000000000e+00 2.500000000000000000e+01 4.486569595751888073e-05 1.346862021911476859e-08 1.705009969099140221e+01 7.386216905539519928e+00
1.600000000000000000e+01 1.500000000000000000e+00 1.800000000000000000e+01 3.000000000000000000e+00 1.000000000000000000e+00 2.500000000000000000e+01 6.000000000000000000e+00 2.500000000000000000e+01 5.446857659362480675e-03 1.266001651245574067e-04 1.622696182577996415e+00 6.933670647363580031e+01
1.600000000000000000e+01 1.500000000000000000e+00 1.800000000000000000e+01 3.000000000000000000e+00 5.000000000000000000e+00 2.500000000000000000e+01 6.000000000000000000e+00 2.500000000000000000e+01 5.902350947817325277e-05 6.508486416478831416e-09 5.866627635779146921e+00 2.673311801609895255e+01
1.600000000000000000e+01 1.500000000000000000e+00 1.800000000000000000e+01 3.000000000000000000e+00 1.000000000000000000e+01 2.500000000000000000e+01 6.000000000000000000e+00 2.500000000000000000e+01 1.155379139357037843e-04 2.023390388572465781e-08 1.734308648239898076e+01 8.031060325370372510e+00
1.600000000000000000e+01 1.500000000000000000e+00 1.800000000000000000e+01 3.000000000000000000e+00 1.000000000000000000e+00 3.500000000000000000e+01 6.000000000000000000e+00 2.500000000000000000e+01 4.621644506475064418e-05 1.339835664637689661e-08 1.717475890792843574e+00 5.984190250023770830e+01
1.600000000000000000e+01 1.500000000000000000e+00 1.800000000000000000e+01 3.000000000000000000e+00 5.000000000000000000e+00 3.500000000000000000e+01 6.000000000000000000e+00 2.500000000000000000e+01 3.321479442131014537e-05 6.302921962131335931e-09 6.138023319102732245e+00 2.369755250695614279e+01
1.600000000000000000e+01 1.500000000000000000e+00 1.800000000000000000e+01 3.000000000000000000e+00 1.000000000000000000e+01 3.500000000000000000e+01 6.000000000000000000e+00 2.500000000000000000e+01 4.970141604676570068e-05 1.291510098866410772e-08 1.770023952181048088e+01 7.139263814223962612e+00
1.600000000000000000e+01 1.500000000000000000e+00 1.800000000000000000e+01 3.000000000000000000e+00 5.000000000000000000e+00 4.000000000000000000e+01 6.000000000000000000e+00 2.500000000000000000e+01 3.082257091735485233e-05 6.261518192829385043e-09 6.201392844118045922e+00 2.263622450976846068e+01
1.600000000000000000e+01 1.500000000000000000e+00 1.800000000000000000e+01 3.000000000000000000e+00 1.000000000000000000e+01 4.000000000000000000e+01 6.000000000000000000e+00 2.500000000000000000e+01 4.582539459208057053e-05 1.264803595191210661e-08 1.795398973975373025e+01 6.926545577504796825e+00
1.600000000000000000e+01 1.500000000000000000e+00 1.800000000000000000e+01 3.000000000000000000e+00 1.000000000000000000e+00 2.500000000000000000e+01 7.000000000000000000e+00 2.500000000000000000e+01 5.381743944721906203e-03 1.091828665884531091e-04 1.679289771673202258e+00 6.729138241172151425e+01
1.600000000000000000e+01 1.500000000000000000e+00 1.800000000000000000e+01 3.000000000000000000e+00 5.000000000000000000e+00 3.500000000000000000e+01 7.000000000000000000e+00 2.500000000000000000e+01 3.536297695094781091e-05 6.306906552566715618e-09 6.321920527519363731e+00 2.313679141143403584e+01
1.600000000000000000e+01 1.500000000000000000e+00 1.800000000000000000e+01 3.000000000000000000e+00 1.000000000000000000e+01 3.500000000000000000e+01 7.000000000000000000e+00 2.500000000000000000e+01 5.164008941771491834e-05 1.323143283826766492e-08 1.802281375669964802e+01 7.022495800223195417e+00
1.600000000000000000e+01 1.500000000000000000e+00 1.800000000000000000e+01 3.000000000000000000e+00 5.000000000000000000e+00 4.000000000000000000e+01 7.000000000000000000e+00 2.500000000000000000e+01 3.525551779448576895e-05 7.144803637615382286e-09 6.497897215749389943e+00 2.171558678737676473e+01
1.600000000000000000e+01 1.500000000000000000e+00 1.800000000000000000e+01 3.000000000000000000e+00 1.000000000000000000e+01 4.000000000000000000e+01 7.000000000000000000e+00 2.500000000000000000e+01 5.103846262244360332e-05 1.285711315190951609e-08 1.839332004778302831e+01 6.774434020495315067e+00
1.600000000000000000e+01 1.500000000000000000e+00 1.800000000000000000e+01 3.000000000000000000e+00 1.000000000000000000e+00 2.500000000000000000e+01 8.000000000000000000e+00 2.500000000000000000e+01 4.225032888555801946e-03 5.732823847282020324e-05 1.864617890051573967e+00 6.326691113779295961e+01
1.600000000000000000e+01 1.500000000000000000e+00 1.800000000000000000e+01 3.000000000000000000e+00 5.000000000000000000e+00 2.500000000000000000e+01 8.000000000000000000e+00 2.500000000000000000e+01 9.017077251094463008e-05 1.322465181807785939e-08 6.071301128521462864e+00 2.569489360600948658e+01
1.600000000000000000e+01 1.500000000000000000e+00 1.800000000000000000e+01 3.000000000000000000e+00 1.000000000000000000e+01 2.500000000000000000e+01 8.000000000000000000e+00 2.500000000000000000e+01 1.292382341779862998e-04 2.078394500948377299e-08 1.893721808541312157e+01 6.957093067069363812e+00
1.600000000000000000e+01 1.500000000000000000e+00 1.800000000000000000e+01 3.000000000000000000e+00 5.000000000000000000e+00 3.500000000000000000e+01 8.000000000000000000e+00 2.500000000000000000e+01 4.023556601273625688e-05 6.380167949515680448e-09 7.518031259745775685e+00 1.943057578735601609e+01
1.600000000000000000e+01 1.500000000000000000e+00 1.800000000000000000e+01 3.000000000000000000e+00 1.000000000000000000e+01 3.500000000000000000e+01 8.000000000000000000e+00 2.500000000000000000e+01 6.997349695980759066e-05 1.946669314634164039e-08 1.900586039362728741e+01 6.363492885113976705e+00
1.600000000000000000e+01 1.500000000000000000e+00 1.800000000000000000e+01 3.000000000000000000e+00 5.000000000000000000e+00 4.000000000000000000e+01 8.000000000000000000e+00 2.500000000000000000e+01 3.419402131488169516e-05 6.606140523501835560e-09 7.003319950041303699e+00 2.021842332131749131e+01
1.600000000000000000e+01 1.500000000000000000e+00 1.800000000000000000e+01 3.000000000000000000e+00 1.000000000000000000e+01 4.000000000000000000e+01 8.000000000000000000e+00 2.500000000000000000e+01 5.174701389742963897e-05 1.285530326633477216e-08 1.825165380076667532e+01 6.669208305895790723e+00
1.600000000000000000e+01 1.500000000000000000e+00 1.800000000000000000e+01 3.000000000000000000e+00 1.000000000000000000e+00 2.500000000000000000e+01 9.000000000000000000e+00 2.500000000000000000e+01 5.419395634070012235e-03 8.879125124505726774e-05 1.950505425860845632e+00 6.104821267672742380e+01
1.600000000000000000e+01 1.500000000000000000e+00 1.800000000000000000e+01 3.000000000000000000e+00 5.000000000000000000e+00 3.500000000000000000e+01 9.000000000000000000e+00 2.500000000000000000e+01 3.412190216733890225e-05 6.433788612980606558e-09 6.635080681935567881e+00 2.200895405696804374e+01
1.600000000000000000e+01 1.500000000000000000e+00 1.800000000000000000e+01 3.000000000000000000e+00 5.000000000000000000e+00 4.000000000000000000e+01 9.000000000000000000e+00 2.500000000000000000e+01 3.593371363108666117e-05 6.570673116712555384e-09 7.270645137511625222e+00 1.975654673960282182e+01
1.600000000000000000e+01 1.500000000000000000e+00 1.800000000000000000e+01 3.000000000000000000e+00 1.000000000000000000e+01 4.000000000000000000e+01 9.000000000000000000e+00 2.500000000000000000e+01 4.696979965546077551e-05 1.329612686618020234e-08 1.814408641873890815e+01 6.733994501143785172e+00
1.600000000000000000e+01 1.500000000000000000e+00 1.800000000000000000e+01 3.000000000000000000e+00 5.000000000000000000e+00 2.500000000000000000e+01 1.000000000000000000e+01 2.500000000000000000e+01 9.429774055047523973e-05 1.343067301817768566e-08 6.086627719075856646e+00 2.579032660244408959e+01
1.600000000000000000e+01 1.500000000000000000e+00 1.800000000000000000e+01 3.000000000000000000e+00 1.000000000000000000e+01 2.500000000000000000e+01 1.000000000000000000e+01 2.500000000000000000e+01 1.194776217854354172e-04 1.936491766940662274e-08 1.848752257696464696e+01 7.193685639129180132e+00
1.600000000000000000e+01 1.500000000000000000e+00 1.800000000000000000e+01 3.000000000000000000e+00 5.000000000000000000e+00 3.500000000000000000e+01 1.000000000000000000e+01 2.500000000000000000e+01 4.117287101701450069e-05 6.842347799462800140e-09 6.973796877409641937e+00 2.076596402908221961e+01
1.600000000000000000e+01 1.500000000000000000e+00 1.800000000000000000e+01 3.000000000000000000e+00 1.000000000000000000e+01 3.500000000000000000e+01 1.000000000000000000e+01 2.500000000000000000e+01 6.406543483694626673e-05 1.923474690634918716e-08 1.943652205419713042e+01 6.151584107445207117e+00
1.600000000000000000e+01 1.500000000000000000e+00 1.800000000000000000e+01 3.000000000000000000e+00 1.000000000000000000e+01 4.000000000000000000e+01 1.000000000000000000e+01 2.500000000000000000e+01 5.709495816907939059e-05 1.322829468186625945e-08 1.940543085831144765e+01 6.238390643371485744e+00
1.600000000000000000e+01 1.500000000000000000e+00 1.800000000000000000e+01 3.000000000000000000e+00 5.000000000000000000e+00 3.500000000000000000e+01 1.100000000000000000e+01 2.500000000000000000e+01 5.212023499967521900e-05 6.378303440968124960e-09 7.266076127858903000e+00 2.078836489688062983e+01
1.600000000000000000e+01 1.500000000000000000e+00 1.800000000000000000e+01 3.000000000000000000e+00 1.000000000000000000e+01 3.500000000000000000e+01 1.100000000000000000e+01 2.500000000000000000e+01 7.242696775922041752e-05 1.968742946445445341e-08 1.827132830350837267e+01 6.714711729400347551e+00
1.600000000000000000e+01 1.500000000000000000e+00 1.800000000000000000e+01 3.000000000000000000e+00 1.000000000000000000e+01 4.000000000000000000e+01 1.100000000000000000e+01 2.500000000000000000e+01 4.757517788456233632e-05 1.257975368318398068e-08 1.749987352136774987e+01 7.100698097771681816e+00
1.600000000000000000e+01 1.500000000000000000e+00 1.800000000000000000e+01 3.000000000000000000e+00 5.000000000000000000e+00 2.500000000000000000e+01 1.200000000000000000e+01 2.500000000000000000e+01 9.460482727519092805e-05 1.241075642255395906e-08 6.308696352262643359e+00 2.502442407173859351e+01
1.600000000000000000e+01 1.500000000000000000e+00 1.800000000000000000e+01 3.000000000000000000e+00 1.000000000000000000e+01 2.500000000000000000e+01 1.200000000000000000e+01 2.500000000000000000e+01 7.681453935948212575e-04 7.638787526964563313e-07 1.863295196974326373e+01 7.067064459852085534e+00
1.600000000000000000e+01 1.500000000000000000e+00 1.800000000000000000e+01 3.000000000000000000e+00 5.000000000000000000e+00 3.500000000000000000e+01 1.200000000000000000e+01 2.500000000000000000e+01 3.774979802817490793e-05 6.375540761993647720e-09 6.845960577993972507e+00 2.122240144660379357e+01
1.600000000000000000e+01 1.500000000000000000e+00 1.800000000000000000e+01 3.000000000000000000e+00 1.000000000000000000e+01 3.500000000000000000e+01 1.200000000000000000e+01 2.500000000000000000e+01 6.972529807613980779e-05 2.035753632334547092e-08 1.951385569259013053e+01 6.159934446799090857e+00
1.600000000000000000e+01 1.500000000000000000e+00 1.800000000000000000e+01 3.000000000000000000e+00 1.000000000000000000e+01 4.000000000000000000e+01 1.200000000000000000e+01 2.500000000000000000e+01 6.586464279334514060e-05 1.596702303707786541e-08 1.853143735908778922e+01 6.571683501192147503e+00
1.600000000000000000e+01 1.500000000000000000e+00 1.800000000000000000e+01 3.000000000000000000e+00 1.000000000000000000e+01 3.500000000000000000e+01 1.300000000000000000e+01 2.500000000000000000e+01 1.015516634217394909e-04 3.197703879465052523e-08 2.048120500980915892e+01 5.867878208950348728e+00
1.600000000000000000e+01 1.500000000000000000e+00 1.800000000000000000e+01 3.000000000000000000e+00 5.000000000000000000e+00 2.500000000000000000e+01 1.400000000000000000e+01 2.500000000000000000e+01 1.040733457093878656e-04 1.242169300752493655e-08 7.379301812089860135e+00 2.191411798967028446e+01
1.600000000000000000e+01 1.500000000000000000e+00 1.800000000000000000e+01 3.000000000000000000e+00 1.000000000000000000e+01 2.500000000000000000e+01 1.400000000000000000e+01 2.500000000000000000e+01 2.240780858899782402e-04 5.392168755946613601e-08 2.139225662330238009e+01 6.003145003743711960e+00
1.600000000000000000e+01 1.500000000000000000e+00 1.800000000000000000e+01 3.000000000000000000e+00 1.000000000000000000e+01 3.500000000000000000e+01 1.400000000000000000e+01 2.500000000000000000e+01 9.168523333085598637e-03 3.206911765811781834e-04 2.137540470413351557e+01 5.578482758759695237e+00
1.600000000000000000e+01 1.500000000000000000e+00 1.800000000000000000e+01 3.000000000000000000e+00 1.000000000000000000e+01 3.500000000000000000e+01 1.500000000000000000e+01 2.500000000000000000e+01 2.313868687754494502e-02 3.375656804065485517e-03 2.206899156032730502e+01 5.241311950637359551e+00
1.600000000000000000e+01 1.500000000000000000e+00 1.800000000000000000e+01 3.000000000000000000e+00 5.000000000000000000e+00 2.500000000000000000e+01 1.600000000000000000e+01 2.500000000000000000e+01 1.045273904232146833e-04 1.289647166835550252e-08 7.072699524415570593e+00 2.257307299944521972e+01
1.600000000000000000e+01 1.500000000000000000e+00 1.800000000000000000e+01 3.000000000000000000e+00 1.000000000000000000e+01 2.500000000000000000e+01 1.600000000000000000e+01 2.500000000000000000e+01 1.578122694063655018e-04 2.754626726719777707e-08 2.009747803437194946e+01 6.474054132932812067e+00
1.600000000000000000e+01 1.500000000000000000e+00 1.800000000000000000e+01 3.000000000000000000e+00 1.000000000000000000e+01 3.500000000000000000e+01 1.600000000000000000e+01 2.500000000000000000e+01 5.915120453314770543e-05 1.306801067357810098e-08 1.875895544508125568e+01 6.508438530386764675e+00
1.600000000000000000e+01 1.500000000000000000e+00 1.800000000000000000e+01 3.000000000000000000e+00 1.000000000000000000e+01 3.500000000000000000e+01 1.700000000000000000e+01 2.500000000000000000e+01 1.576482367120490835e-04 7.984400185456763666e-08 2.199548079750210761e+01 5.348606694906250958e+00
1.600000000000000000e+01 1.500000000000000000e+00 1.800000000000000000e+01 3.000000000000000000e+00 5.000000000000000000e+00 2.500000000000000000e+01 1.800000000000000000e+01 2.500000000000000000e+01 9.794435737497941830e-05 1.344694267046975256e-08 5.186328835849109531e+00 2.893847841914194063e+01
1.600000000000000000e+01 1.500000000000000000e+00 1.800000000000000000e+01 3.000000000000000000e+00 1.000000000000000000e+01 2.500000000000000000e+01 1.800000000000000000e+01 2.500000000000000000e+01 1.963272821177142191e-04 4.347518478553524801e-08 1.971806072550010569e+01 6.621366651396089154e+00
1.600000000000000000e+01 1.500000000000000000e+00 1.800000000000000000e+01 3.000000000000000000e+00 1.000000000000000000e+01 3.500000000000000000e+01 1.800000000000000000e+01 2.500000000000000000e+01 9.805921875782885877e-05 3.195786990595195221e-08 2.123290607516389628e+01 5.615697819952296221e+00
1.600000000000000000e+01 1.500000000000000000e+00 1.800000000000000000e+01 3.000000000000000000e+00 1.000000000000000000e+01 2.500000000000000000e+01 2.000000000000000000e+01 2.500000000000000000e+01 1.806337342584729555e-04 3.548041749290575808e-08 2.008419826526306906e+01 6.485655922308515287e+00
