7.000000000000000000e+00 1.500000000000000000e+00 1.200000000000000000e+01 5.209999999999999964e+00 1.000000000000000000e+00 2.500000000000000000e+01 0.000000000000000000e+00 2.500000000000000000e+01 1.608153066023909616e-05 6.142668373954052186e-09 1.434744158112281953e+00 6.285331468086945250e+01
7.000000000000000000e+00 1.500000000000000000e+00 1.200000000000000000e+01 5.209999999999999964e+00 5.000000000000000000e+00 2.500000000000000000e+01 0.000000000000000000e+00 2.500000000000000000e+01 2.460811193594203417e-05 6.672624897063883509e-09 5.582774216167329939e+00 2.559548879163283175e+01
7.000000000000000000e+00 1.500000000000000000e+00 1.200000000000000000e+01 5.209999999999999964e+00 1.000000000000000000e+00 2.500000000000000000e+01 1.000000000000000056e-01 2.500000000000000000e+01 1.652113516770192803e-05 6.180496781027500219e-09 1.404487511686401513e+00 6.345932157635115800e+01
7.000000000000000000e+00 1.500000000000000000e+00 1.200000000000000000e+01 5.209999999999999964e+00 5.000000000000000000e+00 2.500000000000000000e+01 1.000000000000000056e-01 2.500000000000000000e+01 2.474413624375948473e-05 6.817259867730740552e-09 5.556550563115925101e+00 2.567676050591993331e+01
7.000000000000000000e+00 1.500000000000000000e+00 1.200000000000000000e+01 5.209999999999999964e+00 1.000000000000000000e+00 3.500000000000000000e+01 1.000000000000000056e-01 2.500000000000000000e+01 1.853190267908644273e-05 6.568659838279700125e-09 1.335836374463059251e+00 6.472295057441914423e+01
7.000000000000000000e+00 1.500000000000000000e+00 1.200000000000000000e+01 5.209999999999999964e+00 5.000000000000000000e+00 3.500000000000000000e+01 1.000000000000000056e-01 2.500000000000000000e+01 2.457123150212403573e-05 6.580487044161031918e-09 5.234073258490846037e+00 2.623447289573940466e+01
7.000000000000000000e+00 1.500000000000000000e+00 1.200000000000000000e+01 5.209999999999999964e+00 1.000000000000000000e+01 3.500000000000000000e+01 1.000000000000000056e-01 2.500000000000000000e+01 2.790733829183267289e-05 6.329994528542215448e-09 9.759012291495327673e+00 1.551275568864598497e+01
7.000000000000000000e+00 1.500000000000000000e+00 1.200000000000000000e+01 5.209999999999999964e+00 1.000000000000000000e+00 4.000000000000000000e+01 1.000000000000000056e-01 2.500000000000000000e+01 1.553847608892766630e-05 6.331365431933022592e-09 1.336474477865283728e+00 6.305299821421361628e+01
7.000000000000000000e+00 1.500000000000000000e+00 1.200000000000000000e+01 5.209999999999999964e+00 5.000000000000000000e+00 4.000000000000000000e+01 1.000000000000000056e-01 2.500000000000000000e+01 2.199031357452696511e-05 6.716863731881517197e-09 5.239338964454797853e+00 2.581423882807957071e+01
7.000000000000000000e+00 1.500000000000000000e+00 1.200000000000000000e+01 5.209999999999999964e+00 1.000000000000000000e+01 4.000000000000000000e+01 1.000000000000000056e-01 2.500000000000000000e+01 2.049690401140225049e-05 6.233104921093968187e-09 9.928327044698875170e+00 1.499601666926098531e+01
7.000000000000000000e+00 1.500000000000000000e+00 1.200000000000000000e+01 5.209999999999999964e+00 1.000000000000000000e+00 2.500000000000000000e+01 1.000000000000000000e+00 2.500000000000000000e+01 2.303227422606468622e-05 6.844458999566427337e-09 1.356451411480447122e+00 6.573970344279750577e+01
7.000000000000000000e+00 1.500000000000000000e+00 1.200000000000000000e+01 5.209999999999999964e+00 1.000000000000000000e+00 3.500000000000000000e+01 1.000000000000000000e+00 2.500000000000000000e+01 1.794411617850322216e-05 6.554384812673674787e-09 1.262936927442912305e+00 6.404312247989210505e+01
7.000000000000000000e+00 1.500000000000000000e+00 1.200000000000000000e+01 5.209999999999999964e+00 5.000000000000000000e+00 3.500000000000000000e+01 1.000000000000000000e+00 2.500000000000000000e+01 2.251637317440824404e-05 6.830830789894548616e-09 4.982259470251373834e+00 2.566306502071428852e+01
7.000000000000000000e+00 1.500000000000000000e+00 1.200000000000000000e+01 5.209999999999999964e+00 1.000000000000000000e+01 3.500000000000000000e+01 1.000000000000000000e+00 2.500000000000000000e+01 3.318263536500332123e-05 1.227371582146474793e-08 9.418635998203988891e+00 1.503786707580681536e+01
7.000000000000000000e+00 1.500000000000000000e+00 1.200000000000000000e+01 5.209999999999999964e+00 1.000000000000000000e+00 4.000000000000000000e+01 1.000000000000000000e+00 2.500000000000000000e+01 1.212343920387048968e-05 4.774197481793862607e-09 1.206332603973900186e+00 6.033450828506007468e+01
7.000000000000000000e+00 1.500000000000000000e+00 1.200000000000000000e+01 5.209999999999999964e+00 5.000000000000000000e+00 4.000000000000000000e+01 1.000000000000000000e+00 2.500000000000000000e+01 1.345535380781193169e-05 5.958344928558290121e-09 4.922930371534273597e+00 2.453709964843133662e+01
7.000000000000000000e+00 1.500000000000000000e+00 1.200000000000000000e+01 5.209999999999999964e+00 1.000000000000000000e+01 4.000000000000000000e+01 1.000000000000000000e+00 2.500000000000000000e+01 1.580018842828323500e-05 5.892235366289355625e-09 9.512895568460104201e+00 1.413876737315546173e+01
7.000000000000000000e+00 1.500000000000000000e+00 1.200000000000000000e+01 5.209999999999999964e+00 1.000000000000000000e+00 2.500000000000000000e+01 2.000000000000000000e+00 2.500000000000000000e+01 3.807376648268245845e-05 1.381250824827873203e-08 1.362206654179477061e+00 6.600521224037490242e+01
7.000000000000000000e+00 1.500000000000000000e+00 1.200000000000000000e+01 5.209999999999999964e+00 5.000000000000000000e+00 2.500000000000000000e+01 2.000000000000000000e+00 2.500000000000000000e+01 3.675560112981202110e-05 6.369958782670437358e-09 5.318349855897594125e+00 2.610369357567484627e+01
7.000000000000000000e+00 1.500000000000000000e+00 1.200000000000000000e+01 5.209999999999999964e+00 1.000000000000000000e+00 3.500000000000000000e+01 2.000000000000000000e+00 2.500000000000000000e+01 3.119346905555708815e-05 6.553780629303673777e-09 1.229154555704896179e+00 6.036254047207417273e+01
7.000000000000000000e+00 1.500000000000000000e+00 1.200000000000000000e+01 5.209999999999999964e+00 5.000000000000000000e+00 3.500000000000000000e+01 2.000000000000000000e+00 2.500000000000000000e+01 1.751849195508192736e-05 6.517066220013134625e-09 5.085018586293254650e+00 2.468916261835402182e+01
7.000000000000000000e+00 1.500000000000000000e+00 1.200000000000000000e+01 5.209999999999999964e+00 1.000000000000000000e+01 3.500000000000000000e+01 2.000000000000000000e+00 2.500000000000000000e+01 1.971750071327882381e-05 6.189771584175218777e-09 9.452902766767644849e+00 1.468393362430026805e+01
7.000000000000000000e+00 1.500000000000000000e+00 1.200000000000000000e+01 5.209999999999999964e+00 1.000000000000000000e+00 4.000000000000000000e+01 2.000000000000000000e+00 2.500000000000000000e+01 6.272209935653805246e-06 5.570274241861739029e-09 1.170800121103633851e+00 6.180674774173374431e+01
7.000000000000000000e+00 1.500000000000000000e+00 1.200000000000000000e+01 5.209999999999999964e+00 5.000000000000000000e+00 4.000000000000000000e+01 2.000000000000000000e+00 2.500000000000000000e+01 4.228989512466974077e-05 6.299209820426199258e-09 5.144219140694040959e+00 2.080648282894600953e+01
7.000000000000000000e+00 1.500000000000000000e+00 1.200000000000000000e+01 5.209999999999999964e+00 1.000000000000000000e+01 4.000000000000000000e+01 2.000000000000000000e+00 2.500000000000000000e+01 4.241330436571821849e-05 6.337787405996664347e-09 9.604202143136072678e+00 1.302163559798990811e+01
7.000000000000000000e+00 1.500000000000000000e+00 1.200000000000000000e+01 5.209999999999999964e+00 1.000000000000000000e+00 2.500000000000000000e+01 3.000000000000000000e+00 2.500000000000000000e+01 6.020098704939691459e-05 2.746447136381391374e-08 1.300472287847002528e+00 6.882185017814791195e+01
7.000000000000000000e+00 1.500000000000000000e+00 1.200000000000000000e+01 5.209999999999999964e+00 1.000000000000000000e+00 3.500000000000000000e+01 3.000000000000000000e+00 2.500000000000000000e+01 4.387483486145704603e-05 1.271390193124943835e-08 1.224745882456850898e+00 5.896162320686281078e+01
7.000000000000000000e+00 1.500000000000000000e+00 1.200000000000000000e+01 5.209999999999999964e+00 5.000000000000000000e+00 3.500000000000000000e+01 3.000000000000000000e+00 2.500000000000000000e+01 2.964946540373603057e-05 6.208766389903530580e-09 5.052954141750774397e+00 2.319989533875379806e+01
7.000000000000000000e+00 1.500000000000000000e+00 1.200000000000000000e+01 5.209999999999999964e+00 1.000000000000000000e+01 3.500000000000000000e+01 3.000000000000000000e+00 2.500000000000000000e+01 1.888692317986162550e-05 5.985695050725325927e-09 9.569138039970207288e+00 1.421885770792469117e+01
7.000000000000000000e+00 1.500000000000000000e+00 1.200000000000000000e+01 5.209999999999999964e+00 1.000000000000000000e+00 4.000000000000000000e+01 3.000000000000000000e+00 2.500000000000000000e+01 5.222744237087795227e-09 8.865213095931288478e+00 9.856625324005386934e-01 8.962668680256410880e+01
7.000000000000000000e+00 1.500000000000000000e+00 1.200000000000000000e+01 5.209999999999999964e+00 5.000000000000000000e+00 4.000000000000000000e+01 3.000000000000000000e+00 2.500000000000000000e+01 4.898915639306444803e-05 6.408330088802927094e-09 5.220821542707194673e+00 2.017391635320252163e+01
7.000000000000000000e+00 1.500000000000000000e+00 1.200000000000000000e+01 5.209999999999999964e+00 1.000000000000000000e+01 4.000000000000000000e+01 3.000000000000000000e+00 2.500000000000000000e+01 4.585948991420174536e-05 6.152321319063958072e-09 9.597708590851674160e+00 1.282406781813368468e+01
7.000000000000000000e+00 1.500000000000000000e+00 1.200000000000000000e+01 5.209999999999999964e+00 1.000000000000000000e+00 2.500000000000000000e+01 4.000000000000000000e+00 2.500000000000000000e+01 2.471490200970594131e-03 4.774633605308942208e-05 1.224666599685260371e+00 7.192241913301806733e+01
7.000000000000000000e+00 1.500000000000000000e+00 1.200000000000000000e+01 5.209999999999999964e+00 5.000000000000000000e+00 2.500000000000000000e+01 4.000000000000000000e+00 2.500000000000000000e+01 3.955825918411370878e-05 6.779739658568928462e-09 5.081254739409450494e+00 2.657901981715287221e+01
7.000000000000000000e+00 1.500000000000000000e+00 1.200000000000000000e+01 5.209999999999999964e+00 1.000000000000000000e+00 3.500000000000000000e+01 4.000000000000000000e+00 2.500000000000000000e+01 2.874853653711539891e-05 6.511363004335635196e-09 1.223701690996623181e+00 5.837847753337218393e+01
7.000000000000000000e+00 1.500000000000000000e+00 1.200000000000000000e+01 5.209999999999999964e+00 5.000000000000000000e+00 3.500000000000000000e+01 4.000000000000000000e+00 2.500000000000000000e+01 3.982706777105882168e-05 7.182566541530377435e-09 5.213276972450847424e+00 2.180828185535015606e+01
7.000000000000000000e+00 1.500000000000000000e+00 1.200000000000000000e+01 5.209999999999999964e+00 1.000000000000000000e+01 3.500000000000000000e+01 4.000000000000000000e+00 2.500000000000000000e+01 2.392283340424405935e-05 6.531760909922468272e-09 9.543921628426460302e+00 1.390756549217877236e+01
7.000000000000000000e+00 1.500000000000000000e+00 1.200000000000000000e+01 5.209999999999999964e+00 5.000000000000000000e+00 4.000000000000000000e+01 4.000000000000000000e+00 2.500000000000000000e+01 1.793257596416353294e-06 6.295848065107634284e-09 4.226233613178925097e+00 3.267614590022466103e+01
7.000000000000000000e+00 1.500000000000000000e+00 1.200000000000000000e+01 5.209999999999999964e+00 1.000000000000000000e+01 4.000000000000000000e+01 4.000000000000000000e+00 2.500000000000000000e+01 5.896432702390264069e-05 6.465048274506557391e-09 9.680455000983647196e+00 1.246516577021131944e+01
7.000000000000000000e+00 1.500000000000000000e+00 1.200000000000000000e+01 5.209999999999999964e+00 1.000000000000000000e+00 2.500000000000000000e+01 5.000000000000000000e+00 2.500000000000000000e+01 2.618066179335798438e-03 5.178870797362122858e-05 1.231636839576049081e+00 7.062081990116996622e+01
7.000000000000000000e+00 1.500000000000000000e+00 1.200000000000000000e+01 5.209999999999999964e+00 1.000000000000000000e+00 3.500000000000000000e+01 5.000000000000000000e+00 2.500000000000000000e+01 1.775756907740344559e-06 3.634145873121497061e-09 1.112139202173403119e+00 7.274227121481378333e+01
7.000000000000000000e+00 1.500000000000000000e+00 1.200000000000000000e+01 5.209999999999999964e+00 5.000000000000000000e+00 3.500000000000000000e+01 5.000000000000000000e+00 2.500000000000000000e+01 3.833865167246486294e-05 6.431382759686243844e-09 5.111429787916478062e+00 2.172913699689722478e+01
7.000000000000000000e+00 1.500000000000000000e+00 1.200000000000000000e+01 5.209999999999999964e+00 1.000000000000000000e+01 3.500000000000000000e+01 5.000000000000000000e+00 2.500000000000000000e+01 2.177678476500410909e-05 6.409379915695012642e-09 9.366664899416567991e+00 1.390316341257587140e+01
7.000000000000000000e+00 1.500000000000000000e+00 1.200000000000000000e+01 5.209999999999999964e+00 5.000000000000000000e+00 4.000000000000000000e+01 5.000000000000000000e+00 2.500000000000000000e+01 7.039237039929702178e-07 5.328903984747057621e-09 4.287013326523454460e+00 3.200852393509617144e+01
7.000000000000000000e+00 1.500000000000000000e+00 1.200000000000000000e+01 5.209999999999999964e+00 1.000000000000000000e+01 4.000000000000000000e+01 5.000000000000000000e+00 2.500000000000000000e+01 6.544853509304893180e-05 7.409959978943447823e-09 9.835974241836231258e+00 1.212400131070975284e+01
7.000000000000000000e+00 1.500000000000000000e+00 1.200000000000000000e+01 5.209999999999999964e+00 1.000000000000000000e+00 2.500000000000000000e+01 6.000000000000000000e+00 2.500000000000000000e+01 1.609340650221113833e-03 1.813265101069383434e-05 1.254127552915281774e+00 7.028348833217118852e+01
7.000000000000000000e+00 1.500000000000000000e+00 1.200000000000000000e+01 5.209999999999999964e+00 5.000000000000000000e+00 2.500000000000000000e+01 6.000000000000000000e+00 2.500000000000000000e+01 3.756582460412438706e-05 6.165824961712473851e-09 5.189407823278981091e+00 2.595544951712480142e+01
7.000000000000000000e+00 1.500000000000000000e+00 1.200000000000000000e+01 5.209999999999999964e+00 1.000000000000000000e+00 3.500000000000000000e+01 6.000000000000000000e+00 2.500000000000000000e+01 2.582432312436822031e-06 4.350576565670394302e-09 1.181529912746610123e+00 6.839074554463181244e+01
7.000000000000000000e+00 1.500000000000000000e+00 1.200000000000000000e+01 5.209999999999999964e+00 5.000000000000000000e+00 3.500000000000000000e+01 6.000000000000000000e+00 2.500000000000000000e+01 4.696775539314579362e-05 6.349903047819793755e-09 5.296416582719339239e+00 2.081496486776598331e+01
7.000000000000000000e+00 1.500000000000000000e+00 1.200000000000000000e+01 5.209999999999999964e+00 1.000000000000000000e+01 3.500000000000000000e+01 6.000000000000000000e+00 2.500000000000000000e+01 4.357765167783966831e-05 6.266408059119044083e-09 1.004369645304900160e+01 1.276133576995115071e+01
7.000000000000000000e+00 1.500000000000000000e+00 1.200000000000000000e+01 5.209999999999999964e+00 5.000000000000000000e+00 4.000000000000000000e+01 6.000000000000000000e+00 2.500000000000000000e+01 1.329519704351689313e-05 6.099295957184835970e-09 4.657732668386164399e+00 2.514660513232714933e+01
7.000000000000000000e+00 1.500000000000000000e+00 1.200000000000000000e+01 5.209999999999999964e+00 1.000000000000000000e+01 4.000000000000000000e+01 6.000000000000000000e+00 2.500000000000000000e+01 1.332316622231211056e-04 1.283052863954026179e-08 9.651451332402126937e+00 1.204491293959292619e+01
7.000000000000000000e+00 1.500000000000000000e+00 1.200000000000000000e+01 5.209999999999999964e+00 5.000000000000000000e+00 3.500000000000000000e+01 7.000000000000000000e+00 2.500000000000000000e+01 5.109334086661476704e-05 6.515477046775686176e-09 5.367054256557377556e+00 2.006074294967313421e+01
7.000000000000000000e+00 1.500000000000000000e+00 1.200000000000000000e+01 5.209999999999999964e+00 1.000000000000000000e+01 3.500000000000000000e+01 7.000000000000000000e+00 2.500000000000000000e+01 4.114920476960826079e-05 6.601034607811584465e-09 1.002898716373950450e+01 1.254430513190657770e+01
7.000000000000000000e+00 1.500000000000000000e+00 1.200000000000000000e+01 5.209999999999999964e+00 1.000000000000000000e+01 4.000000000000000000e+01 7.000000000000000000e+00 2.500000000000000000e+01 7.715801641650088527e-05 6.829559806575957737e-09 1.005899348339192656e+01 1.175376887894870137e+01
7.000000000000000000e+00 1.500000000000000000e+00 1.200000000000000000e+01 5.209999999999999964e+00 5.000000000000000000e+00 2.500000000000000000e+01 8.000000000000000000e+00 2.500000000000000000e+01 3.744901947677625742e-05 6.244520900366978822e-09 5.470771683993834955e+00 2.439025261489283025e+01
7.000000000000000000e+00 1.500000000000000000e+00 1.200000000000000000e+01 5.209999999999999964e+00 5.000000000000000000e+00 3.500000000000000000e+01 8.000000000000000000e+00 2.500000000000000000e+01 3.557937070275407621e-05 6.496301496738965398e-09 6.007765782547329181e+00 1.913548937371233905e+01
7.000000000000000000e+00 1.500000000000000000e+00 1.200000000000000000e+01 5.209999999999999964e+00 1.000000000000000000e+01 3.500000000000000000e+01 8.000000000000000000e+00 2.500000000000000000e+01 4.010978068391679585e-05 6.671216468134844035e-09 1.026483950323408223e+01 1.228618486367266271e+01
7.000000000000000000e+00 1.500000000000000000e+00 1.200000000000000000e+01 5.209999999999999964e+00 1.000000000000000000e+01 4.000000000000000000e+01 8.000000000000000000e+00 2.500000000000000000e+01 4.322975268111761693e-04 2.331252707765685273e-05 9.276473091414672467e+00 1.438984430017171690e+01
7.000000000000000000e+00 1.500000000000000000e+00 1.200000000000000000e+01 5.209999999999999964e+00 5.000000000000000000e+00 3.500000000000000000e+01 9.000000000000000000e+00 2.500000000000000000e+01 2.156862169533368956e-05 6.332721902424509608e-09 5.471053927549847096e+00 2.097017102672848665e+01
7.000000000000000000e+00 1.500000000000000000e+00 1.200000000000000000e+01 5.209999999999999964e+00 1.000000000000000000e+01 3.500000000000000000e+01 9.000000000000000000e+00 2.500000000000000000e+01 5.206707023308609905e-05 6.603630975376972856e-09 1.057012502782381169e+01 1.175832972193791015e+01
7.000000000000000000e+00 1.500000000000000000e+00 1.200000000000000000e+01 5.209999999999999964e+00 1.000000000000000000e+01 4.000000000000000000e+01 9.000000000000000000e+00 2.500000000000000000e+01 2.919979685245266410e-05 6.253140449885563612e-09 1.045559508709062158e+01 1.215863264859057224e+01
7.000000000000000000e+00 1.500000000000000000e+00 1.200000000000000000e+01 5.209999999999999964e+00 5.000000000000000000e+00 2.500000000000000000e+01 1.000000000000000000e+01 2.500000000000000000e+01 4.158344216143028405e-05 6.811125441430476712e-09 5.355086963746547468e+00 2.458823864560418215e+01
7.000000000000000000e+00 1.500000000000000000e+00 1.200000000000000000e+01 5.209999999999999964e+00 5.000000000000000000e+00 3.500000000000000000e+01 1.000000000000000000e+01 2.500000000000000000e+01 5.336230326480340125e-05 6.486383652415383949e-09 5.762037715955203865e+00 1.859253979557688652e+01
7.000000000000000000e+00 1.500000000000000000e+00 1.200000000000000000e+01 5.209999999999999964e+00 1.000000000000000000e+01 3.500000000000000000e+01 1.000000000000000000e+01 2.500000000000000000e+01 5.484429458690875947e-05 6.419783371569565134e-09 1.042235181788349685e+01 1.179505157354540046e+01
7.000000000000000000e+00 1.500000000000000000e+00 1.200000000000000000e+01 5.209999999999999964e+00 1.000000000000000000e+01 4.000000000000000000e+01 1.000000000000000000e+01 2.500000000000000000e+01 6.745140680752825801e-05 6.221738679812460759e-09 1.088104074365445761e+01 1.101022181575813796e+01
7.000000000000000000e+00 1.500000000000000000e+00 1.200000000000000000e+01 5.209999999999999964e+00 5.000000000000000000e+00 3.500000000000000000e+01 1.100000000000000000e+01 2.500000000000000000e+01 4.412017675115009752e-05 6.554228493271807565e-09 5.665729413683787463e+00 1.927290540620401060e+01
7.000000000000000000e+00 1.500000000000000000e+00 1.200000000000000000e+01 5.209999999999999964e+00 1.000000000000000000e+01 3.500000000000000000e+01 1.100000000000000000e+01 2.500000000000000000e+01 5.998582997190915478e-05 6.410166841774866953e-09 1.032409844911787822e+01 1.236914505362873484e+01
7.000000000000000000e+00 1.500000000000000000e+00 1.200000000000000000e+01 5.209999999999999964e+00 1.000000000000000000e+01 4.000000000000000000e+01 1.100000000000000000e+01 2.500000000000000000e+01 4.903912427067780300e-05 6.448560574412454116e-09 1.011035738851896859e+01 1.204728712065919183e+01
7.000000000000000000e+00 1.500000000000000000e+00 1.200000000000000000e+01 5.209999999999999964e+00 5.000000000000000000e+00 2.500000000000000000e+01 1.200000000000000000e+01 2.500000000000000000e+01 4.215667176143966799e-05 6.439917266121142347e-09 5.350410381523512449e+00 2.444281064163766359e+01
7.000000000000000000e+00 1.500000000000000000e+00 1.200000000000000000e+01 5.209999999999999964e+00 5.000000000000000000e+00 3.500000000000000000e+01 1.200000000000000000e+01 2.500000000000000000e+01 7.871964780403750694e-05 6.281705822175354115e-09 5.810323233842217050e+00 1.787537981641970219e+01
7.000000000000000000e+00 1.500000000000000000e+00 1.200000000000000000e+01 5.209999999999999964e+00 1.000000000000000000e+01 3.500000000000000000e+01 1.200000000000000000e+01 2.500000000000000000e+01 6.047501212491646072e-05 6.860526147178802603e-09 1.027731346316254779e+01 1.177809208304556954e+01
7.000000000000000000e+00 1.500000000000000000e+00 1.200000000000000000e+01 5.209999999999999964e+00 1.000000000000000000e+01 4.000000000000000000e+01 1.200000000000000000e+01 2.500000000000000000e+01 5.465099459578404151e-05 6.370690641688270262e-09 9.746259785446277135e+00 1.210340703807791485e+01
7.000000000000000000e+00 1.500000000000000000e+00 1.200000000000000000e+01 5.209999999999999964e+00 1.000000000000000000e+01 3.500000000000000000e+01 1.300000000000000000e+01 2.500000000000000000e+01 6.604803540866122091e-05 6.528869889166344365e-09 1.077329112626525109e+01 1.149554749107221951e+01
7.000000000000000000e+00 1.500000000000000000e+00 1.200000000000000000e+01 5.209999999999999964e+00 5.000000000000000000e+00 2.500000000000000000e+01 1.400000000000000000e+01 2.500000000000000000e+01 4.400454536512832249e-05 6.518590778270549890e-09 5.707392924859433059e+00 2.294507966910237329e+01
7.000000000000000000e+00 1.500000000000000000e+00 1.200000000000000000e+01 5.209999999999999964e+00 1.000000000000000000e+01 3.500000000000000000e+01 1.400000000000000000e+01 2.500000000000000000e+01 6.660581572992541055e-05 6.208708214217040222e-09 1.102760370075478136e+01 1.123491461364873345e+01
7.000000000000000000e+00 1.500000000000000000e+00 1.200000000000000000e+01 5.209999999999999964e+00 1.000000000000000000e+01 3.500000000000000000e+01 1.500000000000000000e+01 2.500000000000000000e+01 7.336668524682288250e-05 6.308642941377229363e-09 1.155574323157042826e+01 1.066066179840889738e+01
7.000000000000000000e+00 1.500000000000000000e+00 1.200000000000000000e+01 5.209999999999999964e+00 5.000000000000000000e+00 2.500000000000000000e+01 1.600000000000000000e+01 2.500000000000000000e+01 4.175762179592368284e-05 6.390158846514282232e-09 5.491341578222296071e+00 2.380565332218548136e+01
7.000000000000000000e+00 1.500000000000000000e+00 1.200000000000000000e+01 5.209999999999999964e+00 1.000000000000000000e+01 3.500000000000000000e+01 1.600000000000000000e+01 2.500000000000000000e+01 7.588602222385887330e-05 6.536339469676022418e-09 1.092296666363834845e+01 1.101786440832021619e+01
7.000000000000000000e+00 1.500000000000000000e+00 1.200000000000000000e+01 5.209999999999999964e+00 1.000000000000000000e+01 3.500000000000000000e+01 1.700000000000000000e+01 2.500000000000000000e+01 7.820123710899906655e-05 6.378110706251050033e-09 1.125728512188396735e+01 1.061035550820192697e+01
7.000000000000000000e+00 1.500000000000000000e+00 1.200000000000000000e+01 5.209999999999999964e+00 5.000000000000000000e+00 2.500000000000000000e+01 1.800000000000000000e+01 2.500000000000000000e+01 4.329831300520226023e-05 6.882178160694252256e-09 5.649117945069782820e+00 2.289052727287303668e+01
7.000000000000000000e+00 1.500000000000000000e+00 1.200000000000000000e+01 5.209999999999999964e+00 1.000000000000000000e+01 3.500000000000000000e+01 1.800000000000000000e+01 2.500000000000000000e+01 9.645770054755864464e-05 6.604676583421564828e-09 1.162260848895701137e+01 1.044581060871897904e+01
