-3.546807169914245605e-02
5.175742506980895996e-02
1.299909949302673340e-01
1.979995369911193848e-01
2.554733157157897949e-01
3.028451800346374512e-01
3.410376906394958496e-01
3.712771236896514893e-01
3.948730826377868652e-01
4.131743907928466797e-01
4.274367094039916992e-01
4.387588202953338623e-01
4.481329321861267090e-01
4.563685655593872070e-01
4.640949368476867676e-01
4.719139635562896729e-01
4.801699519157409668e-01
4.892025887966156006e-01
4.992057979106903076e-01
5.103025436401367188e-01
5.225653052330017090e-01
5.360802412033081055e-01
5.509216785430908203e-01
5.669511556625366211e-01
5.841767787933349609e-01
6.028807759284973145e-01
6.226865053176879883e-01
6.439572572708129883e-01
6.661313772201538086e-01
6.898916959762573242e-01
7.148867845535278320e-01
7.429220676422119141e-01
7.714503407478332520e-01
7.997817993164062500e-01
8.353528976440429688e-01
8.685528039932250977e-01
9.040685892105102539e-01
9.367197751998901367e-01
9.863853454589843750e-01
1.027923703193664551e+00
1.079320430755615234e+00
1.053595185279846191e+00
