2.000165000555002681e+00
1.900172608577581856e+00
1.800171806494957671e+00
1.700172203161024465e+00
1.600174322699455587e+00
1.500167838795167574e+00
1.400171749801423671e+00
1.300173591699485431e+00
1.200212809658039115e+00
1.100149895052151772e+00
1.000212752176105280e+00
9.001365362908627654e-01
8.002013911267178425e-01
7.001531466093348088e-01
6.001612369748094977e-01
5.001293978794918438e-01
4.000905133326468910e-01
3.002084024427909004e-01
2.002621065294614422e-01
1.000464267305953003e-01
3.559755451255062239e-04
-9.917096218786612682e-02
-2.001468720498410792e-01
-2.997758286749255818e-01
-3.993363362656546789e-01
-4.989653987369013777e-01
-6.000737344535123086e-01
-7.010618189405056766e-01
-7.993792902492327102e-01
-8.999018360272801331e-01
-9.985215751009940410e-01
-1.098831668328133171e+00
-1.199576444530830788e+00
-1.300878887475579004e+00
-1.402775554793836310e+00
-1.507690897188599610e+00
-1.594532402685097550e+00
-1.709013212498922130e+00
-1.800280467064429235e+00
-1.903653197679898712e+00
-2.006008580312002021e+00
-2.003311493921768438e+00
