-1.875144670409508441e-01
-1.605615500204423673e-01
-1.391273916061131211e-01
-1.213271468456047081e-01
-1.068487868701340909e-01
-9.745756908807225172e-02
-8.902573952983448835e-02
-8.359448456558986329e-02
-7.854867931352420285e-02
-7.516527574329218142e-02
-7.271280769751667372e-02
-6.910443158447220069e-02
-6.798766457609770053e-02
-6.543035049758544330e-02
-6.320687086511660169e-02
-6.095173796601918714e-02
-5.930823890791339648e-02
-5.733727641529001717e-02
-5.593652556937122461e-02
-5.163790051781449314e-02
-5.049777444922280006e-02
-4.748797802130015622e-02
-4.380082410096429457e-02
-4.144328341277230682e-02
-3.817280506751187519e-02
-3.513391287155438053e-02
-2.933147440744939341e-02
-2.554772170645160101e-02
-2.312111844415377579e-02
-1.938041310496545211e-02
-1.332185060662962640e-02
-1.005431967296537520e-02
-4.184270910691406426e-04
4.390167459628350512e-03
1.511654948662325727e-02
1.549387970981797209e-02
1.489419043852227391e-02
3.334734510661577916e-02
4.195690132360057473e-02
5.821338070265590081e-02
7.472138262893926464e-02
7.945982897104693354e-02
