6.763598918914794922e-01
6.887779235839843750e-01
6.980260610580444336e-01
7.047876715660095215e-01
7.096142768859863281e-01
7.129470109939575195e-01
7.151362299919128418e-01
7.164587378501892090e-01
7.171300649642944336e-01
7.173207402229309082e-01
7.171620726585388184e-01
7.167581319808959961e-01
7.161896824836730957e-01
7.155199646949768066e-01
7.148010134696960449e-01
7.140750288963317871e-01
7.133786678314208984e-01
7.127456665039062500e-01
7.122041583061218262e-01
7.117865681648254395e-01
7.115282416343688965e-01
7.114612460136413574e-01
7.116302847862243652e-01
7.120758891105651855e-01
7.128508687019348145e-01
7.140155434608459473e-01
7.156646847724914551e-01
7.178624272346496582e-01
7.206187844276428223e-01
7.241653800010681152e-01
7.284677624702453613e-01
7.338022589683532715e-01
7.402680516242980957e-01
7.480370402336120605e-01
7.572948336601257324e-01
7.685179114341735840e-01
7.792412638664245605e-01
7.955583930015563965e-01
8.104962706565856934e-01
8.296507000923156738e-01
8.511125445365905762e-01
8.505136370658874512e-01
