2.000160659238177541e+00
1.900174248155790835e+00
1.800170430416523804e+00
1.700178266433935770e+00
1.600169960835049698e+00
1.500169211622085497e+00
1.400187303987631138e+00
1.300197524385238168e+00
1.200177202881648419e+00
1.100156792063862632e+00
1.000130268805227152e+00
9.001605848149109024e-01
8.002619301378115502e-01
7.001817311233076158e-01
6.002059449063136265e-01
5.001939217645700042e-01
4.002339632041090889e-01
3.001409540933330233e-01
2.001087201054032871e-01
1.010524722151954352e-01
-1.429063939372224865e-04
-9.947338617962159235e-02
-2.003555507616057718e-01
-2.999620767189921100e-01
-4.007273331112327086e-01
-4.999186580504179078e-01
-6.004076082080328502e-01
-7.000440386854648311e-01
-8.008594112193172521e-01
-9.001916440002828423e-01
-1.000512335275191012e+00
-1.100018171278185575e+00
-1.199350270071066094e+00
-1.298099729817228543e+00
-1.400193318095828587e+00
-1.502003906510952946e+00
-1.598039718074720783e+00
-1.702453954235338740e+00
-1.794654865146536382e+00
-1.906550296742732353e+00
-1.988789150519769233e+00
-1.999479159063814349e+00
