-2.916521966729087589e-01
-2.678693092728127167e-01
-2.459545526581744246e-01
-2.262215975836804893e-01
-2.094052387726785813e-01
-1.948404587612928562e-01
-1.815438197709665913e-01
-1.689913529324412744e-01
-1.585961011142622001e-01
-1.473291295333682971e-01
-1.373975951110933680e-01
-1.265230338125986342e-01
-1.151593404229113160e-01
-1.022794629888976181e-01
-9.061194470085240371e-02
-7.647880546143047409e-02
-6.214874193134348884e-02
-4.523279387313307309e-02
-2.725625101035701256e-02
-1.021524620868614029e-02
1.407509555088815208e-02
3.655703922799474759e-02
6.313437121520185102e-02
9.077988051712761186e-02
1.224616357906002789e-01
1.534123840679504636e-01
1.899532768657461457e-01
2.293925575630604008e-01
2.689779188989213088e-01
3.138102945462078464e-01
3.593611027384859269e-01
4.053822225727595763e-01
4.544240763083949308e-01
5.073025356848049894e-01
5.655207945702303007e-01
6.232896158704235301e-01
6.815650279447775794e-01
7.451310275141567185e-01
8.007088321063406955e-01
8.760376171938385470e-01
9.289235475857096080e-01
9.377450097570899645e-01
