2.000165000555002681e+00
1.900172062050136557e+00
1.800173870604432791e+00
1.700178266433935770e+00
1.600165598926834409e+00
1.500165093128313032e+00
1.400176934592056499e+00
1.300160536951352253e+00
1.200177202881648419e+00
1.100122305909944975e+00
1.000099876245509778e+00
9.001747946804850020e-01
8.002522994959661018e-01
7.001799987820768179e-01
6.001067088776704805e-01
5.003490144387591210e-01
4.002996232397724730e-01
3.001909974199187259e-01
2.001169386087559288e-01
1.001223059099449753e-01
4.080450618415704936e-04
-9.937783237839879769e-02
-1.995255621956910363e-01
-2.995507051286967481e-01
-4.005973180704151537e-01
-4.999914385829052899e-01
-5.997677648256291016e-01
-6.999417388213152735e-01
-7.991987320333163725e-01
-9.015154869979712382e-01
-1.000983486861526606e+00
-1.098872565915765431e+00
-1.195758994178191426e+00
-1.303940815802645536e+00
-1.396087356989357042e+00
-1.498939367770270925e+00
-1.596546590115053510e+00
-1.703859350528455163e+00
-1.806360678077416848e+00
-1.906441743694244684e+00
-2.008207937816627098e+00
-2.004826982643785005e+00
2.000165000555002681e+00
1.900178073814207114e+00
1.800175246671966267e+00
1.700174801716923367e+00
1.600162327466922996e+00
1.500184312431777744e+00
1.400164836650959144e+00
1.300182294646900605e+00
1.200171724656929895e+00
1.100187827261185136e+00
1.000225774434322812e+00
9.001775272936395345e-01
8.002110228975288786e-01
6.999945983325571719e-01
6.002571898006086037e-01
5.001060570919688697e-01
4.001821193207918403e-01
3.000169088161051545e-01
2.002374587932128081e-01
1.001429979309081120e-01
5.381915477179622775e-04
-1.000252793104243199e-01
-1.996507159370114470e-01
-3.000669305213717886e-01
-3.997308175866384206e-01
-4.987695197702128880e-01
-5.996001779461803682e-01
-6.979094503273509664e-01
-7.996721730118566684e-01
-9.014912551953758735e-01
-9.987510295475227062e-01
-1.096005993430023251e+00
-1.195214719763840971e+00
-1.298922708082869359e+00
-1.403179767327070060e+00
-1.496536181846785718e+00
-1.583457677608069103e+00
-1.702848146276715324e+00
-1.791752184221570676e+00
-1.911183754054769146e+00
-1.999574599819793574e+00
-2.047957689205057719e+00
2.000160659238177541e+00
1.900170968993182941e+00
1.800176622735139453e+00
1.700178266433935770e+00
1.600164508442935452e+00
1.500178821289005038e+00
1.400168293239946848e+00
1.300214929146539244e+00
1.200155289568145101e+00
1.100167137376062199e+00
1.000165000555002903e+00
9.001808064067292614e-01
8.001745586387445375e-01
7.001540128343705094e-01
6.002288423084952695e-01
5.002200031675687608e-01
4.002961676958980974e-01
3.003497924018103116e-01
2.001936371412000870e-01
1.003188403157989350e-01
-2.450111874448861128e-04
-9.969788381105780528e-02
-1.995956988609808580e-01
-2.995887947572596910e-01
-3.995389808072381532e-01
-4.988106059373687562e-01
-5.984891762107775737e-01
-6.997067580581666224e-01
-8.004203307230109976e-01
-8.994709318637075235e-01
-1.000470161032431804e+00
-1.098056433626479089e+00
-1.199743573059949719e+00
-1.301268923340163530e+00
-1.398294102987830190e+00
-1.503763840144826336e+00
-1.604402803471461914e+00
-1.702141045390587193e+00
-1.805310865486469574e+00
-1.903368024441838946e+00
-2.007179713794244424e+00
-2.011053739582987276e+00
2.000165000555002681e+00
1.900163864055925744e+00
1.800167678246576086e+00
1.700160076361244110e+00
1.600174322699455587e+00
1.500147245870632418e+00
1.400168293239946848e+00
1.300140954093333079e+00
1.200204592968748374e+00
1.100149895052151772e+00
1.000208411336593217e+00
9.001387225753497701e-01
8.002055190546507601e-01
7.001886604191314145e-01
6.001863176006883016e-01
5.002268664343532123e-01
4.003549082028148853e-01
3.001344262777628780e-01
2.001854200891609314e-01
1.003602046496543942e-01
-1.737525455875631641e-04
-9.961702944382022640e-02
-1.989635029228068452e-01
-2.992833061221051305e-01
-4.005798400246182722e-01
-5.003568987965816284e-01
-5.986666766611867807e-01
-7.005667969946822726e-01
-7.999186760290651899e-01
-9.010034451366542019e-01
-9.996787409345910813e-01
-1.098398390514310652e+00
-1.198465266706262966e+00
-1.297955674768813683e+00
-1.398547359695941239e+00
-1.501905958055640422e+00
-1.604004766944381544e+00
-1.703297523429058602e+00
-1.789411300875971556e+00
-1.909622012271063873e+00
-2.009354405416007072e+00
-2.012754382248536089e+00
2.000165000555002681e+00
1.900168236338762640e+00
1.800173870604432791e+00
1.700184329622197676e+00
1.600168870362102869e+00
1.500169211622085497e+00
1.400157923390448422e+00
1.300173591699485431e+00
1.200196376123997766e+00
1.100225756157427570e+00
1.000130268805227152e+00
9.001338034197768900e-01
8.002199664934437351e-01
7.001600763612442213e-01
6.001154338332976845e-01
5.002419652395037053e-01
4.001959449614874154e-01
3.001997000185464559e-01
2.001963761239978490e-01
1.003602046496543942e-01
3.299384455122228140e-04
-1.000733982803635874e-01
-2.004030856764285884e-01
-2.997758286749255818e-01
-4.004225692573127326e-01
-5.011672282162282777e-01
-5.997297497595897031e-01
-6.998699256537947999e-01
-7.989198350869859411e-01
-9.001122725885332132e-01
-9.974710974545496489e-01
-1.098512799253515526e+00
-1.200595345140086589e+00
-1.303219136442472337e+00
-1.399162094001347612e+00
-1.503695965074355989e+00
-1.606102047254064358e+00
-1.694188779940529965e+00
-1.802595375459623783e+00
-1.905308810046898893e+00
-1.978847927766826498e+00
-1.988632584720059882e+00
2.000169341828431868e+00
1.900167143272180059e+00
1.800171806494957671e+00
1.700179998782076707e+00
1.600175413158711812e+00
1.500173330076802092e+00
1.400173478071845556e+00
1.300154009430124713e+00
1.200196376123997766e+00
1.100156792063862632e+00
1.000169341828431646e+00
9.001786203340871317e-01
8.002247821995732702e-01
7.002345642116978297e-01
6.001841367341963496e-01
5.002213758296025770e-01
4.002374192429583588e-01
3.000539084838291792e-01
2.001032410167639108e-01
1.000050324987701300e-01
2.691791418660990334e-04
-1.000263728641714589e-01
-1.993282776235905662e-01
-2.994589574664665022e-01
-4.001092896483236516e-01
-4.994465674589486648e-01
-5.998852869811935884e-01
-7.006060292458933247e-01
-7.994230732451518273e-01
-8.997811397591456428e-01
-9.987770131631401593e-01
-1.101505187178331679e+00
-1.201534435196571549e+00
-1.301376701014380854e+00
-1.398788797548007556e+00
-1.496548444067633321e+00
-1.602892897734674804e+00
-1.696650562163934728e+00
-1.807742070849103433e+00
-1.893353621541054022e+00
-2.006324863033886352e+00
-1.990889193867787288e+00
2.000165000555002681e+00
1.900174794680485002e+00
1.800175934704097758e+00
1.700179998782076707e+00
1.600160146479957968e+00
1.500165093128313032e+00
1.400173478071845556e+00
1.300182294646900605e+00
1.200163507190282086e+00
1.100184379015446634e+00
1.000217092972230271e+00
9.001769807723840611e-01
8.001229530403138890e-01
7.002492870420227167e-01
6.002070352861735847e-01
5.001074301141955614e-01
4.001302692478745926e-01
3.002345086692941867e-01
2.000676252555979584e-01
1.001636889660440927e-01
-2.909870510504164348e-05
-9.994873738993591272e-02
-1.994643737691357832e-01
-2.996745086376912948e-01
-3.992459393649616106e-01
-4.997854875239524652e-01
-5.997712209057327604e-01
-6.991328953106995536e-01
-8.013511592216218116e-01
-9.001019208650452574e-01
-9.997915886634066718e-01
-1.099260466482209875e+00
-1.202275547520717414e+00
-1.299394918698392853e+00
-1.399513917487391845e+00
-1.495245137906225263e+00
-1.600404147059918625e+00
-1.714134518781237349e+00
-1.788876787812390790e+00
-1.892332226768193237e+00
-1.980991777126766440e+00
-2.012557642099407573e+00
2.000160659238177541e+00
1.900163864055925744e+00
1.800171118456285857e+00
1.700176534078884583e+00
1.600173232237461107e+00
1.500162347444099709e+00
1.400178662841845778e+00
1.300177943194993135e+00
1.200171724656929895e+00
1.100149895052151772e+00
1.000147635027314408e+00
9.001851785190023714e-01
8.001202005694794117e-01
7.001496816919146049e-01
6.001514224225684702e-01
5.001939217645700042e-01
4.000628548971992826e-01
3.001583611218441860e-01
2.000347465757500998e-01
1.002464432501937452e-01
-3.380126108824437533e-04
-9.920315977920036998e-02
-2.001888752151716744e-01
-3.002645751005359465e-01
-3.993559428957755286e-01
-4.996441243329357018e-01
-6.000011119820791716e-01
-7.001616044551247642e-01
-8.004367882327640960e-01
-8.990714349131495586e-01
-1.001283933329934372e+00
-1.100332676289797806e+00
-1.203066447114560900e+00
-1.297596176933444090e+00
-1.403513966022968962e+00
-1.496547081581552918e+00
-1.602830243795308141e+00
-1.686658045333546685e+00
-1.793006912324363489e+00
-1.925351753082712447e+00
-2.009835253151398771e+00
-2.007732866321411347e+00
2.000169341828431868e+00
1.900175887727810098e+00
1.800174558638744537e+00
1.700169604589577332e+00
1.600168870362102869e+00
1.500189803505122654e+00
1.400151010019888176e+00
1.300151833567913195e+00
1.200149811067001471e+00
1.100187827261185136e+00
1.000212752176105280e+00
9.002365475415016194e-01
8.001236411552967720e-01
7.002207069742644174e-01
6.000968930930662415e-01
5.001417542591735099e-01
4.002218668515492017e-01
3.000778477656974585e-01
2.001963761239978490e-01
9.989807913495465930e-02
1.389520030741253664e-04
-1.006161994240360597e-01
-1.995881345580453881e-01
-2.994156869939562648e-01
-4.006147968196389075e-01
-4.997347012759021934e-01
-5.997694928622431254e-01
-7.007128461109747297e-01
-7.988050472052570239e-01
-8.996604770248056715e-01
-1.000986969108152547e+00
-1.097791982889225970e+00
-1.199899067214825976e+00
-1.300373838337371080e+00
-1.400447685072254034e+00
-1.494574603468117324e+00
-1.598013901276526205e+00
-1.703488375338701122e+00
-1.795530008496405205e+00
-1.891773343625071435e+00
-2.012503107200006802e+00
-2.005894545976215415e+00
2.000169341828431868e+00
1.900181352923170364e+00
1.800178686821724439e+00
1.700172203161024465e+00
1.600180865413924236e+00
1.500156856023596497e+00
1.400171749801423671e+00
1.300158361121844131e+00
1.200185420089161070e+00
1.100149895052151772e+00
1.000156317877955114e+00
9.001911901015108297e-01
8.001862550552728548e-01
7.001167635976031089e-01
6.001187056464679648e-01
5.001733300768020918e-01
4.001994013028912778e-01
3.001909974199187259e-01
2.001908981411281985e-01
9.972551818849297034e-02
3.429571904429636075e-04
-9.980170540826077685e-02
-1.992952910403976985e-01
-2.998130718944596595e-01
-4.004629736707786547e-01
-5.005658713648105662e-01
-5.996882825731830735e-01
-6.991198617841718477e-01
-8.004669619538423708e-01
-8.996604770248056715e-01
-1.000456248778547108e+00
-1.100420231248393499e+00
-1.199101545446695338e+00
-1.299214968393549441e+00
-1.399744990710017456e+00
-1.506661867085577144e+00
-1.601684922901835950e+00
-1.692187448962671370e+00
-1.805654968837715479e+00
-1.902898939447284388e+00
-1.989895180417375231e+00
-2.006447385359036328e+00
2.000169341828431868e+00
1.900170968993182941e+00
1.800176622735139453e+00
1.700163541195734318e+00
1.600173232237461107e+00
1.500155483157621372e+00
1.400182119320791729e+00
1.300180118926396844e+00
1.200166246363107536e+00
1.100163688966043996e+00
1.000165000555002903e+00
9.001250581167360432e-01
8.001546052011424548e-01
7.001912588765620837e-01
6.001416076485247553e-01
5.002378474356123927e-01
4.003099897064307244e-01
3.002453858005283971e-01
2.001552895681451005e-01
1.008803694326719097e-01
7.382378707942974954e-05
-9.978148557216556802e-02
-1.994932481321739504e-01
-2.993975146810256560e-01
-3.987572507464973159e-01
-5.001823737889670163e-01
-5.995086371706034312e-01
-6.998481664320868045e-01
-8.000447205116247851e-01
-8.998397594713556380e-01
-9.993837392773315953e-01
-1.100862105805471058e+00
-1.202005088556971524e+00
-1.300309664533585208e+00
-1.397731597335444276e+00
-1.499969465816125558e+00
-1.605303222108116046e+00
-1.703789082380737119e+00
-1.798876102792620335e+00
-1.904307717160207858e+00
-2.007616168498431719e+00
-2.002535414683684234e+00
2.000173683058465102e+00
1.900172608577581856e+00
1.800173870604432791e+00
1.700168738395639867e+00
1.600173232237461107e+00
1.500156856023596497e+00
1.400171749801423671e+00
1.300160536951352253e+00
1.200160768000179790e+00
1.100167137376062199e+00
1.000199729527405212e+00
9.001742481557908349e-01
8.001711184562857460e-01
7.001540128343705094e-01
6.002026737503078913e-01
5.000648644065635029e-01
4.002944399136503795e-01
3.002192802278805250e-01
2.003333032441411421e-01
9.971861432428429095e-02
3.299384455122228140e-04
-9.974869864969784783e-02
-1.999651346800638274e-01
-2.994477067288691119e-01
-4.001780389869563637e-01
-5.001645129807597012e-01
-5.978882814291949233e-01
-7.000266242407969797e-01
-7.998118408762181497e-01
-8.964596713017871643e-01
-9.975488235365295164e-01
-1.101111988508491679e+00
-1.201401141562988828e+00
-1.299785355706150947e+00
-1.398125709259380622e+00
-1.501784587803276061e+00
-1.604037922724969478e+00
-1.708915443467024176e+00
-1.808644015315991949e+00
-1.912900363306776264e+00
-1.972923696327921750e+00
-2.027139273440906386e+00
2.000169341828431868e+00
1.900172608577581856e+00
1.800169742375671955e+00
1.700186061946153515e+00
1.600169960835049698e+00
1.500163720288376190e+00
1.400168293239946848e+00
1.300171415935381214e+00
1.200188159123781961e+00
1.100146446505221753e+00
1.000151976474334292e+00
9.001928296095712545e-01
8.001257054937037649e-01
7.001418855266442476e-01
6.000827143458484780e-01
5.001582288852319813e-01
4.000887847320354629e-01
3.001540094301247685e-01
2.001799419680944936e-01
1.003395229751944256e-01
3.039954976140498726e-05
-1.003912267132238273e-01
-1.994753733001219664e-01
-3.001284680936624483e-01
-4.002904621461911838e-01
-4.998829588517588740e-01
-5.987770047575603494e-01
-6.999547970367581140e-01
-8.002612736066535559e-01
-9.011175643461590834e-01
-9.999131497883511077e-01
-1.099495776110308132e+00
-1.206913295279953502e+00
-1.301132501257846297e+00
-1.400610427066383723e+00
-1.501711506172912713e+00
-1.597965714025657125e+00
-1.704927947945868105e+00
-1.810461964254333811e+00
-1.896093701911281793e+00
-2.003892602451136984e+00
-1.992324752674311750e+00
2.000165000555002681e+00
1.900171515522003585e+00
1.800168366290697985e+00
1.700157477717235910e+00
1.600176503615230450e+00
1.500180194081207175e+00
1.400180391084757447e+00
1.300177943194993135e+00
1.200193637141200087e+00
1.100194723670527397e+00
1.000282199708264486e+00
9.001031940886544680e-01
8.002323496298902050e-01
7.000656489799659266e-01
6.001132526108235998e-01
5.001664659639101229e-01
4.004119134508987154e-01
3.000234383982884889e-01
1.999333549740791860e-01
1.002498910031868334e-01
1.997295274052388915e-04
-1.000356681821988752e-01
-2.004685408124084467e-01
-2.998286630277303133e-01
-4.002031406639657840e-01
-4.991202467279117760e-01
-5.996589123781768116e-01
-6.999265047328560030e-01
-7.991248889392763566e-01
-8.988202156192358627e-01
-1.002013707578334856e+00
-1.100823759344938146e+00
-1.195850341070411993e+00
-1.300590711888413686e+00
-1.401534515234144740e+00
-1.501693582368018420e+00
-1.606365140171841066e+00
-1.700887297474053650e+00
-1.790200910391044342e+00
-1.894602235409757807e+00
-2.014723107064014140e+00
-2.006999163976208589e+00
2.000165000555002681e+00
1.900165503667148093e+00
1.800173182569031027e+00
1.700159210148302513e+00
1.600185227168811286e+00
1.500173330076802092e+00
1.400170021524124175e+00
1.300195348741030932e+00
1.200188159123781961e+00
1.100208516160684269e+00
1.000169341828431646e+00
9.000922616618306504e-01
8.002488599292642002e-01
7.002007864207967502e-01
6.002931666454208726e-01
5.002817686643477035e-01
4.000161772927796067e-01
3.003584918190424502e-01
2.002675836142218391e-01
1.000912660298686474e-01
-1.572430651612173765e-04
-9.968149319585949131e-02
-1.994664361599751412e-01
-2.995056944196345383e-01
-3.997057431936838490e-01
-4.985627783936835145e-01
-5.984323224758664184e-01
-7.000636307704255490e-01
-7.998036238760021233e-01
-8.993262439722795598e-01
-1.001971387292448279e+00
-1.099337433094820016e+00
-1.198265035248189170e+00
-1.301149877485438866e+00
-1.402542863906152570e+00
-1.498599738169952289e+00
-1.610888870658977012e+00
-1.697547849496390704e+00
-1.788852750185507601e+00
-1.900026015764498810e+00
-2.012455283047360322e+00
-2.007041535676722166e+00
2.000160659238177541e+00
1.900173701630408996e+00
1.800173870604432791e+00
1.700166139803461318e+00
1.600167779886418229e+00
1.500174702886361899e+00
1.400171749801423671e+00
1.300164888577665767e+00
1.200152550326212042e+00
1.100163688966043996e+00
1.000138952003074122e+00
9.002141426511480748e-01
8.001731825690311384e-01
7.001514141540802205e-01
6.001274303610864003e-01
5.001101761456263617e-01
4.003911851355080875e-01
3.001561852814350617e-01
2.000539261081563658e-01
9.999813307653203365e-02
-9.859603846582181189e-05
-9.957879275626693727e-02
-2.002054021643527026e-01
-2.998546494937354145e-01
-4.000121861100869869e-01
-5.002703146328392192e-01
-6.004543364075498602e-01
-6.998873338161325508e-01
-8.004450172215168413e-01
-8.998121727388147528e-01
-1.000880773145111702e+00
-1.100761864345082275e+00
-1.201287908649149028e+00
-1.299967275484606555e+00
-1.401807196001121580e+00
-1.497193379628467325e+00
-1.600274373913768589e+00
-1.704221851223646889e+00
-1.798408988725206381e+00
-1.900872072273532831e+00
-1.989403263793474874e+00
-2.009976545071962661e+00
2.000169341828431868e+00
1.900181352923170364e+00
1.800177310765091132e+00
1.700178266433935770e+00
1.600157965482039923e+00
1.500182939652593639e+00
1.400175206335389833e+00
1.300160536951352253e+00
1.200177202881648419e+00
1.100205068079209925e+00
1.000191047544659151e+00
9.001354431444921200e-01
8.001339627492088935e-01
7.002553492388533529e-01
6.001361549004340379e-01
5.001623474440997086e-01
4.001734780718455564e-01
3.001909974199187259e-01
2.001361145117796503e-01
1.000809189101611457e-01
-1.007680093426730600e-04
-9.978695029989971543e-02
-2.001936955103823801e-01
-3.002463672333363642e-01
-3.993134629825343951e-01
-5.001026927776517361e-01
-6.012321469691038756e-01
-6.992762899241208308e-01
-8.000803484094323181e-01
-9.001157232178611522e-01
-1.000797662453625003e+00
-1.100442122746339235e+00
-1.197846356226726527e+00
-1.298601275992011361e+00
-1.396366374124592635e+00
-1.499132582127861602e+00
-1.599772948956098340e+00
-1.699284982028613999e+00
-1.800003615030298043e+00
-1.914409765628856563e+00
-2.013527001877420286e+00
-2.003211728333326391e+00
2.000169341828431868e+00
1.900166596737857150e+00
1.800171806494957671e+00
1.700170470781787291e+00
1.600184136734196239e+00
1.500189803505122654e+00
1.400189032196156536e+00
1.300197524385238168e+00
1.200166246363107536e+00
1.100129203359808239e+00
1.000182365388348149e+00
9.001441882384163540e-01
8.001374032260010205e-01
7.001029026008803724e-01
6.001852271688112861e-01
5.001390084274035530e-01
4.004067314648006026e-01
3.002693145303563238e-01
2.000402265285826375e-01
1.003188403157989350e-01
-9.468651826045270889e-05
-9.915786554554245624e-02
-2.002102226430028387e-01
-2.992841712255671083e-01
-4.004433170000998299e-01
-4.989325177752091389e-01
-6.001014033515396084e-01
-7.005123136356554703e-01
-8.007907756227334861e-01
-8.983560145096868288e-01
-1.001415062799158484e+00
-1.098750429878216917e+00
-1.201918660211748646e+00
-1.306695242764077003e+00
-1.399071733357535319e+00
-1.496180727964953716e+00
-1.599434382414466338e+00
-1.685433412134989428e+00
-1.801318175456849247e+00
-1.894067647813423960e+00
-1.988108288886030861e+00
-2.005424635493268326e+00
2.000165000555002681e+00
1.900174794680485002e+00
1.800175934704097758e+00
1.700183463457628497e+00
1.600164508442935452e+00
1.500147245870632418e+00
1.400180391084757447e+00
1.300180118926396844e+00
1.200188159123781961e+00
1.100205068079209925e+00
1.000169341828431646e+00
9.001879110668219441e-01
8.002743120778139652e-01
7.001288916068485468e-01
6.001612369748094977e-01
5.001939217645700042e-01
4.003272666010041503e-01
3.002127535895215416e-01
1.999881641846777136e-01
1.003084986167211146e-01
1.215854337664553671e-04
-9.968804936770762903e-02
-1.996864807742669279e-01
-2.998485858459198350e-01
-3.997439004533359652e-01
-5.000587370975162482e-01
-6.009322910509274918e-01
-6.990699035557073060e-01
-8.006260944336718310e-01
-9.008547893285914210e-01
-9.964791534008606844e-01
-1.096735244648863628e+00
-1.196783998365223090e+00
-1.297156907472543086e+00
-1.392890405043343272e+00
-1.507042756809888306e+00
-1.599527634612824434e+00
-1.709566911437456316e+00
-1.795831161962924805e+00
-1.889834691610788653e+00
-1.995321877316906578e+00
-1.995119992759365690e+00
2.000160659238177541e+00
1.900172062050136557e+00
1.800178686821724439e+00
1.700174801716923367e+00
1.600176503615230450e+00
1.500182939652593639e+00
1.400163108346148322e+00
1.300147481810785877e+00
1.200177202881648419e+00
1.100139549329210320e+00
1.000195388557727494e+00
9.001671432721801702e-01
8.001532290682046300e-01
7.001843296221976765e-01
6.002768139036018802e-01
5.001046840654014281e-01
4.002356912269715572e-01
3.002519119485080323e-01
2.002292425702655587e-01
1.003119458771097178e-01
-1.277013506980838840e-04
-9.939093565585192802e-02
-1.992678041348469320e-01
-2.999204888342881237e-01
-4.003898116813808805e-01
-4.997443090294981793e-01
-5.984719470202797265e-01
-6.999330335624759369e-01
-7.989690391825492455e-01
-9.007441947646772640e-01
-1.000045603314815734e+00
-1.102094280003861559e+00
-1.201743090781225876e+00
-1.297957399696306302e+00
-1.402672365147533684e+00
-1.508561260753409572e+00
-1.591855046998417178e+00
-1.699882981710130414e+00
-1.804734271401532419e+00
-1.897360516308699951e+00
-2.016563166115831418e+00
-2.002997834655770859e+00
