1.303535271483475394e-02
5.459773525736053706e-02
9.001455398127475305e-02
1.207120938344753980e-01
1.466488766144236622e-01
1.689774759814506588e-01
1.862469924111548603e-01
2.020930764128585355e-01
2.146637373833364393e-01
2.254100883874126937e-01
2.348537566683832623e-01
2.434299776600589160e-01
2.507004952235702966e-01
2.584025949624306207e-01
2.660222626191749429e-01
2.726490612216501130e-01
2.792356288009911758e-01
2.872058453789115284e-01
2.952305287890530372e-01
3.028004748757821551e-01
3.115207624480488269e-01
3.190518993067827935e-01
3.291740634175130409e-01
3.381256663287058317e-01
3.502402630063131683e-01
3.602960832393872770e-01
3.717566427744650182e-01
3.859760706731614754e-01
3.981866179073640932e-01
4.150434975675028615e-01
4.313637641589873617e-01
4.472231706291803222e-01
4.609744761976612981e-01
4.897602609866104628e-01
5.028038913368748641e-01
5.282686299426819776e-01
5.470654761096279683e-01
5.803820533243643220e-01
6.108187367780728572e-01
6.386060514884503991e-01
6.734660382413361068e-01
6.738545788706156170e-01
2.122846225161637013e-03
4.110832660620663409e-02
7.537539943773381712e-02
1.053023549447869994e-01
1.297736501200095760e-01
1.509037373881572663e-01
1.681319802656610352e-01
1.831188823172386071e-01
1.947446095293368373e-01
2.052070715112875865e-01
2.139107020102226087e-01
2.227736798261475137e-01
2.302598343877611808e-01
2.385027508053856604e-01
2.460231572030880109e-01
2.526030577592681681e-01
2.594911458190076736e-01
2.686598623668313146e-01
2.753919852891442699e-01
2.839566994348187712e-01
2.920965052981755461e-01
3.018240282474424219e-01
3.107973606589171656e-01
3.213270410758077844e-01
3.313503517547475297e-01
3.420020011209946587e-01
3.566395578668272726e-01
3.653719079235536737e-01
3.836179145190153905e-01
4.012557518214087682e-01
4.154691627655794361e-01
4.293630164953508022e-01
4.502860679791343412e-01
4.738882333160726601e-01
5.003668534068907991e-01
5.162020886332308045e-01
5.290734291738220518e-01
5.725219357006866572e-01
5.888731382996390540e-01
6.396358768118476368e-01
6.626303569858787990e-01
7.171885182025858896e-01
2.338880892056489219e-03
4.196084431144742055e-02
7.695340150666164780e-02
1.066259939912355265e-01
1.320995219165043422e-01
1.530614340808679474e-01
1.709859135261584118e-01
1.852842779306020926e-01
1.978509703986814083e-01
2.083069623536628057e-01
2.172601591069630855e-01
2.257898417841412708e-01
2.341906806182077194e-01
2.416460780013888199e-01
2.490539763550066732e-01
2.571696003277315068e-01
2.644825315683096423e-01
2.722292793312338643e-01
2.803074208580204063e-01
2.884549188325010727e-01
2.979639364305069482e-01
3.068944551974507884e-01
3.175180367123283665e-01
3.283429009457736747e-01
3.399282077785136802e-01
3.522481398751083348e-01
3.658341592972509382e-01
3.817250120221959420e-01
3.988354686855198339e-01
4.152204914186684026e-01
4.329051836365738759e-01
4.525683819880989001e-01
4.766693534290593615e-01
5.004217379441140423e-01
5.217446257359834583e-01
5.553774341021484595e-01
5.823134081569470988e-01
6.128675297906871489e-01
6.496911066850352690e-01
6.831371314830069208e-01
7.231518059102467477e-01
7.316926933594023463e-01
2.109880727161314411e-03
4.084750093927760201e-02
7.568197314246737084e-02
1.050569195662695993e-01
1.302855108715436916e-01
1.507779238615807038e-01
1.686271043214589149e-01
1.829678684590450299e-01
1.952962002527199870e-01
2.062158169901029681e-01
2.152408870653588768e-01
2.234647890156117311e-01
2.319662982017783037e-01
2.397898173076054573e-01
2.471185587482027657e-01
2.554317172262314806e-01
2.627215496010548157e-01
2.720041462434419910e-01
2.797923786451956274e-01
2.881262102291111127e-01
2.989905448636365204e-01
3.087884389188787493e-01
3.186204612426261629e-01
3.304645057225799043e-01
3.458009523988588851e-01
3.587645469001195520e-01
3.706444498251038056e-01
3.882326783596536379e-01
4.059112756309625203e-01
4.258405964991637815e-01
4.439948023089611562e-01
4.643404846276672493e-01
4.852627624131478079e-01
5.127310776973704742e-01
5.417776262811433430e-01
5.711985563253416665e-01
6.056012998688192761e-01
6.311037091559358325e-01
6.515464568463201767e-01
7.061406149584670278e-01
7.493118596924027708e-01
7.546464285393471583e-01
2.610931654495108646e-03
4.224858577512462937e-02
7.697522736073510174e-02
1.071997907516643728e-01
1.323557617539566911e-01
1.536228180128433596e-01
1.712641300290752289e-01
1.860659385393076681e-01
1.989895522754650259e-01
2.093755889974636131e-01
2.184751094024303120e-01
2.269657440531671067e-01
2.348360540525033791e-01
2.428419514834785353e-01
2.501686243378240526e-01
2.587354308045514695e-01
2.660693352539784118e-01
2.750785932783315624e-01
2.834459694087397841e-01
2.918304315165547447e-01
3.022378246737832397e-01
3.136732202866130970e-01
3.248542770994974904e-01
3.361373957701351833e-01
3.502034233076656844e-01
3.661052924228608285e-01
3.794143044121711661e-01
3.968546545590886931e-01
4.133701845038426637e-01
4.339105769158431158e-01
4.521837176113099876e-01
4.770604492357127802e-01
5.053005980967085753e-01
5.318593966670223105e-01
5.574253880371584646e-01
5.910935590269034146e-01
6.256879224598255185e-01
6.491332447515736348e-01
6.981779980529665419e-01
7.358391322117696642e-01
7.500252339222464038e-01
7.686381012476144470e-01
1.101709404655008698e-03
4.093446023440741599e-02
7.554331184373516694e-02
1.048591068129212517e-01
1.301246133882632272e-01
1.515200037482682394e-01
1.695921512611828774e-01
1.833467283588628982e-01
1.957945238242909114e-01
2.070470131850311868e-01
2.162107814636582415e-01
2.247246589276014617e-01
2.335139072899299617e-01
2.411428773683752524e-01
2.496312127261167413e-01
2.574265629768985320e-01
2.666737650280499583e-01
2.749241184376930436e-01
2.839454065925401949e-01
2.939147410311021558e-01
3.032954368261028266e-01
3.143560535040830772e-01
3.257577827636550793e-01
3.387910503651552774e-01
3.538566290930568736e-01
3.678421331330408162e-01
3.838458731989603523e-01
4.038905820248430145e-01
4.214673658487047558e-01
4.431909903338403511e-01
4.641913706409995788e-01
4.912790299210627598e-01
5.177934665884077470e-01
5.444029423636833620e-01
5.706059780540300164e-01
6.024734599387945311e-01
6.426158539081306964e-01
6.729130116585584354e-01
7.231501628127930958e-01
7.477659358891712849e-01
8.014640816731468664e-01
7.972051974353556725e-01
6.970643068752989738e-03
4.617508102344267812e-02
8.123205682968763497e-02
1.116925614544757306e-01
1.376705372367550972e-01
1.593536025736127792e-01
1.770398795419519389e-01
1.924029589378076222e-01
2.050364620580450992e-01
2.163216395532119030e-01
2.255599627251829997e-01
2.351343731774537538e-01
2.428940872287898289e-01
2.518230907902291316e-01
2.599138680165098969e-01
2.678472935631545093e-01
2.759352764697535765e-01
2.845367564378695202e-01
2.945257446769725118e-01
3.039235931660391188e-01
3.151029889846670984e-01
3.263051314584575757e-01
3.389184327988907230e-01
3.509725303437884469e-01
3.660174264323737825e-01
3.815753153183199520e-01
3.980546472836290484e-01
4.155492413423765852e-01
4.375714190292379069e-01
4.600976435083225513e-01
4.816690332670520158e-01
5.042125197822046045e-01
5.344804806340711645e-01
5.607062823504582738e-01
5.936902602145359698e-01
6.196869477291720996e-01
6.622467630165799202e-01
7.086698469370129594e-01
7.229792467268598699e-01
7.673837181056282208e-01
8.057373109606663641e-01
8.398932882386003218e-01
1.568242195345039350e-02
5.727803182771144114e-02
9.337965463021817569e-02
1.248985625106432407e-01
1.524320659561463898e-01
1.746440976305448922e-01
1.936281992144284758e-01
2.094453073651801056e-01
2.231999072099865034e-01
2.345527140181439818e-01
2.448879203515159086e-01
2.536820086487556747e-01
2.621614635230277157e-01
2.710535881467913688e-01
2.786827365982691429e-01
2.866360787164176638e-01
2.959363681084596909e-01
3.048393742679574858e-01
3.139705111414333172e-01
3.237119405816953344e-01
3.351689435872479139e-01
3.452952955793007761e-01
3.590667269509629778e-01
3.720665145389701056e-01
3.849713465691601000e-01
4.004050041223607970e-01
4.175215138042963625e-01
4.369906755835367695e-01
4.577850397779658076e-01
4.774945874640190158e-01
5.033793380526808692e-01
5.287007842675736091e-01
5.555563212525332917e-01
5.835796068024453609e-01
6.188615058435148475e-01
6.469680402960259480e-01
6.870917714290060152e-01
7.057542699644581141e-01
7.499958873523420166e-01
8.287816623376181857e-01
8.599514622677415510e-01
8.571315887699093583e-01
2.343354942996826729e-02
6.600148128478294796e-02
1.033965928358431680e-01
1.363463421103250084e-01
1.640433850960471285e-01
1.884334714749547890e-01
2.068123884161433002e-01
2.241833108680535147e-01
2.382368495611122683e-01
2.496898717741249385e-01
2.604101010121699922e-01
2.698980346708558797e-01
2.783991634931738957e-01
2.878599304453791086e-01
2.961626094890399963e-01
3.040033967764477207e-01
3.121032745521738483e-01
3.210762176783276134e-01
3.319594619439555916e-01
3.414266102557879656e-01
3.520338674514360555e-01
3.642469766306111745e-01
3.752757758677475186e-01
3.891359485998413525e-01
4.051994642168964544e-01
4.202215280278409071e-01
4.374746823678636320e-01
4.571003718330841070e-01
4.751930560443686224e-01
4.979726377637352930e-01
5.231713611606623182e-01
5.451474746262371385e-01
5.761811961888887446e-01
6.039212918400472807e-01
6.410376136606542596e-01
6.644661541090899348e-01
7.049831173211311697e-01
7.458388211054187700e-01
7.790977041300258810e-01
8.177629715549573630e-01
8.835302754476983544e-01
8.843744549620177198e-01
5.148438962047183209e-02
9.669802557174518587e-02
1.369550862457168949e-01
1.718112570900350577e-01
2.022375853969731463e-01
2.269399908387461640e-01
2.483681230309655874e-01
2.654404945867915866e-01
2.809424059986981304e-01
2.935857225163477358e-01
3.048415267714301713e-01
3.135382125777707030e-01
3.232252783065628354e-01
3.317814715707588236e-01
3.390676615572065788e-01
3.484820502068408654e-01
3.564465555044699641e-01
3.663781245138545417e-01
3.750396104391703345e-01
3.847744200930980352e-01
3.943045561646656427e-01
4.060988493246558972e-01
4.165356649818556800e-01
4.305829410847000216e-01
4.463351949282416964e-01
4.619934664150168180e-01
4.771299405224427304e-01
4.942283621362026924e-01
5.161160806859644845e-01
5.364637459511956141e-01
5.586629792166947217e-01
5.851583101577312318e-01
6.114662655383262813e-01
6.414741105040995262e-01
6.712737650998817918e-01
7.096133588982048712e-01
7.425091083605017683e-01
7.662960775910346856e-01
8.202691279376844724e-01
8.581773420130620611e-01
8.924296596634608836e-01
9.152298835875201100e-01
6.061852716288285842e-02
1.074982726122547250e-01
1.491482645145320307e-01
1.857120998700061976e-01
2.165485464334035437e-01
2.428543653238697253e-01
2.648296243296796582e-01
2.834889300210204910e-01
2.987832344955283492e-01
3.119360146820239765e-01
3.227132821666219287e-01
3.330319266966829117e-01
3.414483742952224565e-01
3.505271179429779171e-01
3.586029178196604161e-01
3.665499581160786002e-01
3.750652470091188628e-01
3.845487399900297532e-01
3.933522959765545779e-01
4.025433673052806749e-01
4.138410371322753245e-01
4.243506892508116524e-01
4.352660893076083504e-01
4.486058487066330036e-01
4.625776687897086847e-01
4.791144285431929162e-01
4.950375963830568882e-01
5.133388125922945244e-01
5.329033635651765355e-01
5.549153710407978002e-01
5.769123541449917569e-01
6.042833070405505547e-01
6.295370142369476341e-01
6.583062350033493937e-01
6.858697694417624779e-01
7.231937027950691155e-01
7.625382767055732813e-01
7.974898260858215293e-01
8.312630013111289573e-01
8.812208380770555349e-01
9.275700104681140479e-01
9.246622269575233144e-01
-1.137996082160900452e-02
2.733737395507083306e-02
6.167107927015243185e-02
9.044852214114586231e-02
1.153608453944124784e-01
1.355397110539466876e-01
1.524137211693774585e-01
1.667615550404671354e-01
1.774758964715825726e-01
1.877913655161213835e-01
1.972447101174923112e-01
2.046706445275358333e-01
2.130180974268643668e-01
2.210201944697209320e-01
2.275859350785766344e-01
2.358742298205392385e-01
2.427227605581784575e-01
2.508589545992948588e-01
2.585750309830541216e-01
2.670355498660714200e-01
2.749979043204968110e-01
2.838279436222936325e-01
2.919679233241257443e-01
3.020623884702163253e-01
3.138587873847182297e-01
3.249570429106620195e-01
3.338722921470198557e-01
3.494853949826700057e-01
3.616201931766529487e-01
3.740184114047293562e-01
3.900249603439101542e-01
4.113334486125660439e-01
4.313299843856088778e-01
4.490029607102400955e-01
4.680503132540300704e-01
4.943981203894909915e-01
5.207912945673489613e-01
5.516914766336753484e-01
5.808383361138411694e-01
6.142357838686403060e-01
6.041666306201424197e-01
6.634813674830650765e-01
-1.128189042834659706e-02
2.859158435527875061e-02
6.328831310851208702e-02
9.328156756724541310e-02
1.189488705479212483e-01
1.396933700718562543e-01
1.576894175350908034e-01
1.719603540126769803e-01
1.837081886226775707e-01
1.948167164577093435e-01
2.044944002022004714e-01
2.118410963753422638e-01
2.209888644240616817e-01
2.289621139783892256e-01
2.353920772319866572e-01
2.432514209787881576e-01
2.506468497208638735e-01
2.585415071184610225e-01
2.665867977748825335e-01
2.754656917317208631e-01
2.835183216757798386e-01
2.934973529417903571e-01
3.020710536500747501e-01
3.149242622140062675e-01
3.257618853192302266e-01
3.370537304970571135e-01
3.494310093556192154e-01
3.653550554622334023e-01
3.798600450442840559e-01
3.985684122273780994e-01
4.148280020368704246e-01
4.339281665831274948e-01
4.615585495157385476e-01
4.787381594809466678e-01
5.034747176144312997e-01
5.298754577150378564e-01
5.545230784714365591e-01
5.884689158119782437e-01
6.254040342165975153e-01
6.445774233333313452e-01
6.880654782982360551e-01
6.770208072322432269e-01
-9.865462654496620284e-03
3.043779262704928920e-02
6.589701092376668012e-02
9.599877646413414178e-02
1.220650781613486641e-01
1.435830728740637441e-01
1.624688153749077602e-01
1.761520560274589808e-01
1.887260469259715301e-01
1.998291984135385502e-01
2.093165877894841431e-01
2.182097935333080496e-01
2.263524028245355313e-01
2.335240540016555455e-01
2.410880381149037854e-01
2.492399498004791714e-01
2.565590047007047514e-01
2.642675255232344034e-01
2.724450190489763335e-01
2.795505995868310389e-01
2.889463993533580854e-01
3.001583611218441860e-01
3.090379311243064420e-01
3.188602019677312938e-01
3.311680597539026216e-01
3.429139452544927025e-01
3.560947266280630741e-01
3.708682257387820314e-01
3.845989012598218793e-01
4.021031156307151022e-01
4.229786596698408285e-01
4.409311109367606285e-01
4.582313102304119146e-01
4.822660036888646862e-01
5.100420634429284616e-01
5.342520835635173881e-01
5.688737733795915519e-01
5.872685898546422534e-01
6.109846982161977191e-01
6.463576473889358631e-01
7.052759913454474949e-01
7.017242338860532058e-01
-1.551049217365266242e-02
2.521162133148531839e-02
6.089417260409052401e-02
9.066710604703055731e-02
1.168699680498864746e-01
1.375914523814144030e-01
1.557428081726983660e-01
1.697684524565120645e-01
1.821263587215745661e-01
1.924810318441415591e-01
2.020358048327840217e-01
2.102890842057840715e-01
2.181046731179467901e-01
2.254333481406198270e-01
2.322004452901271221e-01
2.394921780130485345e-01
2.472439228649175036e-01
2.535875560013690078e-01
2.608057266891158910e-01
2.690901185557866837e-01
2.765927621275000581e-01
2.852556733989642934e-01
2.930132105382629581e-01
3.031658070000807226e-01
3.137934262026432219e-01
3.229321930907486093e-01
3.352171164574337947e-01
3.502150572343179502e-01
3.638995342655172993e-01
3.785922905318060971e-01
3.968964491425238661e-01
4.110571155374885266e-01
4.269827109972467727e-01
4.503938490245512627e-01
4.747347760185280929e-01
4.953028415338240897e-01
5.283136660875480395e-01
5.433253865841699559e-01
5.613268241841996575e-01
6.031790281536978382e-01
6.465909324739296249e-01
6.374016608729747846e-01
-1.250578908413348123e-02
2.906301192934607897e-02
6.609846698021530631e-02
9.795107099414995799e-02
1.243509557450562797e-01
1.470483845181993765e-01
1.659976764368248370e-01
1.815148855224545943e-01
1.949470332234036207e-01
2.056265398508357323e-01
2.156772111518919233e-01
2.242403266615775881e-01
2.324293801370005685e-01
2.405791985934217503e-01
2.476418984226132769e-01
2.559017759908459588e-01
2.620759631325704220e-01
2.707743005779978396e-01
2.780902240376045276e-01
2.862700468974497259e-01
2.952569359568408824e-01
3.038653488427039973e-01
3.139325704470086742e-01
3.235676484814670739e-01
3.344939617413862920e-01
3.465954856283967600e-01
3.600118194040731745e-01
3.722600721768279941e-01
3.873488868145667507e-01
4.029282217626360407e-01
4.207410615133878040e-01
4.389930217098190757e-01
4.606377893232045939e-01
4.777736538269048427e-01
5.033616223989356708e-01
5.220214710115081980e-01
5.511766480224471465e-01
5.839895354734596644e-01
6.110867968182767118e-01
6.409760720075911022e-01
6.617596964856049535e-01
6.875316365317446499e-01
-8.294692253872294058e-03
3.469261358254498162e-02
7.285256389485846029e-02
1.054931532798679406e-01
1.323013234370082614e-01
1.555212564484090010e-01
1.743883858504903517e-01
1.915348470067836650e-01
2.039923899107635996e-01
2.161632621899325923e-01
2.255599627251829997e-01
2.356496284593475599e-01
2.425414282983842373e-01
2.509637498047922466e-01
2.587545790635599197e-01
2.657726924387078249e-01
2.729943232964369138e-01
2.802231415903047029e-01
2.888481477348417426e-01
2.969524314984112179e-01
3.053922170065763719e-01
3.140611338302198297e-01
3.239756650779490599e-01
3.339286613462798536e-01
3.440010359661216377e-01
3.557521845915443959e-01
3.699631656869584173e-01
3.805386486891725872e-01
3.973211325853807097e-01
4.117678121574369077e-01
4.290655844036029842e-01
4.461082526353726818e-01
4.638437363034763061e-01
4.844080435075637792e-01
5.055162597857393303e-01
5.297126053769464216e-01
5.592924359290739611e-01
5.810264131955549249e-01
6.110687186062786491e-01
6.551931985829171357e-01
6.920542475661690673e-01
6.833028542358520196e-01
1.971557991860772418e-03
4.628050036121086896e-02
8.639542712424998216e-02
1.202744279723905602e-01
1.499976803471219922e-01
1.749373995655934821e-01
1.959992244418478635e-01
2.129170325288785859e-01
2.277993229691618049e-01
2.407987711173312229e-01
2.521877356906918055e-01
2.617908402008797819e-01
2.712954921774999861e-01
2.794022722395011482e-01
2.882156793885248813e-01
2.965160130035181529e-01
3.042254755728799887e-01
3.123720257293340352e-01
3.210368190235348695e-01
3.301925109269786551e-01
3.405511879504726225e-01
3.487564502444168157e-01
3.601179663356405825e-01
3.714613211126130965e-01
3.844734872205626819e-01
3.960807283889530850e-01
4.106271017650504063e-01
4.275688703373117794e-01
4.444351730067459538e-01
4.579817578507694997e-01
4.804812440617553526e-01
4.974272801013242540e-01
5.238439770799612205e-01
5.499664740607397295e-01
5.705464422426291815e-01
5.886604365215097889e-01
6.207365698597041570e-01
6.347935551180554636e-01
6.847960071944584337e-01
7.086384178400456646e-01
7.418123900291225814e-01
7.611171004010737207e-01
-9.248805670191009159e-03
3.008538770804183513e-02
6.492198709769941845e-02
9.493906198573942579e-02
1.196484249237871195e-01
1.404514742262793492e-01
1.577498255667770244e-01
1.718755796874454622e-01
1.837849957430008341e-01
1.942700692728196177e-01
2.027497958589631055e-01
2.107945645430472636e-01
2.182544620061464824e-01
2.266462962053556740e-01
2.334048151641575641e-01
2.408835762336129782e-01
2.471013490839615301e-01
2.547027231772059364e-01
2.622065819437157108e-01
2.695969930809151149e-01
2.777535731711492373e-01
2.853817555537093709e-01
2.940692274708907039e-01
3.026577173051405723e-01
3.119593078916502726e-01
3.231406754181490593e-01
3.348657333143330028e-01
3.431051710533566945e-01
3.576166287857885928e-01
3.710881904738498327e-01
3.810392305595826090e-01
3.967780207082047261e-01
4.105494853018869517e-01
4.309920420651126571e-01
4.437103541591250755e-01
4.788780370079334103e-01
4.902099881769383383e-01
5.274249479999515433e-01
5.355219699029695191e-01
5.540576798036772610e-01
5.841705961859313678e-01
5.842271621816276239e-01
-1.853431554405792284e-02
2.195381128441618174e-02
5.706101688521068860e-02
8.777786963751628424e-02
1.127021707558247127e-01
1.347888977563363733e-01
1.515690222215558824e-01
1.674118647549493466e-01
1.790459687456872340e-01
1.886444832025133134e-01
1.979418364900063232e-01
2.056427691926460410e-01
2.133583536243912060e-01
2.207694907973407894e-01
2.267802868145622486e-01
2.340817583826822479e-01
2.405192959061677738e-01
2.478702012053443093e-01
2.549852932458860910e-01
2.627168061422954226e-01
2.694195375110494672e-01
2.767190876416119050e-01
2.838708664679852611e-01
2.935503768442521699e-01
3.035135596854975915e-01
3.105552505899697446e-01
3.186788450871036460e-01
3.316560254457088797e-01
3.416481567824786181e-01
3.545079599812049342e-01
3.667329235049195391e-01
3.824871235925890733e-01
3.968894836579263119e-01
4.062113546665114261e-01
4.285818223783268155e-01
4.515500413397792734e-01
4.525990178855370805e-01
4.805056637310806122e-01
5.065036794604534931e-01
5.194985397978955088e-01
5.620167319782187754e-01
5.514170586591174983e-01
