6.920516490936279297e-03
5.807512998580932617e-02
1.046301722526550293e-01
1.466042399406433105e-01
1.840669512748718262e-01
2.171723246574401855e-01
2.461025118827819824e-01
2.711583971977233887e-01
2.926103472709655762e-01
3.108789324760437012e-01
3.262960314750671387e-01
3.393098711967468262e-01
3.503443598747253418e-01
3.598372340202331543e-01
3.682195544242858887e-01
3.758880496025085449e-01
3.832127451896667480e-01
3.906180262565612793e-01
3.983837962150573730e-01
4.068805575370788574e-01
4.162427783012390137e-01
4.269015192985534668e-01
4.388529658317565918e-01
4.524590373039245605e-01
4.678575396537780762e-01
4.849197268486022949e-01
5.043899416923522949e-01
5.255071520805358887e-01
5.483848452568054199e-01
5.749875903129577637e-01
6.024753451347351074e-01
6.338912844657897949e-01
6.642553210258483887e-01
7.004863619804382324e-01
7.398154139518737793e-01
7.823197245597839355e-01
8.237082362174987793e-01
8.705803751945495605e-01
9.218990206718444824e-01
9.725686907768249512e-01
1.026451826095581055e+00
1.028896570205688477e+00
