-2.981883287429809570e-02
2.147072553634643555e-02
6.780070066452026367e-02
1.091296076774597168e-01
1.455127596855163574e-01
1.770946383476257324e-01
2.041150927543640137e-01
2.268845438957214355e-01
2.457997202873229980e-01
2.612912058830261230e-01
2.738716006278991699e-01
2.840363383293151855e-01
2.923323512077331543e-01
2.992765307426452637e-01
3.053633570671081543e-01
3.110939860343933105e-01
3.168470263481140137e-01
3.230978846549987793e-01
3.301383852958679199e-01
3.382889628410339355e-01
3.478071093559265137e-01
3.588635325431823730e-01
3.715659976005554199e-01
3.862730860710144043e-01
4.030410647392272949e-01
4.221617579460144043e-01
4.429661631584167480e-01
4.661843180656433105e-01
4.918186068534851074e-01
5.195948481559753418e-01
5.502583384513854980e-01
5.835964083671569824e-01
6.186138987541198730e-01
6.575605273246765137e-01
6.980816721916198730e-01
7.433196902275085449e-01
7.883798480033874512e-01
8.358518481254577637e-01
8.899261355400085449e-01
9.449178576469421387e-01
1.020932912826538086e+00
1.011918306350708008e+00
