1.797208189964294434e-02
4.426470398902893066e-02
6.880664825439453125e-02
9.150433540344238281e-02
1.122864484786987305e-01
1.311308145523071289e-01
1.480377316474914551e-01
1.630941331386566162e-01
1.763887107372283936e-01
1.881248056888580322e-01
1.984800696372985840e-01
2.077297419309616089e-01
2.161631435155868530e-01
2.241023629903793335e-01
2.318863123655319214e-01
2.398446053266525269e-01
2.482827752828598022e-01
2.575923800468444824e-01
2.680138349533081055e-01
2.799110710620880127e-01
2.933427095413208008e-01
3.087944388389587402e-01
3.261443972587585449e-01
3.458002209663391113e-01
3.678552508354187012e-01
3.920237421989440918e-01
4.192551374435424805e-01
4.483834505081176758e-01
4.794871211051940918e-01
5.150990486145019531e-01
5.512960553169250488e-01
5.919620394706726074e-01
6.305772066116333008e-01
6.758022904396057129e-01
7.238727807998657227e-01
7.746628522872924805e-01
8.229840397834777832e-01
8.763873577117919922e-01
9.332828521728515625e-01
9.878919124603271484e-01
1.044307470321655273e+00
1.046827077865600586e+00
