2.501399999999999935e+01
2.500000000000000000e+01
2.500000000000000000e+01
2.499200000000000088e+01
2.500900000000000034e+01
2.499599999999999866e+01
2.500499999999999901e+01
2.500900000000000034e+01
2.500000000000000000e+01
2.501399999999999935e+01
2.500900000000000034e+01
2.498699999999999832e+01
2.500499999999999901e+01
2.500000000000000000e+01
2.499200000000000088e+01
2.499599999999999866e+01
2.500000000000000000e+01
2.500900000000000034e+01
2.500900000000000034e+01
2.499599999999999866e+01
2.500499999999999901e+01
2.500499999999999901e+01
2.501399999999999935e+01
2.497400000000000020e+01
2.500000000000000000e+01
2.500900000000000034e+01
2.500000000000000000e+01
2.500499999999999901e+01
2.499599999999999866e+01
2.499599999999999866e+01
2.500499999999999901e+01
2.500900000000000034e+01
2.500499999999999901e+01
2.498300000000000054e+01
2.500000000000000000e+01
2.500900000000000034e+01
2.500000000000000000e+01
2.500499999999999901e+01
2.499599999999999866e+01
2.499599999999999866e+01
2.499599999999999866e+01
2.500499999999999901e+01
2.500499999999999901e+01
2.498699999999999832e+01
2.500000000000000000e+01
2.499200000000000088e+01
2.501399999999999935e+01
2.500900000000000034e+01
2.499599999999999866e+01
2.499200000000000088e+01
2.500000000000000000e+01
2.500499999999999901e+01
2.500499999999999901e+01
2.500000000000000000e+01
2.500499999999999901e+01
2.499599999999999866e+01
2.500900000000000034e+01
2.499599999999999866e+01
2.500000000000000000e+01
2.500000000000000000e+01
2.500499999999999901e+01
2.500499999999999901e+01
2.499599999999999866e+01
2.500000000000000000e+01
2.498699999999999832e+01
2.501399999999999935e+01
2.500900000000000034e+01
2.500000000000000000e+01
2.497400000000000020e+01
2.500499999999999901e+01
2.500900000000000034e+01
2.500000000000000000e+01
2.500499999999999901e+01
2.499200000000000088e+01
2.498699999999999832e+01
2.499200000000000088e+01
2.500000000000000000e+01
2.499599999999999866e+01
2.499200000000000088e+01
2.498699999999999832e+01
2.500000000000000000e+01
2.499599999999999866e+01
2.500000000000000000e+01
2.500499999999999901e+01
2.505300000000000082e+01
2.519800000000000040e+01
2.539000000000000057e+01
2.555199999999999960e+01
2.572800000000000153e+01
2.592500000000000071e+01
2.608299999999999841e+01
2.628500000000000014e+01
2.645599999999999952e+01
2.660900000000000176e+01
2.680699999999999861e+01
2.696000000000000085e+01
2.712699999999999889e+01
2.728900000000000148e+01
2.749099999999999966e+01
2.764499999999999957e+01
2.781599999999999895e+01
2.797400000000000020e+01
2.813200000000000145e+01
2.833399999999999963e+01
2.847400000000000020e+01
2.864600000000000080e+01
2.879899999999999949e+01
2.896600000000000108e+01
2.915500000000000114e+01
2.933500000000000085e+01
2.948400000000000176e+01
2.962900000000000134e+01
2.979200000000000159e+01
2.996699999999999875e+01
3.015599999999999881e+01
3.031400000000000006e+01
3.047200000000000131e+01
3.062999999999999901e+01
3.080600000000000094e+01
3.097299999999999898e+01
3.115299999999999869e+01
3.131599999999999895e+01
3.146999999999999886e+01
3.164099999999999824e+01
3.180799999999999983e+01
3.196699999999999875e+01
3.215200000000000102e+01
3.231400000000000006e+01
3.248599999999999710e+01
3.266199999999999903e+01
3.282000000000000028e+01
3.300500000000000256e+01
3.317199999999999704e+01
3.332600000000000051e+01
3.348400000000000176e+01
3.364300000000000068e+01
3.380100000000000193e+01
3.398199999999999932e+01
3.414399999999999835e+01
3.430700000000000216e+01
3.448799999999999955e+01
3.466400000000000148e+01
3.481300000000000239e+01
3.499399999999999977e+01
3.515699999999999648e+01
3.531499999999999773e+01
3.548299999999999699e+01
3.564999999999999858e+01
3.581300000000000239e+01
3.598400000000000176e+01
3.614699999999999847e+01
3.630599999999999739e+01
3.649099999999999966e+01
3.664999999999999858e+01
3.680400000000000205e+01
3.697200000000000131e+01
3.716599999999999682e+01
3.734700000000000131e+01
3.747899999999999920e+01
3.764200000000000301e+01
3.780899999999999750e+01
3.799900000000000233e+01
3.816199999999999903e+01
3.831600000000000250e+01
3.846200000000000330e+01
3.864699999999999847e+01
3.880599999999999739e+01
3.898199999999999932e+01
3.915899999999999892e+01
3.934400000000000119e+01
3.951200000000000045e+01
3.967499999999999716e+01
3.982500000000000284e+01
3.996600000000000108e+01
