5.461452156379388301e-01
5.428243881671465099e-01
5.395167191484623315e-01
5.362222531104110512e-01
5.329410340020338532e-01
5.296731051820371405e-01
5.264185094080268135e-01
5.231772888258322540e-01
5.199494849589243461e-01
5.167351386979348593e-01
5.135342902902767515e-01
5.103469793298766044e-01
5.071732447470184146e-01
5.040131247983058449e-01
5.008666570567473775e-01
4.977338784019700313e-01
4.946148250105625865e-01
4.915095323465576427e-01
4.884180351520537311e-01
4.853403674379827004e-01
4.822765624750276481e-01
4.792266527846954505e-01
4.761906701305468892e-01
4.731686455095908128e-01
4.701606091438451651e-01
4.671665904720693763e-01
4.641866181416724468e-01
4.612207200007995556e-01
4.582689230906042965e-01
4.553312536377058795e-01
4.524077370468388981e-01
4.494983978936974989e-01
4.466032599179784457e-01
4.437223460166259126e-01
4.408556782372815563e-01
4.380032777719442549e-01
4.351651649508412323e-01
4.323413592365148439e-01
4.295318792181271328e-01
4.267367426059868740e-01
4.239559662262997186e-01
4.211895660161443233e-01
4.184375570186809612e-01
4.156999533785885048e-01
4.129767683377377208e-01
4.102680142311008749e-01
4.075737024828994803e-01
4.048938436029925203e-01
4.022284471835085307e-01
3.995775218957197117e-01
3.969410754871640079e-01
3.943191147790129358e-01
3.917116456636886013e-01
3.891186731027307388e-01
3.865402011249139402e-01
3.839762328246169587e-01
3.814267703604449777e-01
3.788918149541043445e-01
3.763713668895309339e-01
3.738654255122730863e-01
3.713739892291280098e-01
3.688970555080337554e-01
3.664346208782127134e-01
3.639866809305726258e-01
3.615532303183572882e-01
3.591342627580542679e-01
3.567297710305511460e-01
3.543397469825466106e-01
3.519641815282097963e-01
3.496030646510908668e-01
3.472563854062790667e-01
3.449241319228076863e-01
3.426062914063052189e-01
3.403028501418898788e-01
3.380137934973065361e-01
3.357391059263029609e-01
3.334787709722458193e-01
3.312327712719712602e-01
3.290010885598702028e-01
3.267837036722039401e-01
3.245805965516498359e-01
3.223917462520715094e-01
3.202171309435139501e-01
3.180567279174181250e-01
3.159105135920534102e-01
3.137784635181640747e-01
3.116605523848265391e-01
3.095567540255155237e-01
3.074670414243735328e-01
3.053913867226807910e-01
3.033297612255239639e-01
3.012821354086556713e-01
2.992484789255462907e-01
2.972287606146194472e-01
2.952229485066703574e-01
2.932310098324601988e-01
2.912529110304863389e-01
2.892886177549187643e-01
2.873380948837042648e-01
2.854013065268281579e-01
2.834782160347350533e-01
2.815687860068984416e-01
2.796729783005391656e-01
2.777907540394847774e-01
2.759220736231676185e-01
2.740668967357554053e-01
2.722251823554097672e-01
2.703968887636680751e-01
2.685819735549442866e-01
2.667803936461426995e-01
2.649921052863807858e-01
2.632170640668158312e-01
2.614552249305691078e-01
2.597065421827460252e-01
2.579709695005423797e-01
2.562484599434360355e-01
2.545389659634570423e-01
2.528424394155294186e-01
2.511588315678843220e-01
2.494880931125338930e-01
2.478301741758049681e-01
2.461850243289249451e-01
2.445525925986565818e-01
2.429328274779746222e-01
2.413256769367818078e-01
2.397310884326559477e-01
2.381490089216260209e-01
2.365793848689705103e-01
2.350221622600327243e-01
2.334772866110500500e-01
2.319447029799892035e-01
2.304243559773851424e-01
2.289161897771770371e-01
2.274201481275371084e-01
2.259361743616864759e-01
2.244642114086943807e-01
2.230042018042557861e-01
2.215560877014396413e-01
2.201198108814079735e-01
2.186953127640965389e-01
2.172825344188538677e-01
2.158814165750350123e-01
2.144918996325429206e-01
2.131139236723148533e-01
2.117474284667473228e-01
2.103923534900564996e-01
2.090486379285676211e-01
2.077162206909304032e-01
2.063950404182550435e-01
2.050850354941631815e-01
2.037861440547517888e-01
2.024983039984618871e-01
2.012214529958506470e-01
1.999555284992602378e-01
1.987004677523795948e-01
1.974562077996944998e-01
1.962226854958204758e-01
1.949998375147161400e-01
1.937876003587678808e-01
1.925859103677474982e-01
1.913947037276319263e-01
1.902139164792845394e-01
1.890434845269911845e-01
1.878833436468466955e-01
1.867334294949871132e-01
1.855936776156631718e-01
1.844640234491488340e-01
1.833444023394810163e-01
1.822347495420250651e-01
1.811350002308603768e-01
1.800450895059819700e-01
1.789649524003114334e-01
1.778945238865118905e-01
1.768337388836035695e-01
1.757825322633704002e-01
1.747408388565555304e-01
1.737085934588379899e-01
1.726857308365839228e-01
1.716721857323675604e-01
1.706678928702544118e-01
1.696727869608407047e-01
1.686868027060410002e-01
1.677098748036185138e-01
1.667419379514499811e-01
1.657829268515166599e-01
1.648327762136161390e-01
1.638914207587836291e-01
1.629587952224168801e-01
1.620348343570947591e-01
1.611194729350806654e-01
1.602126457505016477e-01
1.593142876211930403e-01
1.584243333901983186e-01
1.575427179269143219e-01
1.566693761278697417e-01
1.558042429171266618e-01
1.549472532462912999e-01
1.540983420941229309e-01
1.532574444657282819e-01
1.524244953913250211e-01
1.515994299245637111e-01
1.507821831403900747e-01
1.499726901324346939e-01
1.491708860099114908e-01
1.483767058940094197e-01
1.475900849137590787e-01
1.468109582013556458e-01
1.460392608869191255e-01
1.452749280926692033e-01
1.445178949264975254e-01
1.437680964749108448e-01
1.430254677953242681e-01
1.422899439076782679e-01
1.415614597853565582e-01
1.408399503453740542e-01
1.401253504378104642e-01
1.394175948344582860e-01
1.387166182166535422e-01
1.380223551622601075e-01
1.373347401317699668e-01
1.366537074534875107e-01
1.359791913077580128e-01
1.353111257102034559e-01
1.346494444939247692e-01
1.339940812906273149e-01
1.333449695106258548e-01
1.327020423216820066e-01
1.320652326266270049e-01
1.314344730397157823e-01
1.308096958616624672e-01
1.301908330532999536e-01
1.295778162078047580e-01
1.289705765214268496e-01
1.283690447626618381e-01
1.277731512397958791e-01
1.271828257667562134e-01
1.265979976271938423e-01
1.260185955367214561e-01
1.254445476032261253e-01
1.248757812851775534e-01
1.243122233478389516e-01
1.237537998172952014e-01
1.232004359321991760e-01
1.226520560931404630e-01
1.221085838095309767e-01
1.215699416438996705e-01
1.210360511534844252e-01
1.205068328290029994e-01
1.199822060304809174e-01
1.194620889200067593e-01
1.189463983912835143e-01
1.184350499958360808e-01
1.179279578657289329e-01
1.174250346326453087e-01
1.169261913431683814e-01
1.164313373701020282e-01
1.159403803196605992e-01
1.154532259343505063e-01
1.149697779913587820e-01
1.144899381962570933e-01
1.140136060718238142e-01
1.135406788417741147e-01
1.130710513091855579e-01
1.126046157293962430e-01
1.121412616771439996e-01
1.116808759077057289e-01
1.112233422117921422e-01
1.107685412639369676e-01
1.103163504641168774e-01
1.098666437723282568e-01
1.094192915358336571e-01
1.089741603087877181e-01
1.085311126639394441e-01
1.080900069960978732e-01
1.076506973170421461e-01
1.072130330415456551e-01
1.067768587641744205e-01
1.063420140265138036e-01
1.059083330744657048e-01
1.054756446052527580e-01
1.050437715037579461e-01
1.046125305678176909e-01
1.041817322220843084e-01
1.037511802200644373e-01
1.033206713339346050e-01
1.028899950317321010e-01
1.024589331415163146e-01
1.020272595020897261e-01
1.015947395998722802e-01
1.011611301915187333e-01
1.007261789118746864e-01
1.002896238668676832e-01
9.985119321093999245e-02
9.941060470863610776e-02
9.896756527997017938e-02
9.852177052921351486e-02
9.807290425676183643e-02
9.762063795375859609e-02
9.716463027918322004e-02
9.670452651913759301e-02
9.623995802810073052e-02
9.577054165196431657e-02
9.529587913270166910e-02
9.481555649458227319e-02
9.432914341189647944e-02
9.383619255822409078e-02
9.333623893735516763e-02
9.282879919605256658e-02
9.231337091893693225e-02
9.178943190587851575e-02
9.125643943238943845e-02
9.071382949363460124e-02
9.016101603281384547e-02
8.959739015481435476e-02
8.902231932619218691e-02
8.843514656271943275e-02
8.783518960591428504e-02
8.722174009018501817e-02
8.659406270242669956e-02
8.595139433615529845e-02
8.529294324250465131e-02
8.461788818069088114e-02
8.392537757082266237e-02
8.321452865224852891e-02
8.248442665094095350e-02
8.173412395976374645e-02
8.096263933580578886e-02
8.016895711934779456e-02
7.935202647939067211e-02
7.851076069108403610e-02
7.764403645077948279e-02
7.675069323486206907e-02
7.582953270891300279e-02
7.487931819419155199e-02
7.389877419883092435e-02
7.288658602156164457e-02
7.184139943617590118e-02
7.076182046533219250e-02
6.964641525266455913e-02
6.849371004249456274e-02
6.730219127674451352e-02
6.607030581890288579e-02
6.479646131509596285e-02
6.347902670245766932e-02
6.211633287505704398e-02
6.070667351762849134e-02
5.924830611723962831e-02
5.773945316282445839e-02
5.617830354218140976e-02
5.456301414558904772e-02
5.289171168460807260e-02
5.116249473390990093e-02
4.937343600309777869e-02
4.752258484444084330e-02
4.560797000124643119e-02
4.362760260021460168e-02
4.157947938958824613e-02
3.946158622318670511e-02
3.727190178854768859e-02
3.500840157535385633e-02
3.266906207815117869e-02
3.025186522503672815e-02
2.775480302157228366e-02
2.517588239665278713e-02
2.251313023446586264e-02
1.976459857405862830e-02
1.692836995539121273e-02
1.400256288816958440e-02
1.098533741722685503e-02
7.874900755824478307e-03
4.669512956001608400e-03
1.367492583076618771e-03
-2.032777640386103021e-03
-5.532845257304224579e-03
-9.134182602816507887e-03
-1.283818147311742257e-02
-1.664614797483759262e-02
-2.055929759334515494e-02
-2.457875051782186862e-02
-2.870552725995354285e-02
-3.294054460161458669e-02
-3.728461190495799271e-02
-4.173842781593319062e-02
-4.630257738938669404e-02
-5.097752966066641800e-02
-5.576363568501822854e-02
-6.066112706213172556e-02
-6.567011495899965912e-02
-7.079058963984360964e-02
-7.602242050734089873e-02
-8.136535665477349910e-02
-8.681902792414564196e-02
-9.238294646077871430e-02
-9.805650875054355842e-02
-1.038389981217108932e-01
-1.097295876895291872e-01
-1.157273437180589143e-01
-1.218312293706197980e-01
-1.280401088174124291e-01
-1.343527516665568855e-01
-1.407678376828965516e-01
9.229217252534321903e-01
9.207780067367158372e-01
9.186484311286701177e-01
9.165329733190735739e-01
9.144316073404002987e-01
9.123443063741593084e-01
9.102710427574370877e-01
9.082117879896359769e-01
9.061665127394087360e-01
9.041351868517830681e-01
9.021177793554741031e-01
9.001142584703787364e-01
8.981245916152497122e-01
8.961487454155437904e-01
8.941866857114422196e-01
8.922383775660368554e-01
8.903037852736782609e-01
8.883828723684827899e-01
8.864756016329929933e-01
8.845819351069867942e-01
8.827018340964313259e-01
8.808352591825781008e-01
8.789821702311926277e-01
8.771425264019145907e-01
8.753162861577460374e-01
8.735034072746598044e-01
8.717038468513249594e-01
8.699175613189453760e-01
8.681445064512045562e-01
8.663846373743135931e-01
8.646379085771574990e-01
8.629042739215337932e-01
8.611836866524792411e-01
8.594760994086810824e-01
8.577814642329658623e-01
8.560997325828625382e-01
8.544308553412343077e-01
8.527747828269749419e-01
8.511314648057646259e-01
8.495008505008796451e-01
8.478828886040535862e-01
8.462775272863817255e-01
8.446847142092677174e-01
8.431043965354046987e-01
8.415365209397890345e-01
8.399810336207585992e-01
8.384378803110555944e-01
8.369070062889039097e-01
8.353883563891023600e-01
8.338818750141235858e-01
8.323875061452198354e-01
8.309051933535256396e-01
8.294348798111579324e-01
8.279765083023062910e-01
8.265300212343105191e-01
8.250953606487199110e-01
8.236724682323330882e-01
8.222612853282100787e-01
8.208617529466561979e-01
8.194738117761727336e-01
8.180974021943697716e-01
8.167324642788375000e-01
8.153789378179739922e-01
8.140367623217628079e-01
8.127058770325004122e-01
8.113862209354650856e-01
8.100777327695296570e-01
8.087803510377089555e-01
8.074940140176428693e-01
8.062186597720092385e-01
8.049542261588643610e-01
8.037006508419080042e-01
8.024578713006684794e-01
8.012258248406078920e-01
8.000044486031400170e-01
7.987936795755621322e-01
7.975934546008955905e-01
7.964037103876328016e-01
7.952243835193889554e-01
7.940554104644528266e-01
7.928967275852397689e-01
7.917482711476370172e-01
7.906099773302447398e-01
7.894817822335081781e-01
7.883636218887379865e-01
7.872554322670169968e-01
7.861571492879924072e-01
7.850687088285482895e-01
7.839900467313600796e-01
7.829210988133249449e-01
7.818618008738685843e-01
7.808120887031266832e-01
7.797718980899971397e-01
7.787411648300617273e-01
7.777198247333768633e-01
7.767078136321302617e-01
7.757050673881601410e-01
7.747115219003394282e-01
7.737271131118179657e-01
7.727517770171262734e-01
7.717854496691340938e-01
7.708280671858651623e-01
7.698795657571663176e-01
7.689398816512272861e-01
7.680089512209515856e-01
7.670867109101758841e-01
7.661730972597352585e-01
7.652680469133749108e-01
7.643714966235041208e-01
7.634833832567917700e-01
7.626036437996026596e-01
7.617322153632701820e-01
7.608690351892065662e-01
7.600140406538465898e-01
7.591671692734233146e-01
7.583283587085749566e-01
7.574975467687786734e-01
7.566746714166127097e-01
7.558596707718391317e-01
7.550524831153118122e-01
7.542530468927013398e-01
7.534613007180374078e-01
7.526771833770666831e-01
7.519006338304206061e-01
7.511315912165933417e-01
7.503699948547262188e-01
7.496157842471936616e-01
7.488688990819911684e-01
7.481292792349176768e-01
7.473968647715529823e-01
7.466715959490243248e-01
7.459534132175573706e-01
7.452422572218107000e-01
7.445380688019868076e-01
7.438407889947161733e-01
7.431503590337101839e-01
7.424667203501769119e-01
7.417898145729963089e-01
7.411195835286462641e-01
7.404559692408786420e-01
7.397989139301338612e-01
7.391483600126915743e-01
7.385042500995496750e-01
7.378665269950228645e-01
7.372351336950577760e-01
7.366100133852505616e-01
7.359911094385648278e-01
7.353783654127378222e-01
7.347717250473655426e-01
7.341711322606606638e-01
7.335765311458691817e-01
7.329878659673368935e-01
7.324050811562153873e-01
7.318281213057951096e-01
7.312569311664525173e-01
7.306914556402003269e-01
7.301316397748242037e-01
7.295774287575955697e-01
7.290287679085419859e-01
7.284856026732617895e-01
7.279478786152646652e-01
7.274155414078227189e-01
7.268885368253116264e-01
7.263668107340242042e-01
7.258503090824363069e-01
7.253389778909031804e-01
7.248327632407637333e-01
7.243316112628321868e-01
7.238354681252485712e-01
7.233442800206659751e-01
7.228579931527464586e-01
7.223765537219365429e-01
7.218999079104949645e-01
7.214280018667391658e-01
7.209607816884813225e-01
7.204981934056158277e-01
7.200401829618269245e-01
7.195866961953756302e-01
7.191376788189292046e-01
7.186930763983919723e-01
7.182528343306922025e-01
7.178168978204843009e-01
7.173852118557154656e-01
7.169577211820096219e-01
7.165343702758171229e-01
7.161151033162749258e-01
7.156998641557227314e-01
7.152885962888148041e-01
7.148812428201651858e-01
7.144777464304638004e-01
7.140780493409941698e-01
7.136820932764812442e-01
7.132898194262000668e-01
7.129011684032603435e-01
7.125160802019954165e-01
7.121344941533620521e-01
7.117563488782721048e-01
7.113815822387556942e-01
7.110101312868654100e-01
7.106419322112191850e-01
7.102769202810774729e-01
7.099150297878445981e-01
7.095561939838807008e-01
7.092003450185065949e-01
7.088474138710750827e-01
7.084973302809798312e-01
7.081500226744688042e-01
7.078054180881192536e-01
7.074634420888282760e-01
7.071240186901673885e-01
7.067870702649404757e-01
7.064525174537820140e-01
7.061202790696193832e-01
7.057902719978254025e-01
7.054624110918700230e-01
7.051366090642813278e-01
7.048127763727107808e-01
7.044908211008992227e-01
7.041706488343203452e-01
7.038521625302832652e-01
7.035352623822543894e-01
7.032198456781629803e-01
7.029058066524355164e-01
7.025930363315016081e-01
7.022814223725034610e-01
7.019708488949308878e-01
7.016611963048947631e-01
7.013523411117479345e-01
7.010441557367425025e-01
7.007365083134127204e-01
7.004292624793628796e-01
7.001222771591234517e-01
6.998154063377365341e-01
6.995084988247213253e-01
6.992013980080598046e-01
6.988939415978364655e-01
6.985859613591597350e-01
6.982772828339778304e-01
6.979677250514083608e-01
6.976571002261795496e-01
6.973452134447886142e-01
6.970318623389708534e-01
6.967168367460719880e-01
6.963999183559147488e-01
6.960808803437501524e-01
6.957594869888820144e-01
6.954354932785604682e-01
6.951086444967412570e-01
6.947786757973156702e-01
6.944453117614243221e-01
6.941082659384829601e-01
6.937672403705595903e-01
6.934219250997630812e-01
6.930719976583253894e-01
6.927171225410847510e-01
6.923569506601082724e-01
6.919911187812290976e-01
6.916192489423119705e-01
6.912409478531094109e-01
6.908558062766224639e-01
6.904633983919420404e-01
6.900632811386099297e-01
6.896549935426190547e-01
6.892380560242504783e-01
6.888119696880434795e-01
6.883762155952922734e-01
6.879302540195798565e-01
6.874735236859832455e-01
6.870054409947188301e-01
6.865253992301479924e-01
6.860327677562224613e-01
6.855268911996281744e-01
6.850070886220728239e-01
6.844726526833700975e-01
6.839228487971957815e-01
6.833569142816257047e-01
6.827740575068191875e-01
6.821734570424859978e-01
6.815542608080564779e-01
6.809155852287848143e-01
6.802565144013321685e-01
6.795760992727161165e-01
6.788733568368675586e-01
6.781472693534000840e-01
6.773967835935874593e-01
6.766208101189292723e-01
6.758182225980977620e-01
6.749878571684685413e-01
6.741285118488574701e-01
6.732389460105038248e-01
6.723178799137639050e-01
6.713639943183860037e-01
6.703759301756436750e-01
6.693522884109882609e-01
6.682916298062417937e-01
6.671924749906892327e-01
6.660533045507175398e-01
6.648725592679073371e-01
6.636486404956729590e-01
6.623799106846807172e-01
6.610646940673419181e-01
6.597012775116393168e-01
6.582879115544481019e-01
6.568228116242700310e-01
6.553041594629795963e-01
6.537301047557086964e-01
6.520987669774019890e-01
6.504082374638333608e-01
6.486565817139755552e-01
6.468418419295604016e-01
6.449620397964461738e-01
6.430151795110145008e-01
6.409992510532596111e-01
6.389122337065004098e-01
6.367520998217468531e-01
6.345168188227021666e-01
6.322043614451741123e-01
6.298127042023421440e-01
6.273398340648717042e-01
6.247837533423382661e-01
6.221424847498098210e-01
6.194140766408159360e-01
6.165966083852769675e-01
6.136881958683930716e-01
6.106869970839521322e-01
6.075912177931410696e-01
6.043991172176990112e-01
6.011090137342449680e-01
5.977192905348422958e-01
5.942284012174093855e-01
5.906348752684580372e-01
5.869373233999060080e-01
5.831344427013780418e-01
5.792250215695223803e-01
5.752079443764409605e-01
5.710821958403727860e-01
5.668468650632976225e-01
5.625011492021151360e-01
5.580443567425156237e-01
5.534759103475466180e-01
5.487953492561755686e-01
5.440023312108048792e-01
5.390966338966773908e-01
5.340781558803221474e-01
5.289469170386421615e-01
5.237030584747728312e-01
5.183468419214793954e-01
5.128786486374449227e-01
5.072989778063339283e-01
5.016084444528772224e-01
4.958077768943842112e-01
4.898978137499528374e-01
4.838795005332061638e-01
4.777538858575370306e-01
4.715221172856079446e-01
4.651854368571456955e-01
4.587451763309238761e-01
4.522027521781807335e-01
4.455596603656200583e-01
4.388174709665466633e-01
4.319778226386691844e-01
4.250424170066212093e-01
4.180130129863884325e-01
4.108914210876002948e-01
4.036794977280621644e-01
3.963791395930801875e-01
3.889922780700071359e-01
3.815208737861821020e-01
3.739669112759665959e-01
3.663323938000554447e-01
3.586193383376091171e-01
3.508297707691305778e-01
3.429657212653652310e-01
3.350292198949356148e-01
3.270222924608932047e-01
3.189469565739751489e-01
3.108052179680436677e-01
3.025990670610485545e-01
2.943304757628312229e-01
2.860013945292634863e-01
2.776137496605198818e-01
2.691694408397926619e-01
2.606703389074085386e-01
2.521182838641525259e-01
2.435150830965878976e-01
2.348625098163280578e-01
2.261623017045179540e-01
2.174161597522218103e-01
2.086257472870131635e-01
1.997926891757421941e-01
1.909185711932910035e-01
1.820049395470216824e-01
1.730533005466468044e-01
1.640651204093184212e-01
1.550418251899041699e-01
1.459848008266144692e-01
1.368953932924339978e-01
1.277749088430951696e-01
1.186246143526957925e-01
1.094457377284172028e-01
1.002394683962035266e-01
1.329873582153337175e+00
1.240552829892481501e+00
1.152896077066859926e+00
1.067189877844668011e+00
9.837496115835728805e-01
9.029142541591930193e-01
8.250377312629778581e-01
7.504765618197515309e-01
6.795739921889126789e-01
6.126414971594785763e-01
5.499392707133115010e-01
4.916579525268934270e-01
4.379041019705605664e-01
3.886916608501890802e-01
3.439408142961467574e-01
3.034844427711320680e-01
2.670810873902264015e-01
2.344323783738243294e-01
2.052024340864222751e-01
1.790368591318643732e-01
1.555795114768100951e-01
1.344859423580631042e-01
1.154331249018452493e-01
9.812564002964349608e-02
8.229883158485724881e-02
6.771959330259050280e-02
5.418545856273025707e-02
4.152258653481734341e-02
2.958312267401710591e-02
1.824228998221641765e-02
7.395458375562887800e-03
-3.044649232829216810e-03
-1.315052266962581096e-02
-2.298215838992290205e-02
-3.258906993220626186e-02
-4.201202351046812861e-02
-5.128451889685321785e-02
-6.043404145581898063e-02
-6.948311306416517230e-02
-7.845016916091435144e-02
-8.735028733422574299e-02
-9.619579034640496351e-02
