-3.441971540451049805e-02
1.275873184204101562e-02
5.149060487747192383e-02
8.276134729385375977e-02
1.076453924179077148e-01
1.272290349006652832e-01
1.425715982913970947e-01
1.546666920185089111e-01
1.643941104412078857e-01
1.725378930568695068e-01
1.797563433647155762e-01
1.866014003753662109e-01
1.935259997844696045e-01
2.008883357048034668e-01
2.089920938014984131e-01
2.180733978748321533e-01
2.283242046833038330e-01
2.398596704006195068e-01
2.528544366359710693e-01
2.674051523208618164e-01
2.834769189357757568e-01
3.014302253723144531e-01
3.211045265197753906e-01
3.427412509918212891e-01
3.662546873092651367e-01
3.920210599899291992e-01
4.195252060890197754e-01
4.492260515689849854e-01
4.814234375953674316e-01
5.151498317718505859e-01
5.523782968521118164e-01
5.906994938850402832e-01
6.325024962425231934e-01
6.749700307846069336e-01
7.222405076026916504e-01
7.667009830474853516e-01
8.191273212432861328e-01
8.699425458908081055e-01
9.282311201095581055e-01
9.802834987640380859e-01
1.039615154266357422e+00
1.037047624588012695e+00
