-8.813128471374511719e-01
-8.757263422012329102e-01
-8.686703443527221680e-01
-8.600693345069885254e-01
-8.499681949615478516e-01
-8.385899662971496582e-01
-8.260084390640258789e-01
-8.124913573265075684e-01
-7.982721924781799316e-01
-7.835177779197692871e-01
-7.676949501037597656e-01
-7.514829039573669434e-01
-7.350723743438720703e-01
-7.179944515228271484e-01
-7.004148960113525391e-01
-6.816487908363342285e-01
-6.602522134780883789e-01
-6.379297375679016113e-01
-6.136379241943359375e-01
-5.855827331542968750e-01
-5.531845092773437500e-01
-5.189670920372009277e-01
-4.789537787437438965e-01
-4.356554150581359863e-01
-3.885268568992614746e-01
-3.383418917655944824e-01
-2.833372950553894043e-01
-2.260556071996688843e-01
-1.659811288118362427e-01
-1.027679592370986938e-01
-3.513189405202865601e-02
3.649213910102844238e-02
1.138573512434959412e-01
1.881029158830642700e-01
2.700273990631103516e-01
3.610386848449707031e-01
4.483432769775390625e-01
5.609397292137145996e-01
6.463071703910827637e-01
7.672998905181884766e-01
8.423202037811279297e-01
8.760300874710083008e-01
