2.000173683058465102e+00
1.900168236338762640e+00
1.800166990201363948e+00
1.700173935533351166e+00
1.600166689407995557e+00
1.500170584444664001e+00
1.400173478071845556e+00
1.300180118926396844e+00
1.200185420089161070e+00
1.100153343571698583e+00
1.000125927141198856e+00
9.001638640559257443e-01
8.000899222389008525e-01
7.000734465138919171e-01
6.001448792645179831e-01
5.002103944118507783e-01
4.002788895640940758e-01
3.000669664375240075e-01
2.003579455416352739e-01
9.971861432428429095e-02
2.170929722301843815e-04
-9.961593692031314728e-02
-2.001055614236360303e-01
-2.996511304470977910e-01
-3.994899452304787046e-01
-5.010928735683140012e-01
-6.007486665399820458e-01
-6.987941506788103441e-01
-7.973836476076167079e-01
-8.979987457695537412e-01
-1.002359841578731370e+00
-1.104316734530783828e+00
-1.197657363430877586e+00
-1.295045152904121588e+00
-1.392978415155216032e+00
-1.484917345457136273e+00
-1.587101179166876541e+00
-1.685387108269043255e+00
-1.802669811055298776e+00
-1.872610086928229611e+00
-2.003678811245817482e+00
-2.022601094042496772e+00
2.000169341828431868e+00
1.900171515522003585e+00
1.800171118456285857e+00
1.700180864953555915e+00
1.600156874978973631e+00
1.500180194081207175e+00
1.400170021524124175e+00
1.300160536951352253e+00
1.200138853857380505e+00
1.100139549329210320e+00
1.000199729527405212e+00
9.001917366048853841e-01
8.001029972315236716e-01
7.001808649535560258e-01
6.001721417727285957e-01
5.001321437720250840e-01
4.002201387736796789e-01
3.001039618410222265e-01
2.002894912625497181e-01
1.001567920638626458e-01
5.208409361856700635e-04
-1.004317241472240246e-01
-1.994561243037163423e-01
-2.995368551828888615e-01
-4.006104270663836120e-01
-5.002950512039525677e-01
-6.000979446428823527e-01
-7.009047464651174675e-01
-7.996666967558588857e-01
-8.999225301845246161e-01
-9.998176346116519619e-01
-1.098774963378876146e+00
-1.203275146706363596e+00
-1.299404437377243759e+00
-1.397919380174070136e+00
-1.492123897665970533e+00
-1.593904560383139657e+00
-1.720148337608731426e+00
-1.801254963575470658e+00
-1.868849882212226809e+00
-2.000842914470339462e+00
-1.989683079063320426e+00
2.000169341828431868e+00
1.900179166853279256e+00
1.800185567039491064e+00
1.700168738395639867e+00
1.600179774968357727e+00
1.500213139792320627e+00
1.400164836650959144e+00
1.300206226853077851e+00
1.200133375148899839e+00
1.100239547662093864e+00
1.000151976474334292e+00
9.001540262585983054e-01
8.001718064949575604e-01
6.999694678819411431e-01
6.002288423084952695e-01
5.002584360646465944e-01
4.002788895640940758e-01
3.001605369513523081e-01
2.000210463911457348e-01
1.002671293576021111e-01
1.823653883480588224e-04
-9.989516607105769497e-02
-1.992623069624912258e-01
-3.001770109220872063e-01
-3.988279622829633553e-01
-4.983424538908418078e-01
-5.998680023166245157e-01
-7.004687318691548148e-01
-8.000419800251592495e-01
-8.992160379241329604e-01
-1.000260654893432077e+00
-1.099022556695999242e+00
-1.202657658906209681e+00
-1.301655830427173477e+00
-1.396251717481838295e+00
-1.502622457450023097e+00
-1.596491705144320150e+00
-1.705946218700409078e+00
-1.803514307311372633e+00
-1.900026015764498810e+00
-2.012277441289478386e+00
-2.006194005059601881e+00
2.000160659238177541e+00
1.900171515522003585e+00
1.800177998793952794e+00
1.700183463457628497e+00
1.600169960835049698e+00
1.500176075691582289e+00
1.400182119320791729e+00
1.300167064374471604e+00
1.200149811067001471e+00
1.100156792063862632e+00
1.000221433724969078e+00
9.001993875799205735e-01
8.002915086310931070e-01
7.001410192774194519e-01
6.002223003167714843e-01
5.001211600977224503e-01
4.002011294632779603e-01
3.001213703522593867e-01
2.001114596238014187e-01
1.001395493292104033e-01
-2.945515229838892605e-04
-9.911803235257173050e-02
-2.004637174657027399e-01
-3.001215338467908000e-01
-4.009470267813319277e-01
-4.999214042641731970e-01
-5.998161524500511543e-01
-6.997241596812286968e-01
-7.991030119150027700e-01
-9.003400729530242064e-01
-9.992623262259667793e-01
-1.099192790802764108e+00
-1.199956875697247183e+00
-1.302323511866569472e+00
-1.400678163183159963e+00
-1.498272684961835521e+00
-1.597802261399856372e+00
-1.697749182870634366e+00
-1.791284608519126076e+00
-1.904029077656285374e+00
-1.998318198000301305e+00
-2.001324879809756485e+00
2.000165000555002681e+00
1.900168236338762640e+00
1.800174558638744537e+00
1.700182597291331810e+00
1.600172141772728596e+00
1.500166465963910012e+00
1.400176934592056499e+00
1.300186646055208950e+00
1.200185420089161070e+00
1.100205068079209925e+00
1.000195388557727494e+00
9.001403622814923011e-01
8.002454203353212003e-01
7.002414926646121085e-01
6.001906793008179308e-01
5.000840881459721610e-01
3.998709259875353750e-01
3.002758403187713032e-01
2.003004446723097298e-01
1.003395229751944256e-01
-1.581119695373376798e-04
-9.982137966591292377e-02
-2.001985158590948166e-01
-3.000175334275640426e-01
-4.003625155887347575e-01
-4.999612263151834157e-01
-6.003331996017101657e-01
-7.000788696698063696e-01
-8.006233502761735954e-01
-8.998121727388147528e-01
-9.983052197162595176e-01
-1.101217245306871817e+00
-1.200217109133890903e+00
-1.300177877807620952e+00
-1.402664681792974655e+00
-1.497462271922496369e+00
-1.596737026134322335e+00
-1.695515934990103002e+00
-1.796885486355615180e+00
-1.910716763087704884e+00
-1.984623476787771956e+00
-2.016645739456113251e+00
2.000165000555002681e+00
1.900172608577581856e+00
1.800179374848406066e+00
1.700177400257274041e+00
1.600172141772728596e+00
1.500187057977128591e+00
1.400164836650959144e+00
1.300167064374471604e+00
1.200182681037265331e+00
1.100156792063862632e+00
1.000147635027314408e+00
9.001485607193440153e-01
8.002268460572822262e-01
7.002120459763340188e-01
6.001983121706396807e-01
5.001362625782728166e-01
3.999279947940858615e-01
3.000822002206305905e-01
2.000320065734037256e-01
1.003567577723053494e-01
1.346104258518532250e-04
-9.994327062606822576e-02
-2.004258216054497499e-01
-2.996294850963472922e-01
-4.002729964451051115e-01
-4.993107992191657130e-01
-5.994015762172414385e-01
-6.998612218342883384e-01
-7.999077173678927899e-01
-8.993537998545199086e-01
-1.000294116934068001e+00
-1.099698430175551467e+00
-1.202695750022932275e+00
-1.301663659071553791e+00
-1.400372341984451152e+00
-1.494632928707863684e+00
-1.601730052882450295e+00
-1.709413406072492814e+00
-1.806558148506373751e+00
-1.913241655648036499e+00
-2.003985950058357890e+00
-1.994961128356931734e+00
2.000169341828431868e+00
1.900178620334087132e+00
1.800180750898499271e+00
1.700192125025584033e+00
1.600159055982367962e+00
1.500139008427403553e+00
1.400156195058125608e+00
1.300130074346205200e+00
1.200168985518656806e+00
1.100149895052151772e+00
1.000104218169976633e+00
9.001436416752049974e-01
8.002866936648117546e-01
7.001176298952097588e-01
6.002768139036018802e-01
5.003846916423035918e-01
4.002287790942671841e-01
3.003041176021800651e-01
2.001141991249189289e-01
1.000671223670621945e-01
-2.506602384933488106e-04
-9.918733354618049225e-02
-2.002398353286073129e-01
-3.001345356504989126e-01
-4.012073053608750106e-01
-4.990667973764344456e-01
-5.998628170513953251e-01
-6.998177053530992842e-01
-7.993491919997651740e-01
-8.999501239281720855e-01
-9.989286152458410895e-01
-1.096451531554460290e+00
-1.199728439433901395e+00
-1.302489939102889682e+00
-1.396516771647125177e+00
-1.501700476051589295e+00
-1.601218276232978077e+00
-1.705073269105018108e+00
-1.802986994524415687e+00
-1.903180329640140611e+00
-1.992653425739711937e+00
-1.982269843299449885e+00
2.000165000555002681e+00
1.900172608577581856e+00
1.800176622735139453e+00
1.700178266433935770e+00
1.600162327466922996e+00
1.500176075691582289e+00
1.400163108346148322e+00
1.300184470356504640e+00
1.200168985518656806e+00
1.100163688966043996e+00
1.000165000555002903e+00
9.001638640559257443e-01
8.001841910046575412e-01
7.002103137560209412e-01
5.999507207189753721e-01
5.002913758410592049e-01
4.000421099145990977e-01
3.001931730859244696e-01
2.000594058189872904e-01
1.005015030718188068e-01
2.735193740399910456e-04
-9.975798802642769914e-02
-2.007483866174308296e-01
-3.000712638678285082e-01
-4.000372782025611862e-01
-4.990887245197349609e-01
-5.997988705367219842e-01
-6.996371585376878199e-01
-8.005712145779204647e-01
-8.988580612837118178e-01
-1.001780778983695219e+00
-1.098936373843808267e+00
-1.201993333291438759e+00
-1.295095701226868457e+00
-1.396442107374082031e+00
-1.501521275832427449e+00
-1.593882397760969738e+00
-1.689417133547954197e+00
-1.796184129933235951e+00
-1.913398170984350388e+00
-1.978438607962645257e+00
-2.002514883815321500e+00
2.000160659238177541e+00
1.900166596737857150e+00
1.800169742375671955e+00
1.700177400257274041e+00
1.600168870362102869e+00
1.500167838795167574e+00
1.400161380034459668e+00
1.300188821743013534e+00
1.200130635768741350e+00
1.100146446505221753e+00
1.000160659238177763e+00
9.001622244385134586e-01
8.002213424149295928e-01
7.002354302743568626e-01
6.002364745076248509e-01
5.001664659639101229e-01
3.999522035375190354e-01
3.003584918190424502e-01
2.001881591237818780e-01
1.005290681362924488e-01
2.908798689967298447e-04
-9.955585235954170220e-02
-1.993083479299882776e-01
-3.005750933741332398e-01
-3.993788184163827304e-01
-4.981304457903242278e-01
-5.982394198224264548e-01
-6.987225270056746096e-01
-7.993957083554478205e-01
-9.013666558484272340e-01
-1.000534076175334519e+00
-1.099785310874359379e+00
-1.199350270071066094e+00
-1.298609913528719240e+00
-1.398523440730447875e+00
-1.496557981589883735e+00
-1.600717492729132774e+00
-1.694605633228267738e+00
-1.810678158979503349e+00
-1.894258253250717949e+00
-1.975247598148175854e+00
-2.006336320491282521e+00
2.000165000555002681e+00
1.900174794680485002e+00
1.800174558638744537e+00
1.700167872199974672e+00
1.600173232237461107e+00
1.500173330076802092e+00
1.400194216780470180e+00
1.300180118926396844e+00
1.200166246363107536e+00
1.100198171834131822e+00
1.000169341828431646e+00
9.001463744843829495e-01
8.002357893273538414e-01
7.001384205193785792e-01
6.001612369748094977e-01
5.000868343249971204e-01
4.001855757722286300e-01
3.001975243852382236e-01
2.001114596238014187e-01
1.005841930170561505e-01
-1.867867892567985719e-04
-9.938056219526622548e-02
-1.994100676681314077e-01
-3.002255591769442122e-01
-3.996152693775122944e-01
-4.996413798719646082e-01
-5.996191793931999747e-01
-6.990937959044977168e-01
-7.997954070312516262e-01
-9.002158033964222650e-01
-9.993490463704050031e-01
-1.100916344437903316e+00
-1.198434403100711476e+00
-1.302296506130802278e+00
-1.403396307545436095e+00
-1.495918069735423073e+00
-1.600321087779282170e+00
-1.700547182198022478e+00
-1.799040121608154630e+00
-1.894517065934803846e+00
-1.998681747505116402e+00
-2.007959278790020008e+00
2.000169341828431868e+00
1.900172608577581856e+00
1.800171118456285857e+00
1.700169604589577332e+00
1.600175413158711812e+00
1.500187057977128591e+00
1.400171749801423671e+00
1.300154009430124713e+00
1.200196376123997766e+00
1.100191275479545316e+00
1.000130268805227152e+00
9.001660502028464572e-01
8.001711184562857460e-01
7.002683393756937713e-01
6.001077995067097826e-01
5.001952945090409886e-01
4.000369235141130186e-01
3.002301577405208644e-01
2.003223506630915363e-01
9.986012160914992108e-02
1.823653883480588224e-04
-9.989352623696169664e-02
-2.000911036327628345e-01
-2.997325266213408668e-01
-3.998583923514751892e-01
-5.002909283442554811e-01
-5.999665341206207314e-01
-7.005101344434575550e-01
-7.999159363378479659e-01
-8.985553882711164730e-01
-9.985994894323660942e-01
-1.098071674378492846e+00
-1.199350957352995239e+00
-1.297533273855532521e+00
-1.397101544491085257e+00
-1.496459891362046379e+00
-1.603007786771313059e+00
-1.706955823565556196e+00
-1.803912286245892505e+00
-1.908181856878634175e+00
-2.010305070921743820e+00
-1.984954760825584197e+00
2.000169341828431868e+00
1.900174794680485002e+00
1.800175934704097758e+00
1.700167872199974672e+00
1.600185227168811286e+00
1.500167838795167574e+00
1.400171749801423671e+00
1.300156185281435173e+00
1.200171724656929895e+00
1.100198171834131822e+00
1.000130268805227152e+00
9.001808064067292614e-01
8.002062070388249460e-01
7.002120459763340188e-01
6.001655989268345204e-01
5.001884307432952204e-01
4.001579233904483668e-01
3.001474818107859877e-01
2.002265037947407733e-01
1.000119318114023187e-01
-3.257330765707086155e-05
-9.985471863722465702e-02
-2.004251326204156414e-01
-2.997273306650349856e-01
-3.993417824630108304e-01
-4.991545125929112703e-01
-6.001463690708640497e-01
-6.993523517376354359e-01
-7.995626610098381937e-01
-8.999190810898388682e-01
-9.994965103685532481e-01
-1.099304133808195250e+00
-1.201241657354186643e+00
-1.303385034001063092e+00
-1.397009444681821089e+00
-1.502734387771623936e+00
-1.602663210800069127e+00
-1.704404314506073659e+00
-1.800864902535668222e+00
-1.906147736248518854e+00
-2.005522711516294798e+00
-2.002294784000580474e+00
2.000173683058465102e+00
1.900175341204491497e+00
1.800167678246576086e+00
1.700166139803461318e+00
1.600171051305258052e+00
1.500163720288376190e+00
1.400161380034459668e+00
1.300201875640955684e+00
1.200155289568145101e+00
1.100222308212827960e+00
1.000169341828431646e+00
9.001469210441549462e-01
8.001573574539365685e-01
7.002466889317621179e-01
6.001372454555291558e-01
5.002721612751079849e-01
4.004758195293905421e-01
3.000256149038671438e-01
2.004181763831301977e-01
1.003602046496543942e-01
3.906892499100880116e-04
-9.960446558941976614e-02
-1.998123689164334749e-01
-3.000426645802146686e-01
-3.992208929504701964e-01
-4.993382237254834766e-01
-6.007642542845719191e-01
-7.007608132506195631e-01
-8.001104973752417582e-01
-8.996053280814029218e-01
-9.966730512197271574e-01
-1.101599015191911501e+00
-1.198610698095450511e+00
-1.299343002304125028e+00
-1.400157303913241114e+00
-1.506118317733499135e+00
-1.596759334915524686e+00
-1.704254820840966023e+00
-1.800552008266665505e+00
-1.906210721090582982e+00
-2.003064309751439342e+00
-1.982315707071624633e+00
2.000169341828431868e+00
1.900172608577581856e+00
1.800171806494957671e+00
1.700173935533351166e+00
1.600169960835049698e+00
1.500177448492463483e+00
1.400170021524124175e+00
1.300186646055208950e+00
1.200177202881648419e+00
1.100156792063862632e+00
1.000173683058464880e+00
9.001682363387627506e-01
8.001621738543572837e-01
7.001886604191314145e-01
6.002789943047541765e-01
5.001239060423406935e-01
4.001631083461483773e-01
3.001453059158700198e-01
2.000100859322813673e-01
9.987392472965266055e-02
3.038997848124583463e-04
-9.961429814020579532e-02
-2.001881866059375403e-01
-2.995247368426154910e-01
-4.002860956550687299e-01
-5.003156660895471397e-01
-6.001636648180379563e-01
-6.989982343948293320e-01
-7.988105126069485751e-01
-9.012455518567361601e-01
-9.995615839361398081e-01
-1.097943777513864072e+00
-1.199176422680657828e+00
-1.296732702242965329e+00
-1.403218231053286136e+00
-1.502612785813359331e+00
-1.591866924998864619e+00
-1.713521075069231792e+00
-1.793743665803419374e+00
-1.907777781903033043e+00
-2.026821789640580906e+00
-2.010397138296682762e+00
2.000165000555002681e+00
1.900175341204491497e+00
1.800171806494957671e+00
1.700163541195734318e+00
1.600178684520053185e+00
1.500167838795167574e+00
1.400166564948891912e+00
1.300180118926396844e+00
1.200152550326212042e+00
1.100191275479545316e+00
1.000086850211648892e+00
9.002513013503020689e-01
8.001559813297197676e-01
7.002631433675831074e-01
6.001612369748094977e-01
5.001994127164196557e-01
4.002512431233368195e-01
2.997687119197989247e-01
2.005687169516947310e-01
1.000947150149893716e-01
-1.016368007348509846e-04
-9.906456339901403840e-02
-1.999382935601449196e-01
-2.998329939974181402e-01
-3.999805503205743351e-01
-4.999543601838080664e-01
-6.004560671781645764e-01
-7.011512883808893593e-01
-8.012329789905913158e-01
-8.999949675012298700e-01
-9.998436821220448856e-01
-1.101162969084538368e+00
-1.195302547695362039e+00
-1.295788548881349422e+00
-1.401745855281928632e+00
-1.502738533893144268e+00
-1.585335779247689647e+00
-1.703372099249366611e+00
-1.808498684068117424e+00
-1.902742690306580053e+00
-1.985009300142442257e+00
-2.002362024887951897e+00
2.000165000555002681e+00
1.900174248155790835e+00
1.800165614107669398e+00
1.700169604589577332e+00
1.600144879264517872e+00
1.500167838795167574e+00
1.400183847549948846e+00
1.300130074346205200e+00
1.200185420089161070e+00
1.100211964214782956e+00
1.000099876245509778e+00
9.001414554154812953e-01
8.002055190546507601e-01
7.001566114991111256e-01
6.001721417727285957e-01
5.001403813454585734e-01
4.001198984904090206e-01
3.001561852814350617e-01
1.999415767966458146e-01
9.995673424118266259e-02
4.601083364578101059e-04
-1.000017685708564363e-01
-1.992561227267616863e-01
-3.003417502501425917e-01
-3.994757804278843971e-01
-4.994479390718599143e-01
-6.011627977181626115e-01
-6.990851076255827357e-01
-7.987640588847747525e-01
-8.987686132093010150e-01
-1.000111193620758065e+00
-1.099267016301210376e+00
-1.199731190963049476e+00
-1.295644400401872787e+00
-1.403019355374209853e+00
-1.494635641700357676e+00
-1.599020170284413567e+00
-1.711466853870801108e+00
-1.812862981404662177e+00
-1.910056050953307105e+00
-2.017981726673439002e+00
-2.005490163654103153e+00
2.000165000555002681e+00
1.900176434250441027e+00
1.800180750898499271e+00
1.700164407400037714e+00
1.600183046296843603e+00
1.500156856023596497e+00
1.400157923390448422e+00
1.300208402442790900e+00
1.200152550326212042e+00
1.100163688966043996e+00
1.000199729527405212e+00
9.001868180497571981e-01
8.001724945325393579e-01
6.999703344734115040e-01
6.001187056464679648e-01
5.001829396525935278e-01
4.001423681519251652e-01
3.002562626593459627e-01
2.001361145117796503e-01
1.001636889660440927e-01
-7.861441604377811298e-05
-9.995475090967148590e-02
-2.000573706590123568e-01
-2.999074934369873047e-01
-4.003494140736215678e-01
-5.008038375581788104e-01
-5.996468193457570317e-01
-6.999047426762832202e-01
-8.061521800264425108e-01
-9.000812181582625859e-01
-1.000551469679098915e+00
-1.099024738762340858e+00
-1.200121396699237675e+00
-1.298924436855504405e+00
-1.397295559751393190e+00
-1.497160632550109005e+00
-1.600177501911731470e+00
-1.698501219393890649e+00
-1.800061163793581942e+00
-1.887049978670138017e+00
-2.005513474712913080e+00
-1.992661966017612141e+00
2.000169341828431868e+00
1.900169329402594087e+00
1.800174558638744537e+00
1.700181731123307616e+00
1.600167779886418229e+00
1.500154110287306386e+00
1.400156195058125608e+00
1.300171415935381214e+00
1.200130635768741350e+00
1.100146446505221753e+00
1.000151976474334292e+00
9.001573055491352005e-01
8.002199664934437351e-01
7.002484210069961357e-01
6.002713628528284495e-01
5.001554831576213722e-01
4.001838475499488457e-01
3.000364972681472397e-01
2.000292665537702907e-01
9.979800213736690628e-02
6.513928696113372992e-05
-9.991484456318383556e-02
-2.004788767357378321e-01
-2.995481082302136611e-01
-4.004826312311813852e-01
-4.990681677904572067e-01
-6.005339589956556479e-01
-6.998960381589778290e-01
-7.990401216081546298e-01
-9.005334518582005510e-01
-1.001139344736790004e+00
-1.101379566200733295e+00
-1.199637648750360608e+00
-1.299805276537714382e+00
-1.398661536545956929e+00
-1.498475182597371891e+00
-1.597540865087832662e+00
-1.698889667287814653e+00
-1.794552022948323389e+00
-1.892868074653851318e+00
-2.002635461951035367e+00
-2.010906752728788938e+00
2.000169341828431868e+00
1.900171515522003585e+00
1.800169742375671955e+00
1.700174801716923367e+00
1.600166689407995557e+00
1.500166465963910012e+00
1.400170021524124175e+00
1.300180118926396844e+00
1.200168985518656806e+00
1.100191275479545316e+00
1.000165000555002903e+00
9.001502003883425918e-01
8.001566693923731766e-01
7.002276356482497466e-01
6.001612369748094977e-01
5.001747028863620104e-01
4.001924885925759456e-01
3.001387781657116616e-01
2.001333751488999224e-01
1.002705769463781149e-01
7.382378707942974954e-05
-1.002522507269502927e-01
-2.003362627148851660e-01
-3.003252735050042088e-01
-3.994812283742084080e-01
-4.998184331309299955e-01
-6.002778340277944435e-01
-7.007019452271479043e-01
-8.001269431478819083e-01
-8.988752649487752322e-01
-1.000728053172082577e+00
-1.099993020713584180e+00
-1.201386640578196552e+00
-1.298221394347753410e+00
-1.395413264996593128e+00
-1.499165478240731764e+00
-1.594721957345574648e+00
-1.697736190803725620e+00
-1.799855667503252876e+00
-1.904691138614618806e+00
-1.992060287485731607e+00
-2.005752815299183478e+00
2.000173683058465102e+00
1.900178620334087132e+00
1.800166302155061793e+00
1.700156611499111126e+00
1.600169960835049698e+00
1.500160974595483587e+00
1.400147553293338287e+00
1.300184470356504640e+00
1.200171724656929895e+00
1.100167137376062199e+00
1.000173683058464880e+00
9.001655036671479815e-01
8.002412927866305870e-01
7.001366880053785380e-01
6.001241586136443207e-01
5.001335167117813008e-01
4.004412768709216253e-01
3.003976370402720586e-01
2.004291265478241602e-01
9.979109942532936317e-02
7.550157251557282649e-04
-1.004224203485318684e-01
-1.996335223520476765e-01
-2.997507129579773388e-01
-4.007174986802545802e-01
-4.998143147933771235e-01
-6.004318370172117003e-01
-7.004839849899536786e-01
-7.992780589737180641e-01
-8.993055782079354410e-01
-1.002250253559012982e+00
-1.100144492879318481e+00
-1.199282234543345593e+00
-1.297314476585695209e+00
-1.403480974448946927e+00
-1.498525821762535903e+00
-1.595701787302985064e+00
-1.704235038770228083e+00
-1.809281811670759632e+00
-1.904178824168406559e+00
-1.996996406750494168e+00
-2.003997784286641881e+00
2.000173683058465102e+00
1.900168236338762640e+00
1.800171118456285857e+00
1.700166139803461318e+00
1.600175413158711812e+00
1.500155483157621372e+00
1.400168293239946848e+00
1.300162712769959539e+00
1.200158028792800868e+00
1.100180930742329366e+00
1.000238796302081790e+00
9.001370828630163023e-01
8.001621738543572837e-01
7.001843296221976765e-01
6.001426981899276036e-01
5.002776512378408480e-01
3.997169757494771769e-01
3.002975922386540431e-01
2.002621065294614422e-01
1.001361007001280862e-01
3.082396700124894200e-04
-1.001078503633745787e-01
-1.996610324147299054e-01
-2.999820056584797667e-01
-4.004007305988261378e-01
-4.996304022015093937e-01
-6.007157609163610301e-01
-6.987355486131404669e-01
-8.013071814252458180e-01
-9.009412109319456796e-01
-1.002765251916219569e+00
-1.097939424240905071e+00
-1.197525254271995854e+00
-1.296700882048649639e+00
-1.401555316167756526e+00
-1.510065414456369881e+00
-1.598306581559247208e+00
-1.705509524569720714e+00
-1.792901763782309033e+00
-1.903903748180405975e+00
-2.027747160443927221e+00
-2.000303243392628438e+00
2.000169341828431868e+00
1.900170422463674402e+00
1.800168366290697985e+00
1.700167006002581749e+00
1.600165598926834409e+00
1.500192549015759935e+00
1.400173478071845556e+00
1.300210578021605334e+00
1.200138853857380505e+00
1.100142997930908084e+00
1.000199729527405212e+00
9.001961086071242901e-01
8.001401555878110416e-01
7.000179943415202333e-01
6.002255713249515789e-01
5.001417542591735099e-01
4.000749556794493955e-01
3.002323332103561948e-01
2.001470717905132202e-01
9.999468332430960782e-02
1.780242451034082338e-04
-1.000323874590010875e-01
-1.996417751878803992e-01
-2.996442038174824130e-01
-4.005711012654871728e-01
-4.998774669277981642e-01
-5.996640952094401955e-01
-7.005776944867448952e-01
-8.006590256761939584e-01
-8.992608057584230430e-01
-1.000161153148543924e+00
-1.100133554491160126e+00
-1.202822513613284405e+00
-1.299243513225588176e+00
-1.396815557168987532e+00
-1.506141996735262056e+00
-1.593890921712575404e+00
-1.704377929531542435e+00
-1.799746109227195134e+00
-1.907539027371509599e+00
-1.990264483882829394e+00
-1.994459155434697539e+00
2.000165000555002681e+00
1.900169875933478192e+00
1.800178686821724439e+00
1.700167006002581749e+00
1.600164508442935452e+00
1.500174702886361899e+00
1.400168293239946848e+00
1.300169240160376605e+00
1.200166246363107536e+00
1.100167137376062199e+00
1.000178024245103270e+00
9.001775272936395345e-01
8.001835029856058101e-01
7.001548790576783698e-01
6.001972217688784639e-01
5.002062763086053687e-01
4.000386523211568734e-01
3.002323332103561948e-01
2.003688972250569356e-01
1.002533387288093991e-01
3.516361369240932717e-04
-9.966291791308300174e-02
-1.995730063474155935e-01
-2.999802726709160372e-01
-4.009000182926158451e-01
-5.001411576475388587e-01
-6.000097568776229240e-01
-6.999352098608271344e-01
-7.998666248511000498e-01
-9.010864379513480182e-01
-9.997742255656770771e-01
-1.099211891740851321e+00
-1.198177977077421241e+00
-1.299595720503196716e+00
-1.401947435901640393e+00
-1.500410507168882024e+00
-1.596903511594844449e+00
-1.701197121330840556e+00
-1.800502624509028538e+00
-1.895854449445991907e+00
-2.008377479226769236e+00
-1.979854260459575688e+00
2.000165000555002681e+00
1.900176434250441027e+00
1.800184879022619366e+00
1.700170470781787291e+00
1.600179774968357727e+00
1.500189803505122654e+00
1.400173478071845556e+00
1.300190997419918837e+00
1.200177202881648419e+00
1.100198171834131822e+00
1.000173683058464880e+00
9.001726085775818564e-01
8.001339627492088935e-01
7.001210950683561807e-01
6.001852271688112861e-01
5.002803961931827637e-01
4.001475532933382318e-01
3.000234383982884889e-01
2.003387794310867720e-01
1.004704902828476576e-01
3.993672425751737336e-04
-9.985854458451867699e-02
-2.000876613725418585e-01
-2.992538936296935681e-01
-3.989694199048861578e-01
-4.994301084418929504e-01
-5.992979939659833777e-01
-6.991155173622494168e-01
-7.998008849104782936e-01
-9.003745985858006007e-01
-9.996266672556434196e-01
-1.100546669866379057e+00
-1.199665159074436049e+00
-1.303703909857414134e+00
-1.397783690794082601e+00
-1.506959016136769858e+00
-1.608398074531826705e+00
-1.709776122033813461e+00
-1.795643933898911859e+00
-1.890340473329966908e+00
-2.016828088120642182e+00
-2.032497421158891981e+00
2.000165000555002681e+00
1.900169329402594087e+00
1.800165614107669398e+00
1.700179132608869992e+00
1.600175413158711812e+00
1.500170584444664001e+00
1.400195944961487360e+00
1.300160536951352253e+00
1.200182681037265331e+00
1.100194723670527397e+00
1.000078165972016153e+00
9.001430951113058576e-01
8.001270817138571578e-01
7.000795111657118763e-01
6.002190292839547636e-01
5.001788212890049268e-01
4.002927121245288822e-01
3.001061379430888798e-01
2.000155661962902676e-01
1.000291796134793604e-01
4.254001802063994849e-04
-9.996951172023862964e-02
-2.003011331164681053e-01
-3.000608639089709095e-01
-3.997406296997131903e-01
-5.006126289935521889e-01
-5.989149543037090018e-01
-6.999352098608271344e-01
-7.987012176391120599e-01
-8.988339772974639486e-01
-9.989849380721702587e-01
-1.102235495488382622e+00
-1.198253380780539779e+00
-1.299027311215340763e+00
-1.401240124658391872e+00
-1.489744616000789668e+00
-1.603356121077972762e+00
-1.702767088693239339e+00
-1.802716684457852381e+00
-1.899746661271190629e+00
-2.003281299285764927e+00
-2.051625672498769593e+00
2.000165000555002681e+00
1.900173701630408996e+00
1.800170430416523804e+00
1.700178266433935770e+00
1.600161236974809498e+00
1.500159601742527604e+00
1.400145824919745818e+00
1.300171415935381214e+00
1.200210070778881866e+00
1.100232651964506259e+00
1.000182365388348149e+00
9.001616778980003897e-01
8.001497887167828837e-01
7.001618087819445613e-01
6.001677798864182289e-01
5.001527374126514269e-01
4.002356912269715572e-01
3.002388595544787098e-01
1.999278736725607630e-01
1.000291796134793604e-01
9.553427763350225827e-05
-1.000329342444796904e-01
-2.004919692584279933e-01
-3.000617305626969711e-01
-4.005907637208115935e-01
-5.006126289935521889e-01
-5.981464437915967602e-01
-7.010880032103724568e-01
-8.003215987590829306e-01
-8.997466612711906286e-01
-9.975790541033366932e-01
-1.098391309059087773e+00
-1.197546471168984050e+00
-1.300617611757528769e+00
-1.402933680114216264e+00
-1.500651139056323746e+00
-1.587648669943489965e+00
-1.702802138764685447e+00
-1.804357681055765328e+00
-1.906536288373022137e+00
-2.007613516639581874e+00
-1.996328403813487196e+00
