-1.299014065242602885e-02
2.642702710399062391e-02
6.045607875421370181e-02
8.919483019073343177e-02
1.126820685626544888e-01
1.328262086848205348e-01
1.508607807695689917e-01
1.661369327403116603e-01
1.793621767899540864e-01
1.911127255237869693e-01
2.025645979734672086e-01
2.141282618234098822e-01
2.264323408897655765e-01
2.374658195276334316e-01
2.500758461956418266e-01
2.636550019947683787e-01
2.786918810357236764e-01
2.941596868723980740e-01
3.107060542928263835e-01
3.299914500736065848e-01
3.496252124728982946e-01
3.714354709100313179e-01
3.963144460423554394e-01
4.208778510711817522e-01
4.497143814421557528e-01
4.815973989542441380e-01
5.144428186874139275e-01
5.490731851690431320e-01
5.848330872786159373e-01
6.268349554770961118e-01
6.751199875668165706e-01
7.234770167970947519e-01
7.651490275802723673e-01
8.135409595823206441e-01
8.667243679862826067e-01
9.138911711035445640e-01
9.775082332622364589e-01
1.037892417233995390e+00
1.118033128828566980e+00
1.153354420580217532e+00
1.254427221540668214e+00
1.277318059213770729e+00
1.434176636173751795e-01
2.035740572317850106e-01
2.563280046716406857e-01
3.028415630546945070e-01
3.406027322567475868e-01
3.725474843268405944e-01
3.984920802099100601e-01
4.207872122041340646e-01
4.395332126202203815e-01
4.547046440695088898e-01
4.673801706509649878e-01
4.800759644096684320e-01
4.904402929897057062e-01
5.019228818908696432e-01
5.118900423810468503e-01
5.225407326694551102e-01
5.330166594942559177e-01
5.446372174088723872e-01
5.566485920417444389e-01
5.707425293787000697e-01
5.845912707958718091e-01
6.002212099752366470e-01
6.161834353651445273e-01
6.349556374171992923e-01
6.569257363418975482e-01
6.791306939054929659e-01
7.029386393883469974e-01
7.303881643562167847e-01
7.584561738032131739e-01
7.883380947733297228e-01
8.221863926046285576e-01
8.564473231494732497e-01
8.997269604188666836e-01
9.378803214750719430e-01
9.785662329167301721e-01
1.019884457381593723e+00
1.070385163293118502e+00
1.149874679494684804e+00
1.182500247379199898e+00
1.205456095135473804e+00
1.295307545207438515e+00
1.291335544382936185e+00
-2.182998663132983130e-02
1.752581716572189363e-02
5.149210444513032531e-02
8.042805125817621692e-02
1.052410091024637701e-01
1.254812657005940080e-01
1.435206616875246977e-01
1.582901036490609870e-01
1.724219374660844739e-01
1.839840620770162027e-01
1.963834690222250601e-01
2.076774446803305030e-01
2.202885705282283391e-01
2.330494415275603248e-01
2.463065033515778046e-01
2.613080806590736827e-01
2.771437312708766587e-01
2.945014973775550438e-01
3.135065640740727355e-01
3.340977250587502945e-01
3.554017084631142520e-01
3.807248530217308136e-01
4.067359945788635023e-01
4.371319660943296381e-01
4.683768732496165765e-01
5.032198711474364927e-01
5.419921265680271993e-01
5.831704248396004653e-01
6.257814826293905952e-01
6.713996537302971968e-01
7.211368127244908166e-01
7.721977096862815415e-01
8.278446686267820764e-01
8.865369722522473683e-01
9.411962808990375073e-01
1.009845915575425135e+00
1.068612522741277937e+00
1.145407750707138739e+00
1.210358656093706742e+00
1.278035278452624324e+00
1.363542412000928961e+00
1.365633973151094915e+00
-3.018445969390049291e-02
5.733756688483069609e-03
3.787251637379910468e-02
6.575892224733662084e-02
8.961548523199613925e-02
1.093962872044731277e-01
1.267448978817711513e-01
1.420044379920152033e-01
1.554423203111643947e-01
1.678487985900293522e-01
1.802664100827688909e-01
1.919426011916914032e-01
2.042800992264479087e-01
2.178890966885918268e-01
2.322284326902916418e-01
2.480787601171621226e-01
2.644140247132872323e-01
2.830727116004351784e-01
3.028242632426342285e-01
3.248337210188822488e-01
3.498251509364788125e-01
3.747391835826115458e-01
4.055102783931026633e-01
4.371192677037407104e-01
4.730517276526065018e-01
5.103975395141538973e-01
5.500166593695710038e-01
5.938396610812712861e-01
6.396528041586568847e-01
6.905690585512486157e-01
7.415337044356445917e-01
7.968725480959819585e-01
8.558927183843380027e-01
9.200507638193095028e-01
9.828770130682008555e-01
1.044614226888301411e+00
1.112457530842116293e+00
1.181343289794601015e+00
1.248108195662038566e+00
1.335674492417164405e+00
1.406345981841477855e+00
1.416499047402129952e+00
-3.776471482888840714e-02
-3.643773545754163540e-03
2.807893599686532224e-02
5.455560439715016058e-02
7.775296645449535082e-02
9.794760494295344511e-02
1.140402225792095381e-01
1.289934319181036682e-01
1.423456589905818248e-01
1.550626192239208390e-01
1.669242237827601172e-01
1.797614197786142343e-01
1.927068066128586610e-01
2.061320694496573680e-01
2.204271510902313658e-01
2.365674897509641439e-01
2.537715985857116885e-01
2.726397886568359130e-01
2.931635956416590583e-01
3.163457325098619766e-01
3.424088621415746214e-01
3.707979614242446487e-01
4.007883057087904266e-01
4.340624641919956783e-01
4.711449651606330336e-01
5.098071554765071234e-01
5.516000232404352221e-01
5.974834706043108401e-01
6.464184312048795178e-01
6.962803586984657178e-01
7.494417918845260873e-01
8.098303068807433114e-01
8.686356231264316108e-01
9.319935429871990529e-01
1.000911062131223384e+00
1.062503014415798308e+00
1.133832596489366296e+00
1.200185420089161070e+00
1.276162980319141660e+00
1.365263291698733950e+00
1.420531673575191611e+00
1.456323512706704237e+00
-3.713319199772345536e-02
-3.021449642900593709e-03
2.842076879793797514e-02
5.593613316675774549e-02
7.929704247062875633e-02
9.921779153051304978e-02
1.169993620835807074e-01
1.326374510661855743e-01
1.458301315975711887e-01
1.584680369557105450e-01
1.712875506528606651e-01
1.839442561091817474e-01
1.967425270600230980e-01
2.114142450779755156e-01
2.256452129754533409e-01
2.419671241103247272e-01
2.595293749154505836e-01
2.784449136164053318e-01
2.999058908960783310e-01
3.224735927504542299e-01
3.482347470684740709e-01
3.771914684835906972e-01
4.077103461097328352e-01
4.409657254774976276e-01
4.782864946220760083e-01
5.168617983361702972e-01
5.596146044187784163e-01
6.059005801881610642e-01
6.540580817739656272e-01
7.059697082372149435e-01
7.611728024383154212e-01
8.174139680790614149e-01
8.801370519523786795e-01
9.433243261836437021e-01
1.009212860998597749e+00
1.070060042781061149e+00
1.149216032541748866e+00
1.226991495740539673e+00
1.298560538405577391e+00
1.381454438161624942e+00
1.451600708069795020e+00
1.445085542210050367e+00
-2.563893178453297006e-02
9.144827085730007632e-03
4.184253910085199146e-02
6.969769007585388532e-02
9.431736886595362690e-02
1.149977410012790607e-01
1.326054501169692534e-01
1.487969334498356055e-01
1.627973218373459652e-01
1.762273166787629575e-01
1.890296668037302619e-01
2.014353624027407919e-01
2.141945693615791013e-01
2.296664869083774874e-01
2.436010256195245971e-01
2.597156935858795368e-01
2.756775281010447332e-01
2.953999468847622878e-01
3.172001526203306332e-01
3.404837746257176057e-01
3.667945169549075568e-01
3.928534117491582212e-01
4.259350731456256201e-01
4.577910939706055227e-01
4.954929961864986687e-01
5.335712555971715565e-01
5.762710740602322579e-01
6.213788360249560272e-01
6.694991158137518772e-01
7.224899563745925679e-01
7.745184255394806927e-01
8.292645237043397843e-01
8.924763912549610323e-01
9.586427083997821619e-01
1.018638095550696177e+00
1.091364428561656608e+00
1.161409932091818753e+00
1.235536021745243573e+00
1.308169420826504226e+00
1.384349829356042783e+00
1.453802827982612511e+00
1.446681597228103966e+00
-1.570452226362752113e-02
2.042343866936340360e-02
5.454411345317872889e-02
8.358502763079575515e-02
1.092781150500874987e-01
1.314743031970463660e-01
1.506152328348310532e-01
1.672996080810211228e-01
1.826428681423295786e-01
1.960572975866397560e-01
2.102890842057840715e-01
2.235063244481131639e-01
2.368822424397042659e-01
2.515165522916792407e-01
2.666361597043418463e-01
2.835341471275569236e-01
3.006498216419147274e-01
3.199862533993586000e-01
3.411653566745092570e-01
3.668318420675736324e-01
3.939908741506749079e-01
4.255603034676657681e-01
4.618105544445422206e-01
4.974134646862062858e-01
5.376793430612627489e-01
5.785429440583165217e-01
6.249479846911840664e-01
6.733204761994716625e-01
7.245715808048494022e-01
7.757967942540610062e-01
8.353867761284781146e-01
8.908511876083980985e-01
9.561626654661011804e-01
1.012242297774367250e+00
1.082627416329655867e+00
1.154682585875755896e+00
1.220597048033640775e+00
1.285739539438954138e+00
1.369369874720644420e+00
1.464474643455456082e+00
1.511062102462826351e+00
1.537279983676281159e+00
-2.837490738136549950e-02
6.277735842886275099e-03
3.913243050724315303e-02
6.748002393148261335e-02
9.164585775607761442e-02
1.135523112782537980e-01
1.311115846206560576e-01
1.475341120188412014e-01
1.623074575867230473e-01
1.766554752210567902e-01
1.896082057007890953e-01
2.029975107101125720e-01
2.168939559860932897e-01
2.309672106954746007e-01
2.458703199371953807e-01
2.638206341033298985e-01
2.836042243401534213e-01
3.070551015220526758e-01
3.344135368371003447e-01
3.645022165605997233e-01
3.954277457487755387e-01
4.274926007435596031e-01
4.622242453533684792e-01
5.010400815962625654e-01
5.385925829846934798e-01
5.796932996933300553e-01
6.252867218534639004e-01
6.754135277248503044e-01
7.256919804881114544e-01
7.819778487166906267e-01
8.371785688426426342e-01
8.960238429353161171e-01
9.571569579484638934e-01
1.021176890478902921e+00
1.088706500973613434e+00
1.155099084936548559e+00
1.230451476044183146e+00
1.298403272384158536e+00
1.389885176708167913e+00
1.449999548310974662e+00
1.509787014594496490e+00
1.545043490244518036e+00
-1.443746530075256003e-02
2.303010981399409088e-02
5.695818247187904582e-02
8.717781176115652064e-02
1.131006721416268346e-01
1.356287045225423316e-01
1.555060775362176184e-01
1.719340465101727167e-01
1.878449106210437203e-01
2.015364039879696256e-01
2.156719249987715525e-01
2.287416026530179336e-01
2.428345030089188450e-01
2.581438124907158849e-01
2.766088419610648330e-01
2.997099076630204140e-01
3.221282901654707875e-01
3.466424076382277897e-01
3.728273440998318700e-01
3.993309954182504562e-01
4.297296767274230711e-01
4.600600038652775114e-01
4.932586340760454213e-01
5.302893662722821810e-01
5.695494648887036160e-01
6.108687446562910406e-01
6.558872351380995447e-01
7.038362692219614081e-01
7.539291310338304131e-01
8.085701473210371582e-01
8.644262310886069445e-01
9.244002512481859224e-01
9.839864713585210199e-01
1.051885378889871658e+00
1.120718671911040021e+00
1.181843587944772622e+00
1.258498401204070305e+00
1.333019823232573398e+00
1.407946378032434831e+00
1.480705278944031367e+00
1.563119022445634387e+00
1.577951127729755099e+00
-9.947216553329252253e-03
3.002865215053951431e-02
6.659424762890561733e-02
9.789561085527523354e-02
1.240866841393118980e-01
1.474815435406673370e-01
1.679461631195041105e-01
1.852332511637401757e-01
2.008122084766071624e-01
2.156745680833744849e-01
2.297048744136900023e-01
2.435217074062872022e-01
2.576209850423399339e-01
2.743703243662188873e-01
2.958550681513267278e-01
3.190331500396825781e-01
3.417114350373392506e-01
3.646391585025056670e-01
3.890242507636952896e-01
4.161510263233196283e-01
4.436353038096055856e-01
4.748672177058502752e-01
5.079017264562890599e-01
5.430120463770352623e-01
5.815309691338863551e-01
6.239208932516294714e-01
6.663007790090165194e-01
7.137643059226611575e-01
7.620427835119124582e-01
8.123818559848280385e-01
8.688406787023932321e-01
9.260511040475445377e-01
9.891208574328005376e-01
1.049590115637598409e+00
1.114540931085492792e+00
1.182349018217101477e+00
1.258879022172602280e+00
1.337245555802173635e+00
1.410005781310356143e+00
1.490907548684358819e+00
1.570458874749802280e+00
1.549929749428611281e+00
-2.071801963576212074e-02
1.739231902418438003e-02
5.190079416271982382e-02
8.209569455676377081e-02
1.080302824448931553e-01
1.299861938610851753e-01
1.503234642291968737e-01
1.669212667130273997e-01
1.820692481504577742e-01
1.966873066801650694e-01
2.126855585039871266e-01
2.314517493284652949e-01
2.534228201846717154e-01
2.728923952671452602e-01
2.948033899485923426e-01
3.165217800001232096e-01
3.386755777532023948e-01
3.618996315900711025e-01
3.869428426459681769e-01
4.147193784907756142e-01
4.443227803777928253e-01
4.768852239236539559e-01
5.120062823272429897e-01
5.473340359326002158e-01
5.875044296508749042e-01
6.292525722435408086e-01
6.760284013021354843e-01
7.237273289708647805e-01
7.744016251563659026e-01
8.292986256066632311e-01
8.857614008270093819e-01
9.445033993467281119e-01
1.008732143168640905e+00
1.076094046682474881e+00
1.136638138483880400e+00
1.212760069355778070e+00
1.284557055684241833e+00
1.359495879236396032e+00
1.430228289941149367e+00
1.513308179654351715e+00
1.594446695675887149e+00
1.593199642683086337e+00
1.045390511189808139e-03
4.289038972924469340e-02
7.981413080068452959e-02
1.116791289047351365e-01
1.390001674809744625e-01
1.623164234812474183e-01
1.822833740789571166e-01
1.999443173695792386e-01
2.157644233902696329e-01
2.308829988575925585e-01
2.472758726370988813e-01
2.674275346649316321e-01
2.879897342645947322e-01
3.087052429896695593e-01
3.273487155724167375e-01
3.480652533682304095e-01
3.709052023913576024e-01
3.953700824695088323e-01
4.195559475469557986e-01
4.462279561579222675e-01
4.746547092579861404e-01
5.043321923544890062e-01
5.380343007481722672e-01
5.742663021969974801e-01
6.119409316362688367e-01
6.524407144059796160e-01
6.983606962475454871e-01
7.450935377018665928e-01
7.941184254088743399e-01
8.457403206769342763e-01
8.976507294607019016e-01
9.610179386772934595e-01
1.018663057872918332e+00
1.082160398205163521e+00
1.147969876081947005e+00
1.220991475347527055e+00
1.282896150722425022e+00
1.365164015182998458e+00
1.437051007492357702e+00
1.519068955599067738e+00
1.592892586422425705e+00
1.574134328055415422e+00
-1.484173054266250784e-02
2.545743217048498236e-02
6.106023059665666164e-02
9.201144327713928206e-02
1.181919516862602881e-01
1.413964632247408648e-01
1.609544768813185589e-01
1.788647640318316578e-01
1.959107170958473421e-01
2.152937981865138961e-01
2.382318309913371845e-01
2.580143634067413316e-01
2.776367149309028615e-01
2.953735484115509458e-01
3.161360590743030330e-01
3.376848361530866982e-01
3.593098387249812897e-01
3.822494450625945062e-01
4.071052470507177667e-01
4.343389225433058609e-01
4.628081375808494324e-01
4.942673289141749082e-01
5.285053391463516714e-01
5.634478594089925574e-01
6.035373341791939739e-01
6.446994816967388520e-01
6.882542601751240330e-01
7.341242684407044417e-01
7.855355421958954976e-01
8.396470813568844838e-01
8.934799061244086404e-01
9.499088980308657559e-01
1.009518881785354871e+00
1.075521413906897150e+00
1.148439146703980729e+00
1.215944078250233318e+00
1.275396592308301491e+00
1.369399558526143812e+00
1.424577850807723811e+00
1.516380666117032261e+00
1.615097451301757969e+00
1.600340041093026633e+00
-6.148677928266000486e-02
-2.252698633724871044e-02
9.442396801993083524e-03
3.622554871849698044e-02
5.837667000705132336e-02
7.708070352859110186e-02
9.270310416502725026e-02
1.065274555737034806e-01
1.193218864639771226e-01
1.313459418758612385e-01
1.425646504571277673e-01
1.541469345410768910e-01
1.657990849032540959e-01
1.781564778822639916e-01
1.912413622851526496e-01
2.053749074680363829e-01
2.197390425982671536e-01
2.366707537751006341e-01
2.538805344184004720e-01
2.736493347236046425e-01
2.943736255883895314e-01
3.168171279506878935e-01
3.433238931968546903e-01
3.706832952372253742e-01
4.011764421692030069e-01
4.345593239031989574e-01
4.682513023089189264e-01
5.079691511335647780e-01
5.486350598147515800e-01
5.907014295719447139e-01
6.383584497237567712e-01
6.892049357409145705e-01
7.358678554445691189e-01
7.932747904471443290e-01
8.553034691532463984e-01
9.202715457461265736e-01
9.653400133193590360e-01
1.051866109029329310e+00
1.123959384878377321e+00
1.191109928649255689e+00
1.243216693097375369e+00
1.269330782527642087e+00
-9.810433493393044824e-02
-5.976998490255476526e-02
-2.780734775169221157e-02
-1.118008930086241727e-03
2.173492638183476683e-02
4.192141282194764701e-02
6.085264818305574641e-02
7.678603350807920724e-02
9.105464566445364838e-02
1.062759113543010753e-01
1.197407347135821254e-01
1.324742215668558154e-01
1.467387204966493774e-01
1.607325691142890145e-01
1.753378287920201728e-01
1.914538091436892853e-01
2.098901686812577050e-01
2.263472450247112078e-01
2.465970491063697312e-01
2.677863481763078091e-01
2.895778052105743017e-01
3.151576436630039169e-01
3.404044514324554016e-01
3.706869946190801124e-01
4.019809354866086260e-01
4.354095354938762319e-01
4.735249235541189594e-01
5.092025223311028581e-01
5.516366069087457191e-01
5.958774399718880233e-01
6.440671630652666790e-01
6.930468425182951808e-01
7.450279227421210404e-01
7.972114321776326840e-01
8.632633636504809527e-01
9.152509992086588220e-01
9.836700300562561949e-01
1.059533126035320905e+00
1.129702779084716280e+00
1.197738049673962690e+00
1.281735401592354995e+00
1.268760449541561641e+00
-1.101248471614152125e-01
-7.202020442405115963e-02
-4.064660045141445244e-02
-1.375466298849483023e-02
9.183097473115563528e-03
2.944465582215530577e-02
4.662001092923752366e-02
6.242403024136890938e-02
7.619609298462357017e-02
8.943878904592611478e-02
1.020115556994719702e-01
1.164782332055266656e-01
1.282570656981568968e-01
1.432084711499688467e-01
1.567732064387178104e-01
1.707690739584606932e-01
1.875517407630434286e-01
2.048874624807312250e-01
2.238177136361168273e-01
2.445170918971039664e-01
2.658456947837329332e-01
2.902795289205168383e-01
3.148948178073670001e-01
3.425430821464126030e-01
3.738182905014644786e-01
4.066815160295978449e-01
4.399844359028072249e-01
4.774208145759061828e-01
5.217002095962751662e-01
5.585153744971977918e-01
6.048856363599861563e-01
6.517130599152696213e-01
7.040337737796753537e-01
7.554899154529736149e-01
8.098235777747525566e-01
8.686890996715851410e-01
9.333678151259119371e-01
9.981080066538118301e-01
1.067480023931482558e+00
1.123632805915375954e+00
1.213600092487309379e+00
1.203152600821859597e+00
-1.088228383826684714e-01
-7.010055068240414466e-02
-3.866102620567925252e-02
-1.203715782728032209e-02
1.062640301184074147e-02
3.006512585977281701e-02
4.667462003076212895e-02
6.072427486538096303e-02
7.325265434458012870e-02
8.623165929321657819e-02
9.788521129072494387e-02
1.098214409162568128e-01
1.219306252177939504e-01
1.340495427405126450e-01
1.466891537566199222e-01
1.609394866845434979e-01
1.756509508535004094e-01
1.910651762069513204e-01
2.087798451928889465e-01
2.266514504548101661e-01
2.459541405820026838e-01
2.691345229133709216e-01
2.932741397107526127e-01
3.167207953732123493e-01
3.476636595123630546e-01
3.769581659481776037e-01
4.104313466708657265e-01
4.471937040666944529e-01
4.850311163246793789e-01
5.267862671956984322e-01
5.728948258833767015e-01
6.202807956789476718e-01
6.696840621768237467e-01
7.213455805807377219e-01
7.758200819140455007e-01
8.335901086084416267e-01
8.924597019780969864e-01
9.590065519157411345e-01
1.021069334502876069e+00
1.087039219046635585e+00
1.164596706130926584e+00
1.175630662745669408e+00
-1.282000531589465031e-01
-9.042311228831079184e-02
-5.788475151316425232e-02
-3.142413170766223535e-02
-7.597605826516732122e-03
1.159581546462544466e-02
2.947712067285328599e-02
4.424176665882338655e-02
5.807282679324220209e-02
7.107523730440248877e-02
8.484785046062044700e-02
9.807236536217855960e-02
1.119644812354376878e-01
1.247519498190431536e-01
1.397028151917124317e-01
1.542961311170744088e-01
1.711235797565978378e-01
1.885403968968766553e-01
2.067692252308167278e-01
2.274007425482334199e-01
2.495089809232746703e-01
2.755347801626664150e-01
3.024261772477689347e-01
3.311599561110063483e-01
3.607580886176181001e-01
3.935523912431462823e-01
4.297070722759676609e-01
4.687090917674385238e-01
5.084920111467580162e-01
5.518718881850911417e-01
5.978618528330236215e-01
6.467584675391234716e-01
6.988509913424525433e-01
7.507451480798109644e-01
8.064208049175367599e-01
8.694757950574074634e-01
9.290202136938628952e-01
9.954921609441501618e-01
1.065400433230741184e+00
1.140583456660671624e+00
1.202177606372778929e+00
1.215100641410465476e+00
-1.218672905960929143e-01
-8.419191938945989884e-02
-5.131910632569190028e-02
-2.412217726948040139e-02
-4.549445275942036091e-04
1.937388157953480114e-02
3.620956687973601179e-02
5.120656462035268197e-02
6.537054578444886910e-02
7.765854908413122315e-02
9.103351605447067285e-02
1.047704028743155907e-01
1.166243451419708838e-01
1.301374873807763233e-01
1.443593421420808487e-01
1.589923652957978550e-01
1.741703307689875802e-01
1.907797709280188991e-01
2.088523441868800345e-01
2.304668037240712175e-01
2.492913231602719160e-01
2.740307764382660660e-01
2.974869397629045786e-01
3.257475262051621190e-01
3.567388919823309412e-01
3.881793817558328308e-01
4.222992281912509860e-01
4.621478321426667479e-01
4.991163526741261847e-01
5.402781574254998942e-01
5.882156652289983745e-01
6.326263203095375820e-01
6.827766463144340214e-01
7.329547631569631738e-01
7.941700518029529698e-01
8.480585009968555354e-01
9.046901250569742148e-01
9.797022169861419050e-01
1.050062524243539297e+00
1.113341604795105022e+00
1.175517611648931871e+00
1.184438728495812887e+00
-1.053373048357937325e-01
-6.549952878679544954e-02
-3.151284861657626529e-02
-2.082214101071179404e-03
2.207765952153966857e-02
4.336227802112949808e-02
6.098098356601182324e-02
7.800343615398616648e-02
9.184626485525200501e-02
1.046919189002054607e-01
1.165745397769166469e-01
1.308674618025905123e-01
1.428022876585056389e-01
1.576259800574017211e-01
1.705902463852091988e-01
1.835716090819374535e-01
2.005851364028083395e-01
2.176786750451700780e-01
2.349245599168838239e-01
2.550770286009371723e-01
2.766478905069788552e-01
2.996162399984132474e-01
3.251275804880379150e-01
3.519778689454097220e-01
3.820873169088172538e-01
4.132108839154386981e-01
4.477315416359748390e-01
4.843382833862104331e-01
5.251886837615434844e-01
5.669875250783281695e-01
6.144848622216020351e-01
6.573264851211798598e-01
7.076331868044483109e-01
7.598671967431340768e-01
8.193023743214874477e-01
8.877219234498230360e-01
9.349365646168896760e-01
1.008910879190447529e+00
1.063314590418204197e+00
1.140291155900116093e+00
1.234712115532701882e+00
1.208962412114280793e+00
-1.084062382204056540e-01
-6.898122256456455659e-02
-3.473572367079933582e-02
-4.966214999281104957e-03
1.958565659104147955e-02
4.060234011407314048e-02
5.979810825115802753e-02
7.543016061675697492e-02
8.911348010938981157e-02
1.027251957604770199e-01
1.167538123665325528e-01
1.298090813011771039e-01
1.443375382556598696e-01
1.579068471370751459e-01
1.719398927595589821e-01
1.877603627008734288e-01
2.029076963775518216e-01
2.200295939924449828e-01
2.383572778410945059e-01
2.584313390541680966e-01
2.803666343442705600e-01
3.040271193465312605e-01
3.290091797245270899e-01
3.575518132661932857e-01
3.884422482330818771e-01
4.213933087852456683e-01
4.551693167604536350e-01
4.938593961829335077e-01
5.348203160961811919e-01
5.771619324873225043e-01
6.241201078297116123e-01
6.726473085519759643e-01
7.261988900128020230e-01
7.772404490461783944e-01
8.316925664506921168e-01
9.006210756969132980e-01
9.489677061939110203e-01
1.022890053354076123e+00
1.083875121965382382e+00
1.162199852412261869e+00
1.216970383571468028e+00
1.221849618204451593e+00
-8.345183292885317849e-02
-3.944218202073545426e-02
-2.340192289653957990e-03
3.016642564935031329e-02
5.667621512066116363e-02
7.981413080068452959e-02
9.928344947634874795e-02
1.160562251063540773e-01
1.311308516315758121e-01
1.438295094157685250e-01
1.577377446326156951e-01
1.707133814622152079e-01
1.842285044401306138e-01
1.963005673010704555e-01
2.094104495803296162e-01
2.235089202807530318e-01
2.383321913698219219e-01
2.533210403665580035e-01
2.706043127354326172e-01
2.899544265177993463e-01
3.091977866721974388e-01
3.306227526485612245e-01
3.555243115129956277e-01
3.810464549541914270e-01
4.102709642521844557e-01
4.387653717375715190e-01
4.719514546809825406e-01
5.057860251806273189e-01
5.446235858163749333e-01
5.870730826709661399e-01
6.287464371409207109e-01
6.755363887543099910e-01
7.222027041504216482e-01
7.767019102327565871e-01
8.314768767110916059e-01
8.892932967253139864e-01
9.425973009199122288e-01
1.013347115869552839e+00
1.077567743789321852e+00
1.140212546864561638e+00
1.220910529420319524e+00
1.194072885496837655e+00
-8.813637099205624825e-02
-4.474676146051188158e-02
-7.427484961063897557e-03
2.467445035021745281e-02
5.235144899469323931e-02
7.562359483364421153e-02
9.653809772908850118e-02
1.131475306268686087e-01
1.286318641791743544e-01
1.432147171605095970e-01
1.577135817560666176e-01
1.707368318047958744e-01
1.854968249499003019e-01
1.991103856814774031e-01
2.131590170982390342e-01
2.278070338215194557e-01
2.444874119375111121e-01
2.609129125509703218e-01
2.774258322758610396e-01
2.977802015864416951e-01
3.181906814988988974e-01
3.414266102557879656e-01
3.663146035815136314e-01
3.925492328503994433e-01
4.209108059696798354e-01
4.535675291089525385e-01
4.869643398902889775e-01
5.246362484700902717e-01
5.656317978644662681e-01
6.076158432431321144e-01
6.512159674973022616e-01
6.989934556048630343e-01
7.505832135656288484e-01
8.059376515016606346e-01
8.572401990469196154e-01
9.237930177264574994e-01
9.878721932117053850e-01
1.053819570356033353e+00
1.107342273593167503e+00
1.171065003715681563e+00
1.267401726188579936e+00
1.286211632914570302e+00
-8.149314492273838917e-02
-4.389498883590620820e-02
-1.265152968936064486e-02
1.302270894634607011e-02
3.461241590501330095e-02
5.251695683106896023e-02
6.791480711622950583e-02
8.097263025726827990e-02
9.249256265955685397e-02
1.034445100758722841e-01
1.152675998435003790e-01
1.259202179909948427e-01
1.373129590692829527e-01
1.493946430326119901e-01
1.612421883697426894e-01
1.744494216590143087e-01
1.893583489807030285e-01
2.054155031989233493e-01
2.221569892863688722e-01
2.408187267522151620e-01
2.607699921890337391e-01
2.843630463131093800e-01
3.086625722275939676e-01
3.351047047805259527e-01
3.640235185725268496e-01
3.961435305635895299e-01
4.276272805430961221e-01
4.668839246190515935e-01
5.050128824874808853e-01
5.477587112455355456e-01
5.935585234845059954e-01
6.448982452781559793e-01
6.923841888689108437e-01
7.454081954869973270e-01
8.055001785107918089e-01
8.544548305038651703e-01
9.308436268679447512e-01
9.953424955616683167e-01
1.061897101661922083e+00
1.129664117281230507e+00
1.208191350168617229e+00
1.260162055389973501e+00
-1.284375717057878175e-01
-9.143831614662466245e-02
-6.026016184606569626e-02
-3.389911633868450402e-02
-1.241372053790180778e-02
5.485098439336810738e-03
2.082102669540297074e-02
3.434765844684821434e-02
4.566714791247811905e-02
5.733512300419219693e-02
6.831575947068946331e-02
7.904369768204794200e-02
9.130108185213813010e-02
1.028074634352984101e-01
1.133282231536704154e-01
1.263717131794253323e-01
1.398885274830056480e-01
1.544087558024323792e-01
1.709361086090792070e-01
1.880083232757534806e-01
2.068906107571184538e-01
2.283721235103559066e-01
2.501002634179025907e-01
2.739545148923077100e-01
3.021122108935330730e-01
3.310768850520374729e-01
3.586903951429769588e-01
3.962935212299253385e-01
4.307214987448714227e-01
4.688050187120349488e-01
5.079799381105878364e-01
5.528336301236780326e-01
5.982815261707031818e-01
6.532289201458749694e-01
7.079404458575417891e-01
7.596746422891922368e-01
8.055423146513471799e-01
8.794307938924087464e-01
9.422313470566036075e-01
1.011287023676269881e+00
1.083248131848247420e+00
1.071340642158287615e+00
