-5.751076718529674059e-02
-1.466335826438724434e-02
2.571538390134064239e-02
6.013099953104490691e-02
9.106873150001222605e-02
1.162423579633351245e-01
1.396902216529226637e-01
1.590857137143455169e-01
1.746121418907193301e-01
1.894903136993675019e-01
2.046625117482188672e-01
2.162978866303923720e-01
2.296050598413754140e-01
2.413721301584356993e-01
2.527074330072818231e-01
2.663728312246033125e-01
2.806238915129115608e-01
2.942016006947461015e-01
3.100982718561997031e-01
3.272362927470995886e-01
3.450795263148667136e-01
3.666097103924296219e-01
3.901222515067005459e-01
4.128467885119618819e-01
4.398062113933302597e-01
4.681109153372373655e-01
5.000717301254640201e-01
5.336958150954266289e-01
5.719765448033428124e-01
6.096904342434134039e-01
6.539550048274848093e-01
6.942892334908188356e-01
7.469687414282906168e-01
7.963939178415531117e-01
8.455197212989121747e-01
9.029976896075947446e-01
9.719342150226594201e-01
1.031852631395629105e+00
1.099093359773099632e+00
1.169292274879936144e+00
1.217747073262793744e+00
1.212214247419941326e+00
