2.145832180976867676e-01
2.657737731933593750e-01
3.117958903312683105e-01
3.527723550796508789e-01
3.889036774635314941e-01
4.204376339912414551e-01
4.477311372756958008e-01
4.711908102035522461e-01
4.912735819816589355e-01
5.084925889968872070e-01
5.233892798423767090e-01
5.365213751792907715e-01
5.484063625335693359e-01
5.595664381980895996e-01
5.704746246337890625e-01
5.815740227699279785e-01
5.932055115699768066e-01
6.056650280952453613e-01
6.192573904991149902e-01
6.342000961303710938e-01
6.504048705101013184e-01
6.684034466743469238e-01
6.877164244651794434e-01
7.089992165565490723e-01
7.319380640983581543e-01
7.566186785697937012e-01
7.829180955886840820e-01
8.112381696701049805e-01
8.410695195198059082e-01
8.738813996315002441e-01
9.086228609085083008e-01
9.442675709724426270e-01
9.824263453483581543e-01
1.023806095123291016e+00
1.065834522247314453e+00
1.110642433166503906e+00
1.160066843032836914e+00
1.210192918777465820e+00
1.266594409942626953e+00
1.322146892547607422e+00
1.384393692016601562e+00
1.384896874427795410e+00
