2.000173683058465102e+00
1.900169875933478192e+00
1.800166302155061793e+00
1.700162674989703193e+00
1.600171051305258052e+00
1.500173330076802092e+00
1.400168293239946848e+00
1.300156185281435173e+00
1.200138853857380505e+00
1.100122305909944975e+00
1.000199729527405212e+00
9.001862715401933723e-01
8.001601096892889675e-01
7.002250374084589835e-01
6.001099807565717370e-01
5.000703569903670598e-01
4.001354545337403867e-01
3.001148422423201012e-01
2.001224175245893133e-01
9.982906298391858169e-02
4.123839064525102187e-04
-1.001762157630221306e-01
-2.003493509388817595e-01
-2.997247327101937864e-01
-4.005700089329593538e-01
-5.007364234922518920e-01
-5.989770458980964163e-01
-7.003096955254172196e-01
-8.004285593999307391e-01
-9.005610844464931874e-01
-9.995659225206814380e-01
-1.098411464273473692e+00
-1.201315523710902333e+00
-1.299992403729084200e+00
-1.404873195782698314e+00
-1.507422583843560870e+00
-1.601815118287877038e+00
-1.701764977931051970e+00
-1.802543002501909575e+00
-1.899309022433703698e+00
-1.985235921416587557e+00
-2.021737289992554754e+00
