2.000169341828431868e+00
1.900168782871022310e+00
1.800175934704097758e+00
1.700173069348051680e+00
1.600168870362102869e+00
1.500167838795167574e+00
1.400202857616787977e+00
1.300173591699485431e+00
1.200155289568145101e+00
1.100142997930908084e+00
1.000191047544659151e+00
9.001747946804850020e-01
8.002399169283496150e-01
7.001886604191314145e-01
6.002223003167714843e-01
5.002227484872979746e-01
4.002546990246789171e-01
3.000800239986164963e-01
2.002484135153539957e-01
1.001188571439335095e-01
-6.297726583807279068e-05
-9.977000986774138547e-02
-1.998550278209939302e-01
-2.997455167840845092e-01
-4.000176407894764918e-01
-5.005534951880348249e-01
-5.993843107929764935e-01
-7.004513003870500576e-01
-7.995161267697334928e-01
-9.010483976092330538e-01
-9.999696004502386382e-01
-1.101701096754783782e+00
-1.200400329887123085e+00
-1.297590144736502138e+00
-1.400905484134532530e+00
-1.499036649361939588e+00
-1.596562027762892466e+00
-1.701872080261140452e+00
-1.801650876526376788e+00
-1.900958497316484586e+00
-1.988890736902362288e+00
-1.996281036176885459e+00
