3.128253519535064697e-01
3.906642496585845947e-01
4.618627727031707764e-01
5.251846313476562500e-01
5.800746083259582520e-01
6.266376972198486328e-01
6.654751300811767578e-01
6.975391507148742676e-01
7.238343358039855957e-01
7.453701496124267578e-01
7.630419135093688965e-01
7.776338458061218262e-01
7.897515296936035156e-01
7.999299168586730957e-01
8.085671663284301758e-01
8.160264492034912109e-01
8.226089477539062500e-01
8.286067247390747070e-01
8.342434763908386230e-01
8.398035764694213867e-01
8.455121517181396484e-01
8.515743017196655273e-01
8.582708239555358887e-01
8.657923936843872070e-01
8.744074106216430664e-01
8.843336701393127441e-01
8.955513834953308105e-01
9.087195992469787598e-01
9.234720468521118164e-01
9.406636357307434082e-01
9.595828056335449219e-01
9.814162850379943848e-01
1.005023598670959473e+00
1.030697941780090332e+00
1.060717344284057617e+00
1.091890454292297363e+00
1.125474333763122559e+00
1.164664506912231445e+00
1.204583525657653809e+00
1.246966838836669922e+00
1.286650776863098145e+00
1.290076255798339844e+00
