-4.012743830680847168e-01
-3.797125220298767090e-01
-3.598789572715759277e-01
-3.415156006813049316e-01
-3.243628144264221191e-01
-3.081600069999694824e-01
-2.926468253135681152e-01
-2.775611281394958496e-01
-2.626784443855285645e-01
-2.477335184812545776e-01
-2.325139492750167847e-01
-2.167871445417404175e-01
-2.003318518400192261e-01
-1.829840391874313354e-01
-1.645790785551071167e-01
-1.448914259672164917e-01
-1.237676590681076050e-01
-1.010969132184982300e-01
-7.673899829387664795e-02
-5.069045722484588623e-02
-2.261833846569061279e-02
7.352903485298156738e-03
3.891654312610626221e-02
7.291765511035919189e-02
1.085433512926101685e-01
1.465473920106887817e-01
1.864534169435501099e-01
2.283916026353836060e-01
2.715409398078918457e-01
3.171436190605163574e-01
3.650460839271545410e-01
4.133250117301940918e-01
4.659600853919982910e-01
5.170980095863342285e-01
5.699600577354431152e-01
6.248796582221984863e-01
6.843060851097106934e-01
7.445629239082336426e-01
8.116145133972167969e-01
8.671029806137084961e-01
9.370327591896057129e-01
9.350121021270751953e-01
