-5.639177560806274414e-02
-1.906371116638183594e-02
1.302349567413330078e-02
3.997385501861572266e-02
6.205224990844726562e-02
7.968163490295410156e-02
9.342682361602783203e-02
1.039692759513854980e-01
1.120550632476806641e-01
1.185066699981689453e-01
1.241353154182434082e-01
1.297495365142822266e-01
1.361120939254760742e-01
1.439024209976196289e-01
1.537215113639831543e-01
1.661328673362731934e-01
1.815903782844543457e-01
2.004501819610595703e-01
2.230309844017028809e-01
2.494685351848602295e-01
2.802071571350097656e-01
3.151879310607910156e-01
3.540520966053009033e-01
3.978693485260009766e-01
4.456142783164978027e-01
4.983017444610595703e-01
5.552971363067626953e-01
6.167817115783691406e-01
6.815102696418762207e-01
7.513260841369628906e-01
8.260018229484558105e-01
9.024485945701599121e-01
9.869186878204345703e-01
1.069885730743408203e+00
1.156340360641479492e+00
1.246643900871276855e+00
1.344589471817016602e+00
1.443793535232543945e+00
1.553604602813720703e+00
1.643676757812500000e+00
1.755723953247070312e+00
1.752513647079467773e+00
