2.000173683058465102e+00
1.900170422463674402e+00
1.800166990201363948e+00
1.700175667898767840e+00
1.600166689407995557e+00
1.500167838795167574e+00
1.400157923390448422e+00
1.300160536951352253e+00
1.200138853857380505e+00
1.100163688966043996e+00
1.000130268805227152e+00
9.001540262585983054e-01
8.000775350406660325e-01
7.002103137560209412e-01
6.002103064093280427e-01
5.001541102873063860e-01
4.003825480454287211e-01
2.999429000227670783e-01
2.000018654066017809e-01
1.004394752791080009e-01
5.208409361856700635e-04
-9.937619449651446946e-02
-2.006801317284457320e-01
-2.999022953869462382e-01
-3.989509189816112245e-01
-4.985846801036319387e-01
-5.989270269740524233e-01
-6.992741169251794897e-01
-8.002722411929439339e-01
-9.006301736101616218e-01
-1.001570639793311512e+00
-1.100294376545225550e+00
-1.201314833312957520e+00
-1.300032265306187540e+00
-1.396130603720145746e+00
-1.499749799269841866e+00
-1.604865892522187476e+00
-1.700231288080201075e+00
-1.793524938183314044e+00
-1.905005099055387952e+00
-2.009261671492462487e+00
-1.989021987825257742e+00
