-6.762264316238561501e-02
3.201946521692443804e-03
6.617678577200648837e-02
1.199813073041539474e-01
1.669626638571672372e-01
2.064480643665232151e-01
2.402995820027124807e-01
2.678051015139724100e-01
2.907244800192231859e-01
3.110117489812883607e-01
3.286445849439071365e-01
3.445494559097375120e-01
3.598544467503581590e-01
3.726174661789574682e-01
3.858385500839980886e-01
3.971749769583256540e-01
4.096288416375479247e-01
4.224420955119373988e-01
4.356692119260464624e-01
4.500950758716023015e-01
4.656653484253302500e-01
4.827307000799428982e-01
5.023861468741703806e-01
5.210595896564261809e-01
5.410672735093945418e-01
5.637776333621659086e-01
5.886302020239325694e-01
6.160762205863262730e-01
6.458838303420194604e-01
6.781084738828286884e-01
7.127170288859933089e-01
7.480794398117597277e-01
7.874958967672747168e-01
8.279569823263320805e-01
8.681622743907907447e-01
9.201389856652045784e-01
9.727210896122860939e-01
1.024895960107484960e+00
1.075400955513897916e+00
1.146097013535869458e+00
1.207957342972937109e+00
1.189321841020496651e+00
