-1.249076128005981445e-01
-8.107411861419677734e-02
-4.236829280853271484e-02
-8.446931838989257812e-03
2.108228206634521484e-02
4.668200016021728516e-02
6.884217262268066406e-02
8.806657791137695312e-02
1.049199104309082031e-01
1.199252605438232422e-01
1.336226463317871094e-01
1.465588808059692383e-01
1.591897010803222656e-01
1.720187664031982422e-01
1.854521036148071289e-01
1.998891830444335938e-01
2.156977653503417969e-01
2.330836057662963867e-01
2.523604631423950195e-01
2.738007307052612305e-01
2.974245548248291016e-01
3.235160112380981445e-01
3.521468639373779297e-01
3.831586837768554688e-01
4.169834852218627930e-01
4.539682865142822266e-01
4.929100275039672852e-01
5.350942015647888184e-01
5.791220068931579590e-01
6.268604397773742676e-01
6.777833104133605957e-01
7.304556965827941895e-01
7.870434522628784180e-01
8.444943428039550781e-01
9.041582345962524414e-01
9.685763120651245117e-01
1.030787825584411621e+00
1.098155021667480469e+00
1.166398763656616211e+00
1.239544510841369629e+00
1.307341933250427246e+00
1.315295219421386719e+00
