-7.268927991390228271e-03
1.970232278108596802e-02
4.581037908792495728e-02
7.097450643777847290e-02
9.513954073190689087e-02
1.182510927319526672e-01
1.402871608734130859e-01
1.612380445003509521e-01
1.811321377754211426e-01
2.000041604042053223e-01
2.179507017135620117e-01
2.350609004497528076e-01
2.514997720718383789e-01
2.673880457878112793e-01
2.829810976982116699e-01
2.984941303730010986e-01
3.141295015811920166e-01
3.303186297416687012e-01
3.471762537956237793e-01
3.650299310684204102e-01
3.843443989753723145e-01
4.053986072540283203e-01
4.288915693759918213e-01
4.543440341949462891e-01
4.824994802474975586e-01
5.139095187187194824e-01
5.489645004272460938e-01
5.876979231834411621e-01
6.305700540542602539e-01
6.771193146705627441e-01
7.278867363929748535e-01
7.812317013740539551e-01
8.393343091011047363e-01
8.991786837577819824e-01
9.599059224128723145e-01
1.027545571327209473e+00
1.097783088684082031e+00
1.162325978279113770e+00
1.225712895393371582e+00
1.301160216331481934e+00
1.370885372161865234e+00
1.357435226440429688e+00
