-2.099774777889251709e-03
2.619452029466629028e-02
5.345759540796279907e-02
7.970533519983291626e-02
1.049542799592018127e-01
1.292462646961212158e-01
1.526325345039367676e-01
1.751506626605987549e-01
1.969069540500640869e-01
2.179638445377349854e-01
2.384208738803863525e-01
2.584405243396759033e-01
2.780862152576446533e-01
2.975702881813049316e-01
3.170231580734252930e-01
3.366555571556091309e-01
3.566971421241760254e-01
3.772539496421813965e-01
3.986428976058959961e-01
4.211761057376861572e-01
4.449664056301116943e-01
4.704446792602539062e-01
4.978688657283782959e-01
5.273110270500183105e-01
5.594256520271301270e-01
5.947968959808349609e-01
6.325131058692932129e-01
6.740302443504333496e-01
7.181343436241149902e-01
7.668115496635437012e-01
8.195957541465759277e-01
8.749330639839172363e-01
9.349477887153625488e-01
9.961492419242858887e-01
1.059638738632202148e+00
1.127712965011596680e+00
1.192629456520080566e+00
1.261670351028442383e+00
1.329984307289123535e+00
1.401139259338378906e+00
1.465036630630493164e+00
1.472398042678833008e+00
