-8.932160406380947743e-03
3.489304300889866511e-02
7.393086441823168431e-02
1.089740960639833528e-01
1.392775813067428092e-01
1.650127198161013276e-01
1.876729792214409387e-01
2.061347712353091000e-01
2.226826624767811458e-01
2.359600019340696020e-01
2.489242371977672397e-01
2.601286538113982694e-01
2.707300635715764181e-01
2.810424623248873321e-01
2.916684901842040989e-01
3.008019311888175396e-01
3.111305721627651288e-01
3.203831094279667169e-01
3.313807263172433015e-01
3.429671815113501943e-01
3.541737705711989204e-01
3.670948931236585056e-01
3.790878626431680165e-01
3.929360131582774751e-01
4.089773003690051478e-01
4.249844836716910046e-01
4.396263355322012623e-01
4.597557558232567287e-01
4.775596707835226828e-01
4.975916498174626779e-01
5.226763168822898820e-01
5.461995340257347342e-01
5.694523330737539801e-01
5.992650177329292838e-01
6.200506457425600804e-01
6.569697507027069117e-01
6.846793289209462952e-01
7.142786139472145912e-01
7.636884921103276325e-01
7.981677509369106138e-01
8.255189391047782488e-01
8.265975859041010398e-01
