-8.967220783233642578e-04
3.499367833137512207e-02
6.644031405448913574e-02
9.294149279594421387e-02
1.142157018184661865e-01
1.302544772624969482e-01
1.413775384426116943e-01
1.481781303882598877e-01
1.514612138271331787e-01
1.521079838275909424e-01
1.509352624416351318e-01
1.486035287380218506e-01
1.455777585506439209e-01
1.421446502208709717e-01
1.384572684764862061e-01
1.346123516559600830e-01
1.306527554988861084e-01
1.266577541828155518e-01
1.227091848850250244e-01
1.188969314098358154e-01
1.154358685016632080e-01
1.123907864093780518e-01
1.099326312541961670e-01
1.082148253917694092e-01
1.073602139949798584e-01
1.075113117694854736e-01
1.087552607059478760e-01
1.112554371356964111e-01
1.150394976139068604e-01
1.201370060443878174e-01
1.269727647304534912e-01
1.352332532405853271e-01
1.450553834438323975e-01
1.568949520587921143e-01
1.694847047328948975e-01
1.857858598232269287e-01
2.024332582950592041e-01
2.206944525241851807e-01
2.446007430553436279e-01
2.681328952312469482e-01
2.907353937625885010e-01
2.900965809822082520e-01
