-6.015582368651180012e-01
-5.963682393148326266e-01
-5.888266009495561892e-01
-5.814004408721913375e-01
-5.742066495323721043e-01
-5.668865024302838229e-01
-5.603089636929589057e-01
-5.528311114314479191e-01
-5.452465800343380131e-01
-5.375750467283597622e-01
-5.298071518481581865e-01
-5.200059997864909800e-01
-5.101975573002399678e-01
-5.002551985329538597e-01
-4.879082276845322919e-01
-4.761885239102805478e-01
-4.620323890225935815e-01
-4.470593708433391322e-01
-4.304868107174360525e-01
-4.114045142543628075e-01
-3.921966086264154772e-01
-3.718298050690995726e-01
-3.479490871148611109e-01
-3.244040269943773702e-01
-2.962066784393991292e-01
-2.670380080058532002e-01
-2.354995759700513058e-01
-2.029666395758684683e-01
-1.652754600754880454e-01
-1.255982065466552666e-01
-8.251654707554650914e-02
-4.087080316579960043e-02
1.348559913317522998e-03
5.308613004339556712e-02
1.069961627116886166e-01
1.582267538594507583e-01
2.224953667841427229e-01
2.893748737598015874e-01
3.493746742040506059e-01
3.699853983392199508e-01
4.599079064871537392e-01
4.678906380099445150e-01
