2.000165000555002681e+00
1.900171515522003585e+00
1.800169054333730090e+00
1.700165273602613381e+00
1.600167779886418229e+00
1.500158228885231981e+00
1.400138911356590077e+00
1.300193173085924414e+00
1.200201854037771687e+00
1.100201619970359257e+00
1.000130268805227152e+00
9.001512934975690605e-01
8.003444697372167349e-01
7.002025186791107636e-01
6.000903491134094159e-01
5.002268664343532123e-01
4.001596517158930166e-01
3.001366022271882983e-01
1.999223923018610682e-01
1.000809189101611457e-01
2.301151002922950325e-04
-9.949195335749962121e-02
-1.994093802926524828e-01
-2.993594418241782296e-01
-4.008770625077311411e-01
-5.002868055236974199e-01
-5.990598485021729758e-01
-6.996850070098161734e-01
-7.999762135373584826e-01
-9.008202255019195359e-01
-9.997351611336835475e-01
-1.097061499625634706e+00
-1.196101303058423992e+00
-1.305393046344796693e+00
-1.398275630810055459e+00
-1.497626145812732457e+00
-1.594116014565574169e+00
-1.698045940868164516e+00
-1.810085985702224454e+00
-1.891347043919443305e+00
-2.001932560966876107e+00
-2.005123509014079097e+00
