-1.155785053504020388e-01
-8.400427637389253077e-02
-5.705983525839184584e-02
-3.438443432343685907e-02
-1.552219454843039095e-02
-7.737330046352440928e-04
1.085095737392286278e-02
1.957320209563898419e-02
2.722725406725523545e-02
3.414697710604562564e-02
4.024621505770678564e-02
4.497070529276922524e-02
5.130691081797384562e-02
5.633303495116162574e-02
6.179163918401119060e-02
6.837141803264318307e-02
7.510879641650010374e-02
8.256996426992291305e-02
9.036387947171811708e-02
9.909335977309965959e-02
1.093085052467490242e-01
1.192228869235834043e-01
1.320674813040066398e-01
1.448854182871422702e-01
1.604085000895821567e-01
1.773344555057001504e-01
1.978867684011855477e-01
2.173786479394413107e-01
2.414966733275101529e-01
2.641800750358306304e-01
2.901236882743066792e-01
3.201255059736351494e-01
3.478372092177214325e-01
3.832227420787353567e-01
4.174883007053276640e-01
4.578970286822840463e-01
4.972200027144871304e-01
5.342292372487547070e-01
5.896592303289702741e-01
6.309665948006274450e-01
6.961641031417937775e-01
7.067348466176947008e-01
