-1.441296742151922383e-01
-1.138534626523410864e-01
-8.915690234749848453e-02
-6.814564793900794448e-02
-5.134745583758678483e-02
-3.775855612534818190e-02
-2.708472550546983659e-02
-1.872063302514240940e-02
-1.134741682693683577e-02
-4.983786922768140143e-03
1.474096691732727348e-03
6.679927740825587941e-03
1.224651998507125458e-02
1.803440270452827399e-02
2.370504262203737555e-02
3.084250282491689948e-02
3.758584282661715098e-02
4.583131434775453844e-02
5.411490051058586576e-02
6.228106997264389044e-02
7.346172927983497802e-02
8.546896988667194994e-02
9.631897051260972231e-02
1.099832948198923160e-01
1.260664368853349204e-01
1.425458840862764143e-01
1.604085000895821567e-01
1.788618871568749547e-01
2.013424926477078158e-01
2.240407386276941915e-01
2.482185611900747380e-01
2.753343934257672654e-01
3.028069627414207710e-01
3.374193243296731426e-01
3.753526392327591887e-01
4.047653184023145001e-01
4.529664801872295143e-01
4.970402822559309985e-01
5.285567806011828296e-01
5.778478213017824716e-01
6.358053273419365103e-01
6.401135719293592485e-01
