3.416181802749633789e-01
3.866777420043945312e-01
4.263488054275512695e-01
4.610524177551269531e-01
4.912382364273071289e-01
5.173441171646118164e-01
5.398313999176025391e-01
5.591521263122558594e-01
5.757461786270141602e-01
5.900523662567138672e-01
6.025061607360839844e-01
6.135088205337524414e-01
6.234482526779174805e-01
6.327127218246459961e-01
6.416264772415161133e-01
6.505510807037353516e-01
6.597775220870971680e-01
6.695713996887207031e-01
6.802375316619873047e-01
6.919574737548828125e-01
7.049810886383056641e-01
7.196149826049804688e-01
7.357023954391479492e-01
7.538975477218627930e-01
7.740805149078369141e-01
7.963728904724121094e-01
8.205990791320800781e-01
8.474987745285034180e-01
8.763558864593505859e-01
9.076726436614990234e-01
9.429357051849365234e-01
9.786502122879028320e-01
1.019266963005065918e+00
1.058934092521667480e+00
1.105631828308105469e+00
1.151508927345275879e+00
1.204145312309265137e+00
1.255338311195373535e+00
1.303902149200439453e+00
1.368811488151550293e+00
1.429257512092590332e+00
1.420841932296752930e+00
