-1.553237438201904297e-02
1.831620931625366211e-02
4.654157161712646484e-02
6.983292102813720703e-02
8.886063098907470703e-02
1.042504906654357910e-01
1.165898442268371582e-01
1.264196038246154785e-01
1.342445611953735352e-01
1.405057907104492188e-01
1.456305980682373047e-01
1.499783992767333984e-01
1.539002656936645508e-01
1.576953530311584473e-01
1.616421341896057129e-01
1.659898757934570312e-01
1.709569096565246582e-01
1.767342686653137207e-01
1.835032105445861816e-01
1.914091706275939941e-01
2.006112933158874512e-01
2.111481428146362305e-01
2.232097387313842773e-01
2.369002699851989746e-01
2.522501945495605469e-01
2.692177295684814453e-01
2.883766889572143555e-01
3.087888658046722412e-01
3.314460515975952148e-01
3.553963303565979004e-01
3.818808495998382568e-01
4.102780520915985107e-01
4.396024346351623535e-01
4.710977673530578613e-01
5.041131377220153809e-01
5.398201346397399902e-01
5.768722891807556152e-01
6.137239933013916016e-01
6.582685112953186035e-01
6.960551738739013672e-01
7.449918985366821289e-01
7.492927312850952148e-01
