-1.146708130836486816e-01
-7.402628660202026367e-02
-3.965508937835693359e-02
-1.072221994400024414e-02
1.359295845031738281e-02
3.406202793121337891e-02
5.139112472534179688e-02
6.624138355255126953e-02
7.921522855758666992e-02
9.083652496337890625e-02
1.015983223915100098e-01
1.119259595870971680e-01
1.222141385078430176e-01
1.327772140502929688e-01
1.439236998558044434e-01
1.559274792671203613e-01
1.690018177032470703e-01
1.833159327507019043e-01
1.991677880287170410e-01
2.164351344108581543e-01
2.357156276702880859e-01
2.568249702453613281e-01
2.794884443283081055e-01
3.043878674507141113e-01
3.315685689449310303e-01
3.608479797840118408e-01
3.919204473495483398e-01
4.251162111759185791e-01
4.611313939094543457e-01
4.989143610000610352e-01
5.386889576911926270e-01
5.813714265823364258e-01
6.252055168151855469e-01
6.724660992622375488e-01
7.229402065277099609e-01
7.701690196990966797e-01
8.282790184020996094e-01
8.849330544471740723e-01
9.370117187500000000e-01
9.969942569732666016e-01
1.062005639076232910e+00
1.063191056251525879e+00
