7.796769142150878906e-01
8.417739868164062500e-01
9.020097255706787109e-01
9.603034257888793945e-01
1.016589522361755371e+00
1.070858478546142578e+00
1.123137474060058594e+00
1.173556804656982422e+00
1.222230315208435059e+00
1.269387722015380859e+00
1.315253496170043945e+00
1.360137820243835449e+00
1.404236316680908203e+00
1.447970151901245117e+00
1.491538524627685547e+00
1.535294771194458008e+00
1.579606056213378906e+00
1.624476432800292969e+00
1.670332193374633789e+00
1.717169523239135742e+00
1.765564203262329102e+00
1.815885782241821289e+00
1.866965532302856445e+00
1.920385599136352539e+00
1.975299835205078125e+00
2.032459020614624023e+00
2.090968847274780273e+00
2.152109146118164062e+00
2.214603185653686523e+00
2.278651475906372070e+00
2.346940040588378906e+00
2.415450811386108398e+00
2.486141204833984375e+00
2.558959960937500000e+00
2.630923986434936523e+00
2.706258058547973633e+00
2.785248041152954102e+00
2.860565185546875000e+00
2.948116540908813477e+00
3.025132894515991211e+00
3.115412950515747070e+00
3.109798908233642578e+00
