9.200829267501831055e-02
1.472274661064147949e-01
2.006487846374511719e-01
2.523919343948364258e-01
3.026223778724670410e-01
3.516050577163696289e-01
3.995914459228515625e-01
4.469129443168640137e-01
4.938563704490661621e-01
5.407633781433105469e-01
5.880076885223388672e-01
6.358585357666015625e-01
6.846550703048706055e-01
7.347422838211059570e-01
7.861478924751281738e-01
8.393232822418212891e-01
8.942574262619018555e-01
9.512660503387451172e-01
1.010283708572387695e+00
1.071465730667114258e+00
1.134715080261230469e+00
1.200203061103820801e+00
1.268360853195190430e+00
1.338468551635742188e+00
1.410050988197326660e+00
1.485628128051757812e+00
1.563109397888183594e+00
1.641134500503540039e+00
1.720489740371704102e+00
1.803851127624511719e+00
1.886855959892272949e+00
1.974876523017883301e+00
2.064766645431518555e+00
2.150736570358276367e+00
2.241028308868408203e+00
2.330312252044677734e+00
2.429126024246215820e+00
2.522340774536132812e+00
2.625627994537353516e+00
2.719866275787353516e+00
2.811949968338012695e+00
2.801918745040893555e+00
