2.000173683058465102e+00
1.900170422463674402e+00
1.800173870604432791e+00
1.700175667898767840e+00
1.600177594069010834e+00
1.500167838795167574e+00
1.400192488592576057e+00
1.300160536951352253e+00
1.200193637141200087e+00
1.100163688966043996e+00
1.000217092972230271e+00
9.001376294344820561e-01
8.001325865508603918e-01
7.001929911728786982e-01
6.001448792645179831e-01
5.002913758410592049e-01
4.003652733499389327e-01
3.003128179343698134e-01
2.001936371412000870e-01
9.999123354468439362e-02
0.000000000000000000e+00
-9.976399890548699745e-02
-1.995716310816707806e-01
-3.002923218899479774e-01
-4.002915537758314213e-01
-4.992559554013307754e-01
-5.998075114074239433e-01
-6.992306592294508238e-01
-7.992862660359867366e-01
-9.014601020071384418e-01
-1.000547556080015887e+00
-1.098558026257179243e+00
-1.199124900262753535e+00
-1.302727055565439995e+00
-1.402447408902312009e+00
-1.498844847379432688e+00
-1.599686554859670151e+00
-1.707300996956070405e+00
-1.785898264026767990e+00
-1.901910309636047680e+00
-2.012351607642377527e+00
-2.005414521288878316e+00
