-3.001861274242401123e-02
-8.335396647453308105e-03
1.222001016139984131e-02
3.195171058177947998e-02
5.109895765781402588e-02
6.987775862216949463e-02
8.847923576831817627e-02
1.071083992719650269e-01
1.259025186300277710e-01
1.450035125017166138e-01
1.644481271505355835e-01
1.842832416296005249e-01
2.044228762388229370e-01
2.247840017080307007e-01
2.452889233827590942e-01
2.657618522644042969e-01
2.861543595790863037e-01
3.063966035842895508e-01
3.264355659484863281e-01
3.462642729282379150e-01
3.658558130264282227e-01
3.852689862251281738e-01
4.046298861503601074e-01
4.241931438446044922e-01
4.437189102172851562e-01
4.632029533386230469e-01
4.831975102424621582e-01
5.031698942184448242e-01
5.234378576278686523e-01
5.442361235618591309e-01
5.643876791000366211e-01
5.841457843780517578e-01
6.040331125259399414e-01
6.238641142845153809e-01
6.421371102333068848e-01
6.591155529022216797e-01
6.769895553588867188e-01
6.992581486701965332e-01
7.212055921554565430e-01
7.633818387985229492e-01
7.798682451248168945e-01
7.807042598724365234e-01
