-2.880566418170928955e-01
-2.593161165714263916e-01
-2.339824736118316650e-01
-2.120604515075683594e-01
-1.932507157325744629e-01
-1.770250797271728516e-01
-1.627327799797058105e-01
-1.496905088424682617e-01
-1.372891068458557129e-01
-1.249792575836181641e-01
-1.123340725898742676e-01
-9.900069236755371094e-02
-8.470737934112548828e-02
-6.925481557846069336e-02
-5.244940519332885742e-02
-3.414583206176757812e-02
-1.422506570816040039e-02
7.343709468841552734e-03
3.073686361312866211e-02
5.600899457931518555e-02
8.301636576652526855e-02
1.122788190841674805e-01
1.434574723243713379e-01
1.768690347671508789e-01
2.123094201087951660e-01
2.502730786800384521e-01
2.899312078952789307e-01
3.318894505500793457e-01
3.764823973178863525e-01
4.223098456859588623e-01
4.719560146331787109e-01
5.221327543258666992e-01
5.758903026580810547e-01
6.295475363731384277e-01
6.882297992706298828e-01
7.424913048744201660e-01
8.053902387619018555e-01
8.653031587600708008e-01
9.328181743621826172e-01
9.920657873153686523e-01
1.058445572853088379e+00
1.055597662925720215e+00
