-4.937628209590911865e-01
-4.621135890483856201e-01
-4.293409287929534912e-01
-3.956961333751678467e-01
-3.614419400691986084e-01
-3.268520534038543701e-01
-2.921617925167083740e-01
-2.575452029705047607e-01
-2.231929004192352295e-01
-1.891510486602783203e-01
-1.554888486862182617e-01
-1.221679449081420898e-01
-8.914035558700561523e-02
-5.634385347366333008e-02
-2.361702919006347656e-02
9.151577949523925781e-03
4.206830263137817383e-02
7.511669397354125977e-02
1.084737479686737061e-01
1.421494185924530029e-01
1.758669614791870117e-01
2.101674675941467285e-01
2.445020675659179688e-01
2.790923714637756348e-01
3.135985732078552246e-01
3.483570516109466553e-01
3.825157880783081055e-01
4.165429770946502686e-01
4.506157040596008301e-01
4.836618006229400635e-01
5.175342559814453125e-01
5.500168800354003906e-01
5.831755399703979492e-01
6.148804426193237305e-01
6.482788324356079102e-01
6.782295107841491699e-01
7.120987176895141602e-01
7.437497377395629883e-01
7.789820432662963867e-01
8.099352121353149414e-01
8.458931446075439453e-01
8.443001508712768555e-01
