2.000173683058465102e+00
1.900170422463674402e+00
1.800166990201363948e+00
1.700175667898767840e+00
1.600166689407995557e+00
1.500181566869070116e+00
1.400175206335389833e+00
1.300160536951352253e+00
1.200166246363107536e+00
1.100198171834131822e+00
1.000173683058464880e+00
9.001649571307617226e-01
8.001738706044327909e-01
7.000977046130537618e-01
6.001775940690107225e-01
5.000991919157228294e-01
4.000196350651585298e-01
3.001387781657116616e-01
2.000292665537702907e-01
1.002326519645063141e-01
4.340774793185928982e-04
-1.000919911285409469e-01
-1.991455084964390831e-01
-2.997637036647111675e-01
-4.002478907303110289e-01
-5.006291328880326796e-01
-5.997902298379383934e-01
-7.003619750209243433e-01
-7.993683451898965231e-01
-8.984935038600725399e-01
-1.001753742932404156e+00
-1.098994190831197315e+00
-1.202247871349289232e+00
-1.296837639404266884e+00
-1.401625389801324673e+00
-1.498762672453567202e+00
-1.604254370007831998e+00
-1.701671011926504828e+00
-1.790029483290656476e+00
-1.902846850154040093e+00
-2.003216978582446295e+00
-1.989488037262786113e+00
