-9.922465085983276367e-01
-9.479540586471557617e-01
-9.068342447280883789e-01
-8.686152696609497070e-01
-8.329769372940063477e-01
-7.996140718460083008e-01
-7.681671380996704102e-01
-7.383009195327758789e-01
-7.096496820449829102e-01
-6.819094419479370117e-01
-6.547287702560424805e-01
-6.277903318405151367e-01
-6.008621454238891602e-01
-5.735646486282348633e-01
-5.458174943923950195e-01
-5.172785520553588867e-01
-4.878123700618743896e-01
-4.572900235652923584e-01
-4.254494607448577881e-01
-3.923831880092620850e-01
-3.575678765773773193e-01
-3.215571343898773193e-01
-2.836097180843353271e-01
-2.443860471248626709e-01
-2.035547196865081787e-01
-1.603325307369232178e-01
-1.158903539180755615e-01
-6.868728995323181152e-02
-2.047261595726013184e-02
3.041592240333557129e-02
8.322516083717346191e-02
1.370209753513336182e-01
1.945423185825347900e-01
2.543136179447174072e-01
3.168120682239532471e-01
3.778759539127349854e-01
4.500383436679840088e-01
5.176368951797485352e-01
5.850869417190551758e-01
6.681029796600341797e-01
7.402292490005493164e-01
7.372442483901977539e-01
