-6.761644035577774048e-02
-4.753763228654861450e-02
-3.093177825212478638e-02
-1.761258393526077271e-02
-7.324375212192535400e-03
2.392157912254333496e-04
5.442284047603607178e-03
8.685223758220672607e-03
1.039502769708633423e-02
1.101628690958023071e-02
1.099511235952377319e-02
1.076742261648178101e-02
1.074873656034469604e-02
1.132453233003616333e-02
1.284269243478775024e-02
1.561573892831802368e-02
1.991062611341476440e-02
2.593835443258285522e-02
3.391205519437789917e-02
4.393707960844039917e-02
5.615592747926712036e-02
7.077948749065399170e-02
8.753942698240280151e-02
1.070156097412109375e-01
1.289865821599960327e-01
1.534989178180694580e-01
1.802712082862854004e-01
2.100626826286315918e-01
2.420217096805572510e-01
2.766635119915008545e-01
3.155882954597473145e-01
3.548994958400726318e-01
3.994466364383697510e-01
4.427538216114044189e-01
4.934373795986175537e-01
5.428436398506164551e-01
5.989523530006408691e-01
6.528075337409973145e-01
7.031245231628417969e-01
7.690157890319824219e-01
8.287717103958129883e-01
8.205515146255493164e-01
