1.900000000000000000e+01 1.500000000000000000e+00 1.200000000000000000e+01 8.449999999999999289e+00 1.000000000000000000e+01 2.500000000000000000e+01 1.000000000000000056e-01 4.000000000000000000e+01 1.000000000000000021e-02 2.137339845284156681e+01
1.900000000000000000e+01 1.500000000000000000e+00 1.200000000000000000e+01 8.449999999999999289e+00 1.000000000000000000e+01 2.500000000000000000e+01 1.000000000000000056e-01 4.000000000000000000e+01 1.251875025862529169e-02 1.740014349772220470e+01
1.900000000000000000e+01 1.500000000000000000e+00 1.200000000000000000e+01 8.449999999999999289e+00 1.000000000000000000e+01 2.500000000000000000e+01 1.000000000000000056e-01 4.000000000000000000e+01 1.567191080378307552e-02 1.421988476799117684e+01
1.900000000000000000e+01 1.500000000000000000e+00 1.200000000000000000e+01 8.449999999999999289e+00 1.000000000000000000e+01 2.500000000000000000e+01 1.000000000000000056e-01 4.000000000000000000e+01 1.961927374280118819e-02 1.167319869306219182e+01
1.900000000000000000e+01 1.500000000000000000e+00 1.200000000000000000e+01 8.449999999999999289e+00 1.000000000000000000e+01 2.500000000000000000e+01 1.000000000000000056e-01 4.000000000000000000e+01 2.456087882417326562e-02 9.632734971837113136e+00
1.900000000000000000e+01 1.500000000000000000e+00 1.200000000000000000e+01 8.449999999999999289e+00 1.000000000000000000e+01 2.500000000000000000e+01 1.000000000000000056e-01 4.000000000000000000e+01 3.074715081321835117e-02 7.996763536436818143e+00
1.900000000000000000e+01 1.500000000000000000e+00 1.200000000000000000e+01 8.449999999999999289e+00 1.000000000000000000e+01 2.500000000000000000e+01 1.000000000000000056e-01 4.000000000000000000e+01 3.849159021949680876e-02 6.684019854387706516e+00
1.900000000000000000e+01 1.500000000000000000e+00 1.200000000000000000e+01 8.449999999999999289e+00 1.000000000000000000e+01 2.500000000000000000e+01 1.000000000000000056e-01 4.000000000000000000e+01 4.818666050152244779e-02 5.629587345897197004e+00
1.900000000000000000e+01 1.500000000000000000e+00 1.200000000000000000e+01 8.449999999999999289e+00 1.000000000000000000e+01 2.500000000000000000e+01 1.000000000000000056e-01 4.000000000000000000e+01 6.032367686157229930e-02 4.781608250527547455e+00
1.900000000000000000e+01 1.500000000000000000e+00 1.200000000000000000e+01 8.449999999999999289e+00 1.000000000000000000e+01 2.500000000000000000e+01 1.000000000000000056e-01 4.000000000000000000e+01 7.551770453120364157e-02 4.098656260742237656e+00
1.900000000000000000e+01 1.500000000000000000e+00 1.200000000000000000e+01 8.449999999999999289e+00 1.000000000000000000e+01 2.500000000000000000e+01 1.000000000000000056e-01 4.000000000000000000e+01 9.453872831307939817e-02 3.547637776026224987e+00
1.900000000000000000e+01 1.500000000000000000e+00 1.200000000000000000e+01 8.449999999999999289e+00 1.000000000000000000e+01 2.500000000000000000e+01 1.000000000000000056e-01 4.000000000000000000e+01 1.183506729519469003e-01 3.102115420079170960e+00
1.900000000000000000e+01 1.500000000000000000e+00 1.200000000000000000e+01 8.449999999999999289e+00 1.000000000000000000e+01 2.500000000000000000e+01 1.000000000000000056e-01 4.000000000000000000e+01 1.481602517625662530e-01 2.740968862520219762e+00
1.900000000000000000e+01 1.500000000000000000e+00 1.200000000000000000e+01 8.449999999999999289e+00 1.000000000000000000e+01 2.500000000000000000e+01 1.000000000000000056e-01 4.000000000000000000e+01 1.854781190070613761e-01 2.447325080053828650e+00
1.900000000000000000e+01 1.500000000000000000e+00 1.200000000000000000e+01 8.449999999999999289e+00 1.000000000000000000e+01 2.500000000000000000e+01 1.000000000000000056e-01 4.000000000000000000e+01 2.321954250288982280e-01 2.207703846373124001e+00
1.900000000000000000e+01 1.500000000000000000e+00 1.200000000000000000e+01 8.449999999999999289e+00 1.000000000000000000e+01 2.500000000000000000e+01 1.000000000000000056e-01 4.000000000000000000e+01 2.906796537132128044e-01 2.011335147177990557e+00
1.900000000000000000e+01 1.500000000000000000e+00 1.200000000000000000e+01 8.449999999999999289e+00 1.000000000000000000e+01 2.500000000000000000e+01 1.000000000000000056e-01 4.000000000000000000e+01 3.638945990099393124e-01 1.849613929296560544e+00
1.900000000000000000e+01 1.500000000000000000e+00 1.200000000000000000e+01 8.449999999999999289e+00 1.000000000000000000e+01 2.500000000000000000e+01 1.000000000000000056e-01 4.000000000000000000e+01 4.555505605468024855e-01 1.715664552548356037e+00
1.900000000000000000e+01 1.500000000000000000e+00 1.200000000000000000e+01 8.449999999999999289e+00 1.000000000000000000e+01 2.500000000000000000e+01 1.000000000000000056e-01 4.000000000000000000e+01 5.702923697662177771e-01 1.603992872367819400e+00
1.900000000000000000e+01 1.500000000000000000e+00 1.200000000000000000e+01 8.449999999999999289e+00 1.000000000000000000e+01 2.500000000000000000e+01 1.000000000000000056e-01 4.000000000000000000e+01 7.139347751502869155e-01 1.510208322049978458e+00
1.900000000000000000e+01 1.500000000000000000e+00 1.200000000000000000e+01 8.449999999999999289e+00 1.000000000000000000e+01 2.500000000000000000e+01 1.000000000000000056e-01 4.000000000000000000e+01 8.937571151054239937e-01 1.430801910833350066e+00
1.900000000000000000e+01 1.500000000000000000e+00 1.200000000000000000e+01 8.449999999999999289e+00 1.000000000000000000e+01 2.500000000000000000e+01 1.000000000000000056e-01 4.000000000000000000e+01 1.118872211587422116e+00 1.362968887667316054e+00
1.900000000000000000e+01 1.500000000000000000e+00 1.200000000000000000e+01 8.449999999999999289e+00 1.000000000000000000e+01 2.500000000000000000e+01 1.000000000000000056e-01 4.000000000000000000e+01 1.400688178817869334e+00 1.304467084021656120e+00
1.900000000000000000e+01 1.500000000000000000e+00 1.200000000000000000e+01 8.449999999999999289e+00 1.000000000000000000e+01 2.500000000000000000e+01 1.000000000000000056e-01 4.000000000000000000e+01 1.753486550082959283e+00 1.253503757192061085e+00
1.900000000000000000e+01 1.500000000000000000e+00 1.200000000000000000e+01 8.449999999999999289e+00 1.000000000000000000e+01 2.500000000000000000e+01 1.000000000000000056e-01 4.000000000000000000e+01 2.195146020234701734e+00 1.208645199865903797e+00
1.900000000000000000e+01 1.500000000000000000e+00 1.200000000000000000e+01 8.449999999999999289e+00 1.000000000000000000e+01 2.500000000000000000e+01 1.000000000000000056e-01 4.000000000000000000e+01 2.748048480853342745e+00 1.168744535430291664e+00
1.900000000000000000e+01 1.500000000000000000e+00 1.200000000000000000e+01 8.449999999999999289e+00 1.000000000000000000e+01 2.500000000000000000e+01 1.000000000000000056e-01 4.000000000000000000e+01 3.440213263039762381e+00 1.132884040096234335e+00
1.900000000000000000e+01 1.500000000000000000e+00 1.200000000000000000e+01 8.449999999999999289e+00 1.000000000000000000e+01 2.500000000000000000e+01 1.000000000000000056e-01 4.000000000000000000e+01 4.306717067640518870e+00 1.100329069081935174e+00
1.900000000000000000e+01 1.500000000000000000e+00 1.200000000000000000e+01 8.449999999999999289e+00 1.000000000000000000e+01 2.500000000000000000e+01 1.000000000000000056e-01 4.000000000000000000e+01 5.391471540435070153e+00 1.070491252151467565e+00
1.900000000000000000e+01 1.500000000000000000e+00 1.200000000000000000e+01 8.449999999999999289e+00 1.000000000000000000e+01 2.500000000000000000e+01 1.000000000000000056e-01 4.000000000000000000e+01 6.749448574119243816e+00 1.042899093543101063e+00
1.900000000000000000e+01 1.500000000000000000e+00 1.200000000000000000e+01 8.449999999999999289e+00 1.000000000000000000e+01 2.500000000000000000e+01 1.000000000000000056e-01 4.000000000000000000e+01 8.449466108283331778e+00 1.017174486549075940e+00
1.900000000000000000e+01 1.500000000000000000e+00 1.200000000000000000e+01 8.449999999999999289e+00 1.000000000000000000e+01 2.500000000000000000e+01 1.000000000000000056e-01 4.000000000000000000e+01 1.057767560283175889e+01 9.930139527410805078e-01
1.900000000000000000e+01 1.500000000000000000e+00 1.200000000000000000e+01 8.449999999999999289e+00 1.000000000000000000e+01 2.500000000000000000e+01 1.000000000000000056e-01 4.000000000000000000e+01 1.324192791886045306e+01 9.701736552624837806e-01
1.900000000000000000e+01 1.500000000000000000e+00 1.200000000000000000e+01 8.449999999999999289e+00 1.000000000000000000e+01 2.500000000000000000e+01 1.000000000000000056e-01 4.000000000000000000e+01 1.657723885589317803e+01 9.484574268629528682e-01
1.900000000000000000e+01 1.500000000000000000e+00 1.200000000000000000e+01 8.449999999999999289e+00 1.000000000000000000e+01 2.500000000000000000e+01 1.000000000000000056e-01 4.000000000000000000e+01 2.075263132145059686e+01 9.277072061255713376e-01
1.900000000000000000e+01 1.500000000000000000e+00 1.200000000000000000e+01 8.449999999999999289e+00 1.000000000000000000e+01 2.500000000000000000e+01 1.000000000000000056e-01 4.000000000000000000e+01 2.597970087225647262e+01 9.077953973731199833e-01
1.900000000000000000e+01 1.500000000000000000e+00 1.200000000000000000e+01 8.449999999999999289e+00 1.000000000000000000e+01 2.500000000000000000e+01 1.000000000000000056e-01 4.000000000000000000e+01 3.252333870135684180e+01 8.886187672231914414e-01
1.900000000000000000e+01 1.500000000000000000e+00 1.200000000000000000e+01 8.449999999999999289e+00 1.000000000000000000e+01 2.500000000000000000e+01 1.000000000000000056e-01 4.000000000000000000e+01 4.071515547789690004e+01 8.700935686314200668e-01
1.900000000000000000e+01 1.500000000000000000e+00 1.200000000000000000e+01 8.449999999999999289e+00 1.000000000000000000e+01 2.500000000000000000e+01 1.000000000000000056e-01 4.000000000000000000e+01 5.097028631688908007e+01 8.521516454644870731e-01
1.900000000000000000e+01 1.500000000000000000e+00 1.200000000000000000e+01 8.449999999999999289e+00 1.000000000000000000e+01 2.500000000000000000e+01 1.000000000000000056e-01 4.000000000000000000e+01 6.380842850117603149e+01 8.347373203319433665e-01
1.900000000000000000e+01 1.500000000000000000e+00 1.200000000000000000e+01 8.449999999999999289e+00 1.000000000000000000e+01 2.500000000000000000e+01 1.000000000000000056e-01 4.000000000000000000e+01 7.988017808015700894e+01 8.178049080962700446e-01
1.900000000000000000e+01 1.500000000000000000e+00 1.200000000000000000e+01 8.449999999999999289e+00 1.000000000000000000e+01 2.500000000000000000e+01 1.000000000000000056e-01 4.000000000000000000e+01 1.000000000000000000e+02 8.013167291853284802e-01
