9.000000000000000000e+00 2.500000000000000000e+00 1.400000000000000000e+01 5.490000000000000213e+00 1.000000000000000000e+01 2.500000000000000000e+01 1.000000000000000056e-01 4.000000000000000000e+01 1.000000000000000021e-02 1.608344390856228401e+01
9.000000000000000000e+00 2.500000000000000000e+00 1.400000000000000000e+01 5.490000000000000213e+00 1.000000000000000000e+01 2.500000000000000000e+01 1.000000000000000056e-01 4.000000000000000000e+01 1.251875025862529169e-02 1.322381216645052682e+01
9.000000000000000000e+00 2.500000000000000000e+00 1.400000000000000000e+01 5.490000000000000213e+00 1.000000000000000000e+01 2.500000000000000000e+01 1.000000000000000056e-01 4.000000000000000000e+01 1.567191080378307552e-02 1.093181236385771449e+01
9.000000000000000000e+00 2.500000000000000000e+00 1.400000000000000000e+01 5.490000000000000213e+00 1.000000000000000000e+01 2.500000000000000000e+01 1.000000000000000056e-01 4.000000000000000000e+01 1.961927374280118819e-02 9.093396369284397096e+00
9.000000000000000000e+00 2.500000000000000000e+00 1.400000000000000000e+01 5.490000000000000213e+00 1.000000000000000000e+01 2.500000000000000000e+01 1.000000000000000056e-01 4.000000000000000000e+01 2.456087882417326562e-02 7.617459082327640019e+00
9.000000000000000000e+00 2.500000000000000000e+00 1.400000000000000000e+01 5.490000000000000213e+00 1.000000000000000000e+01 2.500000000000000000e+01 1.000000000000000056e-01 4.000000000000000000e+01 3.074715081321835117e-02 6.431222403356604111e+00
9.000000000000000000e+00 2.500000000000000000e+00 1.400000000000000000e+01 5.490000000000000213e+00 1.000000000000000000e+01 2.500000000000000000e+01 1.000000000000000056e-01 4.000000000000000000e+01 3.849159021949680876e-02 5.476547938901282109e+00
9.000000000000000000e+00 2.500000000000000000e+00 1.400000000000000000e+01 5.490000000000000213e+00 1.000000000000000000e+01 2.500000000000000000e+01 1.000000000000000056e-01 4.000000000000000000e+01 4.818666050152244779e-02 4.706991582810768016e+00
9.000000000000000000e+00 2.500000000000000000e+00 1.400000000000000000e+01 5.490000000000000213e+00 1.000000000000000000e+01 2.500000000000000000e+01 1.000000000000000056e-01 4.000000000000000000e+01 6.032367686157229930e-02 4.085450709124934576e+00
9.000000000000000000e+00 2.500000000000000000e+00 1.400000000000000000e+01 5.490000000000000213e+00 1.000000000000000000e+01 2.500000000000000000e+01 1.000000000000000056e-01 4.000000000000000000e+01 7.551770453120364157e-02 3.582284744264976784e+00
9.000000000000000000e+00 2.500000000000000000e+00 1.400000000000000000e+01 5.490000000000000213e+00 1.000000000000000000e+01 2.500000000000000000e+01 1.000000000000000056e-01 4.000000000000000000e+01 9.453872831307939817e-02 3.173813875493259662e+00
9.000000000000000000e+00 2.500000000000000000e+00 1.400000000000000000e+01 5.490000000000000213e+00 1.000000000000000000e+01 2.500000000000000000e+01 1.000000000000000056e-01 4.000000000000000000e+01 1.183506729519469003e-01 2.841119815324297360e+00
9.000000000000000000e+00 2.500000000000000000e+00 1.400000000000000000e+01 5.490000000000000213e+00 1.000000000000000000e+01 2.500000000000000000e+01 1.000000000000000056e-01 4.000000000000000000e+01 1.481602517625662530e-01 2.569087848792690476e+00
9.000000000000000000e+00 2.500000000000000000e+00 1.400000000000000000e+01 5.490000000000000213e+00 1.000000000000000000e+01 2.500000000000000000e+01 1.000000000000000056e-01 4.000000000000000000e+01 1.854781190070613761e-01 2.345641617921674804e+00
9.000000000000000000e+00 2.500000000000000000e+00 1.400000000000000000e+01 5.490000000000000213e+00 1.000000000000000000e+01 2.500000000000000000e+01 1.000000000000000056e-01 4.000000000000000000e+01 2.321954250288982280e-01 2.161131865035007760e+00
9.000000000000000000e+00 2.500000000000000000e+00 1.400000000000000000e+01 5.490000000000000213e+00 1.000000000000000000e+01 2.500000000000000000e+01 1.000000000000000056e-01 4.000000000000000000e+01 2.906796537132128044e-01 2.007848158690869855e+00
9.000000000000000000e+00 2.500000000000000000e+00 1.400000000000000000e+01 5.490000000000000213e+00 1.000000000000000000e+01 2.500000000000000000e+01 1.000000000000000056e-01 4.000000000000000000e+01 3.638945990099393124e-01 1.879628858376516165e+00
9.000000000000000000e+00 2.500000000000000000e+00 1.400000000000000000e+01 5.490000000000000213e+00 1.000000000000000000e+01 2.500000000000000000e+01 1.000000000000000056e-01 4.000000000000000000e+01 4.555505605468024855e-01 1.771549552522780901e+00
9.000000000000000000e+00 2.500000000000000000e+00 1.400000000000000000e+01 5.490000000000000213e+00 1.000000000000000000e+01 2.500000000000000000e+01 1.000000000000000056e-01 4.000000000000000000e+01 5.702923697662177771e-01 1.679674181168558267e+00
9.000000000000000000e+00 2.500000000000000000e+00 1.400000000000000000e+01 5.490000000000000213e+00 1.000000000000000000e+01 2.500000000000000000e+01 1.000000000000000056e-01 4.000000000000000000e+01 7.139347751502869155e-01 1.600856231257203888e+00
9.000000000000000000e+00 2.500000000000000000e+00 1.400000000000000000e+01 5.490000000000000213e+00 1.000000000000000000e+01 2.500000000000000000e+01 1.000000000000000056e-01 4.000000000000000000e+01 8.937571151054239937e-01 1.532579930061918727e+00
9.000000000000000000e+00 2.500000000000000000e+00 1.400000000000000000e+01 5.490000000000000213e+00 1.000000000000000000e+01 2.500000000000000000e+01 1.000000000000000056e-01 4.000000000000000000e+01 1.118872211587422116e+00 1.472833389208782151e+00
9.000000000000000000e+00 2.500000000000000000e+00 1.400000000000000000e+01 5.490000000000000213e+00 1.000000000000000000e+01 2.500000000000000000e+01 1.000000000000000056e-01 4.000000000000000000e+01 1.400688178817869334e+00 1.420007270914660280e+00
9.000000000000000000e+00 2.500000000000000000e+00 1.400000000000000000e+01 5.490000000000000213e+00 1.000000000000000000e+01 2.500000000000000000e+01 1.000000000000000056e-01 4.000000000000000000e+01 1.753486550082959283e+00 1.372813841435937654e+00
9.000000000000000000e+00 2.500000000000000000e+00 1.400000000000000000e+01 5.490000000000000213e+00 1.000000000000000000e+01 2.500000000000000000e+01 1.000000000000000056e-01 4.000000000000000000e+01 2.195146020234701734e+00 1.330222309877298725e+00
9.000000000000000000e+00 2.500000000000000000e+00 1.400000000000000000e+01 5.490000000000000213e+00 1.000000000000000000e+01 2.500000000000000000e+01 1.000000000000000056e-01 4.000000000000000000e+01 2.748048480853342745e+00 1.291407175794436979e+00
9.000000000000000000e+00 2.500000000000000000e+00 1.400000000000000000e+01 5.490000000000000213e+00 1.000000000000000000e+01 2.500000000000000000e+01 1.000000000000000056e-01 4.000000000000000000e+01 3.440213263039762381e+00 1.255706968263452739e+00
9.000000000000000000e+00 2.500000000000000000e+00 1.400000000000000000e+01 5.490000000000000213e+00 1.000000000000000000e+01 2.500000000000000000e+01 1.000000000000000056e-01 4.000000000000000000e+01 4.306717067640518870e+00 1.222591285690881158e+00
9.000000000000000000e+00 2.500000000000000000e+00 1.400000000000000000e+01 5.490000000000000213e+00 1.000000000000000000e+01 2.500000000000000000e+01 1.000000000000000056e-01 4.000000000000000000e+01 5.391471540435070153e+00 1.191634466288283623e+00
9.000000000000000000e+00 2.500000000000000000e+00 1.400000000000000000e+01 5.490000000000000213e+00 1.000000000000000000e+01 2.500000000000000000e+01 1.000000000000000056e-01 4.000000000000000000e+01 6.749448574119243816e+00 1.162494555151280640e+00
9.000000000000000000e+00 2.500000000000000000e+00 1.400000000000000000e+01 5.490000000000000213e+00 1.000000000000000000e+01 2.500000000000000000e+01 1.000000000000000056e-01 4.000000000000000000e+01 8.449466108283331778e+00 1.134896502293073262e+00
9.000000000000000000e+00 2.500000000000000000e+00 1.400000000000000000e+01 5.490000000000000213e+00 1.000000000000000000e+01 2.500000000000000000e+01 1.000000000000000056e-01 4.000000000000000000e+01 1.057767560283175889e+01 1.108618740389002433e+00
9.000000000000000000e+00 2.500000000000000000e+00 1.400000000000000000e+01 5.490000000000000213e+00 1.000000000000000000e+01 2.500000000000000000e+01 1.000000000000000056e-01 4.000000000000000000e+01 1.324192791886045306e+01 1.083482462257025158e+00
9.000000000000000000e+00 2.500000000000000000e+00 1.400000000000000000e+01 5.490000000000000213e+00 1.000000000000000000e+01 2.500000000000000000e+01 1.000000000000000056e-01 4.000000000000000000e+01 1.657723885589317803e+01 1.059343054908415738e+00
9.000000000000000000e+00 2.500000000000000000e+00 1.400000000000000000e+01 5.490000000000000213e+00 1.000000000000000000e+01 2.500000000000000000e+01 1.000000000000000056e-01 4.000000000000000000e+01 2.075263132145059686e+01 1.036083256286639998e+00
9.000000000000000000e+00 2.500000000000000000e+00 1.400000000000000000e+01 5.490000000000000213e+00 1.000000000000000000e+01 2.500000000000000000e+01 1.000000000000000056e-01 4.000000000000000000e+01 2.597970087225647262e+01 1.013607688108316696e+00
9.000000000000000000e+00 2.500000000000000000e+00 1.400000000000000000e+01 5.490000000000000213e+00 1.000000000000000000e+01 2.500000000000000000e+01 1.000000000000000056e-01 4.000000000000000000e+01 3.252333870135684180e+01 9.918384879523626241e-01
9.000000000000000000e+00 2.500000000000000000e+00 1.400000000000000000e+01 5.490000000000000213e+00 1.000000000000000000e+01 2.500000000000000000e+01 1.000000000000000056e-01 4.000000000000000000e+01 4.071515547789690004e+01 9.707118194456102467e-01
9.000000000000000000e+00 2.500000000000000000e+00 1.400000000000000000e+01 5.490000000000000213e+00 1.000000000000000000e+01 2.500000000000000000e+01 1.000000000000000056e-01 4.000000000000000000e+01 5.097028631688908007e+01 9.501750838882152550e-01
9.000000000000000000e+00 2.500000000000000000e+00 1.400000000000000000e+01 5.490000000000000213e+00 1.000000000000000000e+01 2.500000000000000000e+01 1.000000000000000056e-01 4.000000000000000000e+01 6.380842850117603149e+01 9.301846922048681021e-01
9.000000000000000000e+00 2.500000000000000000e+00 1.400000000000000000e+01 5.490000000000000213e+00 1.000000000000000000e+01 2.500000000000000000e+01 1.000000000000000056e-01 4.000000000000000000e+01 7.988017808015700894e+01 9.107042844994227559e-01
9.000000000000000000e+00 2.500000000000000000e+00 1.400000000000000000e+01 5.490000000000000213e+00 1.000000000000000000e+01 2.500000000000000000e+01 1.000000000000000056e-01 4.000000000000000000e+01 1.000000000000000000e+02 8.917033071697971769e-01
