1.200000000000000000e+01 1.500000000000000000e+00 1.200000000000000000e+01 6.099999999999999645e+00 1.000000000000000000e+01 2.500000000000000000e+01 1.000000000000000056e-01 4.000000000000000000e+01 1.000000000000000021e-02 2.301660085642055265e+01
1.200000000000000000e+01 1.500000000000000000e+00 1.200000000000000000e+01 6.099999999999999645e+00 1.000000000000000000e+01 2.500000000000000000e+01 1.000000000000000056e-01 4.000000000000000000e+01 1.251875025862529169e-02 1.870859106583849751e+01
1.200000000000000000e+01 1.500000000000000000e+00 1.200000000000000000e+01 6.099999999999999645e+00 1.000000000000000000e+01 2.500000000000000000e+01 1.000000000000000056e-01 4.000000000000000000e+01 1.567191080378307552e-02 1.526139630119086021e+01
1.200000000000000000e+01 1.500000000000000000e+00 1.200000000000000000e+01 6.099999999999999645e+00 1.000000000000000000e+01 2.500000000000000000e+01 1.000000000000000056e-01 4.000000000000000000e+01 1.961927374280118819e-02 1.250193171347606480e+01
1.200000000000000000e+01 1.500000000000000000e+00 1.200000000000000000e+01 6.099999999999999645e+00 1.000000000000000000e+01 2.500000000000000000e+01 1.000000000000000056e-01 4.000000000000000000e+01 2.456087882417326562e-02 1.029193479780174592e+01
1.200000000000000000e+01 1.500000000000000000e+00 1.200000000000000000e+01 6.099999999999999645e+00 1.000000000000000000e+01 2.500000000000000000e+01 1.000000000000000056e-01 4.000000000000000000e+01 3.074715081321835117e-02 8.520959236964579020e+00
1.200000000000000000e+01 1.500000000000000000e+00 1.200000000000000000e+01 6.099999999999999645e+00 1.000000000000000000e+01 2.500000000000000000e+01 1.000000000000000056e-01 4.000000000000000000e+01 3.849159021949680876e-02 7.100778370539939210e+00
1.200000000000000000e+01 1.500000000000000000e+00 1.200000000000000000e+01 6.099999999999999645e+00 1.000000000000000000e+01 2.500000000000000000e+01 1.000000000000000056e-01 4.000000000000000000e+01 4.818666050152244779e-02 5.960914675351553171e+00
1.200000000000000000e+01 1.500000000000000000e+00 1.200000000000000000e+01 6.099999999999999645e+00 1.000000000000000000e+01 2.500000000000000000e+01 1.000000000000000056e-01 4.000000000000000000e+01 6.032367686157229930e-02 5.045068705849169000e+00
1.200000000000000000e+01 1.500000000000000000e+00 1.200000000000000000e+01 6.099999999999999645e+00 1.000000000000000000e+01 2.500000000000000000e+01 1.000000000000000056e-01 4.000000000000000000e+01 7.551770453120364157e-02 4.308266524674667863e+00
1.200000000000000000e+01 1.500000000000000000e+00 1.200000000000000000e+01 6.099999999999999645e+00 1.000000000000000000e+01 2.500000000000000000e+01 1.000000000000000056e-01 4.000000000000000000e+01 9.453872831307939817e-02 3.714581064482105788e+00
1.200000000000000000e+01 1.500000000000000000e+00 1.200000000000000000e+01 6.099999999999999645e+00 1.000000000000000000e+01 2.500000000000000000e+01 1.000000000000000056e-01 4.000000000000000000e+01 1.183506729519469003e-01 3.235311947077221362e+00
1.200000000000000000e+01 1.500000000000000000e+00 1.200000000000000000e+01 6.099999999999999645e+00 1.000000000000000000e+01 2.500000000000000000e+01 1.000000000000000056e-01 4.000000000000000000e+01 1.481602517625662530e-01 2.847531519091600849e+00
1.200000000000000000e+01 1.500000000000000000e+00 1.200000000000000000e+01 6.099999999999999645e+00 1.000000000000000000e+01 2.500000000000000000e+01 1.000000000000000056e-01 4.000000000000000000e+01 1.854781190070613761e-01 2.532923422088244614e+00
1.200000000000000000e+01 1.500000000000000000e+00 1.200000000000000000e+01 6.099999999999999645e+00 1.000000000000000000e+01 2.500000000000000000e+01 1.000000000000000056e-01 4.000000000000000000e+01 2.321954250288982280e-01 2.276854839702917577e+00
1.200000000000000000e+01 1.500000000000000000e+00 1.200000000000000000e+01 6.099999999999999645e+00 1.000000000000000000e+01 2.500000000000000000e+01 1.000000000000000056e-01 4.000000000000000000e+01 2.906796537132128044e-01 2.067635406428740552e+00
1.200000000000000000e+01 1.500000000000000000e+00 1.200000000000000000e+01 6.099999999999999645e+00 1.000000000000000000e+01 2.500000000000000000e+01 1.000000000000000056e-01 4.000000000000000000e+01 3.638945990099393124e-01 1.895925222064456461e+00
1.200000000000000000e+01 1.500000000000000000e+00 1.200000000000000000e+01 6.099999999999999645e+00 1.000000000000000000e+01 2.500000000000000000e+01 1.000000000000000056e-01 4.000000000000000000e+01 4.555505605468024855e-01 1.754261972042878481e+00
1.200000000000000000e+01 1.500000000000000000e+00 1.200000000000000000e+01 6.099999999999999645e+00 1.000000000000000000e+01 2.500000000000000000e+01 1.000000000000000056e-01 4.000000000000000000e+01 5.702923697662177771e-01 1.636683189758812551e+00
1.200000000000000000e+01 1.500000000000000000e+00 1.200000000000000000e+01 6.099999999999999645e+00 1.000000000000000000e+01 2.500000000000000000e+01 1.000000000000000056e-01 4.000000000000000000e+01 7.139347751502869155e-01 1.538424518505688399e+00
1.200000000000000000e+01 1.500000000000000000e+00 1.200000000000000000e+01 6.099999999999999645e+00 1.000000000000000000e+01 2.500000000000000000e+01 1.000000000000000056e-01 4.000000000000000000e+01 8.937571151054239937e-01 1.455678682044895034e+00
1.200000000000000000e+01 1.500000000000000000e+00 1.200000000000000000e+01 6.099999999999999645e+00 1.000000000000000000e+01 2.500000000000000000e+01 1.000000000000000056e-01 4.000000000000000000e+01 1.118872211587422116e+00 1.385402949348752077e+00
1.200000000000000000e+01 1.500000000000000000e+00 1.200000000000000000e+01 6.099999999999999645e+00 1.000000000000000000e+01 2.500000000000000000e+01 1.000000000000000056e-01 4.000000000000000000e+01 1.400688178817869334e+00 1.325165336585301556e+00
1.200000000000000000e+01 1.500000000000000000e+00 1.200000000000000000e+01 6.099999999999999645e+00 1.000000000000000000e+01 2.500000000000000000e+01 1.000000000000000056e-01 4.000000000000000000e+01 1.753486550082959283e+00 1.273021752490224534e+00
1.200000000000000000e+01 1.500000000000000000e+00 1.200000000000000000e+01 6.099999999999999645e+00 1.000000000000000000e+01 2.500000000000000000e+01 1.000000000000000056e-01 4.000000000000000000e+01 2.195146020234701734e+00 1.227417861380704522e+00
1.200000000000000000e+01 1.500000000000000000e+00 1.200000000000000000e+01 6.099999999999999645e+00 1.000000000000000000e+01 2.500000000000000000e+01 1.000000000000000056e-01 4.000000000000000000e+01 2.748048480853342745e+00 1.187110690674729963e+00
1.200000000000000000e+01 1.500000000000000000e+00 1.200000000000000000e+01 6.099999999999999645e+00 1.000000000000000000e+01 2.500000000000000000e+01 1.000000000000000056e-01 4.000000000000000000e+01 3.440213263039762381e+00 1.151106010365369636e+00
1.200000000000000000e+01 1.500000000000000000e+00 1.200000000000000000e+01 6.099999999999999645e+00 1.000000000000000000e+01 2.500000000000000000e+01 1.000000000000000056e-01 4.000000000000000000e+01 4.306717067640518870e+00 1.118608311169478675e+00
1.200000000000000000e+01 1.500000000000000000e+00 1.200000000000000000e+01 6.099999999999999645e+00 1.000000000000000000e+01 2.500000000000000000e+01 1.000000000000000056e-01 4.000000000000000000e+01 5.391471540435070153e+00 1.088980846528516011e+00
1.200000000000000000e+01 1.500000000000000000e+00 1.200000000000000000e+01 6.099999999999999645e+00 1.000000000000000000e+01 2.500000000000000000e+01 1.000000000000000056e-01 4.000000000000000000e+01 6.749448574119243816e+00 1.061713713640741519e+00
1.200000000000000000e+01 1.500000000000000000e+00 1.200000000000000000e+01 6.099999999999999645e+00 1.000000000000000000e+01 2.500000000000000000e+01 1.000000000000000056e-01 4.000000000000000000e+01 8.449466108283331778e+00 1.036398356094225370e+00
1.200000000000000000e+01 1.500000000000000000e+00 1.200000000000000000e+01 6.099999999999999645e+00 1.000000000000000000e+01 2.500000000000000000e+01 1.000000000000000056e-01 4.000000000000000000e+01 1.057767560283175889e+01 1.012707196094108308e+00
1.200000000000000000e+01 1.500000000000000000e+00 1.200000000000000000e+01 6.099999999999999645e+00 1.000000000000000000e+01 2.500000000000000000e+01 1.000000000000000056e-01 4.000000000000000000e+01 1.324192791886045306e+01 9.903773642268135502e-01
1.200000000000000000e+01 1.500000000000000000e+00 1.200000000000000000e+01 6.099999999999999645e+00 1.000000000000000000e+01 2.500000000000000000e+01 1.000000000000000056e-01 4.000000000000000000e+01 1.657723885589317803e+01 9.691977023518606460e-01
1.200000000000000000e+01 1.500000000000000000e+00 1.200000000000000000e+01 6.099999999999999645e+00 1.000000000000000000e+01 2.500000000000000000e+01 1.000000000000000056e-01 4.000000000000000000e+01 2.075263132145059686e+01 9.489983810814814902e-01
1.200000000000000000e+01 1.500000000000000000e+00 1.200000000000000000e+01 6.099999999999999645e+00 1.000000000000000000e+01 2.500000000000000000e+01 1.000000000000000056e-01 4.000000000000000000e+01 2.597970087225647262e+01 9.296426058051288077e-01
1.200000000000000000e+01 1.500000000000000000e+00 1.200000000000000000e+01 6.099999999999999645e+00 1.000000000000000000e+01 2.500000000000000000e+01 1.000000000000000056e-01 4.000000000000000000e+01 3.252333870135684180e+01 9.110199910547291946e-01
1.200000000000000000e+01 1.500000000000000000e+00 1.200000000000000000e+01 6.099999999999999645e+00 1.000000000000000000e+01 2.500000000000000000e+01 1.000000000000000056e-01 4.000000000000000000e+01 4.071515547789690004e+01 8.930412675507246600e-01
1.200000000000000000e+01 1.500000000000000000e+00 1.200000000000000000e+01 6.099999999999999645e+00 1.000000000000000000e+01 2.500000000000000000e+01 1.000000000000000056e-01 4.000000000000000000e+01 5.097028631688908007e+01 8.756340538029935283e-01
1.200000000000000000e+01 1.500000000000000000e+00 1.200000000000000000e+01 6.099999999999999645e+00 1.000000000000000000e+01 2.500000000000000000e+01 1.000000000000000056e-01 4.000000000000000000e+01 6.380842850117603149e+01 8.587394780870716282e-01
1.200000000000000000e+01 1.500000000000000000e+00 1.200000000000000000e+01 6.099999999999999645e+00 1.000000000000000000e+01 2.500000000000000000e+01 1.000000000000000056e-01 4.000000000000000000e+01 7.988017808015700894e+01 8.423094797085139973e-01
1.200000000000000000e+01 1.500000000000000000e+00 1.200000000000000000e+01 6.099999999999999645e+00 1.000000000000000000e+01 2.500000000000000000e+01 1.000000000000000056e-01 4.000000000000000000e+01 1.000000000000000000e+02 8.263046528905411137e-01
