8.000000000000000000e+00 2.500000000000000000e+00 1.800000000000000000e+01 8.449999999999999289e+00 1.000000000000000000e+01 2.500000000000000000e+01 1.000000000000000056e-01 4.000000000000000000e+01 1.000000000000000021e-02 9.342852799065626712e+00
8.000000000000000000e+00 2.500000000000000000e+00 1.800000000000000000e+01 8.449999999999999289e+00 1.000000000000000000e+01 2.500000000000000000e+01 1.000000000000000056e-01 4.000000000000000000e+01 1.251875025862529169e-02 8.371209604110530833e+00
8.000000000000000000e+00 2.500000000000000000e+00 1.800000000000000000e+01 8.449999999999999289e+00 1.000000000000000000e+01 2.500000000000000000e+01 1.000000000000000056e-01 4.000000000000000000e+01 1.567191080378307552e-02 7.565804782156297925e+00
8.000000000000000000e+00 2.500000000000000000e+00 1.800000000000000000e+01 8.449999999999999289e+00 1.000000000000000000e+01 2.500000000000000000e+01 1.000000000000000056e-01 4.000000000000000000e+01 1.961927374280118819e-02 6.894133881691911547e+00
8.000000000000000000e+00 2.500000000000000000e+00 1.800000000000000000e+01 8.449999999999999289e+00 1.000000000000000000e+01 2.500000000000000000e+01 1.000000000000000056e-01 4.000000000000000000e+01 2.456087882417326562e-02 6.330201929800413296e+00
8.000000000000000000e+00 2.500000000000000000e+00 1.800000000000000000e+01 8.449999999999999289e+00 1.000000000000000000e+01 2.500000000000000000e+01 1.000000000000000056e-01 4.000000000000000000e+01 3.074715081321835117e-02 5.853214714656748363e+00
8.000000000000000000e+00 2.500000000000000000e+00 1.800000000000000000e+01 8.449999999999999289e+00 1.000000000000000000e+01 2.500000000000000000e+01 1.000000000000000056e-01 4.000000000000000000e+01 3.849159021949680876e-02 5.446533348150943254e+00
8.000000000000000000e+00 2.500000000000000000e+00 1.800000000000000000e+01 8.449999999999999289e+00 1.000000000000000000e+01 2.500000000000000000e+01 1.000000000000000056e-01 4.000000000000000000e+01 4.818666050152244779e-02 5.096839138159184657e+00
8.000000000000000000e+00 2.500000000000000000e+00 1.800000000000000000e+01 8.449999999999999289e+00 1.000000000000000000e+01 2.500000000000000000e+01 1.000000000000000056e-01 4.000000000000000000e+01 6.032367686157229930e-02 4.793466457518372970e+00
8.000000000000000000e+00 2.500000000000000000e+00 1.800000000000000000e+01 8.449999999999999289e+00 1.000000000000000000e+01 2.500000000000000000e+01 1.000000000000000056e-01 4.000000000000000000e+01 7.551770453120364157e-02 4.527869810017190133e+00
8.000000000000000000e+00 2.500000000000000000e+00 1.800000000000000000e+01 8.449999999999999289e+00 1.000000000000000000e+01 2.500000000000000000e+01 1.000000000000000056e-01 4.000000000000000000e+01 9.453872831307939817e-02 4.293198094122896435e+00
8.000000000000000000e+00 2.500000000000000000e+00 1.800000000000000000e+01 8.449999999999999289e+00 1.000000000000000000e+01 2.500000000000000000e+01 1.000000000000000056e-01 4.000000000000000000e+01 1.183506729519469003e-01 4.083954497340667622e+00
8.000000000000000000e+00 2.500000000000000000e+00 1.800000000000000000e+01 8.449999999999999289e+00 1.000000000000000000e+01 2.500000000000000000e+01 1.000000000000000056e-01 4.000000000000000000e+01 1.481602517625662530e-01 3.895724793336336145e+00
8.000000000000000000e+00 2.500000000000000000e+00 1.800000000000000000e+01 8.449999999999999289e+00 1.000000000000000000e+01 2.500000000000000000e+01 1.000000000000000056e-01 4.000000000000000000e+01 1.854781190070613761e-01 3.724960280142247449e+00
8.000000000000000000e+00 2.500000000000000000e+00 1.800000000000000000e+01 8.449999999999999289e+00 1.000000000000000000e+01 2.500000000000000000e+01 1.000000000000000056e-01 4.000000000000000000e+01 2.321954250288982280e-01 3.568804366564653385e+00
8.000000000000000000e+00 2.500000000000000000e+00 1.800000000000000000e+01 8.449999999999999289e+00 1.000000000000000000e+01 2.500000000000000000e+01 1.000000000000000056e-01 4.000000000000000000e+01 2.906796537132128044e-01 3.424954025633242694e+00
8.000000000000000000e+00 2.500000000000000000e+00 1.800000000000000000e+01 8.449999999999999289e+00 1.000000000000000000e+01 2.500000000000000000e+01 1.000000000000000056e-01 4.000000000000000000e+01 3.638945990099393124e-01 3.291549100661900873e+00
8.000000000000000000e+00 2.500000000000000000e+00 1.800000000000000000e+01 8.449999999999999289e+00 1.000000000000000000e+01 2.500000000000000000e+01 1.000000000000000056e-01 4.000000000000000000e+01 4.555505605468024855e-01 3.167083860756437996e+00
8.000000000000000000e+00 2.500000000000000000e+00 1.800000000000000000e+01 8.449999999999999289e+00 1.000000000000000000e+01 2.500000000000000000e+01 1.000000000000000056e-01 4.000000000000000000e+01 5.702923697662177771e-01 3.050336329928138746e+00
8.000000000000000000e+00 2.500000000000000000e+00 1.800000000000000000e+01 8.449999999999999289e+00 1.000000000000000000e+01 2.500000000000000000e+01 1.000000000000000056e-01 4.000000000000000000e+01 7.139347751502869155e-01 2.940311814480436770e+00
8.000000000000000000e+00 2.500000000000000000e+00 1.800000000000000000e+01 8.449999999999999289e+00 1.000000000000000000e+01 2.500000000000000000e+01 1.000000000000000056e-01 4.000000000000000000e+01 8.937571151054239937e-01 2.836197772664532657e+00
8.000000000000000000e+00 2.500000000000000000e+00 1.800000000000000000e+01 8.449999999999999289e+00 1.000000000000000000e+01 2.500000000000000000e+01 1.000000000000000056e-01 4.000000000000000000e+01 1.118872211587422116e+00 2.737327745201352691e+00
8.000000000000000000e+00 2.500000000000000000e+00 1.800000000000000000e+01 8.449999999999999289e+00 1.000000000000000000e+01 2.500000000000000000e+01 1.000000000000000056e-01 4.000000000000000000e+01 1.400688178817869334e+00 2.643152524260727443e+00
8.000000000000000000e+00 2.500000000000000000e+00 1.800000000000000000e+01 8.449999999999999289e+00 1.000000000000000000e+01 2.500000000000000000e+01 1.000000000000000056e-01 4.000000000000000000e+01 1.753486550082959283e+00 2.553217105134125031e+00
8.000000000000000000e+00 2.500000000000000000e+00 1.800000000000000000e+01 8.449999999999999289e+00 1.000000000000000000e+01 2.500000000000000000e+01 1.000000000000000056e-01 4.000000000000000000e+01 2.195146020234701734e+00 2.467142257714966647e+00
8.000000000000000000e+00 2.500000000000000000e+00 1.800000000000000000e+01 8.449999999999999289e+00 1.000000000000000000e+01 2.500000000000000000e+01 1.000000000000000056e-01 4.000000000000000000e+01 2.748048480853342745e+00 2.384609788852414258e+00
8.000000000000000000e+00 2.500000000000000000e+00 1.800000000000000000e+01 8.449999999999999289e+00 1.000000000000000000e+01 2.500000000000000000e+01 1.000000000000000056e-01 4.000000000000000000e+01 3.440213263039762381e+00 2.305350753526253182e+00
8.000000000000000000e+00 2.500000000000000000e+00 1.800000000000000000e+01 8.449999999999999289e+00 1.000000000000000000e+01 2.500000000000000000e+01 1.000000000000000056e-01 4.000000000000000000e+01 4.306717067640518870e+00 2.229136022072577994e+00
8.000000000000000000e+00 2.500000000000000000e+00 1.800000000000000000e+01 8.449999999999999289e+00 1.000000000000000000e+01 2.500000000000000000e+01 1.000000000000000056e-01 4.000000000000000000e+01 5.391471540435070153e+00 2.155768729937324935e+00
8.000000000000000000e+00 2.500000000000000000e+00 1.800000000000000000e+01 8.449999999999999289e+00 1.000000000000000000e+01 2.500000000000000000e+01 1.000000000000000056e-01 4.000000000000000000e+01 6.749448574119243816e+00 2.085078231690219219e+00
8.000000000000000000e+00 2.500000000000000000e+00 1.800000000000000000e+01 8.449999999999999289e+00 1.000000000000000000e+01 2.500000000000000000e+01 1.000000000000000056e-01 4.000000000000000000e+01 8.449466108283331778e+00 2.016915257122561478e+00
8.000000000000000000e+00 2.500000000000000000e+00 1.800000000000000000e+01 8.449999999999999289e+00 1.000000000000000000e+01 2.500000000000000000e+01 1.000000000000000056e-01 4.000000000000000000e+01 1.057767560283175889e+01 1.951148028034234816e+00
8.000000000000000000e+00 2.500000000000000000e+00 1.800000000000000000e+01 8.449999999999999289e+00 1.000000000000000000e+01 2.500000000000000000e+01 1.000000000000000056e-01 4.000000000000000000e+01 1.324192791886045306e+01 1.887659142868608475e+00
8.000000000000000000e+00 2.500000000000000000e+00 1.800000000000000000e+01 8.449999999999999289e+00 1.000000000000000000e+01 2.500000000000000000e+01 1.000000000000000056e-01 4.000000000000000000e+01 1.657723885589317803e+01 1.826343075138910921e+00
8.000000000000000000e+00 2.500000000000000000e+00 1.800000000000000000e+01 8.449999999999999289e+00 1.000000000000000000e+01 2.500000000000000000e+01 1.000000000000000056e-01 4.000000000000000000e+01 2.075263132145059686e+01 1.767104162571575099e+00
8.000000000000000000e+00 2.500000000000000000e+00 1.800000000000000000e+01 8.449999999999999289e+00 1.000000000000000000e+01 2.500000000000000000e+01 1.000000000000000056e-01 4.000000000000000000e+01 2.597970087225647262e+01 1.709854988640913787e+00
8.000000000000000000e+00 2.500000000000000000e+00 1.800000000000000000e+01 8.449999999999999289e+00 1.000000000000000000e+01 2.500000000000000000e+01 1.000000000000000056e-01 4.000000000000000000e+01 3.252333870135684180e+01 1.654515077939374024e+00
8.000000000000000000e+00 2.500000000000000000e+00 1.800000000000000000e+01 8.449999999999999289e+00 1.000000000000000000e+01 2.500000000000000000e+01 1.000000000000000056e-01 4.000000000000000000e+01 4.071515547789690004e+01 1.601009842620221280e+00
8.000000000000000000e+00 2.500000000000000000e+00 1.800000000000000000e+01 8.449999999999999289e+00 1.000000000000000000e+01 2.500000000000000000e+01 1.000000000000000056e-01 4.000000000000000000e+01 5.097028631688908007e+01 1.549269729765123005e+00
8.000000000000000000e+00 2.500000000000000000e+00 1.800000000000000000e+01 8.449999999999999289e+00 1.000000000000000000e+01 2.500000000000000000e+01 1.000000000000000056e-01 4.000000000000000000e+01 6.380842850117603149e+01 1.499229529606824318e+00
8.000000000000000000e+00 2.500000000000000000e+00 1.800000000000000000e+01 8.449999999999999289e+00 1.000000000000000000e+01 2.500000000000000000e+01 1.000000000000000056e-01 4.000000000000000000e+01 7.988017808015700894e+01 1.450827812587632160e+00
8.000000000000000000e+00 2.500000000000000000e+00 1.800000000000000000e+01 8.449999999999999289e+00 1.000000000000000000e+01 2.500000000000000000e+01 1.000000000000000056e-01 4.000000000000000000e+01 1.000000000000000000e+02 1.404006469665538992e+00
