1.400000000000000000e+01 2.500000000000000000e+00 1.400000000000000000e+01 7.190000000000000391e+00 1.000000000000000000e+01 2.500000000000000000e+01 1.000000000000000056e-01 4.000000000000000000e+01 1.000000000000000021e-02 1.875150600217549268e+01
1.400000000000000000e+01 2.500000000000000000e+00 1.400000000000000000e+01 7.190000000000000391e+00 1.000000000000000000e+01 2.500000000000000000e+01 1.000000000000000056e-01 4.000000000000000000e+01 1.251875025862529169e-02 1.580374901451076930e+01
1.400000000000000000e+01 2.500000000000000000e+00 1.400000000000000000e+01 7.190000000000000391e+00 1.000000000000000000e+01 2.500000000000000000e+01 1.000000000000000056e-01 4.000000000000000000e+01 1.567191080378307552e-02 1.342750554452513789e+01
1.400000000000000000e+01 2.500000000000000000e+00 1.400000000000000000e+01 7.190000000000000391e+00 1.000000000000000000e+01 2.500000000000000000e+01 1.000000000000000056e-01 4.000000000000000000e+01 1.961927374280118819e-02 1.150835203584004596e+01
1.400000000000000000e+01 2.500000000000000000e+00 1.400000000000000000e+01 7.190000000000000391e+00 1.000000000000000000e+01 2.500000000000000000e+01 1.000000000000000056e-01 4.000000000000000000e+01 2.456087882417326562e-02 9.954872003507396983e+00
1.400000000000000000e+01 2.500000000000000000e+00 1.400000000000000000e+01 7.190000000000000391e+00 1.000000000000000000e+01 2.500000000000000000e+01 1.000000000000000056e-01 4.000000000000000000e+01 3.074715081321835117e-02 8.694027437699405780e+00
1.400000000000000000e+01 2.500000000000000000e+00 1.400000000000000000e+01 7.190000000000000391e+00 1.000000000000000000e+01 2.500000000000000000e+01 1.000000000000000056e-01 4.000000000000000000e+01 3.849159021949680876e-02 7.667461462654859616e+00
1.400000000000000000e+01 2.500000000000000000e+00 1.400000000000000000e+01 7.190000000000000391e+00 1.000000000000000000e+01 2.500000000000000000e+01 1.000000000000000056e-01 4.000000000000000000e+01 4.818666050152244779e-02 6.828544884245977720e+00
1.400000000000000000e+01 2.500000000000000000e+00 1.400000000000000000e+01 7.190000000000000391e+00 1.000000000000000000e+01 2.500000000000000000e+01 1.000000000000000056e-01 4.000000000000000000e+01 6.032367686157229930e-02 6.140016957356805527e+00
1.400000000000000000e+01 2.500000000000000000e+00 1.400000000000000000e+01 7.190000000000000391e+00 1.000000000000000000e+01 2.500000000000000000e+01 1.000000000000000056e-01 4.000000000000000000e+01 7.551770453120364157e-02 5.572100817355123858e+00
1.400000000000000000e+01 2.500000000000000000e+00 1.400000000000000000e+01 7.190000000000000391e+00 1.000000000000000000e+01 2.500000000000000000e+01 1.000000000000000056e-01 4.000000000000000000e+01 9.453872831307939817e-02 5.100998074330926890e+00
1.400000000000000000e+01 2.500000000000000000e+00 1.400000000000000000e+01 7.190000000000000391e+00 1.000000000000000000e+01 2.500000000000000000e+01 1.000000000000000056e-01 4.000000000000000000e+01 1.183506729519469003e-01 4.707686283465069899e+00
1.400000000000000000e+01 2.500000000000000000e+00 1.400000000000000000e+01 7.190000000000000391e+00 1.000000000000000000e+01 2.500000000000000000e+01 1.000000000000000056e-01 4.000000000000000000e+01 1.481602517625662530e-01 4.376958353620836739e+00
1.400000000000000000e+01 2.500000000000000000e+00 1.400000000000000000e+01 7.190000000000000391e+00 1.000000000000000000e+01 2.500000000000000000e+01 1.000000000000000056e-01 4.000000000000000000e+01 1.854781190070613761e-01 4.096655216843649860e+00
1.400000000000000000e+01 2.500000000000000000e+00 1.400000000000000000e+01 7.190000000000000391e+00 1.000000000000000000e+01 2.500000000000000000e+01 1.000000000000000056e-01 4.000000000000000000e+01 2.321954250288982280e-01 3.857052875237211964e+00
1.400000000000000000e+01 2.500000000000000000e+00 1.400000000000000000e+01 7.190000000000000391e+00 1.000000000000000000e+01 2.500000000000000000e+01 1.000000000000000056e-01 4.000000000000000000e+01 2.906796537132128044e-01 3.650372764976092199e+00
1.400000000000000000e+01 2.500000000000000000e+00 1.400000000000000000e+01 7.190000000000000391e+00 1.000000000000000000e+01 2.500000000000000000e+01 1.000000000000000056e-01 4.000000000000000000e+01 3.638945990099393124e-01 3.470390626474054496e+00
1.400000000000000000e+01 2.500000000000000000e+00 1.400000000000000000e+01 7.190000000000000391e+00 1.000000000000000000e+01 2.500000000000000000e+01 1.000000000000000056e-01 4.000000000000000000e+01 4.555505605468024855e-01 3.312124061647249817e+00
1.400000000000000000e+01 2.500000000000000000e+00 1.400000000000000000e+01 7.190000000000000391e+00 1.000000000000000000e+01 2.500000000000000000e+01 1.000000000000000056e-01 4.000000000000000000e+01 5.702923697662177771e-01 3.171582946765749256e+00
1.400000000000000000e+01 2.500000000000000000e+00 1.400000000000000000e+01 7.190000000000000391e+00 1.000000000000000000e+01 2.500000000000000000e+01 1.000000000000000056e-01 4.000000000000000000e+01 7.139347751502869155e-01 3.045570054652761982e+00
1.400000000000000000e+01 2.500000000000000000e+00 1.400000000000000000e+01 7.190000000000000391e+00 1.000000000000000000e+01 2.500000000000000000e+01 1.000000000000000056e-01 4.000000000000000000e+01 8.937571151054239937e-01 2.931521784386907914e+00
1.400000000000000000e+01 2.500000000000000000e+00 1.400000000000000000e+01 7.190000000000000391e+00 1.000000000000000000e+01 2.500000000000000000e+01 1.000000000000000056e-01 4.000000000000000000e+01 1.118872211587422116e+00 2.827380929131203313e+00
1.400000000000000000e+01 2.500000000000000000e+00 1.400000000000000000e+01 7.190000000000000391e+00 1.000000000000000000e+01 2.500000000000000000e+01 1.000000000000000056e-01 4.000000000000000000e+01 1.400688178817869334e+00 2.731495036251823993e+00
1.400000000000000000e+01 2.500000000000000000e+00 1.400000000000000000e+01 7.190000000000000391e+00 1.000000000000000000e+01 2.500000000000000000e+01 1.000000000000000056e-01 4.000000000000000000e+01 1.753486550082959283e+00 2.642535210775967869e+00
1.400000000000000000e+01 2.500000000000000000e+00 1.400000000000000000e+01 7.190000000000000391e+00 1.000000000000000000e+01 2.500000000000000000e+01 1.000000000000000056e-01 4.000000000000000000e+01 2.195146020234701734e+00 2.559431249193362401e+00
1.400000000000000000e+01 2.500000000000000000e+00 1.400000000000000000e+01 7.190000000000000391e+00 1.000000000000000000e+01 2.500000000000000000e+01 1.000000000000000056e-01 4.000000000000000000e+01 2.748048480853342745e+00 2.481319818128913113e+00
1.400000000000000000e+01 2.500000000000000000e+00 1.400000000000000000e+01 7.190000000000000391e+00 1.000000000000000000e+01 2.500000000000000000e+01 1.000000000000000056e-01 4.000000000000000000e+01 3.440213263039762381e+00 2.407503053440942065e+00
1.400000000000000000e+01 2.500000000000000000e+00 1.400000000000000000e+01 7.190000000000000391e+00 1.000000000000000000e+01 2.500000000000000000e+01 1.000000000000000056e-01 4.000000000000000000e+01 4.306717067640518870e+00 2.337415483329067012e+00
1.400000000000000000e+01 2.500000000000000000e+00 1.400000000000000000e+01 7.190000000000000391e+00 1.000000000000000000e+01 2.500000000000000000e+01 1.000000000000000056e-01 4.000000000000000000e+01 5.391471540435070153e+00 2.270597600826869567e+00
1.400000000000000000e+01 2.500000000000000000e+00 1.400000000000000000e+01 7.190000000000000391e+00 1.000000000000000000e+01 2.500000000000000000e+01 1.000000000000000056e-01 4.000000000000000000e+01 6.749448574119243816e+00 2.206674747982095841e+00
1.400000000000000000e+01 2.500000000000000000e+00 1.400000000000000000e+01 7.190000000000000391e+00 1.000000000000000000e+01 2.500000000000000000e+01 1.000000000000000056e-01 4.000000000000000000e+01 8.449466108283331778e+00 2.145340243165582805e+00
1.400000000000000000e+01 2.500000000000000000e+00 1.400000000000000000e+01 7.190000000000000391e+00 1.000000000000000000e+01 2.500000000000000000e+01 1.000000000000000056e-01 4.000000000000000000e+01 1.057767560283175889e+01 2.086341897938500889e+00
1.400000000000000000e+01 2.500000000000000000e+00 1.400000000000000000e+01 7.190000000000000391e+00 1.000000000000000000e+01 2.500000000000000000e+01 1.000000000000000056e-01 4.000000000000000000e+01 1.324192791886045306e+01 2.029471241640686596e+00
1.400000000000000000e+01 2.500000000000000000e+00 1.400000000000000000e+01 7.190000000000000391e+00 1.000000000000000000e+01 2.500000000000000000e+01 1.000000000000000056e-01 4.000000000000000000e+01 1.657723885589317803e+01 1.974554909043729767e+00
1.400000000000000000e+01 2.500000000000000000e+00 1.400000000000000000e+01 7.190000000000000391e+00 1.000000000000000000e+01 2.500000000000000000e+01 1.000000000000000056e-01 4.000000000000000000e+01 2.075263132145059686e+01 1.921447755992906847e+00
1.400000000000000000e+01 2.500000000000000000e+00 1.400000000000000000e+01 7.190000000000000391e+00 1.000000000000000000e+01 2.500000000000000000e+01 1.000000000000000056e-01 4.000000000000000000e+01 2.597970087225647262e+01 1.870027355495178067e+00
1.400000000000000000e+01 2.500000000000000000e+00 1.400000000000000000e+01 7.190000000000000391e+00 1.000000000000000000e+01 2.500000000000000000e+01 1.000000000000000056e-01 4.000000000000000000e+01 3.252333870135684180e+01 1.820189596632169282e+00
1.400000000000000000e+01 2.500000000000000000e+00 1.400000000000000000e+01 7.190000000000000391e+00 1.000000000000000000e+01 2.500000000000000000e+01 1.000000000000000056e-01 4.000000000000000000e+01 4.071515547789690004e+01 1.771845164530743366e+00
1.400000000000000000e+01 2.500000000000000000e+00 1.400000000000000000e+01 7.190000000000000391e+00 1.000000000000000000e+01 2.500000000000000000e+01 1.000000000000000056e-01 4.000000000000000000e+01 5.097028631688908007e+01 1.724916724239841104e+00
1.400000000000000000e+01 2.500000000000000000e+00 1.400000000000000000e+01 7.190000000000000391e+00 1.000000000000000000e+01 2.500000000000000000e+01 1.000000000000000056e-01 4.000000000000000000e+01 6.380842850117603149e+01 1.679336667001793293e+00
1.400000000000000000e+01 2.500000000000000000e+00 1.400000000000000000e+01 7.190000000000000391e+00 1.000000000000000000e+01 2.500000000000000000e+01 1.000000000000000056e-01 4.000000000000000000e+01 7.988017808015700894e+01 1.635045305875252541e+00
1.400000000000000000e+01 2.500000000000000000e+00 1.400000000000000000e+01 7.190000000000000391e+00 1.000000000000000000e+01 2.500000000000000000e+01 1.000000000000000056e-01 4.000000000000000000e+01 1.000000000000000000e+02 1.591989430408061068e+00
