1.300000000000000000e+01 3.500000000000000000e+00 1.800000000000000000e+01 3.000000000000000000e+00 1.000000000000000000e+01 2.500000000000000000e+01 1.000000000000000056e-01 4.000000000000000000e+01 1.000000000000000021e-02 1.253925244979132714e+01
1.300000000000000000e+01 3.500000000000000000e+00 1.800000000000000000e+01 3.000000000000000000e+00 1.000000000000000000e+01 2.500000000000000000e+01 1.000000000000000056e-01 4.000000000000000000e+01 1.251875025862529169e-02 1.120561441324661800e+01
1.300000000000000000e+01 3.500000000000000000e+00 1.800000000000000000e+01 3.000000000000000000e+00 1.000000000000000000e+01 2.500000000000000000e+01 1.000000000000000056e-01 4.000000000000000000e+01 1.567191080378307552e-02 1.011713351400482885e+01
1.300000000000000000e+01 3.500000000000000000e+00 1.800000000000000000e+01 3.000000000000000000e+00 1.000000000000000000e+01 2.500000000000000000e+01 1.000000000000000056e-01 4.000000000000000000e+01 1.961927374280118819e-02 9.224935935523665975e+00
1.300000000000000000e+01 3.500000000000000000e+00 1.800000000000000000e+01 3.000000000000000000e+00 1.000000000000000000e+01 2.500000000000000000e+01 1.000000000000000056e-01 4.000000000000000000e+01 2.456087882417326562e-02 8.489972392760703812e+00
1.300000000000000000e+01 3.500000000000000000e+00 1.800000000000000000e+01 3.000000000000000000e+00 1.000000000000000000e+01 2.500000000000000000e+01 1.000000000000000056e-01 4.000000000000000000e+01 3.074715081321835117e-02 7.881041625241359760e+00
1.300000000000000000e+01 3.500000000000000000e+00 1.800000000000000000e+01 3.000000000000000000e+00 1.000000000000000000e+01 2.500000000000000000e+01 1.000000000000000056e-01 4.000000000000000000e+01 3.849159021949680876e-02 7.373211556464393190e+00
1.300000000000000000e+01 3.500000000000000000e+00 1.800000000000000000e+01 3.000000000000000000e+00 1.000000000000000000e+01 2.500000000000000000e+01 1.000000000000000056e-01 4.000000000000000000e+01 4.818666050152244779e-02 6.946558109951013193e+00
1.300000000000000000e+01 3.500000000000000000e+00 1.800000000000000000e+01 3.000000000000000000e+00 1.000000000000000000e+01 2.500000000000000000e+01 1.000000000000000056e-01 4.000000000000000000e+01 6.032367686157229930e-02 6.585157770050318327e+00
1.300000000000000000e+01 3.500000000000000000e+00 1.800000000000000000e+01 3.000000000000000000e+00 1.000000000000000000e+01 2.500000000000000000e+01 1.000000000000000056e-01 4.000000000000000000e+01 7.551770453120364157e-02 6.276282834570507951e+00
1.300000000000000000e+01 3.500000000000000000e+00 1.800000000000000000e+01 3.000000000000000000e+00 1.000000000000000000e+01 2.500000000000000000e+01 1.000000000000000056e-01 4.000000000000000000e+01 9.453872831307939817e-02 6.009758578062720957e+00
1.300000000000000000e+01 3.500000000000000000e+00 1.800000000000000000e+01 3.000000000000000000e+00 1.000000000000000000e+01 2.500000000000000000e+01 1.000000000000000056e-01 4.000000000000000000e+01 1.183506729519469003e-01 5.777449749682666891e+00
1.300000000000000000e+01 3.500000000000000000e+00 1.800000000000000000e+01 3.000000000000000000e+00 1.000000000000000000e+01 2.500000000000000000e+01 1.000000000000000056e-01 4.000000000000000000e+01 1.481602517625662530e-01 5.572850383802208540e+00
1.300000000000000000e+01 3.500000000000000000e+00 1.800000000000000000e+01 3.000000000000000000e+00 1.000000000000000000e+01 2.500000000000000000e+01 1.000000000000000056e-01 4.000000000000000000e+01 1.854781190070613761e-01 5.390756137087387323e+00
1.300000000000000000e+01 3.500000000000000000e+00 1.800000000000000000e+01 3.000000000000000000e+00 1.000000000000000000e+01 2.500000000000000000e+01 1.000000000000000056e-01 4.000000000000000000e+01 2.321954250288982280e-01 5.227002547921451026e+00
1.300000000000000000e+01 3.500000000000000000e+00 1.800000000000000000e+01 3.000000000000000000e+00 1.000000000000000000e+01 2.500000000000000000e+01 1.000000000000000056e-01 4.000000000000000000e+01 2.906796537132128044e-01 5.078255954770015457e+00
1.300000000000000000e+01 3.500000000000000000e+00 1.800000000000000000e+01 3.000000000000000000e+00 1.000000000000000000e+01 2.500000000000000000e+01 1.000000000000000056e-01 4.000000000000000000e+01 3.638945990099393124e-01 4.941846478657455854e+00
1.300000000000000000e+01 3.500000000000000000e+00 1.800000000000000000e+01 3.000000000000000000e+00 1.000000000000000000e+01 2.500000000000000000e+01 1.000000000000000056e-01 4.000000000000000000e+01 4.555505605468024855e-01 4.815634606583632404e+00
1.300000000000000000e+01 3.500000000000000000e+00 1.800000000000000000e+01 3.000000000000000000e+00 1.000000000000000000e+01 2.500000000000000000e+01 1.000000000000000056e-01 4.000000000000000000e+01 5.702923697662177771e-01 4.697904615484008950e+00
1.300000000000000000e+01 3.500000000000000000e+00 1.800000000000000000e+01 3.000000000000000000e+00 1.000000000000000000e+01 2.500000000000000000e+01 1.000000000000000056e-01 4.000000000000000000e+01 7.139347751502869155e-01 4.587279436514924313e+00
1.300000000000000000e+01 3.500000000000000000e+00 1.800000000000000000e+01 3.000000000000000000e+00 1.000000000000000000e+01 2.500000000000000000e+01 1.000000000000000056e-01 4.000000000000000000e+01 8.937571151054239937e-01 4.482652645959158022e+00
1.300000000000000000e+01 3.500000000000000000e+00 1.800000000000000000e+01 3.000000000000000000e+00 1.000000000000000000e+01 2.500000000000000000e+01 1.000000000000000056e-01 4.000000000000000000e+01 1.118872211587422116e+00 4.383134136955637139e+00
1.300000000000000000e+01 3.500000000000000000e+00 1.800000000000000000e+01 3.000000000000000000e+00 1.000000000000000000e+01 2.500000000000000000e+01 1.000000000000000056e-01 4.000000000000000000e+01 1.400688178817869334e+00 4.288006719544241285e+00
1.300000000000000000e+01 3.500000000000000000e+00 1.800000000000000000e+01 3.000000000000000000e+00 1.000000000000000000e+01 2.500000000000000000e+01 1.000000000000000056e-01 4.000000000000000000e+01 1.753486550082959283e+00 4.196691450315614524e+00
1.300000000000000000e+01 3.500000000000000000e+00 1.800000000000000000e+01 3.000000000000000000e+00 1.000000000000000000e+01 2.500000000000000000e+01 1.000000000000000056e-01 4.000000000000000000e+01 2.195146020234701734e+00 4.108719935331560436e+00
1.300000000000000000e+01 3.500000000000000000e+00 1.800000000000000000e+01 3.000000000000000000e+00 1.000000000000000000e+01 2.500000000000000000e+01 1.000000000000000056e-01 4.000000000000000000e+01 2.748048480853342745e+00 4.023712203351998973e+00
1.300000000000000000e+01 3.500000000000000000e+00 1.800000000000000000e+01 3.000000000000000000e+00 1.000000000000000000e+01 2.500000000000000000e+01 1.000000000000000056e-01 4.000000000000000000e+01 3.440213263039762381e+00 3.941359028677501541e+00
1.300000000000000000e+01 3.500000000000000000e+00 1.800000000000000000e+01 3.000000000000000000e+00 1.000000000000000000e+01 2.500000000000000000e+01 1.000000000000000056e-01 4.000000000000000000e+01 4.306717067640518870e+00 3.861407808396494001e+00
1.300000000000000000e+01 3.500000000000000000e+00 1.800000000000000000e+01 3.000000000000000000e+00 1.000000000000000000e+01 2.500000000000000000e+01 1.000000000000000056e-01 4.000000000000000000e+01 5.391471540435070153e+00 3.783651278940302287e+00
1.300000000000000000e+01 3.500000000000000000e+00 1.800000000000000000e+01 3.000000000000000000e+00 1.000000000000000000e+01 2.500000000000000000e+01 1.000000000000000056e-01 4.000000000000000000e+01 6.749448574119243816e+00 3.707918500724498134e+00
1.300000000000000000e+01 3.500000000000000000e+00 1.800000000000000000e+01 3.000000000000000000e+00 1.000000000000000000e+01 2.500000000000000000e+01 1.000000000000000056e-01 4.000000000000000000e+01 8.449466108283331778e+00 3.634067654582993079e+00
1.300000000000000000e+01 3.500000000000000000e+00 1.800000000000000000e+01 3.000000000000000000e+00 1.000000000000000000e+01 2.500000000000000000e+01 1.000000000000000056e-01 4.000000000000000000e+01 1.057767560283175889e+01 3.561980285505943922e+00
1.300000000000000000e+01 3.500000000000000000e+00 1.800000000000000000e+01 3.000000000000000000e+00 1.000000000000000000e+01 2.500000000000000000e+01 1.000000000000000056e-01 4.000000000000000000e+01 1.324192791886045306e+01 3.491556702526298128e+00
1.300000000000000000e+01 3.500000000000000000e+00 1.800000000000000000e+01 3.000000000000000000e+00 1.000000000000000000e+01 2.500000000000000000e+01 1.000000000000000056e-01 4.000000000000000000e+01 1.657723885589317803e+01 3.422712302178882116e+00
1.300000000000000000e+01 3.500000000000000000e+00 1.800000000000000000e+01 3.000000000000000000e+00 1.000000000000000000e+01 2.500000000000000000e+01 1.000000000000000056e-01 4.000000000000000000e+01 2.075263132145059686e+01 3.355374629749148241e+00
1.300000000000000000e+01 3.500000000000000000e+00 1.800000000000000000e+01 3.000000000000000000e+00 1.000000000000000000e+01 2.500000000000000000e+01 1.000000000000000056e-01 4.000000000000000000e+01 2.597970087225647262e+01 3.289481029907055820e+00
1.300000000000000000e+01 3.500000000000000000e+00 1.800000000000000000e+01 3.000000000000000000e+00 1.000000000000000000e+01 2.500000000000000000e+01 1.000000000000000056e-01 4.000000000000000000e+01 3.252333870135684180e+01 3.224976768179624642e+00
1.300000000000000000e+01 3.500000000000000000e+00 1.800000000000000000e+01 3.000000000000000000e+00 1.000000000000000000e+01 2.500000000000000000e+01 1.000000000000000056e-01 4.000000000000000000e+01 4.071515547789690004e+01 3.161813528566276954e+00
1.300000000000000000e+01 3.500000000000000000e+00 1.800000000000000000e+01 3.000000000000000000e+00 1.000000000000000000e+01 2.500000000000000000e+01 1.000000000000000056e-01 4.000000000000000000e+01 5.097028631688908007e+01 3.099948211653045238e+00
1.300000000000000000e+01 3.500000000000000000e+00 1.800000000000000000e+01 3.000000000000000000e+00 1.000000000000000000e+01 2.500000000000000000e+01 1.000000000000000056e-01 4.000000000000000000e+01 6.380842850117603149e+01 3.039341972800456482e+00
1.300000000000000000e+01 3.500000000000000000e+00 1.800000000000000000e+01 3.000000000000000000e+00 1.000000000000000000e+01 2.500000000000000000e+01 1.000000000000000056e-01 4.000000000000000000e+01 7.988017808015700894e+01 2.979959452136657916e+00
1.300000000000000000e+01 3.500000000000000000e+00 1.800000000000000000e+01 3.000000000000000000e+00 1.000000000000000000e+01 2.500000000000000000e+01 1.000000000000000056e-01 4.000000000000000000e+01 1.000000000000000000e+02 2.921768157798221743e+00
