1.100000000000000000e+01 3.500000000000000000e+00 1.200000000000000000e+01 4.450000000000000178e+00 1.000000000000000000e+01 2.500000000000000000e+01 1.000000000000000056e-01 4.000000000000000000e+01 1.000000000000000021e-02 1.574962146062789614e+01
1.100000000000000000e+01 3.500000000000000000e+00 1.200000000000000000e+01 4.450000000000000178e+00 1.000000000000000000e+01 2.500000000000000000e+01 1.000000000000000056e-01 4.000000000000000000e+01 1.251875025862529169e-02 1.287554598426231856e+01
1.100000000000000000e+01 3.500000000000000000e+00 1.200000000000000000e+01 4.450000000000000178e+00 1.000000000000000000e+01 2.500000000000000000e+01 1.000000000000000056e-01 4.000000000000000000e+01 1.567191080378307552e-02 1.056881298501552102e+01
1.100000000000000000e+01 3.500000000000000000e+00 1.200000000000000000e+01 4.450000000000000178e+00 1.000000000000000000e+01 2.500000000000000000e+01 1.000000000000000056e-01 4.000000000000000000e+01 1.961927374280118819e-02 8.715678508074532260e+00
1.100000000000000000e+01 3.500000000000000000e+00 1.200000000000000000e+01 4.450000000000000178e+00 1.000000000000000000e+01 2.500000000000000000e+01 1.000000000000000056e-01 4.000000000000000000e+01 2.456087882417326562e-02 7.225268703047547092e+00
1.100000000000000000e+01 3.500000000000000000e+00 1.200000000000000000e+01 4.450000000000000178e+00 1.000000000000000000e+01 2.500000000000000000e+01 1.000000000000000056e-01 4.000000000000000000e+01 3.074715081321835117e-02 6.024978954417110621e+00
1.100000000000000000e+01 3.500000000000000000e+00 1.200000000000000000e+01 4.450000000000000178e+00 1.000000000000000000e+01 2.500000000000000000e+01 1.000000000000000056e-01 4.000000000000000000e+01 3.849159021949680876e-02 5.056798678205582931e+00
1.100000000000000000e+01 3.500000000000000000e+00 1.200000000000000000e+01 4.450000000000000178e+00 1.000000000000000000e+01 2.500000000000000000e+01 1.000000000000000056e-01 4.000000000000000000e+01 4.818666050152244779e-02 4.274375543220453544e+00
1.100000000000000000e+01 3.500000000000000000e+00 1.200000000000000000e+01 4.450000000000000178e+00 1.000000000000000000e+01 2.500000000000000000e+01 1.000000000000000056e-01 4.000000000000000000e+01 6.032367686157229930e-02 3.640670346703697824e+00
1.100000000000000000e+01 3.500000000000000000e+00 1.200000000000000000e+01 4.450000000000000178e+00 1.000000000000000000e+01 2.500000000000000000e+01 1.000000000000000056e-01 4.000000000000000000e+01 7.551770453120364157e-02 3.126083706476645130e+00
1.100000000000000000e+01 3.500000000000000000e+00 1.200000000000000000e+01 4.450000000000000178e+00 1.000000000000000000e+01 2.500000000000000000e+01 1.000000000000000056e-01 4.000000000000000000e+01 9.453872831307939817e-02 2.706959641621281332e+00
1.100000000000000000e+01 3.500000000000000000e+00 1.200000000000000000e+01 4.450000000000000178e+00 1.000000000000000000e+01 2.500000000000000000e+01 1.000000000000000056e-01 4.000000000000000000e+01 1.183506729519469003e-01 2.364390213050020950e+00
1.100000000000000000e+01 3.500000000000000000e+00 1.200000000000000000e+01 4.450000000000000178e+00 1.000000000000000000e+01 2.500000000000000000e+01 1.000000000000000056e-01 4.000000000000000000e+01 1.481602517625662530e-01 2.083260651880712633e+00
1.100000000000000000e+01 3.500000000000000000e+00 1.200000000000000000e+01 4.450000000000000178e+00 1.000000000000000000e+01 2.500000000000000000e+01 1.000000000000000056e-01 4.000000000000000000e+01 1.854781190070613761e-01 1.851486590505556418e+00
1.100000000000000000e+01 3.500000000000000000e+00 1.200000000000000000e+01 4.450000000000000178e+00 1.000000000000000000e+01 2.500000000000000000e+01 1.000000000000000056e-01 4.000000000000000000e+01 2.321954250288982280e-01 1.659404746218382742e+00
1.100000000000000000e+01 3.500000000000000000e+00 1.200000000000000000e+01 4.450000000000000178e+00 1.000000000000000000e+01 2.500000000000000000e+01 1.000000000000000056e-01 4.000000000000000000e+01 2.906796537132128044e-01 1.499286183581541421e+00
1.100000000000000000e+01 3.500000000000000000e+00 1.200000000000000000e+01 4.450000000000000178e+00 1.000000000000000000e+01 2.500000000000000000e+01 1.000000000000000056e-01 4.000000000000000000e+01 3.638945990099393124e-01 1.364947493450135996e+00
1.100000000000000000e+01 3.500000000000000000e+00 1.200000000000000000e+01 4.450000000000000178e+00 1.000000000000000000e+01 2.500000000000000000e+01 1.000000000000000056e-01 4.000000000000000000e+01 4.555505605468024855e-01 1.251440188518344598e+00
1.100000000000000000e+01 3.500000000000000000e+00 1.200000000000000000e+01 4.450000000000000178e+00 1.000000000000000000e+01 2.500000000000000000e+01 1.000000000000000056e-01 4.000000000000000000e+01 5.702923697662177771e-01 1.154802578865326446e+00
1.100000000000000000e+01 3.500000000000000000e+00 1.200000000000000000e+01 4.450000000000000178e+00 1.000000000000000000e+01 2.500000000000000000e+01 1.000000000000000056e-01 4.000000000000000000e+01 7.139347751502869155e-01 1.071861557119939468e+00
1.100000000000000000e+01 3.500000000000000000e+00 1.200000000000000000e+01 4.450000000000000178e+00 1.000000000000000000e+01 2.500000000000000000e+01 1.000000000000000056e-01 4.000000000000000000e+01 8.937571151054239937e-01 1.000074251983780860e+00
1.100000000000000000e+01 3.500000000000000000e+00 1.200000000000000000e+01 4.450000000000000178e+00 1.000000000000000000e+01 2.500000000000000000e+01 1.000000000000000056e-01 4.000000000000000000e+01 1.118872211587422116e+00 9.374015291185380239e-01
1.100000000000000000e+01 3.500000000000000000e+00 1.200000000000000000e+01 4.450000000000000178e+00 1.000000000000000000e+01 2.500000000000000000e+01 1.000000000000000056e-01 4.000000000000000000e+01 1.400688178817869334e+00 8.822069321967288547e-01
1.100000000000000000e+01 3.500000000000000000e+00 1.200000000000000000e+01 4.450000000000000178e+00 1.000000000000000000e+01 2.500000000000000000e+01 1.000000000000000056e-01 4.000000000000000000e+01 1.753486550082959283e+00 8.331759460163261632e-01
1.100000000000000000e+01 3.500000000000000000e+00 1.200000000000000000e+01 4.450000000000000178e+00 1.000000000000000000e+01 2.500000000000000000e+01 1.000000000000000056e-01 4.000000000000000000e+01 2.195146020234701734e+00 7.892514933168459645e-01
1.100000000000000000e+01 3.500000000000000000e+00 1.200000000000000000e+01 4.450000000000000178e+00 1.000000000000000000e+01 2.500000000000000000e+01 1.000000000000000056e-01 4.000000000000000000e+01 2.748048480853342745e+00 7.495823994908913379e-01
1.100000000000000000e+01 3.500000000000000000e+00 1.200000000000000000e+01 4.450000000000000178e+00 1.000000000000000000e+01 2.500000000000000000e+01 1.000000000000000056e-01 4.000000000000000000e+01 3.440213263039762381e+00 7.134822164451943838e-01
1.100000000000000000e+01 3.500000000000000000e+00 1.200000000000000000e+01 4.450000000000000178e+00 1.000000000000000000e+01 2.500000000000000000e+01 1.000000000000000056e-01 4.000000000000000000e+01 4.306717067640518870e+00 6.803963217264877850e-01
1.100000000000000000e+01 3.500000000000000000e+00 1.200000000000000000e+01 4.450000000000000178e+00 1.000000000000000000e+01 2.500000000000000000e+01 1.000000000000000056e-01 4.000000000000000000e+01 5.391471540435070153e+00 6.498756282881626989e-01
1.100000000000000000e+01 3.500000000000000000e+00 1.200000000000000000e+01 4.450000000000000178e+00 1.000000000000000000e+01 2.500000000000000000e+01 1.000000000000000056e-01 4.000000000000000000e+01 6.749448574119243816e+00 6.215555751803085727e-01
1.100000000000000000e+01 3.500000000000000000e+00 1.200000000000000000e+01 4.450000000000000178e+00 1.000000000000000000e+01 2.500000000000000000e+01 1.000000000000000056e-01 4.000000000000000000e+01 8.449466108283331778e+00 5.951393369702142611e-01
1.100000000000000000e+01 3.500000000000000000e+00 1.200000000000000000e+01 4.450000000000000178e+00 1.000000000000000000e+01 2.500000000000000000e+01 1.000000000000000056e-01 4.000000000000000000e+01 1.057767560283175889e+01 5.703844033998974883e-01
1.100000000000000000e+01 3.500000000000000000e+00 1.200000000000000000e+01 4.450000000000000178e+00 1.000000000000000000e+01 2.500000000000000000e+01 1.000000000000000056e-01 4.000000000000000000e+01 1.324192791886045306e+01 5.470918514912123110e-01
1.100000000000000000e+01 3.500000000000000000e+00 1.200000000000000000e+01 4.450000000000000178e+00 1.000000000000000000e+01 2.500000000000000000e+01 1.000000000000000056e-01 4.000000000000000000e+01 1.657723885589317803e+01 5.250977686681302936e-01
1.100000000000000000e+01 3.500000000000000000e+00 1.200000000000000000e+01 4.450000000000000178e+00 1.000000000000000000e+01 2.500000000000000000e+01 1.000000000000000056e-01 4.000000000000000000e+01 2.075263132145059686e+01 5.042663943900670409e-01
1.100000000000000000e+01 3.500000000000000000e+00 1.200000000000000000e+01 4.450000000000000178e+00 1.000000000000000000e+01 2.500000000000000000e+01 1.000000000000000056e-01 4.000000000000000000e+01 2.597970087225647262e+01 4.844846347994132274e-01
1.100000000000000000e+01 3.500000000000000000e+00 1.200000000000000000e+01 4.450000000000000178e+00 1.000000000000000000e+01 2.500000000000000000e+01 1.000000000000000056e-01 4.000000000000000000e+01 3.252333870135684180e+01 4.656576743899736859e-01
1.100000000000000000e+01 3.500000000000000000e+00 1.200000000000000000e+01 4.450000000000000178e+00 1.000000000000000000e+01 2.500000000000000000e+01 1.000000000000000056e-01 4.000000000000000000e+01 4.071515547789690004e+01 4.477054642229529868e-01
1.100000000000000000e+01 3.500000000000000000e+00 1.200000000000000000e+01 4.450000000000000178e+00 1.000000000000000000e+01 2.500000000000000000e+01 1.000000000000000056e-01 4.000000000000000000e+01 5.097028631688908007e+01 4.305599105668802551e-01
1.100000000000000000e+01 3.500000000000000000e+00 1.200000000000000000e+01 4.450000000000000178e+00 1.000000000000000000e+01 2.500000000000000000e+01 1.000000000000000056e-01 4.000000000000000000e+01 6.380842850117603149e+01 4.141626232648768502e-01
1.100000000000000000e+01 3.500000000000000000e+00 1.200000000000000000e+01 4.450000000000000178e+00 1.000000000000000000e+01 2.500000000000000000e+01 1.000000000000000056e-01 4.000000000000000000e+01 7.988017808015700894e+01 3.984631114321510181e-01
1.100000000000000000e+01 3.500000000000000000e+00 1.200000000000000000e+01 4.450000000000000178e+00 1.000000000000000000e+01 2.500000000000000000e+01 1.000000000000000056e-01 4.000000000000000000e+01 1.000000000000000000e+02 3.834173366925875959e-01
