1.800000000000000000e+01 3.500000000000000000e+00 1.800000000000000000e+01 6.599999999999999645e+00 1.000000000000000000e+01 2.500000000000000000e+01 1.000000000000000056e-01 4.000000000000000000e+01 1.000000000000000021e-02 1.795690995388626376e+01
1.800000000000000000e+01 3.500000000000000000e+00 1.800000000000000000e+01 6.599999999999999645e+00 1.000000000000000000e+01 2.500000000000000000e+01 1.000000000000000056e-01 4.000000000000000000e+01 1.251875025862529169e-02 1.477690191693932675e+01
1.800000000000000000e+01 3.500000000000000000e+00 1.800000000000000000e+01 6.599999999999999645e+00 1.000000000000000000e+01 2.500000000000000000e+01 1.000000000000000056e-01 4.000000000000000000e+01 1.567191080378307552e-02 1.222675620093665749e+01
1.800000000000000000e+01 3.500000000000000000e+00 1.800000000000000000e+01 6.599999999999999645e+00 1.000000000000000000e+01 2.500000000000000000e+01 1.000000000000000056e-01 4.000000000000000000e+01 1.961927374280118819e-02 1.017997431284423193e+01
1.800000000000000000e+01 3.500000000000000000e+00 1.800000000000000000e+01 6.599999999999999645e+00 1.000000000000000000e+01 2.500000000000000000e+01 1.000000000000000056e-01 4.000000000000000000e+01 2.456087882417326562e-02 8.535503775034323226e+00
1.800000000000000000e+01 3.500000000000000000e+00 1.800000000000000000e+01 6.599999999999999645e+00 1.000000000000000000e+01 2.500000000000000000e+01 1.000000000000000056e-01 4.000000000000000000e+01 3.074715081321835117e-02 7.212618553107779995e+00
1.800000000000000000e+01 3.500000000000000000e+00 1.800000000000000000e+01 6.599999999999999645e+00 1.000000000000000000e+01 2.500000000000000000e+01 1.000000000000000056e-01 4.000000000000000000e+01 3.849159021949680876e-02 6.146829529744905152e+00
1.800000000000000000e+01 3.500000000000000000e+00 1.800000000000000000e+01 6.599999999999999645e+00 1.000000000000000000e+01 2.500000000000000000e+01 1.000000000000000056e-01 4.000000000000000000e+01 4.818666050152244779e-02 5.286617781222018309e+00
1.800000000000000000e+01 3.500000000000000000e+00 1.800000000000000000e+01 6.599999999999999645e+00 1.000000000000000000e+01 2.500000000000000000e+01 1.000000000000000056e-01 4.000000000000000000e+01 6.032367686157229930e-02 4.590825110225023487e+00
1.800000000000000000e+01 3.500000000000000000e+00 1.800000000000000000e+01 6.599999999999999645e+00 1.000000000000000000e+01 2.500000000000000000e+01 1.000000000000000056e-01 4.000000000000000000e+01 7.551770453120364157e-02 4.026569596224349290e+00
1.800000000000000000e+01 3.500000000000000000e+00 1.800000000000000000e+01 6.599999999999999645e+00 1.000000000000000000e+01 2.500000000000000000e+01 1.000000000000000056e-01 4.000000000000000000e+01 9.453872831307939817e-02 3.567580530872420663e+00
1.800000000000000000e+01 3.500000000000000000e+00 1.800000000000000000e+01 6.599999999999999645e+00 1.000000000000000000e+01 2.500000000000000000e+01 1.000000000000000056e-01 4.000000000000000000e+01 1.183506729519469003e-01 3.192868358962093200e+00
1.800000000000000000e+01 3.500000000000000000e+00 1.800000000000000000e+01 6.599999999999999645e+00 1.000000000000000000e+01 2.500000000000000000e+01 1.000000000000000056e-01 4.000000000000000000e+01 1.481602517625662530e-01 2.885662222480588568e+00
1.800000000000000000e+01 3.500000000000000000e+00 1.800000000000000000e+01 6.599999999999999645e+00 1.000000000000000000e+01 2.500000000000000000e+01 1.000000000000000056e-01 4.000000000000000000e+01 1.854781190070613761e-01 2.632561266548172796e+00
1.800000000000000000e+01 3.500000000000000000e+00 1.800000000000000000e+01 6.599999999999999645e+00 1.000000000000000000e+01 2.500000000000000000e+01 1.000000000000000056e-01 4.000000000000000000e+01 2.321954250288982280e-01 2.422856698785267771e+00
1.800000000000000000e+01 3.500000000000000000e+00 1.800000000000000000e+01 6.599999999999999645e+00 1.000000000000000000e+01 2.500000000000000000e+01 1.000000000000000056e-01 4.000000000000000000e+01 2.906796537132128044e-01 2.247990246875261722e+00
1.800000000000000000e+01 3.500000000000000000e+00 1.800000000000000000e+01 6.599999999999999645e+00 1.000000000000000000e+01 2.500000000000000000e+01 1.000000000000000056e-01 4.000000000000000000e+01 3.638945990099393124e-01 2.101121571300701429e+00
1.800000000000000000e+01 3.500000000000000000e+00 1.800000000000000000e+01 6.599999999999999645e+00 1.000000000000000000e+01 2.500000000000000000e+01 1.000000000000000056e-01 4.000000000000000000e+01 4.555505605468024855e-01 1.976782711716605467e+00
1.800000000000000000e+01 3.500000000000000000e+00 1.800000000000000000e+01 6.599999999999999645e+00 1.000000000000000000e+01 2.500000000000000000e+01 1.000000000000000056e-01 4.000000000000000000e+01 5.702923697662177771e-01 1.870602055997494517e+00
1.800000000000000000e+01 3.500000000000000000e+00 1.800000000000000000e+01 6.599999999999999645e+00 1.000000000000000000e+01 2.500000000000000000e+01 1.000000000000000056e-01 4.000000000000000000e+01 7.139347751502869155e-01 1.779083844168293904e+00
1.800000000000000000e+01 3.500000000000000000e+00 1.800000000000000000e+01 6.599999999999999645e+00 1.000000000000000000e+01 2.500000000000000000e+01 1.000000000000000056e-01 4.000000000000000000e+01 8.937571151054239937e-01 1.699432033746524962e+00
1.800000000000000000e+01 3.500000000000000000e+00 1.800000000000000000e+01 6.599999999999999645e+00 1.000000000000000000e+01 2.500000000000000000e+01 1.000000000000000056e-01 4.000000000000000000e+01 1.118872211587422116e+00 1.629409601104928385e+00
1.800000000000000000e+01 3.500000000000000000e+00 1.800000000000000000e+01 6.599999999999999645e+00 1.000000000000000000e+01 2.500000000000000000e+01 1.000000000000000056e-01 4.000000000000000000e+01 1.400688178817869334e+00 1.567226149235338983e+00
1.800000000000000000e+01 3.500000000000000000e+00 1.800000000000000000e+01 6.599999999999999645e+00 1.000000000000000000e+01 2.500000000000000000e+01 1.000000000000000056e-01 4.000000000000000000e+01 1.753486550082959283e+00 1.511448126760277511e+00
1.800000000000000000e+01 3.500000000000000000e+00 1.800000000000000000e+01 6.599999999999999645e+00 1.000000000000000000e+01 2.500000000000000000e+01 1.000000000000000056e-01 4.000000000000000000e+01 2.195146020234701734e+00 1.460927108892470017e+00
1.800000000000000000e+01 3.500000000000000000e+00 1.800000000000000000e+01 6.599999999999999645e+00 1.000000000000000000e+01 2.500000000000000000e+01 1.000000000000000056e-01 4.000000000000000000e+01 2.748048480853342745e+00 1.414742506352530071e+00
1.800000000000000000e+01 3.500000000000000000e+00 1.800000000000000000e+01 6.599999999999999645e+00 1.000000000000000000e+01 2.500000000000000000e+01 1.000000000000000056e-01 4.000000000000000000e+01 3.440213263039762381e+00 1.372155799406336030e+00
1.800000000000000000e+01 3.500000000000000000e+00 1.800000000000000000e+01 6.599999999999999645e+00 1.000000000000000000e+01 2.500000000000000000e+01 1.000000000000000056e-01 4.000000000000000000e+01 4.306717067640518870e+00 1.332573978228643208e+00
1.800000000000000000e+01 3.500000000000000000e+00 1.800000000000000000e+01 6.599999999999999645e+00 1.000000000000000000e+01 2.500000000000000000e+01 1.000000000000000056e-01 4.000000000000000000e+01 5.391471540435070153e+00 1.295520337335637651e+00
1.800000000000000000e+01 3.500000000000000000e+00 1.800000000000000000e+01 6.599999999999999645e+00 1.000000000000000000e+01 2.500000000000000000e+01 1.000000000000000056e-01 4.000000000000000000e+01 6.749448574119243816e+00 1.260611144499129033e+00
1.800000000000000000e+01 3.500000000000000000e+00 1.800000000000000000e+01 6.599999999999999645e+00 1.000000000000000000e+01 2.500000000000000000e+01 1.000000000000000056e-01 4.000000000000000000e+01 8.449466108283331778e+00 1.227537002244518893e+00
1.800000000000000000e+01 3.500000000000000000e+00 1.800000000000000000e+01 6.599999999999999645e+00 1.000000000000000000e+01 2.500000000000000000e+01 1.000000000000000056e-01 4.000000000000000000e+01 1.057767560283175889e+01 1.196047957829569297e+00
1.800000000000000000e+01 3.500000000000000000e+00 1.800000000000000000e+01 6.599999999999999645e+00 1.000000000000000000e+01 2.500000000000000000e+01 1.000000000000000056e-01 4.000000000000000000e+01 1.324192791886045306e+01 1.165941607552001935e+00
1.800000000000000000e+01 3.500000000000000000e+00 1.800000000000000000e+01 6.599999999999999645e+00 1.000000000000000000e+01 2.500000000000000000e+01 1.000000000000000056e-01 4.000000000000000000e+01 1.657723885589317803e+01 1.137053592967155247e+00
1.800000000000000000e+01 3.500000000000000000e+00 1.800000000000000000e+01 6.599999999999999645e+00 1.000000000000000000e+01 2.500000000000000000e+01 1.000000000000000056e-01 4.000000000000000000e+01 2.075263132145059686e+01 1.109250007801728888e+00
1.800000000000000000e+01 3.500000000000000000e+00 1.800000000000000000e+01 6.599999999999999645e+00 1.000000000000000000e+01 2.500000000000000000e+01 1.000000000000000056e-01 4.000000000000000000e+01 2.597970087225647262e+01 1.082421331168238687e+00
1.800000000000000000e+01 3.500000000000000000e+00 1.800000000000000000e+01 6.599999999999999645e+00 1.000000000000000000e+01 2.500000000000000000e+01 1.000000000000000056e-01 4.000000000000000000e+01 3.252333870135684180e+01 1.056477580023718721e+00
1.800000000000000000e+01 3.500000000000000000e+00 1.800000000000000000e+01 6.599999999999999645e+00 1.000000000000000000e+01 2.500000000000000000e+01 1.000000000000000056e-01 4.000000000000000000e+01 4.071515547789690004e+01 1.031344435594665931e+00
1.800000000000000000e+01 3.500000000000000000e+00 1.800000000000000000e+01 6.599999999999999645e+00 1.000000000000000000e+01 2.500000000000000000e+01 1.000000000000000056e-01 4.000000000000000000e+01 5.097028631688908007e+01 1.006960147838991126e+00
1.800000000000000000e+01 3.500000000000000000e+00 1.800000000000000000e+01 6.599999999999999645e+00 1.000000000000000000e+01 2.500000000000000000e+01 1.000000000000000056e-01 4.000000000000000000e+01 6.380842850117603149e+01 9.832730614356445242e-01
1.800000000000000000e+01 3.500000000000000000e+00 1.800000000000000000e+01 6.599999999999999645e+00 1.000000000000000000e+01 2.500000000000000000e+01 1.000000000000000056e-01 4.000000000000000000e+01 7.988017808015700894e+01 9.602396382812797837e-01
1.800000000000000000e+01 3.500000000000000000e+00 1.800000000000000000e+01 6.599999999999999645e+00 1.000000000000000000e+01 2.500000000000000000e+01 1.000000000000000056e-01 4.000000000000000000e+01 1.000000000000000000e+02 9.378228766265738203e-01
