1.916826665401458740e-01
2.413173615932464600e-01
2.918949425220489502e-01
3.412598073482513428e-01
3.870367705821990967e-01
4.272713363170623779e-01
4.609014093875885010e-01
4.880544245243072510e-01
5.097575187683105469e-01
5.275250673294067383e-01
5.428115129470825195e-01
5.567378997802734375e-01
5.700488090515136719e-01
5.831264257431030273e-01
5.961565971374511719e-01
6.092028617858886719e-01
6.222876310348510742e-01
6.354173421859741211e-01
6.486221551895141602e-01
6.619472503662109375e-01
6.753833293914794922e-01
6.891002655029296875e-01
7.029358148574829102e-01
7.174704670906066895e-01
7.321828603744506836e-01
7.477601766586303711e-01
7.637746334075927734e-01
7.808794975280761719e-01
7.986967563629150391e-01
8.178805112838745117e-01
8.382456302642822266e-01
8.597503900527954102e-01
8.820940256118774414e-01
9.064275026321411133e-01
9.319089651107788086e-01
9.596214294433593750e-01
9.865069389343261719e-01
1.017476916313171387e+00
1.050036311149597168e+00
1.083481788635253906e+00
1.113850355148315430e+00
1.118399620056152344e+00
