1.662018597126007080e-01
2.411144673824310303e-01
3.158219456672668457e-01
3.874743878841400146e-01
4.528817534446716309e-01
5.094407200813293457e-01
5.557475090026855469e-01
5.918909311294555664e-01
6.190203428268432617e-01
6.388750672340393066e-01
6.532045006752014160e-01
6.635055541992187500e-01
6.709560155868530273e-01
6.763978004455566406e-01
6.804418563842773438e-01
6.835161447525024414e-01
6.859322786331176758e-01
6.879218816757202148e-01
6.896756887435913086e-01
6.913532614707946777e-01
6.930883526802062988e-01
6.950232982635498047e-01
6.972404122352600098e-01
6.999323368072509766e-01
7.030858993530273438e-01
7.069172859191894531e-01
7.113828659057617188e-01
7.167092561721801758e-01
7.228164672851562500e-01
7.299528121948242188e-01
7.380758523941040039e-01
7.471638917922973633e-01
7.570636272430419922e-01
7.682778239250183105e-01
7.804101705551147461e-01
7.939790487289428711e-01
8.074562549591064453e-01
8.233203887939453125e-01
8.403697013854980469e-01
8.582819700241088867e-01
8.749237060546875000e-01
8.774491548538208008e-01
